amc,year,soy_prod,total_prod,other_agro
110004,1988,0,95450,95450
110004,1989,0,88045,88045
110004,1990,0,70662,70662
110004,1991,0,77811,77811
110004,1992,0,78435,78435
110004,1993,0,78573,78573
110004,1994,0,83309,83309
110004,1995,0,70064,70064
110004,1996,24,49832,49808
110004,1997,20,48844,48824
110004,1998,0,51339,51339
110004,1999,0,57769,57769
110004,2000,0,58929,58929
110004,2001,0,48706,48706
110004,2002,0,34979,34979
110004,2003,0,36246,36246
110004,2004,0,34709,34709
110004,2005,0,36010,36010
110004,2006,0,33745,33745
110004,2007,0,33841,33841
110004,2008,0,36817,36817
110004,2009,0,34098,34098
110004,2010,0,34068,34068
110004,2011,0,125256,125256
110004,2012,0,31514,31514
110004,2013,0,27266,27266
110004,2014,0,23608,23608
110004,2015,250,23841,23591
110004,2016,556,24096,23540
110004,2017,570,24464,23894
110004,2018,570,22103,21533
110004,2019,1000,21670,20670
110004,2020,1000,21639,20639
110004,2021,2160,23806,21646
110005,1988,120,30585,30465
110005,1989,155,62334,62179
110005,1990,140,47737,47597
110005,1991,140,47055,46915
110005,1992,140,59767,59627
110005,1993,140,64654,64514
110005,1994,140,70846,70706
110005,1995,0,48307,48307
110005,1996,0,44218,44218
110005,1997,0,46687,46687
110005,1998,2800,52562,49762
110005,1999,2550,69754,67204
110005,2000,2900,70486,67586
110005,2001,3839,61585,57746
110005,2002,4000,53565,49565
110005,2003,8500,62778,54278
110005,2004,11543,74027,62484
110005,2005,16720,87816,71096
110005,2006,33300,98961,65661
110005,2007,30000,95758,65758
110005,2008,33000,101314,68314
110005,2009,39400,117307,77907
110005,2010,45420,127241,81821
110005,2011,47335,134347,87012
110005,2012,51850,132576,80726
110005,2013,61600,139093,77493
110005,2014,66030,151094,85064
110005,2015,74872,164741,89869
110005,2016,74580,160050,85470
110005,2017,76740,176021,99281
110005,2018,89811,201237,111426
110005,2019,97603,219674,122071
110005,2020,101883,234133,132250
110005,2021,110092,269619,159527
110008,1988,0,5381,5381
110008,1989,0,6604,6604
110008,1990,0,5414,5414
110008,1991,0,15493,15493
110008,1992,0,24026,24026
110008,1993,0,21675,21675
110008,1994,0,41369,41369
110008,1995,0,45754,45754
110008,1996,1,29072,29071
110008,1997,2,33198,33196
110008,1998,0,33203,33203
110008,1999,0,40046,40046
110008,2000,0,41978,41978
110008,2001,0,46398,46398
110008,2002,0,35257,35257
110008,2003,100,36529,36429
110008,2004,0,39396,39396
110008,2005,100,38613,38513
110008,2006,300,39466,39166
110008,2007,300,39339,39039
110008,2008,0,38163,38163
110008,2009,0,38619,38619
110008,2010,0,39113,39113
110008,2011,0,39872,39872
110008,2012,497,30948,30451
110008,2013,3500,30859,27359
110008,2014,4200,33807,29607
110008,2015,11000,42535,31535
110008,2016,9500,37319,27819
110008,2017,12700,42821,30121
110008,2018,14791,41361,26570
110008,2019,15790,44785,28995
110008,2020,14897,44125,29228
110008,2021,20337,53889,33552
110009,1988,0,16354,16354
110009,1989,0,12332,12332
110009,1990,0,9107,9107
110009,1991,0,12063,12063
110009,1992,0,8205,8205
110009,1993,0,7209,7209
110009,1994,0,9139,9139
110009,1995,0,10223,10223
110009,1996,3,8967,8964
110009,1997,4,9936,9932
110009,1998,0,9912,9912
110009,1999,0,12367,12367
110009,2000,0,12157,12157
110009,2001,0,9572,9572
110009,2002,0,8816,8816
110009,2003,0,8394,8394
110009,2004,0,8444,8444
110009,2005,0,8710,8710
110009,2006,0,8591,8591
110009,2007,0,8833,8833
110009,2008,0,9284,9284
110009,2009,0,7490,7490
110009,2010,0,6990,6990
110009,2011,0,6240,6240
110009,2012,200,5710,5510
110009,2013,200,5876,5676
110009,2014,320,5887,5567
110009,2015,900,5765,4865
110009,2016,1080,5303,4223
110009,2017,1080,5588,4508
110009,2018,900,5275,4375
110009,2019,900,5298,4398
110009,2020,900,5293,4393
110009,2021,1130,6811,5681
110010,1988,0,9330,9330
110010,1989,0,5561,5561
110010,1990,0,4284,4284
110010,1991,0,3195,3195
110010,1992,0,3973,3973
110010,1993,0,4097,4097
110010,1994,0,5395,5395
110010,1995,0,5800,5800
110010,1996,0,1604,1604
110010,1997,0,1831,1831
110010,1998,0,1996,1996
110010,1999,0,1981,1981
110010,2000,0,2191,2191
110010,2001,0,2370,2370
110010,2002,0,1633,1633
110010,2003,0,1848,1848
110010,2004,0,2611,2611
110010,2005,0,2571,2571
110010,2006,0,2329,2329
110010,2007,0,1961,1961
110010,2008,0,1986,1986
110010,2009,0,1710,1710
110010,2010,0,1652,1652
110010,2011,0,974,974
110010,2012,0,760,760
110010,2013,0,759,759
110010,2014,0,717,717
110010,2015,0,665,665
110010,2016,0,661,661
110010,2017,0,787,787
110010,2018,0,753,753
110010,2019,0,753,753
110010,2020,0,833,833
110010,2021,0,887,887
110011,1988,0,50199,50199
110011,1989,0,50059,50059
110011,1990,0,47297,47297
110011,1991,0,51045,51045
110011,1992,0,62584,62584
110011,1993,0,66326,66326
110011,1994,0,75264,75264
110011,1995,0,84123,84123
110011,1996,0,30637,30637
110011,1997,0,31252,31252
110011,1998,0,35666,35666
110011,1999,0,38938,38938
110011,2000,0,46189,46189
110011,2001,0,37200,37200
110011,2002,0,35021,35021
110011,2003,0,36648,36648
110011,2004,0,35374,35374
110011,2005,0,36215,36215
110011,2006,0,31176,31176
110011,2007,0,30415,30415
110011,2008,0,29821,29821
110011,2009,0,28892,28892
110011,2010,0,28981,28981
110011,2011,0,27823,27823
110011,2012,0,17461,17461
110011,2013,0,11940,11940
110011,2014,0,9498,9498
110011,2015,400,10760,10360
110011,2016,550,9539,8989
110011,2017,550,8864,8314
110011,2018,550,8016,7466
110011,2019,680,7950,7270
110011,2020,723,7720,6997
110011,2021,861,7951,7090
110012,1988,0,55860,55860
110012,1989,0,55571,55571
110012,1990,0,36834,36834
110012,1991,0,31305,31305
110012,1992,0,28953,28953
110012,1993,0,32578,32578
110012,1994,0,32369,32369
110012,1995,0,34773,34773
110012,1996,5,5328,5323
110012,1997,6,5368,5362
110012,1998,0,5896,5896
110012,1999,0,7844,7844
110012,2000,0,8249,8249
110012,2001,0,7552,7552
110012,2002,0,8030,8030
110012,2003,0,8360,8360
110012,2004,0,8666,8666
110012,2005,0,9208,9208
110012,2006,0,5781,5781
110012,2007,0,6125,6125
110012,2008,0,6007,6007
110012,2009,0,5697,5697
110012,2010,0,6157,6157
110012,2011,0,5725,5725
110012,2012,0,5444,5444
110012,2013,0,4435,4435
110012,2014,0,3602,3602
110012,2015,0,2775,2775
110012,2016,0,2686,2686
110012,2017,0,2588,2588
110012,2018,0,787,787
110012,2019,0,818,818
110012,2020,0,707,707
110012,2021,0,657,657
110014,1988,0,0,0
110014,1989,0,18543,18543
110014,1990,0,21008,21008
110014,1991,0,21392,21392
110014,1992,0,25046,25046
110014,1993,0,21886,21886
110014,1994,0,30342,30342
110014,1995,0,25662,25662
110014,1996,0,12159,12159
110014,1997,0,12840,12840
110014,1998,0,14507,14507
110014,1999,0,18655,18655
110014,2000,0,19478,19478
110014,2001,0,18108,18108
110014,2002,0,13068,13068
110014,2003,0,9948,9948
110014,2004,0,10353,10353
110014,2005,0,10718,10718
110014,2006,0,11097,11097
110014,2007,0,11066,11066
110014,2008,0,11229,11229
110014,2009,0,10561,10561
110014,2010,0,10404,10404
110014,2011,0,10039,10039
110014,2012,0,9581,9581
110014,2013,0,7083,7083
110014,2014,0,7083,7083
110014,2015,0,6335,6335
110014,2016,0,6179,6179
110014,2017,0,5955,5955
110014,2018,0,6366,6366
110014,2019,300,6664,6364
110014,2020,300,6633,6333
110014,2021,996,8646,7650
110015,1988,0,122586,122586
110015,1989,0,120555,120555
110015,1990,0,94551,94551
110015,1991,0,89367,89367
110015,1992,0,111130,111130
110015,1993,0,122552,122552
110015,1994,0,127063,127063
110015,1995,0,127099,127099
110015,1996,0,72220,72220
110015,1997,0,70223,70223
110015,1998,0,71419,71419
110015,1999,0,82071,82071
110015,2000,0,83676,83676
110015,2001,0,69929,69929
110015,2002,0,55815,55815
110015,2003,0,61513,61513
110015,2004,0,59548,59548
110015,2005,0,60844,60844
110015,2006,0,56763,56763
110015,2007,0,56507,56507
110015,2008,0,57025,57025
110015,2009,0,54091,54091
110015,2010,0,52211,52211
110015,2011,0,47646,47646
110015,2012,0,41382,41382
110015,2013,629,25194,24565
110015,2014,629,20392,19763
110015,2015,629,18824,18195
110015,2016,629,16898,16269
110015,2017,920,15906,14986
110015,2018,370,9825,9455
110015,2019,370,9938,9568
110015,2020,370,9676,9306
110015,2021,600,9850,9250
110020,1988,0,69570,69570
110020,1989,0,94024,94024
110020,1990,0,94679,94679
110020,1991,0,92335,92335
110020,1992,0,89948,89948
110020,1993,0,121318,121318
110020,1994,0,132742,132742
110020,1995,0,127960,127960
110020,1996,8,76781,76773
110020,1997,10,79602,79592
110020,1998,1,90071,90070
110020,1999,0,99787,99787
110020,2000,0,113011,113011
110020,2001,0,109027,109027
110020,2002,520,106941,106421
110020,2003,0,127196,127196
110020,2004,0,124515,124515
110020,2005,455,137555,137100
110020,2006,760,128677,127917
110020,2007,710,131390,130680
110020,2008,400,135037,134637
110020,2009,720,131981,131261
110020,2010,1805,134808,133003
110020,2011,2055,129427,127372
110020,2012,4802,118811,114009
110020,2013,5152,107275,102123
110020,2014,12616,98384,85768
110020,2015,25317,109230,83913
110020,2016,32626,130207,97581
110020,2017,49651,138514,88863
110020,2018,64053,139762,75709
110020,2019,99556,186347,86791
110020,2020,129493,221976,92483
110020,2021,106769,208946,102177
110025,1988,0,21173,21173
110025,1989,0,21811,21811
110025,1990,0,21309,21309
110025,1991,0,21442,21442
110025,1992,0,19411,19411
110025,1993,0,21663,21663
110025,1994,0,24983,24983
110025,1995,0,24690,24690
110025,1996,3,12727,12724
110025,1997,4,13339,13335
110025,1998,0,13936,13936
110025,1999,0,15401,15401
110025,2000,0,16716,16716
110025,2001,0,13479,13479
110025,2002,0,9450,9450
110025,2003,0,9871,9871
110025,2004,0,9537,9537
110025,2005,0,9211,9211
110025,2006,0,9238,9238
110025,2007,0,9653,9653
110025,2008,0,10424,10424
110025,2009,0,10458,10458
110025,2010,0,9853,9853
110025,2011,0,7758,7758
110025,2012,0,6613,6613
110025,2013,0,3085,3085
110025,2014,0,1976,1976
110025,2015,0,1551,1551
110025,2016,0,1296,1296
110025,2017,0,1538,1538
110025,2018,0,1078,1078
110025,2019,0,1205,1205
110025,2020,0,1151,1151
110025,2021,0,924,924
110028,1988,0,43060,43060
110028,1989,0,48677,48677
110028,1990,0,41598,41598
110028,1991,0,40372,40372
110028,1992,0,39318,39318
110028,1993,0,40341,40341
110028,1994,0,46357,46357
110028,1995,0,47025,47025
110028,1996,30,30984,30954
110028,1997,33,33997,33964
110028,1998,0,34404,34404
110028,1999,0,40660,40660
110028,2000,0,39165,39165
110028,2001,0,36294,36294
110028,2002,0,29057,29057
110028,2003,0,29625,29625
110028,2004,0,29467,29467
110028,2005,0,33500,33500
110028,2006,0,30540,30540
110028,2007,0,29399,29399
110028,2008,0,29996,29996
110028,2009,0,26461,26461
110028,2010,0,25446,25446
110028,2011,0,21665,21665
110028,2012,615,15394,14779
110028,2013,2600,14746,12146
110028,2014,3050,14018,10968
110028,2015,3850,14126,10276
110028,2016,4383,14572,10189
110028,2017,8666,17532,8866
110028,2018,6133,14462,8329
110028,2019,6438,14703,8265
110028,2020,6438,14579,8141
110028,2021,10455,25192,14737
110029,1988,0,8251,8251
110029,1989,0,18027,18027
110029,1990,0,20335,20335
110029,1991,0,17832,17832
110029,1992,0,17736,17736
110029,1993,0,20540,20540
110029,1994,0,23596,23596
110029,1995,0,22636,22636
110029,1996,5,10733,10728
110029,1997,6,11215,11209
110029,1998,0,14350,14350
110029,1999,0,16416,16416
110029,2000,0,15680,15680
110029,2001,0,14521,14521
110029,2002,0,13587,13587
110029,2003,0,14189,14189
110029,2004,0,11509,11509
110029,2005,0,10481,10481
110029,2006,0,10937,10937
110029,2007,0,13448,13448
110029,2008,0,13338,13338
110029,2009,0,11674,11674
110029,2010,0,9890,9890
110029,2011,0,10067,10067
110029,2012,0,7286,7286
110029,2013,300,6607,6307
110029,2014,400,4339,3939
110029,2015,400,2432,2032
110029,2016,400,3840,3440
110029,2017,800,3761,2961
110029,2018,400,2248,1848
110029,2019,400,3054,2654
110029,2020,400,1859,1459
110029,2021,4439,7852,3413
110030,1988,4500,91884,87384
110030,1989,9015,81003,71988
110030,1990,4500,66134,61634
110030,1991,800,65980,65180
110030,1992,4000,90242,86242
110030,1993,5000,92117,87117
110030,1994,4500,107841,103341
110030,1995,4500,70908,66408
110030,1996,497,46573,46076
110030,1997,571,48347,47776
110030,1998,5091,51387,46296
110030,1999,5250,55720,50470
110030,2000,8900,59211,50311
110030,2001,18032,63105,45073
110030,2002,24394,70376,45982
110030,2003,33000,88470,55470
110030,2004,44900,113414,68514
110030,2005,58000,121650,63650
110030,2006,68750,131265,62515
110030,2007,58510,121038,62528
110030,2008,65806,136290,70484
110030,2009,71306,147853,76547
110030,2010,75518,161132,85614
110030,2011,82910,166805,83895
110030,2012,88180,214082,125902
110030,2013,105905,198373,92468
110030,2014,107935,200303,92368
110030,2015,115987,207256,91269
110030,2016,121867,210491,88624
110030,2017,128126,237937,109811
110030,2018,123238,201134,77896
110030,2019,121214,212952,91738
110030,2020,135238,237847,102609
110030,2021,139420,242345,102925
110033,1988,0,0,0
110033,1989,0,7088,7088
110033,1990,0,7113,7113
110033,1991,0,8818,8818
110033,1992,0,5786,5786
110033,1993,0,4946,4946
110033,1994,0,6234,6234
110033,1995,0,6313,6313
110033,1996,0,4352,4352
110033,1997,0,4652,4652
110033,1998,0,4751,4751
110033,1999,0,5967,5967
110033,2000,0,5585,5585
110033,2001,0,5693,5693
110033,2002,0,3704,3704
110033,2003,0,4056,4056
110033,2004,0,4461,4461
110033,2005,0,6333,6333
110033,2006,0,5537,5537
110033,2007,0,5183,5183
110033,2008,0,5320,5320
110033,2009,0,3974,3974
110033,2010,0,4120,4120
110033,2011,0,4467,4467
110033,2012,0,4462,4462
110033,2013,0,3477,3477
110033,2014,0,3030,3030
110033,2015,0,2787,2787
110033,2016,0,3143,3143
110033,2017,300,3396,3096
110033,2018,0,2977,2977
110033,2019,300,5079,4779
110033,2020,1000,5748,4748
110033,2021,3200,8908,5708
120005,1988,0,1072,1072
120005,1989,0,1236,1236
120005,1990,0,1236,1236
120005,1991,0,1236,1236
120005,1992,0,1216,1216
120005,1993,0,1217,1217
120005,1994,0,1202,1202
120005,1995,0,1234,1234
120005,1996,0,767,767
120005,1997,0,884,884
120005,1998,0,884,884
120005,1999,0,1163,1163
120005,2000,0,1205,1205
120005,2001,0,937,937
120005,2002,0,1050,1050
120005,2003,0,989,989
120005,2004,0,1060,1060
120005,2005,0,1314,1314
120005,2006,0,1414,1414
120005,2007,0,1336,1336
120005,2008,0,2036,2036
120005,2009,0,1226,1226
120005,2010,0,1604,1604
120005,2011,0,1747,1747
120005,2012,0,1965,1965
120005,2013,0,2244,2244
120005,2014,0,2395,2395
120005,2015,0,2430,2430
120005,2016,0,2073,2073
120005,2017,0,2166,2166
120005,2018,0,1900,1900
120005,2019,0,1739,1739
120005,2020,0,1711,1711
120005,2021,0,1675,1675
120020,1988,0,11922,11922
120020,1989,0,12267,12267
120020,1990,0,12526,12526
120020,1991,0,13060,13060
120020,1992,0,11479,11479
120020,1993,0,11339,11339
120020,1994,0,12833,12833
120020,1995,0,12430,12430
120020,1996,0,18653,18653
120020,1997,0,19196,19196
120020,1998,0,19176,19176
120020,1999,0,19192,19192
120020,2000,0,19661,19661
120020,2001,0,19962,19962
120020,2002,0,21545,21545
120020,2003,0,21971,21971
120020,2004,0,23885,23885
120020,2005,0,24451,24451
120020,2006,0,25896,25896
120020,2007,0,26405,26405
120020,2008,0,26342,26342
120020,2009,0,26127,26127
120020,2010,0,35215,35215
120020,2011,0,43314,43314
120020,2012,0,47183,47183
120020,2013,0,31991,31991
120020,2014,0,26574,26574
120020,2015,0,24725,24725
120020,2016,0,24881,24881
120020,2017,0,20880,20880
120020,2018,0,17094,17094
120020,2019,0,16777,16777
120020,2020,0,16763,16763
120020,2021,0,15857,15857
120030,1988,0,4310,4310
120030,1989,0,4233,4233
120030,1990,0,4245,4245
120030,1991,0,4180,4180
120030,1992,0,2901,2901
120030,1993,0,2987,2987
120030,1994,0,2571,2571
120030,1995,0,5188,5188
120030,1996,0,5184,5184
120030,1997,0,5208,5208
120030,1998,0,5192,5192
120030,1999,0,5168,5168
120030,2000,0,5105,5105
120030,2001,0,2995,2995
120030,2002,0,4026,4026
120030,2003,0,4564,4564
120030,2004,0,5185,5185
120030,2005,0,5207,5207
120030,2006,0,5626,5626
120030,2007,0,5626,5626
120030,2008,0,6823,6823
120030,2009,0,6250,6250
120030,2010,0,7789,7789
120030,2011,0,7373,7373
120030,2012,0,7941,7941
120030,2013,0,7613,7613
120030,2014,0,7203,7203
120030,2015,0,7686,7686
120030,2016,0,8481,8481
120030,2017,0,8337,8337
120030,2018,0,7242,7242
120030,2019,0,7069,7069
120030,2020,0,6672,6672
120030,2021,0,6255,6255
120034,1988,0,1207,1207
120034,1989,0,1132,1132
120034,1990,0,2168,2168
120034,1991,0,893,893
120034,1992,0,917,917
120034,1993,0,370,370
120034,1994,0,563,563
120034,1995,0,528,528
120034,1996,0,1225,1225
120034,1997,0,1372,1372
120034,1998,0,1376,1376
120034,1999,0,1282,1282
120034,2000,0,1344,1344
120034,2001,0,1626,1626
120034,2002,0,1568,1568
120034,2003,0,1682,1682
120034,2004,0,1779,1779
120034,2005,0,1713,1713
120034,2006,0,1723,1723
120034,2007,0,1699,1699
120034,2008,0,2450,2450
120034,2009,0,2416,2416
120034,2010,0,4052,4052
120034,2011,0,2956,2956
120034,2012,0,3548,3548
120034,2013,0,3619,3619
120034,2014,0,3649,3649
120034,2015,0,3213,3213
120034,2016,0,3002,3002
120034,2017,0,2904,2904
120034,2018,0,2688,2688
120034,2019,0,2674,2674
120034,2020,0,2692,2692
120034,2021,0,2636,2636
120040,1988,0,44494,44494
120040,1989,0,53547,53547
120040,1990,0,53882,53882
120040,1991,0,58840,58840
120040,1992,0,50877,50877
120040,1993,0,60200,60200
120040,1994,0,64929,64929
120040,1995,0,62110,62110
120040,1996,0,25127,25127
120040,1997,0,25981,25981
120040,1998,0,29004,29004
120040,1999,0,38887,38887
120040,2000,0,42388,42388
120040,2001,0,40498,40498
120040,2002,0,40486,40486
120040,2003,0,38833,38833
120040,2004,0,47096,47096
120040,2005,30,49118,49088
120040,2006,0,47664,47664
120040,2007,100,45183,45083
120040,2008,50,35735,35685
120040,2009,50,25879,25829
120040,2010,100,37368,37268
120040,2011,85,36000,35915
120040,2012,0,41461,41461
120040,2013,60,42492,42432
120040,2014,100,41461,41361
120040,2015,0,40559,40559
120040,2016,100,34610,34510
120040,2017,127,33882,33755
120040,2018,480,29045,28565
120040,2019,1140,27719,26579
120040,2020,1430,26973,25543
120040,2021,2785,30886,28101
120045,1988,0,16036,16036
120045,1989,0,17513,17513
120045,1990,0,13976,13976
120045,1991,0,33713,33713
120045,1992,0,33658,33658
120045,1993,0,33758,33758
120045,1994,0,34463,34463
120045,1995,0,31594,31594
120045,1996,0,11719,11719
120045,1997,0,12753,12753
120045,1998,120,16055,15935
120045,1999,120,13216,13096
120045,2000,0,14238,14238
120045,2001,0,15982,15982
120045,2002,0,19543,19543
120045,2003,0,19795,19795
120045,2004,0,29339,29339
120045,2005,25,28334,28309
120045,2006,20,24013,23993
120045,2007,0,22539,22539
120045,2008,0,16812,16812
120045,2009,0,13779,13779
120045,2010,0,18871,18871
120045,2011,0,18970,18970
120045,2012,0,23624,23624
120045,2013,0,19804,19804
120045,2014,300,19666,19366
120045,2015,0,18275,18275
120045,2016,0,15765,15765
120045,2017,0,14714,14714
120045,2018,0,12768,12768
120045,2019,520,11980,11460
120045,2020,1850,13464,11614
120045,2021,3400,16805,13405
120050,1988,0,9973,9973
120050,1989,0,9744,9744
120050,1990,0,12799,12799
120050,1991,0,13485,13485
120050,1992,0,10117,10117
120050,1993,0,9010,9010
120050,1994,0,6756,6756
120050,1995,0,3898,3898
120050,1996,0,5455,5455
120050,1997,0,5870,5870
120050,1998,0,6153,6153
120050,1999,0,6996,6996
120050,2000,0,13762,13762
120050,2001,0,12989,12989
120050,2002,0,16242,16242
120050,2003,0,15703,15703
120050,2004,0,14682,14682
120050,2005,0,14674,14674
120050,2006,0,10376,10376
120050,2007,0,10348,10348
120050,2008,0,11151,11151
120050,2009,0,10379,10379
120050,2010,0,13380,13380
120050,2011,0,12954,12954
120050,2012,0,11663,11663
120050,2013,0,13825,13825
120050,2014,0,14426,14426
120050,2015,0,10980,10980
120050,2016,0,7948,7948
120050,2017,0,7453,7453
120050,2018,0,6061,6061
120050,2019,0,5511,5511
120050,2020,0,5242,5242
120050,2021,0,4909,4909
120060,1988,0,2504,2504
120060,1989,0,2643,2643
120060,1990,0,2789,2789
120060,1991,0,2363,2363
120060,1992,0,2038,2038
120060,1993,0,2135,2135
120060,1994,0,1882,1882
120060,1995,0,2931,2931
120060,1996,0,5559,5559
120060,1997,0,5449,5449
120060,1998,0,5373,5373
120060,1999,0,5883,5883
120060,2000,0,7464,7464
120060,2001,0,7615,7615
120060,2002,0,8679,8679
120060,2003,0,9825,9825
120060,2004,0,9658,9658
120060,2005,0,9771,9771
120060,2006,0,10149,10149
120060,2007,0,10707,10707
120060,2008,0,11706,11706
120060,2009,0,8375,8375
120060,2010,0,10551,10551
120060,2011,0,8887,8887
120060,2012,0,9543,9543
120060,2013,0,9188,9188
120060,2014,0,8137,8137
120060,2015,0,8719,8719
120060,2016,0,10534,10534
120060,2017,0,10207,10207
120060,2018,0,8532,8532
120060,2019,0,8434,8434
120060,2020,0,8063,8063
120060,2021,0,7587,7587
130002,1988,0,318,318
130002,1989,0,202,202
130002,1990,0,421,421
130002,1991,0,467,467
130002,1992,0,721,721
130002,1993,0,362,362
130002,1994,0,388,388
130002,1995,0,465,465
130002,1996,0,4272,4272
130002,1997,0,4271,4271
130002,1998,0,4272,4272
130002,1999,0,4272,4272
130002,2000,0,4272,4272
130002,2001,0,4272,4272
130002,2002,0,4277,4277
130002,2003,0,4270,4270
130002,2004,0,4266,4266
130002,2005,0,1491,1491
130002,2006,0,1495,1495
130002,2007,0,1482,1482
130002,2008,0,1448,1448
130002,2009,0,1263,1263
130002,2010,0,375,375
130002,2011,0,898,898
130002,2012,0,916,916
130002,2013,0,792,792
130002,2014,0,681,681
130002,2015,0,474,474
130002,2016,0,5378,5378
130002,2017,0,5605,5605
130002,2018,0,5366,5366
130002,2019,0,5419,5419
130002,2020,0,5362,5362
130002,2021,0,5311,5311
130006,1988,0,244,244
130006,1989,0,264,264
130006,1990,0,425,425
130006,1991,0,578,578
130006,1992,0,0,0
130006,1993,0,0,0
130006,1994,0,88,88
130006,1995,0,199,199
130006,1996,0,638,638
130006,1997,0,638,638
130006,1998,0,638,638
130006,1999,0,638,638
130006,2000,0,638,638
130006,2001,0,638,638
130006,2002,0,638,638
130006,2003,0,626,626
130006,2004,0,633,633
130006,2005,0,1057,1057
130006,2006,0,1057,1057
130006,2007,0,1075,1075
130006,2008,0,807,807
130006,2009,0,818,818
130006,2010,0,278,278
130006,2011,0,392,392
130006,2012,0,401,401
130006,2013,0,499,499
130006,2014,0,95,95
130006,2015,0,361,361
130006,2016,0,438,438
130006,2017,0,594,594
130006,2018,0,374,374
130006,2019,0,379,379
130006,2020,0,405,405
130006,2021,0,318,318
130008,1988,0,1357,1357
130008,1989,0,1521,1521
130008,1990,0,274,274
130008,1991,0,33,33
130008,1992,0,762,762
130008,1993,0,630,630
130008,1994,0,711,711
130008,1995,0,807,807
130008,1996,0,1610,1610
130008,1997,0,1610,1610
130008,1998,0,1518,1518
130008,1999,0,1558,1558
130008,2000,0,1558,1558
130008,2001,0,1558,1558
130008,2002,0,1615,1615
130008,2003,0,1610,1610
130008,2004,0,1599,1599
130008,2005,0,1275,1275
130008,2006,0,1275,1275
130008,2007,0,1330,1330
130008,2008,0,1505,1505
130008,2009,0,1526,1526
130008,2010,0,712,712
130008,2011,0,915,915
130008,2012,0,1028,1028
130008,2013,0,583,583
130008,2014,0,590,590
130008,2015,0,724,724
130008,2016,0,649,649
130008,2017,0,404,404
130008,2018,0,511,511
130008,2019,0,495,495
130008,2020,0,515,515
130008,2021,0,378,378
130010,1988,0,3922,3922
130010,1989,0,3799,3799
130010,1990,0,717,717
130010,1991,0,499,499
130010,1992,0,220,220
130010,1993,0,243,243
130010,1994,0,264,264
130010,1995,0,298,298
130010,1996,0,411,411
130010,1997,0,411,411
130010,1998,0,411,411
130010,1999,0,458,458
130010,2000,0,458,458
130010,2001,0,458,458
130010,2002,0,478,478
130010,2003,0,478,478
130010,2004,0,478,478
130010,2005,0,623,623
130010,2006,0,800,800
130010,2007,0,828,828
130010,2008,0,1316,1316
130010,2009,0,1341,1341
130010,2010,0,827,827
130010,2011,0,743,743
130010,2012,0,841,841
130010,2013,0,772,772
130010,2014,0,743,743
130010,2015,0,745,745
130010,2016,0,443,443
130010,2017,0,565,565
130010,2018,0,571,571
130010,2019,0,572,572
130010,2020,0,566,566
130010,2021,0,633,633
130014,1988,0,0,0
130014,1989,0,4306,4306
130014,1990,0,2353,2353
130014,1991,0,3120,3120
130014,1992,0,3347,3347
130014,1993,0,2400,2400
130014,1994,0,4166,4166
130014,1995,0,3783,3783
130014,1996,0,2921,2921
130014,1997,0,2921,2921
130014,1998,0,3939,3939
130014,1999,0,3936,3936
130014,2000,0,3936,3936
130014,2001,0,3971,3971
130014,2002,0,3990,3990
130014,2003,0,13289,13289
130014,2004,0,13007,13007
130014,2005,0,18082,18082
130014,2006,0,18376,18376
130014,2007,0,8504,8504
130014,2008,0,12360,12360
130014,2009,0,11860,11860
130014,2010,0,5718,5718
130014,2011,0,6341,6341
130014,2012,0,6320,6320
130014,2013,0,5268,5268
130014,2014,0,3141,3141
130014,2015,0,3855,3855
130014,2016,0,1179,1179
130014,2017,0,1235,1235
130014,2018,0,1617,1617
130014,2019,0,1674,1674
130014,2020,0,1723,1723
130014,2021,0,1760,1760
130020,1988,0,345,345
130020,1989,0,437,437
130020,1990,0,1586,1586
130020,1991,0,1207,1207
130020,1992,0,0,0
130020,1993,0,97,97
130020,1994,0,109,109
130020,1995,0,84,84
130020,1996,0,835,835
130020,1997,0,835,835
130020,1998,0,837,837
130020,1999,0,837,837
130020,2000,0,837,837
130020,2001,0,837,837
130020,2002,0,837,837
130020,2003,0,833,833
130020,2004,0,831,831
130020,2005,0,916,916
130020,2006,0,916,916
130020,2007,0,920,920
130020,2008,0,741,741
130020,2009,0,749,749
130020,2010,0,586,586
130020,2011,0,565,565
130020,2012,0,744,744
130020,2013,0,718,718
130020,2014,0,813,813
130020,2015,0,1104,1104
130020,2016,0,520,520
130020,2017,0,470,470
130020,2018,0,424,424
130020,2019,0,493,493
130020,2020,0,509,509
130020,2021,0,450,450
130030,1988,0,1548,1548
130030,1989,0,1155,1155
130030,1990,0,2882,2882
130030,1991,0,3735,3735
130030,1992,0,2150,2150
130030,1993,0,1632,1632
130030,1994,0,1612,1612
130030,1995,0,2400,2400
130030,1996,0,3230,3230
130030,1997,0,3230,3230
130030,1998,0,3252,3252
130030,1999,0,3250,3250
130030,2000,0,3250,3250
130030,2001,0,3130,3130
130030,2002,0,3249,3249
130030,2003,0,3230,3230
130030,2004,0,3252,3252
130030,2005,0,3753,3753
130030,2006,0,3753,3753
130030,2007,0,3748,3748
130030,2008,0,3437,3437
130030,2009,0,3494,3494
130030,2010,0,4649,4649
130030,2011,0,3673,3673
130030,2012,0,3414,3414
130030,2013,0,3891,3891
130030,2014,0,2375,2375
130030,2015,0,2445,2445
130030,2016,0,4370,4370
130030,2017,0,5406,5406
130030,2018,0,5475,5475
130030,2019,0,5392,5392
130030,2020,0,5398,5398
130030,2021,0,5488,5488
130040,1988,0,735,735
130040,1989,0,169,169
130040,1990,0,59,59
130040,1991,0,55,55
130040,1992,0,47,47
130040,1993,0,67,67
130040,1994,0,64,64
130040,1995,0,81,81
130040,1996,0,1131,1131
130040,1997,0,1131,1131
130040,1998,0,1136,1136
130040,1999,0,1136,1136
130040,2000,0,1136,1136
130040,2001,0,1138,1138
130040,2002,0,1144,1144
130040,2003,0,1136,1136
130040,2004,0,1144,1144
130040,2005,0,101,101
130040,2006,0,101,101
130040,2007,0,102,102
130040,2008,0,428,428
130040,2009,0,438,438
130040,2010,0,246,246
130040,2011,0,434,434
130040,2012,0,375,375
130040,2013,0,377,377
130040,2014,0,191,191
130040,2015,0,482,482
130040,2016,0,576,576
130040,2017,0,282,282
130040,2018,0,105,105
130040,2019,0,101,101
130040,2020,0,85,85
130040,2021,0,85,85
130050,1988,0,1301,1301
130050,1989,0,1970,1970
130050,1990,0,705,705
130050,1991,0,1094,1094
130050,1992,0,972,972
130050,1993,0,1297,1297
130050,1994,0,1297,1297
130050,1995,0,1139,1139
130050,1996,0,2001,2001
130050,1997,0,2001,2001
130050,1998,0,2011,2011
130050,1999,0,2073,2073
130050,2000,0,2073,2073
130050,2001,0,2064,2064
130050,2002,0,2158,2158
130050,2003,0,2148,2148
130050,2004,0,2121,2121
130050,2005,0,2545,2545
130050,2006,0,2551,2551
130050,2007,0,2750,2750
130050,2008,0,1480,1480
130050,2009,0,1510,1510
130050,2010,0,944,944
130050,2011,0,778,778
130050,2012,0,650,650
130050,2013,0,679,679
130050,2014,0,639,639
130050,2015,0,396,396
130050,2016,0,352,352
130050,2017,0,317,317
130050,2018,0,119,119
130050,2019,0,115,115
130050,2020,0,311,311
130050,2021,0,252,252
130060,1988,0,1303,1303
130060,1989,0,1976,1976
130060,1990,0,2615,2615
130060,1991,0,3290,3290
130060,1992,0,180,180
130060,1993,0,514,514
130060,1994,0,644,644
130060,1995,0,833,833
130060,1996,0,4045,4045
130060,1997,0,4045,4045
130060,1998,0,4052,4052
130060,1999,0,4635,4635
130060,2000,0,4635,4635
130060,2001,0,4635,4635
130060,2002,0,4635,4635
130060,2003,0,4614,4614
130060,2004,0,4559,4559
130060,2005,0,4170,4170
130060,2006,0,4172,4172
130060,2007,0,4192,4192
130060,2008,0,2005,2005
130060,2009,0,2037,2037
130060,2010,0,1458,1458
130060,2011,0,1600,1600
130060,2012,0,1302,1302
130060,2013,0,2019,2019
130060,2014,0,1125,1125
130060,2015,0,717,717
130060,2016,0,1205,1205
130060,2017,0,592,592
130060,2018,0,792,792
130060,2019,0,750,750
130060,2020,0,637,637
130060,2021,0,675,675
130063,1988,0,2080,2080
130063,1989,0,2097,2097
130063,1990,0,1410,1410
130063,1991,0,1855,1855
130063,1992,0,1946,1946
130063,1993,0,2004,2004
130063,1994,0,1999,1999
130063,1995,0,1454,1454
130063,1996,2,1773,1771
130063,1997,2,1773,1771
130063,1998,0,1982,1982
130063,1999,0,2016,2016
130063,2000,0,2016,2016
130063,2001,0,2016,2016
130063,2002,0,2033,2033
130063,2003,0,2024,2024
130063,2004,0,2020,2020
130063,2005,0,1578,1578
130063,2006,0,1752,1752
130063,2007,0,1884,1884
130063,2008,0,955,955
130063,2009,0,972,972
130063,2010,0,1420,1420
130063,2011,0,1742,1742
130063,2012,0,1167,1167
130063,2013,0,1052,1052
130063,2014,0,940,940
130063,2015,0,683,683
130063,2016,0,702,702
130063,2017,0,640,640
130063,2018,0,107,107
130063,2019,0,138,138
130063,2020,0,104,104
130063,2021,0,346,346
130068,1988,0,1700,1700
130068,1989,0,2008,2008
130068,1990,0,612,612
130068,1991,0,1034,1034
130068,1992,0,2152,2152
130068,1993,0,3798,3798
130068,1994,0,4278,4278
130068,1995,0,581,581
130068,1996,0,1009,1009
130068,1997,0,1009,1009
130068,1998,0,1009,1009
130068,1999,0,1015,1015
130068,2000,0,1015,1015
130068,2001,0,850,850
130068,2002,0,850,850
130068,2003,0,841,841
130068,2004,0,851,851
130068,2005,0,1685,1685
130068,2006,0,1743,1743
130068,2007,0,1919,1919
130068,2008,0,1383,1383
130068,2009,0,1398,1398
130068,2010,0,917,917
130068,2011,0,1003,1003
130068,2012,0,865,865
130068,2013,0,804,804
130068,2014,0,646,646
130068,2015,0,552,552
130068,2016,0,445,445
130068,2017,0,647,647
130068,2018,0,106,106
130068,2019,0,141,141
130068,2020,0,614,614
130068,2021,0,591,591
130070,1988,0,257,257
130070,1989,0,2688,2688
130070,1990,0,496,496
130070,1991,0,450,450
130070,1992,0,809,809
130070,1993,0,0,0
130070,1994,0,163,163
130070,1995,0,4339,4339
130070,1996,0,6887,6887
130070,1997,0,6887,6887
130070,1998,0,6890,6890
130070,1999,0,6893,6893
130070,2000,0,6893,6893
130070,2001,0,6893,6893
130070,2002,0,6893,6893
130070,2003,0,6878,6878
130070,2004,0,2817,2817
130070,2005,0,5535,5535
130070,2006,0,5534,5534
130070,2007,0,5541,5541
130070,2008,0,3109,3109
130070,2009,0,3139,3139
130070,2010,0,3230,3230
130070,2011,0,4215,4215
130070,2012,0,4198,4198
130070,2013,0,1775,1775
130070,2014,0,1842,1842
130070,2015,0,1561,1561
130070,2016,0,1253,1253
130070,2017,0,1293,1293
130070,2018,0,1354,1354
130070,2019,0,1418,1418
130070,2020,0,1465,1465
130070,2021,0,1471,1471
130080,1988,0,2737,2737
130080,1989,0,924,924
130080,1990,0,722,722
130080,1991,0,841,841
130080,1992,0,1692,1692
130080,1993,0,2064,2064
130080,1994,0,2064,2064
130080,1995,0,1787,1787
130080,1996,0,2970,2970
130080,1997,0,2970,2970
130080,1998,0,3000,3000
130080,1999,0,3002,3002
130080,2000,0,3006,3006
130080,2001,0,2796,2796
130080,2002,0,2814,2814
130080,2003,0,2796,2796
130080,2004,0,2716,2716
130080,2005,0,2696,2696
130080,2006,0,2696,2696
130080,2007,0,2701,2701
130080,2008,0,1779,1779
130080,2009,0,1811,1811
130080,2010,0,4516,4516
130080,2011,0,4924,4924
130080,2012,0,5042,5042
130080,2013,0,4537,4537
130080,2014,0,1970,1970
130080,2015,0,1484,1484
130080,2016,0,1576,1576
130080,2017,0,1301,1301
130080,2018,0,1097,1097
130080,2019,0,1600,1600
130080,2020,0,1618,1618
130080,2021,0,1599,1599
130083,1988,0,1998,1998
130083,1989,0,1447,1447
130083,1990,0,1237,1237
130083,1991,0,1334,1334
130083,1992,0,1301,1301
130083,1993,0,1353,1353
130083,1994,0,1621,1621
130083,1995,0,1742,1742
130083,1996,0,1021,1021
130083,1997,0,1021,1021
130083,1998,0,1426,1426
130083,1999,0,1240,1240
130083,2000,0,1240,1240
130083,2001,0,1242,1242
130083,2002,0,1247,1247
130083,2003,0,1243,1243
130083,2004,0,1248,1248
130083,2005,0,4453,4453
130083,2006,0,4453,4453
130083,2007,0,4469,4469
130083,2008,0,1869,1869
130083,2009,0,1897,1897
130083,2010,0,1068,1068
130083,2011,0,731,731
130083,2012,0,683,683
130083,2013,0,641,641
130083,2014,0,494,494
130083,2015,0,418,418
130083,2016,0,390,390
130083,2017,0,154,154
130083,2018,0,541,541
130083,2019,0,642,642
130083,2020,0,232,232
130083,2021,0,240,240
130090,1988,0,668,668
130090,1989,0,457,457
130090,1990,0,129,129
130090,1991,0,0,0
130090,1992,0,98,98
130090,1993,0,98,98
130090,1994,0,110,110
130090,1995,0,191,191
130090,1996,0,1357,1357
130090,1997,0,1357,1357
130090,1998,0,1357,1357
130090,1999,0,1357,1357
130090,2000,0,1357,1357
130090,2001,0,1357,1357
130090,2002,0,2266,2266
130090,2003,0,1435,1435
130090,2004,0,1460,1460
130090,2005,0,506,506
130090,2006,0,764,764
130090,2007,0,1125,1125
130090,2008,0,552,552
130090,2009,0,559,559
130090,2010,0,602,602
130090,2011,0,338,338
130090,2012,20,509,489
130090,2013,20,673,653
130090,2014,0,60,60
130090,2015,0,49,49
130090,2016,0,177,177
130090,2017,0,177,177
130090,2018,0,184,184
130090,2019,0,170,170
130090,2020,0,346,346
130090,2021,0,354,354
130100,1988,0,798,798
130100,1989,0,522,522
130100,1990,0,526,526
130100,1991,0,276,276
130100,1992,0,389,389
130100,1993,0,589,589
130100,1994,0,594,594
130100,1995,0,640,640
130100,1996,0,2268,2268
130100,1997,0,2268,2268
130100,1998,0,2293,2293
130100,1999,0,2352,2352
130100,2000,0,2354,2354
130100,2001,0,2149,2149
130100,2002,0,2184,2184
130100,2003,0,1371,1371
130100,2004,0,1365,1365
130100,2005,0,1445,1445
130100,2006,0,1454,1454
130100,2007,0,1357,1357
130100,2008,0,1282,1282
130100,2009,0,1304,1304
130100,2010,0,1518,1518
130100,2011,0,1797,1797
130100,2012,0,1823,1823
130100,2013,0,1852,1852
130100,2014,0,916,916
130100,2015,0,783,783
130100,2016,0,825,825
130100,2017,0,1221,1221
130100,2018,0,1020,1020
130100,2019,0,1053,1053
130100,2020,0,1395,1395
130100,2021,0,1027,1027
130110,1988,0,2862,2862
130110,1989,0,808,808
130110,1990,0,385,385
130110,1991,0,274,274
130110,1992,0,929,929
130110,1993,0,970,970
130110,1994,0,962,962
130110,1995,0,1406,1406
130110,1996,0,4107,4107
130110,1997,0,4107,4107
130110,1998,0,4117,4117
130110,1999,0,4117,4117
130110,2000,0,4117,4117
130110,2001,0,4066,4066
130110,2002,0,4074,4074
130110,2003,0,4058,4058
130110,2004,0,4066,4066
130110,2005,0,3019,3019
130110,2006,0,3019,3019
130110,2007,0,3059,3059
130110,2008,0,2470,2470
130110,2009,0,2505,2505
130110,2010,0,1739,1739
130110,2011,0,1662,1662
130110,2012,0,1640,1640
130110,2013,0,1633,1633
130110,2014,0,1493,1493
130110,2015,0,1914,1914
130110,2016,0,1127,1127
130110,2017,0,1078,1078
130110,2018,0,1183,1183
130110,2019,0,1175,1175
130110,2020,0,1188,1188
130110,2021,0,1200,1200
130115,1988,0,0,0
130115,1989,0,274,274
130115,1990,0,283,283
130115,1991,0,55,55
130115,1992,0,273,273
130115,1993,0,248,248
130115,1994,0,248,248
130115,1995,0,128,128
130115,1996,0,1735,1735
130115,1997,0,1735,1735
130115,1998,0,1735,1735
130115,1999,0,1734,1734
130115,2000,0,1734,1734
130115,2001,0,1731,1731
130115,2002,0,1740,1740
130115,2003,0,1719,1719
130115,2004,0,2185,2185
130115,2005,0,2767,2767
130115,2006,0,2767,2767
130115,2007,0,2811,2811
130115,2008,0,1399,1399
130115,2009,0,1425,1425
130115,2010,0,1501,1501
130115,2011,0,1526,1526
130115,2012,0,1318,1318
130115,2013,0,1015,1015
130115,2014,0,554,554
130115,2015,0,443,443
130115,2016,0,368,368
130115,2017,0,643,643
130115,2018,0,731,731
130115,2019,0,999,999
130115,2020,0,999,999
130115,2021,0,753,753
130120,1988,0,5155,5155
130120,1989,0,3747,3747
130120,1990,0,2230,2230
130120,1991,0,2033,2033
130120,1992,0,2259,2259
130120,1993,0,2131,2131
130120,1994,0,2377,2377
130120,1995,0,1530,1530
130120,1996,0,13297,13297
130120,1997,0,13297,13297
130120,1998,0,13345,13345
130120,1999,0,13517,13517
130120,2000,0,13644,13644
130120,2001,0,8200,8200
130120,2002,0,8572,8572
130120,2003,0,8474,8474
130120,2004,0,8285,8285
130120,2005,0,2925,2925
130120,2006,0,3642,3642
130120,2007,0,2441,2441
130120,2008,0,3502,3502
130120,2009,0,3855,3855
130120,2010,0,4142,4142
130120,2011,0,4073,4073
130120,2012,0,3874,3874
130120,2013,0,4444,4444
130120,2014,0,1212,1212
130120,2015,0,2266,2266
130120,2016,0,1775,1775
130120,2017,0,1467,1467
130120,2018,0,1590,1590
130120,2019,0,1613,1613
130120,2020,0,1628,1628
130120,2021,0,1717,1717
130130,1988,0,1037,1037
130130,1989,0,916,916
130130,1990,0,310,310
130130,1991,0,171,171
130130,1992,0,202,202
130130,1993,0,1220,1220
130130,1994,0,1227,1227
130130,1995,0,1473,1473
130130,1996,0,1876,1876
130130,1997,0,1876,1876
130130,1998,0,1876,1876
130130,1999,0,1962,1962
130130,2000,0,1962,1962
130130,2001,0,1965,1965
130130,2002,0,1965,1965
130130,2003,0,1963,1963
130130,2004,0,1965,1965
130130,2005,0,2373,2373
130130,2006,0,2463,2463
130130,2007,0,2461,2461
130130,2008,0,1980,1980
130130,2009,0,2025,2025
130130,2010,0,3153,3153
130130,2011,0,3294,3294
130130,2012,0,3033,3033
130130,2013,0,1072,1072
130130,2014,0,2100,2100
130130,2015,0,513,513
130130,2016,0,429,429
130130,2017,0,5465,5465
130130,2018,0,5090,5090
130130,2019,0,5170,5170
130130,2020,0,5185,5185
130130,2021,0,5182,5182
130140,1988,0,1256,1256
130140,1989,0,1144,1144
130140,1990,0,1195,1195
130140,1991,0,1299,1299
130140,1992,0,1457,1457
130140,1993,0,1308,1308
130140,1994,0,1293,1293
130140,1995,0,2527,2527
130140,1996,0,2128,2128
130140,1997,0,2128,2128
130140,1998,0,2258,2258
130140,1999,0,7296,7296
130140,2000,0,7293,7293
130140,2001,0,5869,5869
130140,2002,0,5869,5869
130140,2003,0,1131,1131
130140,2004,0,924,924
130140,2005,0,935,935
130140,2006,0,1784,1784
130140,2007,0,1695,1695
130140,2008,0,2512,2512
130140,2009,0,2546,2546
130140,2010,0,1892,1892
130140,2011,0,1955,1955
130140,2012,0,2228,2228
130140,2013,0,2081,2081
130140,2014,0,1204,1204
130140,2015,0,1216,1216
130140,2016,0,1329,1329
130140,2017,0,1906,1906
130140,2018,0,3717,3717
130140,2019,0,2114,2114
130140,2020,0,2894,2894
130140,2021,0,1477,1477
130150,1988,0,1218,1218
130150,1989,0,1221,1221
130150,1990,0,1300,1300
130150,1991,0,680,680
130150,1992,0,1569,1569
130150,1993,0,1368,1368
130150,1994,0,1288,1288
130150,1995,0,2178,2178
130150,1996,0,2292,2292
130150,1997,0,2292,2292
130150,1998,0,2292,2292
130150,1999,0,2292,2292
130150,2000,0,2292,2292
130150,2001,0,2290,2290
130150,2002,0,2290,2290
130150,2003,0,2281,2281
130150,2004,0,2138,2138
130150,2005,0,3234,3234
130150,2006,0,3534,3534
130150,2007,0,2346,2346
130150,2008,0,2356,2356
130150,2009,0,2372,2372
130150,2010,0,2946,2946
130150,2011,0,3148,3148
130150,2012,0,6165,6165
130150,2013,0,2803,2803
130150,2014,0,2107,2107
130150,2015,0,1812,1812
130150,2016,0,2261,2261
130150,2017,0,2036,2036
130150,2018,0,1830,1830
130150,2019,0,2329,2329
130150,2020,0,1173,1173
130150,2021,0,1246,1246
130160,1988,0,450,450
130160,1989,0,436,436
130160,1990,0,470,470
130160,1991,0,418,418
130160,1992,0,720,720
130160,1993,0,720,720
130160,1994,0,801,801
130160,1995,0,940,940
130160,1996,2,7553,7551
130160,1997,2,7553,7551
130160,1998,2,7595,7593
130160,1999,2,7569,7567
130160,2000,2,7569,7567
130160,2001,2,7569,7567
130160,2002,2,7571,7569
130160,2003,0,7546,7546
130160,2004,0,7366,7366
130160,2005,0,7461,7461
130160,2006,0,7461,7461
130160,2007,0,7314,7314
130160,2008,0,4449,4449
130160,2009,0,3842,3842
130160,2010,0,1107,1107
130160,2011,0,1114,1114
130160,2012,0,1263,1263
130160,2013,0,844,844
130160,2014,0,789,789
130160,2015,0,748,748
130160,2016,0,380,380
130160,2017,0,318,318
130160,2018,0,311,311
130160,2019,0,302,302
130160,2020,0,296,296
130160,2021,0,346,346
130165,1988,0,0,0
130165,1989,0,33,33
130165,1990,0,648,648
130165,1991,0,642,642
130165,1992,0,87,87
130165,1993,0,584,584
130165,1994,0,606,606
130165,1995,0,853,853
130165,1996,0,2542,2542
130165,1997,0,2542,2542
130165,1998,0,2561,2561
130165,1999,0,2561,2561
130165,2000,0,2561,2561
130165,2001,0,2558,2558
130165,2002,0,2561,2561
130165,2003,0,2549,2549
130165,2004,0,2537,2537
130165,2005,0,3097,3097
130165,2006,0,3100,3100
130165,2007,0,2153,2153
130165,2008,0,1706,1706
130165,2009,0,1730,1730
130165,2010,0,678,678
130165,2011,0,1127,1127
130165,2012,0,2158,2158
130165,2013,0,2337,2337
130165,2014,0,1668,1668
130165,2015,0,2201,2201
130165,2016,0,987,987
130165,2017,0,589,589
130165,2018,0,564,564
130165,2019,0,665,665
130165,2020,0,976,976
130165,2021,0,1312,1312
130170,1988,0,1602,1602
130170,1989,0,1801,1801
130170,1990,0,1404,1404
130170,1991,0,920,920
130170,1992,0,1253,1253
130170,1993,0,565,565
130170,1994,0,527,527
130170,1995,0,2492,2492
130170,1996,0,830,830
130170,1997,0,1900,1900
130170,1998,1000,13045,12045
130170,1999,1000,13045,12045
130170,2000,1000,13045,12045
130170,2001,1000,13045,12045
130170,2002,1400,13494,12094
130170,2003,2000,10076,8076
130170,2004,2000,5629,3629
130170,2005,2000,7288,5288
130170,2006,2000,7296,5296
130170,2007,800,3703,2903
130170,2008,200,3917,3717
130170,2009,204,4604,4400
130170,2010,180,3209,3029
130170,2011,180,3340,3160
130170,2012,200,3646,3446
130170,2013,0,3295,3295
130170,2014,0,2356,2356
130170,2015,0,2151,2151
130170,2016,0,3191,3191
130170,2017,0,3753,3753
130170,2018,0,4131,4131
130170,2019,2500,6983,4483
130170,2020,2700,7490,4790
130170,2021,3000,7919,4919
130180,1988,0,1241,1241
130180,1989,0,1225,1225
130180,1990,0,578,578
130180,1991,0,657,657
130180,1992,0,204,204
130180,1993,0,679,679
130180,1994,0,688,688
130180,1995,0,913,913
130180,1996,0,2090,2090
130180,1997,0,2090,2090
130180,1998,0,2090,2090
130180,1999,0,2090,2090
130180,2000,0,2090,2090
130180,2001,0,2090,2090
130180,2002,0,2090,2090
130180,2003,0,2081,2081
130180,2004,0,2016,2016
130180,2005,0,1859,1859
130180,2006,0,1866,1866
130180,2007,0,1916,1916
130180,2008,0,1553,1553
130180,2009,0,1574,1574
130180,2010,0,1578,1578
130180,2011,0,351,351
130180,2012,0,366,366
130180,2013,0,560,560
130180,2014,0,424,424
130180,2015,0,309,309
130180,2016,0,224,224
130180,2017,0,268,268
130180,2018,0,204,204
130180,2019,0,422,422
130180,2020,0,487,487
130180,2021,0,312,312
130185,1988,0,1450,1450
130185,1989,0,2391,2391
130185,1990,0,1339,1339
130185,1991,0,268,268
130185,1992,0,519,519
130185,1993,0,394,394
130185,1994,0,453,453
130185,1995,0,375,375
130185,1996,6,3354,3348
130185,1997,6,3354,3348
130185,1998,6,3354,3348
130185,1999,6,3353,3347
130185,2000,6,3353,3347
130185,2001,6,3222,3216
130185,2002,6,3363,3357
130185,2003,6,3348,3342
130185,2004,6,2334,2328
130185,2005,6,2723,2717
130185,2006,6,2723,2717
130185,2007,6,2792,2786
130185,2008,0,2104,2104
130185,2009,0,2136,2136
130185,2010,0,2227,2227
130185,2011,0,2366,2366
130185,2012,0,1670,1670
130185,2013,0,1695,1695
130185,2014,0,1438,1438
130185,2015,0,1340,1340
130185,2016,0,1311,1311
130185,2017,0,1764,1764
130185,2018,0,2810,2810
130185,2019,0,664,664
130185,2020,0,555,555
130185,2021,0,566,566
130190,1988,0,4829,4829
130190,1989,0,9295,9295
130190,1990,0,3093,3093
130190,1991,0,4472,4472
130190,1992,0,4449,4449
130190,1993,0,4625,4625
130190,1994,0,5376,5376
130190,1995,0,5053,5053
130190,1996,29,8753,8724
130190,1997,29,8753,8724
130190,1998,45,9424,9379
130190,1999,45,9893,9848
130190,2000,45,7258,7213
130190,2001,145,6790,6645
130190,2002,300,8075,7775
130190,2003,300,7301,7001
130190,2004,300,7463,7163
130190,2005,250,10608,10358
130190,2006,250,8352,8102
130190,2007,0,11058,11058
130190,2008,0,8940,8940
130190,2009,0,8998,8998
130190,2010,0,11246,11246
130190,2011,0,13171,13171
130190,2012,0,13709,13709
130190,2013,0,12469,12469
130190,2014,0,2870,2870
130190,2015,0,5730,5730
130190,2016,0,7044,7044
130190,2017,0,3587,3587
130190,2018,0,4634,4634
130190,2019,0,4316,4316
130190,2020,0,3988,3988
130190,2021,0,3812,3812
130195,1988,0,450,450
130195,1989,0,424,424
130195,1990,0,155,155
130195,1991,0,78,78
130195,1992,0,120,120
130195,1993,0,415,415
130195,1994,0,427,427
130195,1995,0,512,512
130195,1996,0,1898,1898
130195,1997,0,1898,1898
130195,1998,0,1912,1912
130195,1999,0,1857,1857
130195,2000,0,1857,1857
130195,2001,0,1854,1854
130195,2002,0,1854,1854
130195,2003,0,1845,1845
130195,2004,0,1807,1807
130195,2005,0,1311,1311
130195,2006,0,1331,1331
130195,2007,0,1896,1896
130195,2008,0,782,782
130195,2009,0,791,791
130195,2010,0,650,650
130195,2011,0,611,611
130195,2012,0,552,552
130195,2013,0,602,602
130195,2014,0,295,295
130195,2015,0,415,415
130195,2016,0,69,69
130195,2017,0,61,61
130195,2018,0,61,61
130195,2019,0,260,260
130195,2020,0,303,303
130195,2021,0,297,297
130200,1988,0,355,355
130200,1989,0,503,503
130200,1990,0,391,391
130200,1991,0,323,323
130200,1992,0,480,480
130200,1993,0,471,471
130200,1994,0,582,582
130200,1995,0,740,740
130200,1996,0,224,224
130200,1997,0,224,224
130200,1998,0,277,277
130200,1999,0,276,276
130200,2000,0,276,276
130200,2001,0,274,274
130200,2002,0,285,285
130200,2003,0,280,280
130200,2004,0,285,285
130200,2005,0,428,428
130200,2006,0,434,434
130200,2007,0,439,439
130200,2008,0,535,535
130200,2009,0,547,547
130200,2010,0,595,595
130200,2011,0,624,624
130200,2012,0,666,666
130200,2013,0,487,487
130200,2014,0,551,551
130200,2015,0,518,518
130200,2016,0,592,592
130200,2017,0,788,788
130200,2018,0,662,662
130200,2019,0,760,760
130200,2020,0,748,748
130200,2021,0,623,623
130210,1988,0,99,99
130210,1989,0,80,80
130210,1990,0,67,67
130210,1991,0,90,90
130210,1992,0,64,64
130210,1993,0,108,108
130210,1994,0,83,83
130210,1995,0,96,96
130210,1996,0,87,87
130210,1997,0,87,87
130210,1998,0,87,87
130210,1999,0,87,87
130210,2000,0,87,87
130210,2001,0,87,87
130210,2002,0,89,89
130210,2003,0,89,89
130210,2004,0,89,89
130210,2005,0,265,265
130210,2006,0,285,285
130210,2007,0,297,297
130210,2008,0,298,298
130210,2009,0,304,304
130210,2010,0,211,211
130210,2011,0,285,285
130210,2012,0,217,217
130210,2013,0,412,412
130210,2014,0,308,308
130210,2015,0,301,301
130210,2016,0,411,411
130210,2017,0,420,420
130210,2018,0,432,432
130210,2019,0,407,407
130210,2020,0,396,396
130210,2021,0,387,387
130220,1988,0,524,524
130220,1989,0,335,335
130220,1990,0,241,241
130220,1991,0,88,88
130220,1992,0,159,159
130220,1993,0,239,239
130220,1994,0,371,371
130220,1995,0,425,425
130220,1996,0,352,352
130220,1997,0,352,352
130220,1998,0,362,362
130220,1999,0,362,362
130220,2000,0,362,362
130220,2001,0,362,362
130220,2002,0,362,362
130220,2003,0,350,350
130220,2004,0,360,360
130220,2005,0,804,804
130220,2006,0,809,809
130220,2007,0,310,310
130220,2008,0,818,818
130220,2009,0,832,832
130220,2010,0,447,447
130220,2011,0,369,369
130220,2012,0,419,419
130220,2013,0,518,518
130220,2014,0,301,301
130220,2015,0,181,181
130220,2016,0,101,101
130220,2017,0,135,135
130220,2018,0,133,133
130220,2019,0,125,125
130220,2020,0,122,122
130220,2021,0,122,122
130230,1988,0,193,193
130230,1989,0,156,156
130230,1990,0,95,95
130230,1991,0,57,57
130230,1992,0,64,64
130230,1993,0,112,112
130230,1994,0,108,108
130230,1995,0,289,289
130230,1996,0,5166,5166
130230,1997,0,5166,5166
130230,1998,0,5166,5166
130230,1999,0,5166,5166
130230,2000,0,5166,5166
130230,2001,0,5164,5164
130230,2002,0,5164,5164
130230,2003,0,5150,5150
130230,2004,0,5151,5151
130230,2005,0,363,363
130230,2006,0,382,382
130230,2007,0,396,396
130230,2008,0,436,436
130230,2009,0,446,446
130230,2010,0,961,961
130230,2011,0,1169,1169
130230,2012,0,1465,1465
130230,2013,0,1947,1947
130230,2014,0,2017,2017
130230,2015,0,2146,2146
130230,2016,0,1490,1490
130230,2017,0,1399,1399
130230,2018,0,1341,1341
130230,2019,0,1190,1190
130230,2020,0,1060,1060
130230,2021,0,1056,1056
130240,1988,0,1533,1533
130240,1989,0,1285,1285
130240,1990,0,1342,1342
130240,1991,0,1280,1280
130240,1992,0,755,755
130240,1993,0,1242,1242
130240,1994,0,1212,1212
130240,1995,0,947,947
130240,1996,0,2972,2972
130240,1997,0,2972,2972
130240,1998,0,2972,2972
130240,1999,0,2972,2972
130240,2000,0,3012,3012
130240,2001,0,3012,3012
130240,2002,0,3012,3012
130240,2003,0,2988,2988
130240,2004,0,1732,1732
130240,2005,0,6203,6203
130240,2006,0,6203,6203
130240,2007,0,3731,3731
130240,2008,0,6047,6047
130240,2009,0,6112,6112
130240,2010,0,5286,5286
130240,2011,0,6090,6090
130240,2012,0,8893,8893
130240,2013,0,6286,6286
130240,2014,0,1357,1357
130240,2015,0,1079,1079
130240,2016,0,1037,1037
130240,2017,0,1072,1072
130240,2018,0,702,702
130240,2019,0,924,924
130240,2020,0,1980,1980
130240,2021,0,1976,1976
130250,1988,0,19342,19342
130250,1989,0,12483,12483
130250,1990,0,5801,5801
130250,1991,0,4701,4701
130250,1992,0,8811,8811
130250,1993,0,9736,9736
130250,1994,0,9736,9736
130250,1995,0,6492,6492
130250,1996,0,6531,6531
130250,1997,0,6531,6531
130250,1998,0,9006,9006
130250,1999,0,8106,8106
130250,2000,0,8106,8106
130250,2001,0,7487,7487
130250,2002,0,7513,7513
130250,2003,0,7497,7497
130250,2004,0,7624,7624
130250,2005,0,11138,11138
130250,2006,0,11758,11758
130250,2007,0,11754,11754
130250,2008,0,11500,11500
130250,2009,0,13428,13428
130250,2010,0,13763,13763
130250,2011,0,19131,19131
130250,2012,0,21079,21079
130250,2013,0,23272,23272
130250,2014,0,23639,23639
130250,2015,0,23375,23375
130250,2016,0,16208,16208
130250,2017,0,21792,21792
130250,2018,0,16456,16456
130250,2019,0,17025,17025
130250,2020,0,18356,18356
130250,2021,0,1838,1838
130255,1988,0,1800,1800
130255,1989,0,927,927
130255,1990,0,579,579
130255,1991,0,346,346
130255,1992,0,412,412
130255,1993,0,300,300
130255,1994,0,326,326
130255,1995,0,398,398
130255,1996,0,1346,1346
130255,1997,0,1346,1346
130255,1998,0,1346,1346
130255,1999,0,1346,1346
130255,2000,0,1346,1346
130255,2001,0,1346,1346
130255,2002,0,1351,1351
130255,2003,0,1338,1338
130255,2004,0,1349,1349
130255,2005,0,3038,3038
130255,2006,0,3038,3038
130255,2007,0,3112,3112
130255,2008,0,3170,3170
130255,2009,0,3219,3219
130255,2010,0,1518,1518
130255,2011,0,1531,1531
130255,2012,0,1334,1334
130255,2013,0,1396,1396
130255,2014,0,647,647
130255,2015,0,1813,1813
130255,2016,0,1555,1555
130255,2017,0,1587,1587
130255,2018,0,1612,1612
130255,2019,0,1476,1476
130255,2020,0,1470,1470
130255,2021,0,1188,1188
130260,1988,0,3245,3245
130260,1989,0,3413,3413
130260,1990,0,1506,1506
130260,1991,0,578,578
130260,1992,0,816,816
130260,1993,0,816,816
130260,1994,0,816,816
130260,1995,0,972,972
130260,1996,0,580,580
130260,1997,0,580,580
130260,1998,0,1073,1073
130260,1999,0,1077,1077
130260,2000,0,1077,1077
130260,2001,0,1080,1080
130260,2002,0,1082,1082
130260,2003,0,1055,1055
130260,2004,0,1001,1001
130260,2005,0,2815,2815
130260,2006,0,2765,2765
130260,2007,0,2776,2776
130260,2008,0,3365,3365
130260,2009,0,3338,3338
130260,2010,0,6612,6612
130260,2011,0,3188,3188
130260,2012,0,2061,2061
130260,2013,0,1791,1791
130260,2014,0,620,620
130260,2015,0,670,670
130260,2016,0,859,859
130260,2017,0,890,890
130260,2018,0,580,580
130260,2019,0,818,818
130260,2020,0,25,25
130260,2021,0,397,397
130270,1988,0,7869,7869
130270,1989,0,7552,7552
130270,1990,0,869,869
130270,1991,0,726,726
130270,1992,0,228,228
130270,1993,0,999,999
130270,1994,0,991,991
130270,1995,0,926,926
130270,1996,3,8378,8375
130270,1997,3,8378,8375
130270,1998,3,8378,8375
130270,1999,3,8378,8375
130270,2000,3,8384,8381
130270,2001,3,6304,6301
130270,2002,3,6983,6980
130270,2003,0,9415,9415
130270,2004,0,6151,6151
130270,2005,0,16202,16202
130270,2006,0,7938,7938
130270,2007,0,4121,4121
130270,2008,0,17461,17461
130270,2009,0,17425,17425
130270,2010,0,14644,14644
130270,2011,0,14175,14175
130270,2012,0,15342,15342
130270,2013,0,12934,12934
130270,2014,0,12607,12607
130270,2015,0,10263,10263
130270,2016,0,9905,9905
130270,2017,0,10499,10499
130270,2018,0,10130,10130
130270,2019,0,8173,8173
130270,2020,0,7957,7957
130270,2021,0,8138,8138
130280,1988,0,239,239
130280,1989,0,230,230
130280,1990,0,222,222
130280,1991,0,92,92
130280,1992,0,321,321
130280,1993,0,395,395
130280,1994,0,375,375
130280,1995,0,1040,1040
130280,1996,0,2135,2135
130280,1997,0,2135,2135
130280,1998,0,2141,2141
130280,1999,0,2141,2141
130280,2000,0,2141,2141
130280,2001,0,2141,2141
130280,2002,0,2141,2141
130280,2003,0,2132,2132
130280,2004,0,2131,2131
130280,2005,0,941,941
130280,2006,0,951,951
130280,2007,0,997,997
130280,2008,0,719,719
130280,2009,0,732,732
130280,2010,0,1160,1160
130280,2011,0,413,413
130280,2012,0,635,635
130280,2013,0,448,448
130280,2014,0,670,670
130280,2015,0,680,680
130280,2016,0,4194,4194
130280,2017,0,4073,4073
130280,2018,0,89,89
130280,2019,0,86,86
130280,2020,0,81,81
130280,2021,0,76,76
130290,1988,0,7208,7208
130290,1989,0,7112,7112
130290,1990,0,5931,5931
130290,1991,0,1063,1063
130290,1992,0,1165,1165
130290,1993,0,4026,4026
130290,1994,0,4026,4026
130290,1995,0,3579,3579
130290,1996,0,3361,3361
130290,1997,0,3361,3361
130290,1998,0,3361,3361
130290,1999,0,5114,5114
130290,2000,0,2611,2611
130290,2001,0,3748,3748
130290,2002,0,4080,4080
130290,2003,0,4002,4002
130290,2004,0,4027,4027
130290,2005,0,8189,8189
130290,2006,0,9183,9183
130290,2007,0,7715,7715
130290,2008,0,8678,8678
130290,2009,0,8666,8666
130290,2010,0,10386,10386
130290,2011,0,10141,10141
130290,2012,0,9401,9401
130290,2013,0,10406,10406
130290,2014,0,7344,7344
130290,2015,0,6244,6244
130290,2016,0,4589,4589
130290,2017,0,3941,3941
130290,2018,0,4226,4226
130290,2019,0,4080,4080
130290,2020,0,4523,4523
130290,2021,0,4023,4023
130300,1988,0,175,175
130300,1989,0,649,649
130300,1990,0,466,466
130300,1991,0,727,727
130300,1992,0,795,795
130300,1993,0,1064,1064
130300,1994,0,1065,1065
130300,1995,0,356,356
130300,1996,0,917,917
130300,1997,0,917,917
130300,1998,0,935,935
130300,1999,0,992,992
130300,2000,0,992,992
130300,2001,0,992,992
130300,2002,0,992,992
130300,2003,0,982,982
130300,2004,0,992,992
130300,2005,0,3941,3941
130300,2006,0,4032,4032
130300,2007,0,4091,4091
130300,2008,0,3479,3479
130300,2009,0,3526,3526
130300,2010,0,1761,1761
130300,2011,0,2267,2267
130300,2012,0,1947,1947
130300,2013,0,2110,2110
130300,2014,0,1030,1030
130300,2015,0,879,879
130300,2016,0,811,811
130300,2017,0,793,793
130300,2018,0,775,775
130300,2019,0,833,833
130300,2020,0,827,827
130300,2021,0,665,665
130310,1988,0,1950,1950
130310,1989,0,1713,1713
130310,1990,0,980,980
130310,1991,0,557,557
130310,1992,0,1415,1415
130310,1993,0,1685,1685
130310,1994,0,1665,1665
130310,1995,0,1216,1216
130310,1996,0,8120,8120
130310,1997,0,8120,8120
130310,1998,0,8120,8120
130310,1999,0,8130,8130
130310,2000,0,8130,8130
130310,2001,0,7571,7571
130310,2002,0,8130,8130
130310,2003,0,8121,8121
130310,2004,0,8016,8016
130310,2005,0,1867,1867
130310,2006,0,1867,1867
130310,2007,0,1870,1870
130310,2008,0,1303,1303
130310,2009,0,1324,1324
130310,2010,0,3231,3231
130310,2011,0,3246,3246
130310,2012,0,2856,2856
130310,2013,0,3035,3035
130310,2014,0,2147,2147
130310,2015,0,2038,2038
130310,2016,0,1942,1942
130310,2017,0,1921,1921
130310,2018,0,1901,1901
130310,2019,0,1753,1753
130310,2020,0,1751,1751
130310,2021,0,1832,1832
130320,1988,0,1518,1518
130320,1989,0,513,513
130320,1990,0,421,421
130320,1991,0,210,210
130320,1992,0,177,177
130320,1993,0,244,244
130320,1994,0,168,168
130320,1995,0,262,262
130320,1996,0,736,736
130320,1997,0,736,736
130320,1998,0,737,737
130320,1999,0,749,749
130320,2000,0,749,749
130320,2001,0,749,749
130320,2002,0,754,754
130320,2003,0,745,745
130320,2004,0,754,754
130320,2005,0,684,684
130320,2006,0,684,684
130320,2007,0,682,682
130320,2008,0,757,757
130320,2009,0,773,773
130320,2010,0,422,422
130320,2011,0,464,464
130320,2012,0,466,466
130320,2013,0,366,366
130320,2014,0,507,507
130320,2015,0,484,484
130320,2016,0,257,257
130320,2017,0,458,458
130320,2018,0,52,52
130320,2019,0,902,902
130320,2020,0,150,150
130320,2021,0,191,191
130330,1988,0,3957,3957
130330,1989,0,1348,1348
130330,1990,0,460,460
130330,1991,0,310,310
130330,1992,0,80,80
130330,1993,0,187,187
130330,1994,0,164,164
130330,1995,0,198,198
130330,1996,0,1381,1381
130330,1997,0,5281,5281
130330,1998,0,5358,5358
130330,1999,0,5343,5343
130330,2000,0,5343,5343
130330,2001,0,5169,5169
130330,2002,0,5560,5560
130330,2003,0,5451,5451
130330,2004,0,5439,5439
130330,2005,0,1916,1916
130330,2006,0,3462,3462
130330,2007,0,1745,1745
130330,2008,0,2186,2186
130330,2009,0,2221,2221
130330,2010,0,1954,1954
130330,2011,0,1927,1927
130330,2012,0,2283,2283
130330,2013,0,2349,2349
130330,2014,0,1052,1052
130330,2015,0,784,784
130330,2016,0,1037,1037
130330,2017,0,1670,1670
130330,2018,0,1873,1873
130330,2019,0,1852,1852
130330,2020,0,1852,1852
130330,2021,0,1942,1942
130340,1988,0,7738,7738
130340,1989,0,7645,7645
130340,1990,0,5852,5852
130340,1991,0,1943,1943
130340,1992,0,4497,4497
130340,1993,0,3819,3819
130340,1994,0,5278,5278
130340,1995,0,5799,5799
130340,1996,1,6757,6756
130340,1997,0,6756,6756
130340,1998,0,6976,6976
130340,1999,0,8424,8424
130340,2000,0,8142,8142
130340,2001,0,5560,5560
130340,2002,0,5731,5731
130340,2003,0,2789,2789
130340,2004,0,2855,2855
130340,2005,0,3134,3134
130340,2006,0,3133,3133
130340,2007,0,2251,2251
130340,2008,0,6624,6624
130340,2009,0,6715,6715
130340,2010,0,7219,7219
130340,2011,0,7283,7283
130340,2012,0,7462,7462
130340,2013,0,7290,7290
130340,2014,0,6446,6446
130340,2015,0,2955,2955
130340,2016,0,1895,1895
130340,2017,0,1204,1204
130340,2018,0,1225,1225
130340,2019,0,2926,2926
130340,2020,0,3005,3005
130340,2021,0,1594,1594
130350,1988,0,1871,1871
130350,1989,0,1827,1827
130350,1990,0,2014,2014
130350,1991,0,60,60
130350,1992,0,0,0
130350,1993,0,0,0
130350,1994,0,33,33
130350,1995,0,265,265
130350,1996,4,3326,3322
130350,1997,4,3326,3322
130350,1998,4,3326,3322
130350,1999,4,3327,3323
130350,2000,4,3327,3323
130350,2001,4,3326,3322
130350,2002,4,3326,3322
130350,2003,0,3312,3312
130350,2004,0,3223,3223
130350,2005,0,655,655
130350,2006,0,2044,2044
130350,2007,0,1980,1980
130350,2008,0,1204,1204
130350,2009,0,1222,1222
130350,2010,0,1818,1818
130350,2011,0,1681,1681
130350,2012,0,1060,1060
130350,2013,0,843,843
130350,2014,0,1721,1721
130350,2015,0,904,904
130350,2016,0,748,748
130350,2017,0,965,965
130350,2018,0,1138,1138
130350,2019,0,1183,1183
130350,2020,0,1199,1199
130350,2021,0,1238,1238
130353,1988,0,678,678
130353,1989,0,3111,3111
130353,1990,0,1771,1771
130353,1991,0,477,477
130353,1992,0,1563,1563
130353,1993,0,1793,1793
130353,1994,0,1811,1811
130353,1995,0,1844,1844
130353,1996,0,199,199
130353,1997,0,199,199
130353,1998,0,2615,2615
130353,1999,0,2621,2621
130353,2000,0,3086,3086
130353,2001,0,5021,5021
130353,2002,0,5494,5494
130353,2003,0,5480,5480
130353,2004,0,5828,5828
130353,2005,0,7399,7399
130353,2006,0,7399,7399
130353,2007,0,7315,7315
130353,2008,0,8190,8190
130353,2009,0,8149,8149
130353,2010,0,8117,8117
130353,2011,0,8827,8827
130353,2012,0,9552,9552
130353,2013,0,9008,9008
130353,2014,0,9759,9759
130353,2015,0,8780,8780
130353,2016,0,6887,6887
130353,2017,0,5922,5922
130353,2018,0,6640,6640
130353,2019,0,4746,4746
130353,2020,0,4606,4606
130353,2021,0,6970,6970
130356,1988,0,338,338
130356,1989,0,323,323
130356,1990,0,411,411
130356,1991,0,750,750
130356,1992,0,960,960
130356,1993,0,2031,2031
130356,1994,0,2212,2212
130356,1995,0,2245,2245
130356,1996,0,889,889
130356,1997,0,889,889
130356,1998,0,991,991
130356,1999,0,991,991
130356,2000,0,991,991
130356,2001,0,980,980
130356,2002,0,1286,1286
130356,2003,0,1257,1257
130356,2004,0,1292,1292
130356,2005,0,1981,1981
130356,2006,0,1981,1981
130356,2007,0,1885,1885
130356,2008,0,2301,2301
130356,2009,0,2338,2338
130356,2010,0,2717,2717
130356,2011,0,2573,2573
130356,2012,0,4541,4541
130356,2013,0,3904,3904
130356,2014,0,3902,3902
130356,2015,0,4140,4140
130356,2016,0,3685,3685
130356,2017,0,3288,3288
130356,2018,0,3244,3244
130356,2019,0,2817,2817
130356,2020,0,728,728
130356,2021,0,908,908
130360,1988,0,1140,1140
130360,1989,0,1226,1226
130360,1990,0,1217,1217
130360,1991,0,22,22
130360,1992,0,22,22
130360,1993,0,53,53
130360,1994,0,83,83
130360,1995,0,74,74
130360,1996,0,1264,1264
130360,1997,0,1264,1264
130360,1998,0,1264,1264
130360,1999,0,1264,1264
130360,2000,0,1264,1264
130360,2001,0,1264,1264
130360,2002,0,1298,1298
130360,2003,0,1287,1287
130360,2004,0,1292,1292
130360,2005,0,144,144
130360,2006,0,144,144
130360,2007,0,141,141
130360,2008,0,120,120
130360,2009,0,125,125
130360,2010,0,525,525
130360,2011,0,1009,1009
130360,2012,0,1008,1008
130360,2013,0,1108,1108
130360,2014,0,985,985
130360,2015,0,1509,1509
130360,2016,0,705,705
130360,2017,0,257,257
130360,2018,0,89,89
130360,2019,0,127,127
130360,2020,0,118,118
130360,2021,0,151,151
130370,1988,0,611,611
130370,1989,0,686,686
130370,1990,0,975,975
130370,1991,0,1261,1261
130370,1992,0,0,0
130370,1993,0,69,69
130370,1994,0,149,149
130370,1995,0,273,273
130370,1996,0,1355,1355
130370,1997,0,1355,1355
130370,1998,0,1355,1355
130370,1999,0,1355,1355
130370,2000,0,1355,1355
130370,2001,0,1355,1355
130370,2002,0,1357,1357
130370,2003,0,1350,1350
130370,2004,0,1349,1349
130370,2005,0,908,908
130370,2006,0,908,908
130370,2007,0,913,913
130370,2008,0,460,460
130370,2009,0,467,467
130370,2010,0,707,707
130370,2011,0,722,722
130370,2012,0,726,726
130370,2013,0,1074,1074
130370,2014,0,734,734
130370,2015,0,451,451
130370,2016,0,498,498
130370,2017,0,407,407
130370,2018,0,214,214
130370,2019,0,225,225
130370,2020,0,653,653
130370,2021,0,0,0
130380,1988,0,5771,5771
130380,1989,0,5194,5194
130380,1990,0,4154,4154
130380,1991,0,3447,3447
130380,1992,0,2269,2269
130380,1993,0,2860,2860
130380,1994,0,2830,2830
130380,1995,0,2513,2513
130380,1996,0,4830,4830
130380,1997,0,4830,4830
130380,1998,0,4830,4830
130380,1999,0,4248,4248
130380,2000,0,4248,4248
130380,2001,0,4248,4248
130380,2002,0,4255,4255
130380,2003,0,4244,4244
130380,2004,0,4206,4206
130380,2005,0,6106,6106
130380,2006,0,6118,6118
130380,2007,0,6065,6065
130380,2008,0,2954,2954
130380,2009,0,2992,2992
130380,2010,0,411,411
130380,2011,0,550,550
130380,2012,0,571,571
130380,2013,0,452,452
130380,2014,0,50,50
130380,2015,0,442,442
130380,2016,0,510,510
130380,2017,0,17,17
130380,2018,0,123,123
130380,2019,0,152,152
130380,2020,0,813,813
130380,2021,0,879,879
130390,1988,0,507,507
130390,1989,0,680,680
130390,1990,0,1277,1277
130390,1991,0,1360,1360
130390,1992,0,161,161
130390,1993,0,161,161
130390,1994,0,178,178
130390,1995,0,137,137
130390,1996,0,3987,3987
130390,1997,0,3987,3987
130390,1998,0,3984,3984
130390,1999,0,3984,3984
130390,2000,0,3984,3984
130390,2001,0,3984,3984
130390,2002,0,3984,3984
130390,2003,0,3976,3976
130390,2004,0,3977,3977
130390,2005,0,1360,1360
130390,2006,0,1567,1567
130390,2007,0,1416,1416
130390,2008,0,278,278
130390,2009,0,284,284
130390,2010,0,361,361
130390,2011,0,909,909
130390,2012,0,852,852
130390,2013,0,590,590
130390,2014,0,205,205
130390,2015,0,176,176
130390,2016,0,500,500
130390,2017,0,470,470
130390,2018,0,245,245
130390,2019,0,219,219
130390,2020,0,296,296
130390,2021,0,185,185
130395,1988,0,711,711
130395,1989,0,723,723
130395,1990,0,302,302
130395,1991,0,677,677
130395,1992,0,799,799
130395,1993,0,733,733
130395,1994,0,723,723
130395,1995,0,1340,1340
130395,1996,0,636,636
130395,1997,0,636,636
130395,1998,0,641,641
130395,1999,0,636,636
130395,2000,0,636,636
130395,2001,0,632,632
130395,2002,0,636,636
130395,2003,0,632,632
130395,2004,0,632,632
130395,2005,0,547,547
130395,2006,0,588,588
130395,2007,0,605,605
130395,2008,0,265,265
130395,2009,0,270,270
130395,2010,0,544,544
130395,2011,0,877,877
130395,2012,0,869,869
130395,2013,0,902,902
130395,2014,0,801,801
130395,2015,0,294,294
130395,2016,0,1111,1111
130395,2017,0,1117,1117
130395,2018,0,1130,1130
130395,2019,0,1067,1067
130395,2020,0,899,899
130395,2021,0,746,746
130400,1988,0,621,621
130400,1989,0,725,725
130400,1990,0,624,624
130400,1991,0,950,950
130400,1992,0,402,402
130400,1993,0,484,484
130400,1994,0,740,740
130400,1995,0,716,716
130400,1996,0,2167,2167
130400,1997,0,2167,2167
130400,1998,0,2131,2131
130400,1999,0,2194,2194
130400,2000,0,2194,2194
130400,2001,0,2194,2194
130400,2002,0,2200,2200
130400,2003,0,2196,2196
130400,2004,0,2195,2195
130400,2005,0,2091,2091
130400,2006,0,2092,2092
130400,2007,0,2088,2088
130400,2008,0,2081,2081
130400,2009,0,2108,2108
130400,2010,0,778,778
130400,2011,0,1233,1233
130400,2012,0,784,784
130400,2013,0,1418,1418
130400,2014,0,150,150
130400,2015,0,1264,1264
130400,2016,0,1209,1209
130400,2017,0,1192,1192
130400,2018,0,1352,1352
130400,2019,0,1591,1591
130400,2020,0,995,995
130400,2021,0,1493,1493
130406,1988,0,609,609
130406,1989,0,779,779
130406,1990,0,1365,1365
130406,1991,0,1870,1870
130406,1992,0,282,282
130406,1993,0,272,272
130406,1994,0,293,293
130406,1995,0,307,307
130406,1996,0,550,550
130406,1997,0,550,550
130406,1998,0,550,550
130406,1999,0,550,550
130406,2000,0,550,550
130406,2001,0,550,550
130406,2002,0,572,572
130406,2003,0,559,559
130406,2004,0,561,561
130406,2005,0,798,798
130406,2006,0,798,798
130406,2007,0,700,700
130406,2008,0,781,781
130406,2009,0,794,794
130406,2010,0,630,630
130406,2011,0,573,573
130406,2012,0,422,422
130406,2013,0,334,334
130406,2014,0,180,180
130406,2015,0,475,475
130406,2016,0,491,491
130406,2017,0,147,147
130406,2018,0,143,143
130406,2019,0,169,169
130406,2020,0,240,240
130406,2021,0,209,209
130410,1988,0,1379,1379
130410,1989,0,693,693
130410,1990,0,1445,1445
130410,1991,0,77,77
130410,1992,0,118,118
130410,1993,0,419,419
130410,1994,0,419,419
130410,1995,0,499,499
130410,1996,0,904,904
130410,1997,0,904,904
130410,1998,0,850,850
130410,1999,0,850,850
130410,2000,0,850,850
130410,2001,0,850,850
130410,2002,0,854,854
130410,2003,0,845,845
130410,2004,0,846,846
130410,2005,0,1652,1652
130410,2006,0,1652,1652
130410,2007,0,371,371
130410,2008,0,1659,1659
130410,2009,0,1678,1678
130410,2010,0,2731,2731
130410,2011,0,3344,3344
130410,2012,0,3406,3406
130410,2013,0,3054,3054
130410,2014,0,4140,4140
130410,2015,0,3099,3099
130410,2016,0,3209,3209
130410,2017,0,4234,4234
130410,2018,0,2663,2663
130410,2019,0,2959,2959
130410,2020,0,3025,3025
130410,2021,0,2992,2992
130420,1988,0,1268,1268
130420,1989,0,726,726
130420,1990,0,559,559
130420,1991,0,319,319
130420,1992,0,623,623
130420,1993,0,524,524
130420,1994,0,705,705
130420,1995,0,2098,2098
130420,1996,0,6836,6836
130420,1997,0,6836,6836
130420,1998,0,6853,6853
130420,1999,0,11114,11114
130420,2000,0,11114,11114
130420,2001,0,10394,10394
130420,2002,0,10401,10401
130420,2003,0,3746,3746
130420,2004,0,6240,6240
130420,2005,0,11937,11937
130420,2006,0,11937,11937
130420,2007,0,12026,12026
130420,2008,0,11773,11773
130420,2009,0,11934,11934
130420,2010,0,10711,10711
130420,2011,0,17006,17006
130420,2012,0,9494,9494
130420,2013,0,10852,10852
130420,2014,0,12821,12821
130420,2015,0,5610,5610
130420,2016,0,8609,8609
130420,2017,0,8903,8903
130420,2018,0,9026,9026
130420,2019,0,8797,8797
130420,2020,0,8749,8749
130420,2021,0,8687,8687
130423,1988,0,435,435
130423,1989,0,488,488
130423,1990,0,598,598
130423,1991,0,745,745
130423,1992,0,0,0
130423,1993,0,3600,3600
130423,1994,0,3600,3600
130423,1995,0,75,75
130423,1996,0,1327,1327
130423,1997,0,1327,1327
130423,1998,0,1327,1327
130423,1999,0,1327,1327
130423,2000,0,1327,1327
130423,2001,0,1327,1327
130423,2002,0,1331,1331
130423,2003,0,1327,1327
130423,2004,0,1327,1327
130423,2005,0,1258,1258
130423,2006,0,1458,1458
130423,2007,0,1218,1218
130423,2008,0,895,895
130423,2009,0,907,907
130423,2010,0,1761,1761
130423,2011,0,1700,1700
130423,2012,0,897,897
130423,2013,0,782,782
130423,2014,0,305,305
130423,2015,0,366,366
130423,2016,0,275,275
130423,2017,0,259,259
130423,2018,0,388,388
130423,2019,0,398,398
130423,2020,0,355,355
130423,2021,0,567,567
130426,1988,0,371,371
130426,1989,0,314,314
130426,1990,0,529,529
130426,1991,0,438,438
130426,1992,0,920,920
130426,1993,0,927,927
130426,1994,0,835,835
130426,1995,0,1003,1003
130426,1996,0,3275,3275
130426,1997,0,2881,2881
130426,1998,0,2903,2903
130426,1999,0,2886,2886
130426,2000,0,2886,2886
130426,2001,0,2886,2886
130426,2002,0,2886,2886
130426,2003,0,2883,2883
130426,2004,0,2889,2889
130426,2005,0,4656,4656
130426,2006,0,4699,4699
130426,2007,0,4466,4466
130426,2008,0,4430,4430
130426,2009,0,4457,4457
130426,2010,0,6078,6078
130426,2011,0,2544,2544
130426,2012,0,2673,2673
130426,2013,0,2268,2268
130426,2014,0,3062,3062
130426,2015,0,3560,3560
130426,2016,0,6097,6097
130426,2017,0,6322,6322
130426,2018,0,6395,6395
130426,2019,0,6329,6329
130426,2020,0,6103,6103
130426,2021,0,6113,6113
130430,1988,0,1073,1073
130430,1989,0,1759,1759
130430,1990,0,853,853
130430,1991,0,1052,1052
130430,1992,0,1324,1324
130430,1993,0,1348,1348
130430,1994,0,1636,1636
130430,1995,0,1699,1699
130430,1996,0,3288,3288
130430,1997,0,3468,3468
130430,1998,0,3637,3637
130430,1999,0,3660,3660
130430,2000,0,3660,3660
130430,2001,0,3409,3409
130430,2002,0,3660,3660
130430,2003,0,3646,3646
130430,2004,0,2226,2226
130430,2005,0,3208,3208
130430,2006,0,3223,3223
130430,2007,0,2800,2800
130430,2008,0,2113,2113
130430,2009,0,2148,2148
130430,2010,0,2421,2421
130430,2011,0,2378,2378
130430,2012,0,1774,1774
130430,2013,0,1700,1700
130430,2014,0,1445,1445
130430,2015,0,1009,1009
130430,2016,0,1204,1204
130430,2017,0,1205,1205
130430,2018,0,1141,1141
130430,2019,0,1131,1131
130430,2020,0,1185,1185
130430,2021,0,1122,1122
130440,1988,0,842,842
130440,1989,0,956,956
130440,1990,0,868,868
130440,1991,0,810,810
130440,1992,0,1136,1136
130440,1993,0,1121,1121
130440,1994,0,1141,1141
130440,1995,0,1206,1206
130440,1996,2,2347,2345
130440,1997,2,2347,2345
130440,1998,2,2337,2335
130440,1999,2,2340,2338
130440,2000,0,2338,2338
130440,2001,2,2340,2338
130440,2002,2,2340,2338
130440,2003,0,2335,2335
130440,2004,0,2336,2336
130440,2005,0,2364,2364
130440,2006,2,3746,3744
130440,2007,0,3399,3399
130440,2008,0,688,688
130440,2009,0,691,691
130440,2010,0,1203,1203
130440,2011,0,1064,1064
130440,2012,0,1076,1076
130440,2013,0,1037,1037
130440,2014,0,380,380
130440,2015,0,256,256
130440,2016,0,31,31
130440,2017,0,57,57
130440,2018,0,334,334
130440,2019,0,317,317
130440,2020,0,357,357
130440,2021,0,409,409
140005,1988,0,4162,4162
140005,1989,0,3309,3309
140005,1990,0,15404,15404
140005,1991,0,2203,2203
140005,1992,0,2681,2681
140005,1993,0,0,0
140005,1994,0,4500,4500
140005,1995,0,5426,5426
140005,1996,0,4476,4476
140005,1997,0,4492,4492
140005,1998,0,4488,4488
140005,1999,0,4612,4612
140005,2000,0,4627,4627
140005,2001,0,3485,3485
140005,2002,0,3875,3875
140005,2003,0,4091,4091
140005,2004,4800,8325,3525
140005,2005,4800,8322,3522
140005,2006,4000,7479,3479
140005,2007,2400,5269,2869
140005,2008,2400,5382,2982
140005,2009,1000,4140,3140
140005,2010,1000,4148,3148
140005,2011,1700,4893,3193
140005,2012,2100,5204,3104
140005,2013,7500,11015,3515
140005,2014,5002,8517,3515
140005,2015,9520,12558,3038
140005,2016,9845,12615,2770
140005,2017,5625,10421,4796
140005,2018,14500,17450,2950
140005,2019,20000,23310,3310
140005,2020,25000,29732,4732
140005,2021,25000,29556,4556
140010,1988,0,3046,3046
140010,1989,0,3361,3361
140010,1990,0,0,0
140010,1991,0,6483,6483
140010,1992,0,8047,8047
140010,1993,0,0,0
140010,1994,0,11236,11236
140010,1995,0,12482,12482
140010,1996,0,13168,13168
140010,1997,0,17003,17003
140010,1998,0,16216,16216
140010,1999,0,17194,17194
140010,2000,0,17467,17467
140010,2001,0,11543,11543
140010,2002,0,16218,16218
140010,2003,0,22573,22573
140010,2004,2400,26495,24095
140010,2005,2400,23590,21190
140010,2006,2000,21260,19260
140010,2007,1400,15260,13860
140010,2008,1900,18179,16279
140010,2009,200,10336,10136
140010,2010,200,10174,9974
140010,2011,650,13045,12395
140010,2012,1100,14782,13682
140010,2013,1100,11784,10684
140010,2014,5632,14414,8782
140010,2015,8455,16730,8275
140010,2016,5500,15867,10367
140010,2017,5530,16113,10583
140010,2018,8400,17951,9551
140010,2019,5500,16740,11240
140010,2020,7000,18520,11520
140010,2021,6800,17833,11033
140020,1988,0,10692,10692
140020,1989,0,9651,9651
140020,1990,0,0,0
140020,1991,0,6633,6633
140020,1992,0,7859,7859
140020,1993,0,0,0
140020,1994,0,11232,11232
140020,1995,0,12687,12687
140020,1996,0,11906,11906
140020,1997,0,12195,12195
140020,1998,0,12561,12561
140020,1999,0,13014,13014
140020,2000,0,13051,13051
140020,2001,0,12113,12113
140020,2002,0,14914,14914
140020,2003,0,16143,16143
140020,2004,4800,22180,17380
140020,2005,5800,23150,17350
140020,2006,5000,23100,18100
140020,2007,3200,19120,15920
140020,2008,3700,20334,16634
140020,2009,200,17672,17472
140020,2010,200,17677,17477
140020,2011,1250,21250,20000
140020,2012,1800,21199,19399
140020,2013,6300,27346,21046
140020,2014,5366,25275,19909
140020,2015,5845,22883,17038
140020,2016,8690,24221,15531
140020,2017,7570,23852,16282
140020,2018,14770,32232,17462
140020,2019,14430,34001,19571
140020,2020,17800,38172,20372
140020,2021,25477,55916,30439
140060,1988,0,6572,6572
140060,1989,0,3597,3597
140060,1990,0,0,0
140060,1991,0,3431,3431
140060,1992,0,3844,3844
140060,1993,0,0,0
140060,1994,0,5172,5172
140060,1995,0,7267,7267
140060,1996,0,8680,8680
140060,1997,0,5923,5923
140060,1998,0,6528,6528
140060,1999,0,7123,7123
140060,2000,0,7383,7383
140060,2001,0,7362,7362
140060,2002,0,8131,8131
140060,2003,0,9598,9598
140060,2004,0,9749,9749
140060,2005,0,9762,9762
140060,2006,0,10346,10346
140060,2007,0,9746,9746
140060,2008,0,9748,9748
140060,2009,0,10195,10195
140060,2010,0,10194,10194
140060,2011,0,10476,10476
140060,2012,0,10969,10969
140060,2013,0,12283,12283
140060,2014,0,12244,12244
140060,2015,0,13363,13363
140060,2016,0,11418,11418
140060,2017,0,8012,8012
140060,2018,0,8347,8347
140060,2019,0,7546,7546
140060,2020,0,7628,7628
140060,2021,0,6068,6068
150010,1988,0,4478,4478
150010,1989,0,3078,3078
150010,1990,0,3942,3942
150010,1991,0,4405,4405
150010,1992,0,5963,5963
150010,1993,0,3241,3241
150010,1994,0,2827,2827
150010,1995,0,2624,2624
150010,1996,0,2036,2036
150010,1997,0,2128,2128
150010,1998,0,1722,1722
150010,1999,0,1675,1675
150010,2000,0,1920,1920
150010,2001,0,1826,1826
150010,2002,0,1748,1748
150010,2003,0,1873,1873
150010,2004,0,1870,1870
150010,2005,0,2745,2745
150010,2006,0,2900,2900
150010,2007,0,2760,2760
150010,2008,0,2110,2110
150010,2009,0,2510,2510
150010,2010,0,2295,2295
150010,2011,0,2965,2965
150010,2012,0,3435,3435
150010,2013,0,5480,5480
150010,2014,0,5465,5465
150010,2015,0,24965,24965
150010,2016,0,24480,24480
150010,2017,0,25200,25200
150010,2018,0,24480,24480
150010,2019,0,25940,25940
150010,2020,0,32183,32183
150010,2021,0,25055,25055
150020,1988,0,14921,14921
150020,1989,0,6730,6730
150020,1990,0,12410,12410
150020,1991,0,15202,15202
150020,1992,0,19114,19114
150020,1993,0,17765,17765
150020,1994,0,23190,23190
150020,1995,0,21585,21585
150020,1996,0,18258,18258
150020,1997,0,14961,14961
150020,1998,0,15971,15971
150020,1999,0,32977,32977
150020,2000,0,31911,31911
150020,2001,0,42767,42767
150020,2002,0,41652,41652
150020,2003,0,47432,47432
150020,2004,0,43628,43628
150020,2005,0,56668,56668
150020,2006,0,41609,41609
150020,2007,0,56960,56960
150020,2008,0,48681,48681
150020,2009,0,35682,35682
150020,2010,0,35326,35326
150020,2011,0,34136,34136
150020,2012,0,34421,34421
150020,2013,0,31840,31840
150020,2014,0,38355,38355
150020,2015,0,42818,42818
150020,2016,0,40077,40077
150020,2017,0,41637,41637
150020,2018,0,44171,44171
150020,2019,0,41569,41569
150020,2020,0,41569,41569
150020,2021,0,41569,41569
150030,1988,0,345,345
150030,1989,0,55,55
150030,1990,0,5,5
150030,1991,0,100,100
150030,1992,0,90,90
150030,1993,0,9,9
150030,1994,0,177,177
150030,1995,0,170,170
150030,1996,0,164,164
150030,1997,0,1306,1306
150030,1998,0,950,950
150030,1999,0,740,740
150030,2000,0,743,743
150030,2001,0,877,877
150030,2002,0,821,821
150030,2003,0,835,835
150030,2004,0,0,0
150030,2005,0,0,0
150030,2006,0,0,0
150030,2007,0,23,23
150030,2008,0,0,0
150030,2009,0,0,0
150030,2010,0,0,0
150030,2011,0,120,120
150030,2012,0,115,115
150030,2013,0,140,140
150030,2014,0,0,0
150030,2015,0,0,0
150030,2016,0,140,140
150030,2017,0,140,140
150030,2018,0,140,140
150030,2019,0,152,152
150030,2020,0,159,159
150030,2021,0,163,163
150040,1988,0,12807,12807
150040,1989,0,8466,8466
150040,1990,0,8998,8998
150040,1991,0,16407,16407
150040,1992,0,17674,17674
150040,1993,0,19677,19677
150040,1994,0,28947,28947
150040,1995,0,29951,29951
150040,1996,0,34807,34807
150040,1997,0,40633,40633
150040,1998,150,15082,14932
150040,1999,0,22992,22992
150040,2000,0,20547,20547
150040,2001,0,19579,19579
150040,2002,0,19880,19880
150040,2003,400,21193,20793
150040,2004,875,21575,20700
150040,2005,1000,22113,21113
150040,2006,600,20041,19441
150040,2007,0,19319,19319
150040,2008,0,21741,21741
150040,2009,0,20298,20298
150040,2010,0,15955,15955
150040,2011,0,16558,16558
150040,2012,0,14655,14655
150040,2013,0,18486,18486
150040,2014,0,17581,17581
150040,2015,0,18411,18411
150040,2016,0,14443,14443
150040,2017,0,17309,17309
150040,2018,0,14977,14977
150040,2019,0,15146,15146
150040,2020,0,14958,14958
150040,2021,0,14982,14982
150050,1988,0,4059,4059
150050,1989,0,1551,1551
150050,1990,0,1324,1324
150050,1991,0,1337,1337
150050,1992,0,1691,1691
150050,1993,0,1231,1231
150050,1994,0,1213,1213
150050,1995,0,1214,1214
150050,1996,0,1017,1017
150050,1997,0,1332,1332
150050,1998,0,1305,1305
150050,1999,0,977,977
150050,2000,0,1008,1008
150050,2001,0,1108,1108
150050,2002,0,603,603
150050,2003,0,598,598
150050,2004,0,841,841
150050,2005,0,786,786
150050,2006,0,776,776
150050,2007,0,985,985
150050,2008,0,976,976
150050,2009,0,968,968
150050,2010,0,534,534
150050,2011,0,568,568
150050,2012,0,711,711
150050,2013,0,721,721
150050,2014,0,641,641
150050,2015,0,850,850
150050,2016,0,1057,1057
150050,2017,0,751,751
150050,2018,0,744,744
150050,2019,0,774,774
150050,2020,0,787,787
150050,2021,0,787,787
150060,1988,0,48570,48570
150060,1989,0,136693,136693
150060,1990,0,135427,135427
150060,1991,0,159678,159678
150060,1992,0,177401,177401
150060,1993,0,182158,182158
150060,1994,0,157860,157860
150060,1995,0,154171,154171
150060,1996,0,167500,167500
150060,1997,0,171203,171203
150060,1998,23,190981,190958
150060,1999,25,190881,190856
150060,2000,150,186834,186684
150060,2001,150,183445,183295
150060,2002,150,182167,182017
150060,2003,150,204516,204366
150060,2004,160,203731,203571
150060,2005,200,215227,215027
150060,2006,320,210527,210207
150060,2007,200,207027,206827
150060,2008,210,193174,192964
150060,2009,570,189835,189265
150060,2010,670,188475,187805
150060,2011,2250,197157,194907
150060,2012,8250,204593,196343
150060,2013,12250,199558,187308
150060,2014,12800,214857,202057
150060,2015,15892,216163,200271
150060,2016,41500,236937,195437
150060,2017,50150,242450,192300
150060,2018,52000,202859,150859
150060,2019,50000,213107,163107
150060,2020,50000,242146,192146
150060,2021,61000,251599,190599
150070,1988,0,233,233
150070,1989,0,40,40
150070,1990,0,0,0
150070,1991,0,40,40
150070,1992,0,8,8
150070,1993,0,8,8
150070,1994,0,7,7
150070,1995,0,6,6
150070,1996,0,5,5
150070,1997,0,561,561
150070,1998,0,256,256
150070,1999,0,242,242
150070,2000,0,180,180
150070,2001,0,207,207
150070,2002,0,190,190
150070,2003,0,140,140
150070,2004,0,130,130
150070,2005,0,130,130
150070,2006,0,240,240
150070,2007,0,220,220
150070,2008,0,220,220
150070,2009,0,220,220
150070,2010,0,222,222
150070,2011,0,294,294
150070,2012,0,236,236
150070,2013,0,211,211
150070,2014,0,211,211
150070,2015,0,243,243
150070,2016,0,240,240
150070,2017,0,267,267
150070,2018,0,2664,2664
150070,2019,0,2640,2640
150070,2020,0,4204,4204
150070,2021,0,4415,4415
150080,1988,0,92,92
150080,1989,0,114,114
150080,1990,0,248,248
150080,1991,0,159,159
150080,1992,0,307,307
150080,1993,0,353,353
150080,1994,0,440,440
150080,1995,0,524,524
150080,1996,0,139,139
150080,1997,0,129,129
150080,1998,0,121,121
150080,1999,0,176,176
150080,2000,0,94,94
150080,2001,0,59,59
150080,2002,0,0,0
150080,2003,0,0,0
150080,2004,0,0,0
150080,2005,0,0,0
150080,2006,0,0,0
150080,2007,0,8,8
150080,2008,0,0,0
150080,2009,0,10,10
150080,2010,0,10,10
150080,2011,0,110,110
150080,2012,0,112,112
150080,2013,0,112,112
150080,2014,0,112,112
150080,2015,0,12,12
150080,2016,0,12,12
150080,2017,0,56,56
150080,2018,0,38,38
150080,2019,0,38,38
150080,2020,0,38,38
150080,2021,0,38,38
150090,1988,0,5649,5649
150090,1989,0,5609,5609
150090,1990,0,5733,5733
150090,1991,0,5327,5327
150090,1992,0,5176,5176
150090,1993,0,4367,4367
150090,1994,0,5953,5953
150090,1995,0,6206,6206
150090,1996,0,6355,6355
150090,1997,0,6835,6835
150090,1998,0,7545,7545
150090,1999,0,6253,6253
150090,2000,0,6353,6353
150090,2001,0,6167,6167
150090,2002,0,7151,7151
150090,2003,0,7945,7945
150090,2004,0,8385,8385
150090,2005,0,8253,8253
150090,2006,0,8844,8844
150090,2007,0,8092,8092
150090,2008,0,7568,7568
150090,2009,0,7028,7028
150090,2010,0,6217,6217
150090,2011,0,7653,7653
150090,2012,0,8323,8323
150090,2013,0,6160,6160
150090,2014,20,5858,5838
150090,2015,0,6483,6483
150090,2016,0,6347,6347
150090,2017,0,6385,6385
150090,2018,0,3340,3340
150090,2019,0,2826,2826
150090,2020,0,2429,2429
150090,2021,0,2869,2869
150100,1988,0,4239,4239
150100,1989,0,868,868
150100,1990,0,2639,2639
150100,1991,0,6912,6912
150100,1992,0,4537,4537
150100,1993,0,3552,3552
150100,1994,0,2436,2436
150100,1995,0,2775,2775
150100,1996,0,2030,2030
150100,1997,0,1993,1993
150100,1998,0,1997,1997
150100,1999,0,2349,2349
150100,2000,0,2651,2651
150100,2001,0,2241,2241
150100,2002,0,2401,2401
150100,2003,0,2132,2132
150100,2004,0,2288,2288
150100,2005,0,2182,2182
150100,2006,0,2225,2225
150100,2007,0,2286,2286
150100,2008,0,2548,2548
150100,2009,0,2944,2944
150100,2010,0,2735,2735
150100,2011,0,2587,2587
150100,2012,0,2777,2777
150100,2013,0,2581,2581
150100,2014,0,2635,2635
150100,2015,0,3022,3022
150100,2016,0,3409,3409
150100,2017,0,3985,3985
150100,2018,0,2970,2970
150100,2019,0,2995,2995
150100,2020,0,2980,2980
150100,2021,0,2398,2398
150110,1988,0,254,254
150110,1989,0,393,393
150110,1990,0,335,335
150110,1991,0,245,245
150110,1992,0,225,225
150110,1993,0,5,5
150110,1994,0,266,266
150110,1995,0,275,275
150110,1996,0,388,388
150110,1997,0,567,567
150110,1998,0,546,546
150110,1999,0,536,536
150110,2000,0,525,525
150110,2001,0,515,515
150110,2002,0,385,385
150110,2003,0,340,340
150110,2004,0,305,305
150110,2005,0,305,305
150110,2006,0,320,320
150110,2007,0,300,300
150110,2008,0,300,300
150110,2009,0,300,300
150110,2010,0,300,300
150110,2011,0,265,265
150110,2012,0,119,119
150110,2013,0,90,90
150110,2014,0,80,80
150110,2015,0,221,221
150110,2016,0,154,154
150110,2017,0,191,191
150110,2018,0,2328,2328
150110,2019,0,3127,3127
150110,2020,0,7234,7234
150110,2021,0,7638,7638
150120,1988,0,4864,4864
150120,1989,0,6071,6071
150120,1990,0,5609,5609
150120,1991,0,5414,5414
150120,1992,0,6888,6888
150120,1993,0,7399,7399
150120,1994,0,4682,4682
150120,1995,0,4968,4968
150120,1996,0,1650,1650
150120,1997,0,2549,2549
150120,1998,0,2599,2599
150120,1999,0,3089,3089
150120,2000,0,2459,2459
150120,2001,0,3569,3569
150120,2002,0,4024,4024
150120,2003,0,4224,4224
150120,2004,0,3475,3475
150120,2005,0,5295,5295
150120,2006,0,5520,5520
150120,2007,0,6470,6470
150120,2008,0,5553,5553
150120,2009,0,5553,5553
150120,2010,0,5053,5053
150120,2011,0,3778,3778
150120,2012,0,3570,3570
150120,2013,0,4010,4010
150120,2014,0,2140,2140
150120,2015,0,2900,2900
150120,2016,0,2494,2494
150120,2017,0,2460,2460
150120,2018,0,2390,2390
150120,2019,0,12725,12725
150120,2020,0,12725,12725
150120,2021,0,12725,12725
150130,1988,0,1716,1716
150130,1989,0,1773,1773
150130,1990,0,1892,1892
150130,1991,0,2022,2022
150130,1992,0,2881,2881
150130,1993,0,2140,2140
150130,1994,0,2336,2336
150130,1995,0,2201,2201
150130,1996,0,2313,2313
150130,1997,0,2366,2366
150130,1998,0,2185,2185
150130,1999,0,2210,2210
150130,2000,0,1978,1978
150130,2001,0,1972,1972
150130,2002,0,2101,2101
150130,2003,0,2117,2117
150130,2004,0,2117,2117
150130,2005,0,2221,2221
150130,2006,0,2390,2390
150130,2007,0,2469,2469
150130,2008,0,2524,2524
150130,2009,0,2615,2615
150130,2010,0,2615,2615
150130,2011,0,2661,2661
150130,2012,0,2802,2802
150130,2013,0,2625,2625
150130,2014,0,3260,3260
150130,2015,0,8460,8460
150130,2016,0,11540,11540
150130,2017,0,14996,14996
150130,2018,0,11612,11612
150130,2019,0,13912,13912
150130,2020,0,19865,19865
150130,2021,0,14114,14114
150140,1988,0,0,0
150140,1989,0,0,0
150140,1990,0,0,0
150140,1991,0,0,0
150140,1992,0,0,0
150140,1993,0,0,0
150140,1994,0,295,295
150140,1995,0,550,550
150140,1996,0,550,550
150140,1997,0,26,26
150140,1998,0,550,550
150140,1999,0,0,0
150140,2000,0,32,32
150140,2001,0,32,32
150140,2002,0,0,0
150140,2003,0,0,0
150140,2004,0,0,0
150140,2005,0,0,0
150140,2006,0,200,200
150140,2007,0,75,75
150140,2008,0,0,0
150140,2009,0,0,0
150140,2010,0,0,0
150140,2011,0,100,100
150140,2012,0,100,100
150140,2013,0,100,100
150140,2014,0,100,100
150140,2015,0,0,0
150140,2016,0,0,0
150140,2017,0,1311,1311
150140,2018,0,150,150
150140,2019,0,180,180
150140,2020,0,170,170
150140,2021,0,190,190
150150,1988,0,6755,6755
150150,1989,0,5851,5851
150150,1990,0,5768,5768
150150,1991,0,4950,4950
150150,1992,0,5602,5602
150150,1993,0,5116,5116
150150,1994,0,5590,5590
150150,1995,0,5449,5449
150150,1996,0,5519,5519
150150,1997,0,3416,3416
150150,1998,0,3832,3832
150150,1999,0,3780,3780
150150,2000,0,3964,3964
150150,2001,0,3850,3850
150150,2002,0,6235,6235
150150,2003,0,3100,3100
150150,2004,0,3100,3100
150150,2005,0,3100,3100
150150,2006,0,4200,4200
150150,2007,0,3110,3110
150150,2008,0,3100,3100
150150,2009,0,3100,3100
150150,2010,0,162,162
150150,2011,0,430,430
150150,2012,0,430,430
150150,2013,0,150,150
150150,2014,0,150,150
150150,2015,0,50,50
150150,2016,0,50,50
150150,2017,0,729,729
150150,2018,0,605,605
150150,2019,0,585,585
150150,2020,0,585,585
150150,2021,0,585,585
150157,1988,0,0,0
150157,1989,0,1230,1230
150157,1990,0,855,855
150157,1991,0,795,795
150157,1992,0,870,870
150157,1993,0,765,765
150157,1994,0,775,775
150157,1995,0,4730,4730
150157,1996,0,4965,4965
150157,1997,0,6716,6716
150157,1998,0,7805,7805
150157,1999,0,7429,7429
150157,2000,0,9190,9190
150157,2001,0,7445,7445
150157,2002,0,5963,5963
150157,2003,0,6579,6579
150157,2004,0,6941,6941
150157,2005,0,8023,8023
150157,2006,0,6915,6915
150157,2007,0,7573,7573
150157,2008,0,5635,5635
150157,2009,0,5630,5630
150157,2010,0,7180,7180
150157,2011,0,8000,8000
150157,2012,0,4855,4855
150157,2013,0,4685,4685
150157,2014,0,3700,3700
150157,2015,0,3605,3605
150157,2016,50,4217,4167
150157,2017,55,4593,4538
150157,2018,60,4430,4370
150157,2019,4000,5727,1727
150157,2020,5500,6907,1407
150157,2021,5600,7039,1439
150160,1988,0,3513,3513
150160,1989,0,3027,3027
150160,1990,0,3252,3252
150160,1991,0,3342,3342
150160,1992,0,7729,7729
150160,1993,0,5170,5170
150160,1994,0,5317,5317
150160,1995,0,4032,4032
150160,1996,0,3435,3435
150160,1997,0,3582,3582
150160,1998,0,3147,3147
150160,1999,0,3097,3097
150160,2000,0,2915,2915
150160,2001,0,2445,2445
150160,2002,0,2405,2405
150160,2003,0,4555,4555
150160,2004,0,5565,5565
150160,2005,0,5795,5795
150160,2006,0,5220,5220
150160,2007,0,4980,4980
150160,2008,0,6953,6953
150160,2009,0,6623,6623
150160,2010,0,6640,6640
150160,2011,0,5340,5340
150160,2012,0,5036,5036
150160,2013,0,5096,5096
150160,2014,0,5065,5065
150160,2015,0,5065,5065
150160,2016,0,10625,10625
150160,2017,0,11290,11290
150160,2018,0,9580,9580
150160,2019,0,10000,10000
150160,2020,0,10125,10125
150160,2021,0,9740,9740
150170,1988,0,27182,27182
150170,1989,0,28493,28493
150170,1990,0,27213,27213
150170,1991,0,24956,24956
150170,1992,0,46049,46049
150170,1993,0,27713,27713
150170,1994,0,35128,35128
150170,1995,0,36441,36441
150170,1996,0,35949,35949
150170,1997,0,31804,31804
150170,1998,0,18287,18287
150170,1999,0,17390,17390
150170,2000,0,13384,13384
150170,2001,0,19556,19556
150170,2002,0,22300,22300
150170,2003,0,20508,20508
150170,2004,700,20812,20112
150170,2005,450,19274,18824
150170,2006,0,20966,20966
150170,2007,23,20472,20449
150170,2008,0,22031,22031
150170,2009,0,20964,20964
150170,2010,0,17455,17455
150170,2011,0,21178,21178
150170,2012,0,21353,21353
150170,2013,0,18854,18854
150170,2014,100,18610,18510
150170,2015,130,19442,19312
150170,2016,100,12231,12131
150170,2017,270,14035,13765
150170,2018,200,11105,10905
150170,2019,300,12621,12321
150170,2020,0,12780,12780
150170,2021,0,11840,11840
150175,1988,0,0,0
150175,1989,0,6621,6621
150175,1990,0,4376,4376
150175,1991,0,3375,3375
150175,1992,0,4005,4005
150175,1993,0,2496,2496
150175,1994,0,3880,3880
150175,1995,0,3852,3852
150175,1996,0,4615,4615
150175,1997,0,5279,5279
150175,1998,0,7185,7185
150175,1999,0,9153,9153
150175,2000,0,10088,10088
150175,2001,0,8960,8960
150175,2002,0,10467,10467
150175,2003,0,10785,10785
150175,2004,0,10785,10785
150175,2005,0,5805,5805
150175,2006,0,3997,3997
150175,2007,0,3685,3685
150175,2008,0,3589,3589
150175,2009,0,3589,3589
150175,2010,0,2860,2860
150175,2011,0,2390,2390
150175,2012,0,2400,2400
150175,2013,0,2570,2570
150175,2014,0,1915,1915
150175,2015,0,2590,2590
150175,2016,0,2165,2165
150175,2017,0,2270,2270
150175,2018,0,2270,2270
150175,2019,500,2330,1830
150175,2020,500,2309,1809
150175,2021,500,2305,1805
150180,1988,0,770,770
150180,1989,0,806,806
150180,1990,0,752,752
150180,1991,0,843,843
150180,1992,0,1010,1010
150180,1993,0,955,955
150180,1994,0,1310,1310
150180,1995,0,1191,1191
150180,1996,0,1428,1428
150180,1997,0,1293,1293
150180,1998,0,1446,1446
150180,1999,0,1493,1493
150180,2000,0,1495,1495
150180,2001,0,1490,1490
150180,2002,0,1531,1531
150180,2003,0,1500,1500
150180,2004,0,1300,1300
150180,2005,0,1300,1300
150180,2006,0,1155,1155
150180,2007,0,1105,1105
150180,2008,0,1105,1105
150180,2009,0,1105,1105
150180,2010,0,1105,1105
150180,2011,0,1075,1075
150180,2012,0,390,390
150180,2013,0,345,345
150180,2014,0,365,365
150180,2015,0,303,303
150180,2016,0,1001,1001
150180,2017,0,6433,6433
150180,2018,0,6532,6532
150180,2019,0,2936,2936
150180,2020,0,2552,2552
150180,2021,0,2783,2783
150190,1988,0,6725,6725
150190,1989,0,2749,2749
150190,1990,0,3154,3154
150190,1991,0,2889,2889
150190,1992,0,4823,4823
150190,1993,0,3787,3787
150190,1994,0,4469,4469
150190,1995,0,4842,4842
150190,1996,0,2257,2257
150190,1997,0,3569,3569
150190,1998,0,4270,4270
150190,1999,0,3350,3350
150190,2000,0,3935,3935
150190,2001,0,6245,6245
150190,2002,0,7850,7850
150190,2003,0,8930,8930
150190,2004,0,8890,8890
150190,2005,0,10638,10638
150190,2006,0,12648,12648
150190,2007,0,6338,6338
150190,2008,0,6413,6413
150190,2009,0,7481,7481
150190,2010,0,2218,2218
150190,2011,0,2198,2198
150190,2012,0,2082,2082
150190,2013,0,1768,1768
150190,2014,0,2068,2068
150190,2015,0,9775,9775
150190,2016,0,8567,8567
150190,2017,0,8677,8677
150190,2018,0,8775,8775
150190,2019,0,8677,8677
150190,2020,0,8677,8677
150190,2021,0,8677,8677
150200,1988,0,199,199
150200,1989,0,247,247
150200,1990,0,299,299
150200,1991,0,408,408
150200,1992,0,355,355
150200,1993,0,296,296
150200,1994,0,232,232
150200,1995,0,168,168
150200,1996,0,549,549
150200,1997,0,368,368
150200,1998,0,327,327
150200,1999,0,198,198
150200,2000,0,208,208
150200,2001,0,138,138
150200,2002,0,109,109
150200,2003,0,146,146
150200,2004,0,163,163
150200,2005,0,134,134
150200,2006,0,131,131
150200,2007,0,114,114
150200,2008,0,114,114
150200,2009,0,114,114
150200,2010,0,19,19
150200,2011,0,2518,2518
150200,2012,0,2960,2960
150200,2013,0,3260,3260
150200,2014,0,3710,3710
150200,2015,0,5370,5370
150200,2016,0,5460,5460
150200,2017,0,5460,5460
150200,2018,0,6560,6560
150200,2019,0,6890,6890
150200,2020,0,6550,6550
150200,2021,0,6550,6550
150210,1988,0,10286,10286
150210,1989,0,11216,11216
150210,1990,0,11545,11545
150210,1991,0,12142,12142
150210,1992,0,13009,13009
150210,1993,0,11901,11901
150210,1994,0,10965,10965
150210,1995,0,11589,11589
150210,1996,0,12502,12502
150210,1997,0,7106,7106
150210,1998,0,5241,5241
150210,1999,0,6625,6625
150210,2000,0,6145,6145
150210,2001,0,5865,5865
150210,2002,0,7592,7592
150210,2003,0,9728,9728
150210,2004,0,9028,9028
150210,2005,0,9568,9568
150210,2006,0,11438,11438
150210,2007,0,10289,10289
150210,2008,0,8642,8642
150210,2009,0,8642,8642
150210,2010,0,9229,9229
150210,2011,0,9222,9222
150210,2012,0,9222,9222
150210,2013,0,8048,8048
150210,2014,0,14550,14550
150210,2015,0,30740,30740
150210,2016,0,33054,33054
150210,2017,0,35264,35264
150210,2018,0,35540,35540
150210,2019,0,44855,44855
150210,2020,0,44855,44855
150210,2021,0,44830,44830
150220,1988,0,3631,3631
150220,1989,0,3903,3903
150220,1990,0,4083,4083
150220,1991,0,4012,4012
150220,1992,0,4948,4948
150220,1993,0,3212,3212
150220,1994,0,3098,3098
150220,1995,0,4388,4388
150220,1996,0,4013,4013
150220,1997,0,3795,3795
150220,1998,0,2350,2350
150220,1999,0,4650,4650
150220,2000,0,3875,3875
150220,2001,0,4860,4860
150220,2002,0,7370,7370
150220,2003,0,8050,8050
150220,2004,0,7493,7493
150220,2005,300,7313,7013
150220,2006,615,8758,8143
150220,2007,0,7913,7913
150220,2008,0,6125,6125
150220,2009,0,6630,6630
150220,2010,0,5036,5036
150220,2011,0,5236,5236
150220,2012,0,4814,4814
150220,2013,0,4089,4089
150220,2014,0,4089,4089
150220,2015,0,4062,4062
150220,2016,0,5133,5133
150220,2017,0,4476,4476
150220,2018,0,3876,3876
150220,2019,0,7297,7297
150220,2020,0,8296,8296
150220,2021,0,7504,7504
150230,1988,0,16487,16487
150230,1989,0,17347,17347
150230,1990,0,18688,18688
150230,1991,0,19748,19748
150230,1992,0,27525,27525
150230,1993,0,23870,23870
150230,1994,0,24515,24515
150230,1995,0,23350,23350
150230,1996,0,22800,22800
150230,1997,0,20092,20092
150230,1998,0,20318,20318
150230,1999,0,19864,19864
150230,2000,0,13448,13448
150230,2001,0,17603,17603
150230,2002,0,18531,18531
150230,2003,50,18315,18265
150230,2004,200,21645,21445
150230,2005,1300,21145,19845
150230,2006,1000,19855,18855
150230,2007,500,20648,20148
150230,2008,500,18845,18345
150230,2009,300,17295,16995
150230,2010,0,16850,16850
150230,2011,0,15850,15850
150230,2012,0,16835,16835
150230,2013,0,16865,16865
150230,2014,0,17065,17065
150230,2015,0,17075,17075
150230,2016,0,16560,16560
150230,2017,0,22370,22370
150230,2018,0,20555,20555
150230,2019,0,22950,22950
150230,2020,0,25150,25150
150230,2021,0,19805,19805
150240,1988,0,3953,3953
150240,1989,0,4467,4467
150240,1990,0,4017,4017
150240,1991,0,4045,4045
150240,1992,0,6572,6572
150240,1993,0,4049,4049
150240,1994,0,4250,4250
150240,1995,0,5245,5245
150240,1996,0,6639,6639
150240,1997,0,7699,7699
150240,1998,0,7240,7240
150240,1999,0,7745,7745
150240,2000,0,7370,7370
150240,2001,0,7012,7012
150240,2002,0,6828,6828
150240,2003,0,6893,6893
150240,2004,0,7384,7384
150240,2005,0,9153,9153
150240,2006,0,9383,9383
150240,2007,0,9693,9693
150240,2008,0,10793,10793
150240,2009,0,10258,10258
150240,2010,0,10338,10338
150240,2011,0,8082,8082
150240,2012,0,7682,7682
150240,2013,0,7277,7277
150240,2014,0,7227,7227
150240,2015,0,13030,13030
150240,2016,0,12540,12540
150240,2017,0,7462,7462
150240,2018,0,7795,7795
150240,2019,0,7802,7802
150240,2020,0,7752,7752
150240,2021,0,7925,7925
150250,1988,0,274,274
150250,1989,0,76,76
150250,1990,0,0,0
150250,1991,0,142,142
150250,1992,0,141,141
150250,1993,0,12,12
150250,1994,0,216,216
150250,1995,0,192,192
150250,1996,0,194,194
150250,1997,0,231,231
150250,1998,0,166,166
150250,1999,0,109,109
150250,2000,0,197,197
150250,2001,0,172,172
150250,2002,0,163,163
150250,2003,0,170,170
150250,2004,0,0,0
150250,2005,0,0,0
150250,2006,0,0,0
150250,2007,0,25,25
150250,2008,0,0,0
150250,2009,0,0,0
150250,2010,0,0,0
150250,2011,0,120,120
150250,2012,0,120,120
150250,2013,0,70,70
150250,2014,0,0,0
150250,2015,0,0,0
150250,2016,0,70,70
150250,2017,0,70,70
150250,2018,0,70,70
150250,2019,0,100,100
150250,2020,0,103,103
150250,2021,0,105,105
150260,1988,0,874,874
150260,1989,0,935,935
150260,1990,0,988,988
150260,1991,0,711,711
150260,1992,0,1369,1369
150260,1993,0,656,656
150260,1994,0,814,814
150260,1995,0,897,897
150260,1996,0,881,881
150260,1997,0,1112,1112
150260,1998,0,1454,1454
150260,1999,0,1507,1507
150260,2000,0,1738,1738
150260,2001,0,1402,1402
150260,2002,0,1433,1433
150260,2003,0,1412,1412
150260,2004,0,1492,1492
150260,2005,0,1707,1707
150260,2006,0,2181,2181
150260,2007,0,2199,2199
150260,2008,0,2206,2206
150260,2009,0,1366,1366
150260,2010,0,1366,1366
150260,2011,0,805,805
150260,2012,0,805,805
150260,2013,0,413,413
150260,2014,0,413,413
150260,2015,0,375,375
150260,2016,0,338,338
150260,2017,0,415,415
150260,2018,0,415,415
150260,2019,0,415,415
150260,2020,0,415,415
150260,2021,0,415,415
150270,1988,0,20982,20982
150270,1989,0,15192,15192
150270,1990,0,7690,7690
150270,1991,0,7542,7542
150270,1992,0,16877,16877
150270,1993,0,16638,16638
150270,1994,0,14788,14788
150270,1995,0,14255,14255
150270,1996,0,22005,22005
150270,1997,0,33347,33347
150270,1998,130,34961,34831
150270,1999,130,31638,31508
150270,2000,130,30898,30768
150270,2001,370,30185,29815
150270,2002,270,28040,27770
150270,2003,1470,35478,34008
150270,2004,1450,39846,38396
150270,2005,2250,40573,38323
150270,2006,2300,30815,28515
150270,2007,2300,33215,30915
150270,2008,2700,23795,21095
150270,2009,1400,21340,19940
150270,2010,1500,17460,15960
150270,2011,1100,19180,18080
150270,2012,1300,22100,20800
150270,2013,1600,23020,21420
150270,2014,2450,20305,17855
150270,2015,3245,22330,19085
150270,2016,4380,26055,21675
150270,2017,4918,24587,19669
150270,2018,5538,24615,19077
150270,2019,7052,23021,15969
150270,2020,7987,25835,17848
150270,2021,15277,30154,14877
150275,1988,0,0,0
150275,1989,0,3491,3491
150275,1990,0,5067,5067
150275,1991,0,6624,6624
150275,1992,0,10037,10037
150275,1993,0,8986,8986
150275,1994,0,8848,8848
150275,1995,0,12489,12489
150275,1996,0,9064,9064
150275,1997,0,5700,5700
150275,1998,0,4720,4720
150275,1999,0,5101,5101
150275,2000,0,5184,5184
150275,2001,0,1644,1644
150275,2002,0,2911,2911
150275,2003,0,5056,5056
150275,2004,0,5873,5873
150275,2005,0,8600,8600
150275,2006,0,8477,8477
150275,2007,0,8145,8145
150275,2008,0,7040,7040
150275,2009,0,7102,7102
150275,2010,0,8762,8762
150275,2011,0,8528,8528
150275,2012,0,7900,7900
150275,2013,0,7755,7755
150275,2014,0,25457,25457
150275,2015,0,23804,23804
150275,2016,0,23895,23895
150275,2017,0,27852,27852
150275,2018,0,25094,25094
150275,2019,0,24534,24534
150275,2020,0,24534,24534
150275,2021,0,24534,24534
150277,1988,0,0,0
150277,1989,0,2073,2073
150277,1990,0,1647,1647
150277,1991,0,2445,2445
150277,1992,0,2193,2193
150277,1993,0,2414,2414
150277,1994,0,4506,4506
150277,1995,0,7355,7355
150277,1996,0,9321,9321
150277,1997,0,11891,11891
150277,1998,0,7806,7806
150277,1999,0,11830,11830
150277,2000,0,12618,12618
150277,2001,0,12968,12968
150277,2002,0,10262,10262
150277,2003,0,11942,11942
150277,2004,0,11917,11917
150277,2005,0,17802,17802
150277,2006,0,19650,19650
150277,2007,0,19630,19630
150277,2008,0,11690,11690
150277,2009,0,11690,11690
150277,2010,0,4674,4674
150277,2011,0,3835,3835
150277,2012,0,3795,3795
150277,2013,0,4155,4155
150277,2014,0,4778,4778
150277,2015,0,3543,3543
150277,2016,0,5453,5453
150277,2017,0,6430,6430
150277,2018,0,6410,6410
150277,2019,0,5980,5980
150277,2020,0,6027,6027
150277,2021,0,6028,6028
150280,1988,0,184,184
150280,1989,0,191,191
150280,1990,0,170,170
150280,1991,0,475,475
150280,1992,0,360,360
150280,1993,0,8,8
150280,1994,0,358,358
150280,1995,0,405,405
150280,1996,0,472,472
150280,1997,0,238,238
150280,1998,0,242,242
150280,1999,0,250,250
150280,2000,0,274,274
150280,2001,0,361,361
150280,2002,0,230,230
150280,2003,0,195,195
150280,2004,0,260,260
150280,2005,0,260,260
150280,2006,0,425,425
150280,2007,0,265,265
150280,2008,0,265,265
150280,2009,0,265,265
150280,2010,0,267,267
150280,2011,0,288,288
150280,2012,0,349,349
150280,2013,0,304,304
150280,2014,0,304,304
150280,2015,0,1298,1298
150280,2016,0,1103,1103
150280,2017,0,1149,1149
150280,2018,0,1061,1061
150280,2019,0,1463,1463
150280,2020,0,2093,2093
150280,2021,0,2231,2231
150290,1988,0,4192,4192
150290,1989,0,4791,4791
150290,1990,0,4730,4730
150290,1991,0,4554,4554
150290,1992,0,2854,2854
150290,1993,0,2127,2127
150290,1994,0,2671,2671
150290,1995,0,2453,2453
150290,1996,0,3504,3504
150290,1997,0,2514,2514
150290,1998,0,2372,2372
150290,1999,0,2534,2534
150290,2000,0,2286,2286
150290,2001,0,2321,2321
150290,2002,0,2386,2386
150290,2003,0,2117,2117
150290,2004,0,2130,2130
150290,2005,0,2438,2438
150290,2006,0,3211,3211
150290,2007,0,2429,2429
150290,2008,0,2072,2072
150290,2009,0,1669,1669
150290,2010,0,1697,1697
150290,2011,0,1988,1988
150290,2012,0,1989,1989
150290,2013,0,2744,2744
150290,2014,0,2744,2744
150290,2015,0,3599,3599
150290,2016,0,3213,3213
150290,2017,0,2658,2658
150290,2018,0,1977,1977
150290,2019,0,1857,1857
150290,2020,0,1857,1857
150290,2021,0,2004,2004
150293,1988,0,0,0
150293,1989,0,50240,50240
150293,1990,0,39268,39268
150293,1991,0,32079,32079
150293,1992,0,39648,39648
150293,1993,0,27790,27790
150293,1994,0,20465,20465
150293,1995,0,15878,15878
150293,1996,0,19875,19875
150293,1997,0,13153,13153
150293,1998,0,15411,15411
150293,1999,0,20984,20984
150293,2000,0,17748,17748
150293,2001,0,14105,14105
150293,2002,150,14485,14335
150293,2003,1250,21545,20295
150293,2004,2000,22375,20375
150293,2005,4000,24385,20385
150293,2006,5000,20415,15415
150293,2007,5000,22225,17225
150293,2008,7000,25848,18848
150293,2009,7300,25338,18038
150293,2010,9000,22600,13600
150293,2011,13800,27469,13669
150293,2012,20000,36345,16345
150293,2013,32000,58662,26662
150293,2014,32000,58780,26780
150293,2015,70000,96303,26303
150293,2016,70000,91808,21808
150293,2017,84000,107476,23476
150293,2018,88000,109354,21354
150293,2019,85000,93776,8776
150293,2020,90000,101002,11002
150293,2021,101500,112937,11437
150307,1988,0,0,0
150307,1989,0,5914,5914
150307,1990,0,6370,6370
150307,1991,0,5768,5768
150307,1992,0,7766,7766
150307,1993,0,5397,5397
150307,1994,0,5665,5665
150307,1995,0,5702,5702
150307,1996,0,6090,6090
150307,1997,0,5474,5474
150307,1998,0,5720,5720
150307,1999,0,8225,8225
150307,2000,0,7667,7667
150307,2001,0,8700,8700
150307,2002,0,8755,8755
150307,2003,0,9652,9652
150307,2004,0,9702,9702
150307,2005,0,6930,6930
150307,2006,0,9955,9955
150307,2007,0,6770,6770
150307,2008,0,8850,8850
150307,2009,0,6100,6100
150307,2010,0,8160,8160
150307,2011,0,5460,5460
150307,2012,0,7895,7895
150307,2013,0,5295,5295
150307,2014,0,5295,5295
150307,2015,0,5125,5125
150307,2016,0,5645,5645
150307,2017,0,8181,8181
150307,2018,0,5655,5655
150307,2019,0,7728,7728
150307,2020,0,7978,7978
150307,2021,0,7175,7175
150310,1988,0,753,753
150310,1989,0,650,650
150310,1990,0,641,641
150310,1991,0,673,673
150310,1992,0,902,902
150310,1993,0,856,856
150310,1994,0,752,752
150310,1995,0,753,753
150310,1996,0,676,676
150310,1997,0,555,555
150310,1998,0,476,476
150310,1999,0,470,470
150310,2000,0,644,644
150310,2001,0,618,618
150310,2002,0,351,351
150310,2003,0,423,423
150310,2004,0,481,481
150310,2005,0,504,504
150310,2006,0,509,509
150310,2007,0,557,557
150310,2008,0,535,535
150310,2009,0,551,551
150310,2010,0,553,553
150310,2011,0,543,543
150310,2012,0,709,709
150310,2013,0,759,759
150310,2014,0,751,751
150310,2015,0,679,679
150310,2016,0,1076,1076
150310,2017,0,1046,1046
150310,2018,0,1076,1076
150310,2019,0,1076,1076
150310,2020,0,1077,1077
150310,2021,0,1077,1077
150320,1988,0,10634,10634
150320,1989,0,9817,9817
150320,1990,0,11184,11184
150320,1991,0,12098,12098
150320,1992,0,13231,13231
150320,1993,0,9490,9490
150320,1994,0,8840,8840
150320,1995,0,7896,7896
150320,1996,0,8343,8343
150320,1997,0,7665,7665
150320,1998,0,7900,7900
150320,1999,0,8424,8424
150320,2000,0,6478,6478
150320,2001,0,5372,5372
150320,2002,0,4034,4034
150320,2003,0,4883,4883
150320,2004,0,5245,5245
150320,2005,0,5322,5322
150320,2006,0,5879,5879
150320,2007,0,5909,5909
150320,2008,0,5855,5855
150320,2009,0,5548,5548
150320,2010,0,7562,7562
150320,2011,0,7968,7968
150320,2012,0,7941,7941
150320,2013,0,7569,7569
150320,2014,0,7388,7388
150320,2015,0,8712,8712
150320,2016,0,9011,9011
150320,2017,0,7156,7156
150320,2018,0,9140,9140
150320,2019,0,8095,8095
150320,2020,0,8095,8095
150320,2021,0,10110,10110
150330,1988,0,2169,2169
150330,1989,0,2827,2827
150330,1990,0,3046,3046
150330,1991,0,3184,3184
150330,1992,0,4823,4823
150330,1993,0,3323,3323
150330,1994,0,3833,3833
150330,1995,0,3970,3970
150330,1996,0,3830,3830
150330,1997,0,3826,3826
150330,1998,0,869,869
150330,1999,0,905,905
150330,2000,0,971,971
150330,2001,0,1106,1106
150330,2002,0,1178,1178
150330,2003,0,1320,1320
150330,2004,0,1920,1920
150330,2005,0,2365,2365
150330,2006,0,2265,2265
150330,2007,0,2867,2867
150330,2008,0,2421,2421
150330,2009,0,2421,2421
150330,2010,0,2207,2207
150330,2011,0,2310,2310
150330,2012,0,2040,2040
150330,2013,0,2023,2023
150330,2014,0,2048,2048
150330,2015,0,37858,37858
150330,2016,0,38750,38750
150330,2017,0,42847,42847
150330,2018,0,47800,47800
150330,2019,0,47820,47820
150330,2020,0,54845,54845
150330,2021,0,54814,54814
150340,1988,0,2490,2490
150340,1989,0,2242,2242
150340,1990,0,1846,1846
150340,1991,0,2222,2222
150340,1992,0,2809,2809
150340,1993,0,1473,1473
150340,1994,0,1499,1499
150340,1995,0,1709,1709
150340,1996,0,1897,1897
150340,1997,0,1946,1946
150340,1998,0,1590,1590
150340,1999,0,1768,1768
150340,2000,0,1707,1707
150340,2001,0,1707,1707
150340,2002,0,2216,2216
150340,2003,0,2411,2411
150340,2004,0,2411,2411
150340,2005,0,2494,2494
150340,2006,0,2494,2494
150340,2007,0,2390,2390
150340,2008,0,2269,2269
150340,2009,0,2361,2361
150340,2010,0,2345,2345
150340,2011,0,2657,2657
150340,2012,0,2326,2326
150340,2013,0,2351,2351
150340,2014,0,1961,1961
150340,2015,0,6333,6333
150340,2016,0,4716,4716
150340,2017,0,3678,3678
150340,2018,0,3983,3983
150340,2019,0,3980,3980
150340,2020,0,3980,3980
150340,2021,0,4072,4072
150350,1988,0,10578,10578
150350,1989,0,6233,6233
150350,1990,0,6884,6884
150350,1991,0,8515,8515
150350,1992,0,9658,9658
150350,1993,0,8372,8372
150350,1994,0,8464,8464
150350,1995,0,8616,8616
150350,1996,0,10223,10223
150350,1997,0,7169,7169
150350,1998,0,6577,6577
150350,1999,0,4869,4869
150350,2000,0,4509,4509
150350,2001,0,3633,3633
150350,2002,0,3130,3130
150350,2003,0,3185,3185
150350,2004,0,3125,3125
150350,2005,0,2655,2655
150350,2006,0,2660,2660
150350,2007,0,2655,2655
150350,2008,0,1902,1902
150350,2009,0,1270,1270
150350,2010,0,1097,1097
150350,2011,0,808,808
150350,2012,0,834,834
150350,2013,0,1520,1520
150350,2014,0,2214,2214
150350,2015,0,4149,4149
150350,2016,0,3930,3930
150350,2017,0,3851,3851
150350,2018,0,3851,3851
150350,2019,0,3851,3851
150350,2020,0,3951,3951
150350,2021,0,5564,5564
150360,1988,0,17525,17525
150360,1989,0,17765,17765
150360,1990,0,19698,19698
150360,1991,0,20927,20927
150360,1992,0,27730,27730
150360,1993,0,30393,30393
150360,1994,0,46062,46062
150360,1995,0,58435,58435
150360,1996,0,59308,59308
150360,1997,0,43872,43872
150360,1998,0,32425,32425
150360,1999,0,32897,32897
150360,2000,0,33250,33250
150360,2001,0,35170,35170
150360,2002,0,35771,35771
150360,2003,100,37929,37829
150360,2004,120,41006,40886
150360,2005,350,42399,42049
150360,2006,1100,42421,41321
150360,2007,1000,44957,43957
150360,2008,1000,45088,44088
150360,2009,1000,43699,42699
150360,2010,0,40850,40850
150360,2011,0,40217,40217
150360,2012,1000,39868,38868
150360,2013,1000,38324,37324
150360,2014,1000,39165,38165
150360,2015,2000,34765,32765
150360,2016,16000,55861,39861
150360,2017,17000,61715,44715
150360,2018,8000,33872,25872
150360,2019,13300,44098,30798
150360,2020,14600,42468,27868
150360,2021,22100,49982,27882
150390,1988,0,4049,4049
150390,1989,0,3286,3286
150390,1990,0,2820,2820
150390,1991,0,4040,4040
150390,1992,0,6089,6089
150390,1993,0,2421,2421
150390,1994,0,5974,5974
150390,1995,0,5735,5735
150390,1996,0,6670,6670
150390,1997,0,10624,10624
150390,1998,0,10851,10851
150390,1999,0,10903,10903
150390,2000,0,11939,11939
150390,2001,0,12044,12044
150390,2002,0,12134,12134
150390,2003,0,16028,16028
150390,2004,0,16324,16324
150390,2005,0,6857,6857
150390,2006,0,6142,6142
150390,2007,0,6109,6109
150390,2008,0,8161,8161
150390,2009,0,9911,9911
150390,2010,0,9791,9791
150390,2011,0,9885,9885
150390,2012,0,15806,15806
150390,2013,0,15674,15674
150390,2014,0,30867,30867
150390,2015,0,12439,12439
150390,2016,0,12357,12357
150390,2017,0,12427,12427
150390,2018,0,12215,12215
150390,2019,0,12166,12166
150390,2020,0,10220,10220
150390,2021,0,18271,18271
150400,1988,0,220,220
150400,1989,0,355,355
150400,1990,0,397,397
150400,1991,0,427,427
150400,1992,0,295,295
150400,1993,0,352,352
150400,1994,0,392,392
150400,1995,0,410,410
150400,1996,0,322,322
150400,1997,0,348,348
150400,1998,0,89,89
150400,1999,0,80,80
150400,2000,0,88,88
150400,2001,0,84,84
150400,2002,0,113,113
150400,2003,0,129,129
150400,2004,0,145,145
150400,2005,0,145,145
150400,2006,0,191,191
150400,2007,0,186,186
150400,2008,0,186,186
150400,2009,0,196,196
150400,2010,0,192,192
150400,2011,0,187,187
150400,2012,0,214,214
150400,2013,0,205,205
150400,2014,0,236,236
150400,2015,0,9127,9127
150400,2016,0,6922,6922
150400,2017,0,6896,6896
150400,2018,0,6896,6896
150400,2019,0,7317,7317
150400,2020,0,7317,7317
150400,2021,0,7317,7317
150405,1988,0,0,0
150405,1989,0,2583,2583
150405,1990,0,2243,2243
150405,1991,0,2109,2109
150405,1992,0,3401,3401
150405,1993,0,2455,2455
150405,1994,0,2912,2912
150405,1995,0,2712,2712
150405,1996,0,2773,2773
150405,1997,0,2699,2699
150405,1998,0,3407,3407
150405,1999,0,4555,4555
150405,2000,0,3787,3787
150405,2001,0,3775,3775
150405,2002,0,3160,3160
150405,2003,0,2790,2790
150405,2004,0,2865,2865
150405,2005,0,3575,3575
150405,2006,0,3445,3445
150405,2007,0,3332,3332
150405,2008,0,4915,4915
150405,2009,0,4915,4915
150405,2010,0,4435,4435
150405,2011,0,4531,4531
150405,2012,0,1950,1950
150405,2013,0,1850,1850
150405,2014,0,1780,1780
150405,2015,0,1841,1841
150405,2016,0,1883,1883
150405,2017,0,1983,1983
150405,2018,0,2050,2050
150405,2019,0,1829,1829
150405,2020,0,1829,1829
150405,2021,0,2329,2329
150410,1988,0,4041,4041
150410,1989,0,3547,3547
150410,1990,0,3248,3248
150410,1991,0,3328,3328
150410,1992,0,5979,5979
150410,1993,0,3013,3013
150410,1994,0,3908,3908
150410,1995,0,1838,1838
150410,1996,0,1698,1698
150410,1997,0,1464,1464
150410,1998,0,1314,1314
150410,1999,0,1179,1179
150410,2000,0,1186,1186
150410,2001,0,1205,1205
150410,2002,0,1295,1295
150410,2003,0,1135,1135
150410,2004,0,1053,1053
150410,2005,0,2055,2055
150410,2006,0,1309,1309
150410,2007,0,1312,1312
150410,2008,0,1175,1175
150410,2009,0,781,781
150410,2010,0,1614,1614
150410,2011,0,531,531
150410,2012,0,1206,1206
150410,2013,0,1216,1216
150410,2014,0,1206,1206
150410,2015,0,1234,1234
150410,2016,0,1130,1130
150410,2017,0,1156,1156
150410,2018,0,1156,1156
150410,2019,0,1145,1145
150410,2020,0,1145,1145
150410,2021,0,1160,1160
150420,1988,0,14360,14360
150420,1989,0,2473,2473
150420,1990,0,2403,2403
150420,1991,0,2986,2986
150420,1992,0,3216,3216
150420,1993,0,3886,3886
150420,1994,0,13944,13944
150420,1995,0,11111,11111
150420,1996,0,11318,11318
150420,1997,0,11425,11425
150420,1998,0,10989,10989
150420,1999,0,11091,11091
150420,2000,0,10680,10680
150420,2001,0,12415,12415
150420,2002,0,16400,16400
150420,2003,0,17025,17025
150420,2004,30,13467,13437
150420,2005,0,13987,13987
150420,2006,30,11602,11572
150420,2007,0,12572,12572
150420,2008,0,15255,15255
150420,2009,0,10575,10575
150420,2010,0,10100,10100
150420,2011,0,10060,10060
150420,2012,0,8360,8360
150420,2013,500,12680,12180
150420,2014,500,12945,12445
150420,2015,0,12680,12680
150420,2016,500,13129,12629
150420,2017,500,14114,13614
150420,2018,500,14114,13614
150420,2019,500,14049,13549
150420,2020,525,14439,13914
150420,2021,525,14439,13914
150430,1988,0,8517,8517
150430,1989,0,8000,8000
150430,1990,0,6302,6302
150430,1991,0,5947,5947
150430,1992,0,8797,8797
150430,1993,0,5553,5553
150430,1994,0,5871,5871
150430,1995,0,6742,6742
150430,1996,0,6547,6547
150430,1997,0,6614,6614
150430,1998,0,6216,6216
150430,1999,0,4991,4991
150430,2000,0,4823,4823
150430,2001,0,2963,2963
150430,2002,0,2333,2333
150430,2003,0,2357,2357
150430,2004,0,2687,2687
150430,2005,0,2997,2997
150430,2006,0,3382,3382
150430,2007,0,3406,3406
150430,2008,0,2341,2341
150430,2009,0,2331,2331
150430,2010,0,2573,2573
150430,2011,0,2120,2120
150430,2012,0,2120,2120
150430,2013,0,1736,1736
150430,2014,0,1736,1736
150430,2015,0,1508,1508
150430,2016,0,1892,1892
150430,2017,0,1777,1777
150430,2018,0,2577,2577
150430,2019,0,2329,2329
150430,2020,0,2329,2329
150430,2021,0,2439,2439
150440,1988,0,3570,3570
150440,1989,0,3035,3035
150440,1990,0,3613,3613
150440,1991,0,4206,4206
150440,1992,0,5423,5423
150440,1993,0,3825,3825
150440,1994,0,4040,4040
150440,1995,0,4063,4063
150440,1996,0,6333,6333
150440,1997,0,3937,3937
150440,1998,0,3961,3961
150440,1999,0,3661,3661
150440,2000,0,4141,4141
150440,2001,0,2636,2636
150440,2002,0,4181,4181
150440,2003,0,4186,4186
150440,2004,0,4236,4236
150440,2005,0,4506,4506
150440,2006,0,2562,2562
150440,2007,0,2562,2562
150440,2008,0,2460,2460
150440,2009,0,2520,2520
150440,2010,0,2370,2370
150440,2011,0,2255,2255
150440,2012,0,2255,2255
150440,2013,0,2005,2005
150440,2014,0,2005,2005
150440,2015,0,1119,1119
150440,2016,0,2271,2271
150440,2017,0,1913,1913
150440,2018,0,2145,2145
150440,2019,0,974,974
150440,2020,0,974,974
150440,2021,0,994,994
150450,1988,0,22,22
150450,1989,0,22,22
150450,1990,0,18,18
150450,1991,0,222,222
150450,1992,0,255,255
150450,1993,0,10,10
150450,1994,0,306,306
150450,1995,0,314,314
150450,1996,0,248,248
150450,1997,0,264,264
150450,1998,0,297,297
150450,1999,0,259,259
150450,2000,0,406,406
150450,2001,0,315,315
150450,2002,0,266,266
150450,2003,0,250,250
150450,2004,0,300,300
150450,2005,0,300,300
150450,2006,0,270,270
150450,2007,0,280,280
150450,2008,0,280,280
150450,2009,0,280,280
150450,2010,0,280,280
150450,2011,0,287,287
150450,2012,0,207,207
150450,2013,0,187,187
150450,2014,0,187,187
150450,2015,0,192,192
150450,2016,0,1425,1425
150450,2017,0,1690,1690
150450,2018,0,2410,2410
150450,2019,0,3258,3258
150450,2020,0,3294,3294
150450,2021,0,3442,3442
150460,1988,0,4878,4878
150460,1989,0,6663,6663
150460,1990,0,6245,6245
150460,1991,0,6077,6077
150460,1992,0,6870,6870
150460,1993,0,6696,6696
150460,1994,0,4806,4806
150460,1995,0,7309,7309
150460,1996,0,3064,3064
150460,1997,0,644,644
150460,1998,0,1386,1386
150460,1999,0,1647,1647
150460,2000,0,1940,1940
150460,2001,0,2056,2056
150460,2002,0,2056,2056
150460,2003,0,2236,2236
150460,2004,0,2516,2516
150460,2005,0,3370,3370
150460,2006,0,3110,3110
150460,2007,0,3152,3152
150460,2008,0,3026,3026
150460,2009,0,2495,2495
150460,2010,0,2660,2660
150460,2011,0,2665,2665
150460,2012,0,2665,2665
150460,2013,0,2559,2559
150460,2014,0,2559,2559
150460,2015,0,3101,3101
150460,2016,0,3547,3547
150460,2017,0,3915,3915
150460,2018,0,3109,3109
150460,2019,0,21167,21167
150460,2020,0,21167,21167
150460,2021,0,21167,21167
150480,1988,0,31693,31693
150480,1989,0,17013,17013
150480,1990,0,26757,26757
150480,1991,0,25456,25456
150480,1992,0,32828,32828
150480,1993,0,22816,22816
150480,1994,0,31008,31008
150480,1995,0,39260,39260
150480,1996,0,42110,42110
150480,1997,0,38230,38230
150480,1998,0,29678,29678
150480,1999,0,47381,47381
150480,2000,0,41681,41681
150480,2001,0,46366,46366
150480,2002,0,48387,48387
150480,2003,0,54808,54808
150480,2004,100,53539,53439
150480,2005,100,54351,54251
150480,2006,0,56158,56158
150480,2007,0,54186,54186
150480,2008,0,50496,50496
150480,2009,0,50216,50216
150480,2010,0,30246,30246
150480,2011,0,26640,26640
150480,2012,0,26493,26493
150480,2013,0,27230,27230
150480,2014,0,24157,24157
150480,2015,0,25675,25675
150480,2016,0,20344,20344
150480,2017,0,22414,22414
150480,2018,0,18322,18322
150480,2019,0,17750,17750
150480,2020,0,19868,19868
150480,2021,0,20556,20556
150490,1988,0,296,296
150490,1989,0,5,5
150490,1990,0,351,351
150490,1991,0,441,441
150490,1992,0,415,415
150490,1993,0,1320,1320
150490,1994,0,990,990
150490,1995,0,790,790
150490,1996,0,609,609
150490,1997,0,407,407
150490,1998,0,335,335
150490,1999,0,195,195
150490,2000,0,130,130
150490,2001,0,205,205
150490,2002,0,230,230
150490,2003,0,260,260
150490,2004,0,310,310
150490,2005,0,250,250
150490,2006,0,250,250
150490,2007,0,250,250
150490,2008,0,229,229
150490,2009,0,312,312
150490,2010,0,265,265
150490,2011,0,265,265
150490,2012,0,235,235
150490,2013,0,285,285
150490,2014,0,200,200
150490,2015,0,642,642
150490,2016,0,2714,2714
150490,2017,0,1924,1924
150490,2018,0,1884,1884
150490,2019,0,5310,5310
150490,2020,0,5815,5815
150490,2021,0,1840,1840
150500,1988,0,8489,8489
150500,1989,0,7359,7359
150500,1990,0,7841,7841
150500,1991,0,6728,6728
150500,1992,0,6780,6780
150500,1993,0,6692,6692
150500,1994,0,7535,7535
150500,1995,0,4216,4216
150500,1996,0,3333,3333
150500,1997,0,2633,2633
150500,1998,0,3287,3287
150500,1999,0,3492,3492
150500,2000,0,3377,3377
150500,2001,0,3400,3400
150500,2002,0,4515,4515
150500,2003,0,4410,4410
150500,2004,0,4726,4726
150500,2005,0,4106,4106
150500,2006,0,3626,3626
150500,2007,0,3286,3286
150500,2008,0,3251,3251
150500,2009,0,3021,3021
150500,2010,0,2691,2691
150500,2011,0,2711,2711
150500,2012,0,2880,2880
150500,2013,0,2790,2790
150500,2014,0,2790,2790
150500,2015,0,2640,2640
150500,2016,0,1895,1895
150500,2017,0,2355,2355
150500,2018,0,2850,2850
150500,2019,0,1997,1997
150500,2020,0,1997,1997
150500,2021,0,1997,1997
150510,1988,0,4527,4527
150510,1989,0,4127,4127
150510,1990,0,4817,4817
150510,1991,0,6407,6407
150510,1992,0,7266,7266
150510,1993,0,10938,10938
150510,1994,0,13110,13110
150510,1995,0,12712,12712
150510,1996,0,10781,10781
150510,1997,0,14835,14835
150510,1998,0,15653,15653
150510,1999,0,12682,12682
150510,2000,0,12574,12574
150510,2001,0,12677,12677
150510,2002,0,12651,12651
150510,2003,0,13110,13110
150510,2004,0,14888,14888
150510,2005,0,13128,13128
150510,2006,0,13168,13168
150510,2007,0,13336,13336
150510,2008,0,12952,12952
150510,2009,0,15195,15195
150510,2010,0,13186,13186
150510,2011,0,13061,13061
150510,2012,0,13463,13463
150510,2013,0,12568,12568
150510,2014,0,12363,12363
150510,2015,0,17383,17383
150510,2016,0,13940,13940
150510,2017,0,13997,13997
150510,2018,0,21302,21302
150510,2019,0,21167,21167
150510,2020,0,20602,20602
150510,2021,0,20542,20542
150520,1988,0,1385,1385
150520,1989,0,1816,1816
150520,1990,0,2575,2575
150520,1991,0,2786,2786
150520,1992,0,4733,4733
150520,1993,0,6299,6299
150520,1994,0,5468,5468
150520,1995,0,7690,7690
150520,1996,0,7930,7930
150520,1997,0,4405,4405
150520,1998,0,2554,2554
150520,1999,0,3959,3959
150520,2000,0,3278,3278
150520,2001,0,2728,2728
150520,2002,0,1828,1828
150520,2003,0,1938,1938
150520,2004,0,2368,2368
150520,2005,0,1792,1792
150520,2006,0,2422,2422
150520,2007,0,2685,2685
150520,2008,0,2275,2275
150520,2009,0,2807,2807
150520,2010,0,2472,2472
150520,2011,0,3013,3013
150520,2012,0,4447,4447
150520,2013,0,4034,4034
150520,2014,0,4442,4442
150520,2015,0,7867,7867
150520,2016,0,12092,12092
150520,2017,0,9257,9257
150520,2018,0,7697,7697
150520,2019,0,7926,7926
150520,2020,0,7926,7926
150520,2021,0,7926,7926
150530,1988,0,7192,7192
150530,1989,0,6028,6028
150530,1990,0,6519,6519
150530,1991,0,6875,6875
150530,1992,0,15041,15041
150530,1993,0,16776,16776
150530,1994,0,14001,14001
150530,1995,0,15980,15980
150530,1996,0,12717,12717
150530,1997,0,15908,15908
150530,1998,0,16500,16500
150530,1999,0,18088,18088
150530,2000,0,17554,17554
150530,2001,0,18656,18656
150530,2002,0,19717,19717
150530,2003,0,20407,20407
150530,2004,0,20403,20403
150530,2005,0,13033,13033
150530,2006,0,12600,12600
150530,2007,0,12958,12958
150530,2008,0,10733,10733
150530,2009,0,10743,10743
150530,2010,0,17381,17381
150530,2011,0,12910,12910
150530,2012,0,14064,14064
150530,2013,0,14125,14125
150530,2014,0,16395,16395
150530,2015,0,19594,19594
150530,2016,0,16343,16343
150530,2017,0,17254,17254
150530,2018,0,15818,15818
150530,2019,0,15807,15807
150530,2020,0,15891,15891
150530,2021,0,15855,15855
150540,1988,0,32115,32115
150540,1989,0,19807,19807
150540,1990,0,18652,18652
150540,1991,0,16854,16854
150540,1992,0,23886,23886
150540,1993,0,18950,18950
150540,1994,0,22985,22985
150540,1995,0,20992,20992
150540,1996,0,21892,21892
150540,1997,0,21919,21919
150540,1998,0,27665,27665
150540,1999,0,32509,32509
150540,2000,0,24769,24769
150540,2001,0,23165,23165
150540,2002,0,22758,22758
150540,2003,0,23974,23974
150540,2004,0,24331,24331
150540,2005,0,25654,25654
150540,2006,0,25147,25147
150540,2007,0,24287,24287
150540,2008,0,23268,23268
150540,2009,0,24500,24500
150540,2010,0,21282,21282
150540,2011,0,23132,23132
150540,2012,0,22128,22128
150540,2013,0,22380,22380
150540,2014,0,21775,21775
150540,2015,0,22623,22623
150540,2016,0,22966,22966
150540,2017,0,25976,25976
150540,2018,0,20714,20714
150540,2019,0,22207,22207
150540,2020,0,26474,26474
150540,2021,0,26135,26135
150543,1988,0,0,0
150543,1989,0,16285,16285
150543,1990,0,21677,21677
150543,1991,0,20065,20065
150543,1992,0,18127,18127
150543,1993,0,36531,36531
150543,1994,0,45514,45514
150543,1995,0,55373,55373
150543,1996,0,60372,60372
150543,1997,0,52142,52142
150543,1998,0,58647,58647
150543,1999,0,56285,56285
150543,2000,0,64797,64797
150543,2001,0,55822,55822
150543,2002,0,35784,35784
150543,2003,0,35176,35176
150543,2004,0,31090,31090
150543,2005,0,24776,24776
150543,2006,0,18942,18942
150543,2007,25,18140,18115
150543,2008,0,19287,19287
150543,2009,0,12311,12311
150543,2010,0,13287,13287
150543,2011,0,9278,9278
150543,2012,2500,12604,10104
150543,2013,4000,10406,6406
150543,2014,6000,12607,6607
150543,2015,7800,15811,8011
150543,2016,15000,24675,9675
150543,2017,13053,41636,28583
150543,2018,10252,24130,13878
150543,2019,12220,26986,14766
150543,2020,20000,49606,29606
150543,2021,11668,26018,14350
150550,1988,0,57943,57943
150550,1989,0,14348,14348
150550,1990,0,51745,51745
150550,1991,0,44756,44756
150550,1992,0,37383,37383
150550,1993,0,33085,33085
150550,1994,0,33716,33716
150550,1995,0,36416,36416
150550,1996,0,34808,34808
150550,1997,495,21548,21053
150550,1998,1240,25824,24584
150550,1999,840,25511,24671
150550,2000,1640,39368,37728
150550,2001,280,51209,50929
150550,2002,1720,48169,46449
150550,2003,5180,51960,46780
150550,2004,7034,73971,66937
150550,2005,12090,74884,62794
150550,2006,16440,70227,53787
150550,2007,7645,69351,61706
150550,2008,17220,82910,65690
150550,2009,22475,85757,63282
150550,2010,36100,90671,54571
150550,2011,47348,90531,43183
150550,2012,42354,99283,56929
150550,2013,66466,116749,50283
150550,2014,74189,123683,49494
150550,2015,127189,188591,61402
150550,2016,148163,200378,52215
150550,2017,170535,215314,44779
150550,2018,215000,261665,46665
150550,2019,212000,265467,53467
150550,2020,216500,270385,53885
150550,2021,230832,285779,54947
150553,1988,0,0,0
150553,1989,0,11030,11030
150553,1990,0,7403,7403
150553,1991,0,9004,9004
150553,1992,0,9600,9600
150553,1993,0,24714,24714
150553,1994,0,23933,23933
150553,1995,0,24681,24681
150553,1996,0,25401,25401
150553,1997,0,22653,22653
150553,1998,0,24504,24504
150553,1999,0,26203,26203
150553,2000,0,29244,29244
150553,2001,0,26086,26086
150553,2002,0,21059,21059
150553,2003,0,21188,21188
150553,2004,0,20162,20162
150553,2005,0,20613,20613
150553,2006,0,19962,19962
150553,2007,0,16873,16873
150553,2008,300,16102,15802
150553,2009,0,16509,16509
150553,2010,0,16261,16261
150553,2011,0,15469,15469
150553,2012,0,15903,15903
150553,2013,600,16969,16369
150553,2014,600,18073,17473
150553,2015,600,19872,19272
150553,2016,600,18341,17741
150553,2017,900,20329,19429
150553,2018,510,20472,19962
150553,2019,1130,22538,21408
150553,2020,1160,22655,21495
150553,2021,1200,22860,21660
150560,1988,0,1649,1649
150560,1989,0,1539,1539
150560,1990,0,1649,1649
150560,1991,0,1597,1597
150560,1992,0,1644,1644
150560,1993,0,1490,1490
150560,1994,0,1516,1516
150560,1995,0,1559,1559
150560,1996,0,1573,1573
150560,1997,0,1803,1803
150560,1998,0,1605,1605
150560,1999,0,2010,2010
150560,2000,0,1745,1745
150560,2001,0,2435,2435
150560,2002,0,1935,1935
150560,2003,0,3005,3005
150560,2004,0,1945,1945
150560,2005,0,2191,2191
150560,2006,0,2706,2706
150560,2007,0,2186,2186
150560,2008,0,2550,2550
150560,2009,0,2500,2500
150560,2010,0,1982,1982
150560,2011,0,1897,1897
150560,2012,0,1792,1792
150560,2013,0,1644,1644
150560,2014,0,1644,1644
150560,2015,0,1594,1594
150560,2016,0,1688,1688
150560,2017,0,1287,1287
150560,2018,0,1714,1714
150560,2019,0,1563,1563
150560,2020,0,1536,1536
150560,2021,0,1536,1536
150570,1988,0,359,359
150570,1989,0,303,303
150570,1990,0,390,390
150570,1991,0,507,507
150570,1992,0,907,907
150570,1993,0,1000,1000
150570,1994,0,928,928
150570,1995,0,973,973
150570,1996,0,913,913
150570,1997,0,450,450
150570,1998,0,422,422
150570,1999,0,723,723
150570,2000,0,290,290
150570,2001,0,338,338
150570,2002,0,532,532
150570,2003,0,479,479
150570,2004,0,375,375
150570,2005,0,445,445
150570,2006,0,351,351
150570,2007,0,351,351
150570,2008,0,284,284
150570,2009,0,284,284
150570,2010,0,265,265
150570,2011,0,265,265
150570,2012,0,265,265
150570,2013,0,120,120
150570,2014,0,120,120
150570,2015,0,3462,3462
150570,2016,0,3414,3414
150570,2017,0,3414,3414
150570,2018,0,3408,3408
150570,2019,0,3655,3655
150570,2020,0,3365,3365
150570,2021,0,3365,3365
150580,1988,0,42970,42970
150580,1989,0,36,36
150580,1990,0,1082,1082
150580,1991,0,1422,1422
150580,1992,0,3598,3598
150580,1993,0,1540,1540
150580,1994,0,1610,1610
150580,1995,0,1556,1556
150580,1996,0,1770,1770
150580,1997,0,1656,1656
150580,1998,0,1863,1863
150580,1999,0,1975,1975
150580,2000,0,1960,1960
150580,2001,0,1851,1851
150580,2002,0,1250,1250
150580,2003,0,1456,1456
150580,2004,0,952,952
150580,2005,0,952,952
150580,2006,0,952,952
150580,2007,0,952,952
150580,2008,0,952,952
150580,2009,0,952,952
150580,2010,0,954,954
150580,2011,0,751,751
150580,2012,0,4304,4304
150580,2013,0,4275,4275
150580,2014,0,4250,4250
150580,2015,0,5055,5055
150580,2016,0,34520,34520
150580,2017,0,39187,39187
150580,2018,0,14076,14076
150580,2019,0,16527,16527
150580,2020,0,18831,18831
150580,2021,0,21318,21318
150600,1988,0,59080,59080
150600,1989,0,4844,4844
150600,1990,0,3666,3666
150600,1991,0,3824,3824
150600,1992,0,3214,3214
150600,1993,0,3971,3971
150600,1994,0,2785,2785
150600,1995,0,2849,2849
150600,1996,0,2441,2441
150600,1997,0,2494,2494
150600,1998,0,3462,3462
150600,1999,0,3421,3421
150600,2000,0,2260,2260
150600,2001,0,2258,2258
150600,2002,0,3579,3579
150600,2003,0,7014,7014
150600,2004,0,16054,16054
150600,2005,0,11893,11893
150600,2006,0,11893,11893
150600,2007,0,8467,8467
150600,2008,0,8082,8082
150600,2009,0,8358,8358
150600,2010,0,8209,8209
150600,2011,0,6320,6320
150600,2012,0,5778,5778
150600,2013,0,4642,4642
150600,2014,0,4763,4763
150600,2015,0,1940,1940
150600,2016,0,2960,2960
150600,2017,0,4877,4877
150600,2018,0,4868,4868
150600,2019,0,4868,4868
150600,2020,0,4868,4868
150600,2021,0,4868,4868
150610,1988,0,4485,4485
150610,1989,0,2729,2729
150610,1990,0,3391,3391
150610,1991,0,3129,3129
150610,1992,0,4811,4811
150610,1993,0,3508,3508
150610,1994,0,3324,3324
150610,1995,0,3170,3170
150610,1996,0,3027,3027
150610,1997,0,2942,2942
150610,1998,0,2134,2134
150610,1999,0,2153,2153
150610,2000,0,2450,2450
150610,2001,0,2161,2161
150610,2002,0,2192,2192
150610,2003,0,2273,2273
150610,2004,0,2230,2230
150610,2005,0,2280,2280
150610,2006,0,2154,2154
150610,2007,0,2104,2104
150610,2008,0,2000,2000
150610,2009,0,2010,2010
150610,2010,0,1753,1753
150610,2011,0,1798,1798
150610,2012,0,1600,1600
150610,2013,0,1565,1565
150610,2014,0,1550,1550
150610,2015,0,1903,1903
150610,2016,0,1921,1921
150610,2017,0,1097,1097
150610,2018,0,1804,1804
150610,2019,0,1216,1216
150610,2020,0,1226,1226
150610,2021,0,1226,1226
150613,1988,0,20250,20250
150613,1989,0,23825,23825
150613,1990,0,10520,10520
150613,1991,0,18900,18900
150613,1992,0,20440,20440
150613,1993,0,26400,26400
150613,1994,0,28485,28485
150613,1995,0,30101,30101
150613,1996,0,38936,38936
150613,1997,30,37118,37088
150613,1998,300,43163,42863
150613,1999,300,25128,24828
150613,2000,250,23049,22799
150613,2001,180,13468,13288
150613,2002,8,13364,13356
150613,2003,200,13561,13361
150613,2004,200,9805,9605
150613,2005,670,12380,11710
150613,2006,1500,13300,11800
150613,2007,1600,12330,10730
150613,2008,1860,10395,8535
150613,2009,1400,7295,5895
150613,2010,750,5560,4810
150613,2011,550,7165,6615
150613,2012,700,4730,4030
150613,2013,1040,4743,3703
150613,2014,1160,5879,4719
150613,2015,2040,7650,5610
150613,2016,4858,12188,7330
150613,2017,5505,13670,8165
150613,2018,5248,11244,5996
150613,2019,5461,11190,5729
150613,2020,8329,14768,6439
150613,2021,9642,15919,6277
150616,1988,0,8560,8560
150616,1989,0,8300,8300
150616,1990,0,7730,7730
150616,1991,0,9870,9870
150616,1992,0,8190,8190
150616,1993,0,9470,9470
150616,1994,0,14065,14065
150616,1995,0,10122,10122
150616,1996,0,10724,10724
150616,1997,0,6882,6882
150616,1998,0,5094,5094
150616,1999,0,6695,6695
150616,2000,0,7095,7095
150616,2001,0,4362,4362
150616,2002,0,3935,3935
150616,2003,0,4002,4002
150616,2004,0,3568,3568
150616,2005,0,3225,3225
150616,2006,0,2299,2299
150616,2007,0,2219,2219
150616,2008,0,2409,2409
150616,2009,0,1391,1391
150616,2010,0,1384,1384
150616,2011,0,1091,1091
150616,2012,0,1479,1479
150616,2013,0,1609,1609
150616,2014,400,1347,947
150616,2015,430,1407,977
150616,2016,400,1572,1172
150616,2017,500,1632,1132
150616,2018,460,2478,2018
150616,2019,500,1372,872
150616,2020,500,1372,872
150616,2021,500,1402,902
150619,1988,0,0,0
150619,1989,0,4643,4643
150619,1990,0,5390,5390
150619,1991,0,6960,6960
150619,1992,0,10477,10477
150619,1993,0,9435,9435
150619,1994,0,7940,7940
150619,1995,0,19563,19563
150619,1996,0,18790,18790
150619,1997,0,16240,16240
150619,1998,0,12423,12423
150619,1999,0,11336,11336
150619,2000,0,11635,11635
150619,2001,0,12224,12224
150619,2002,0,16557,16557
150619,2003,0,16525,16525
150619,2004,0,17980,17980
150619,2005,0,19298,19298
150619,2006,0,12801,12801
150619,2007,0,14582,14582
150619,2008,70,13721,13651
150619,2009,70,11621,11551
150619,2010,70,11665,11595
150619,2011,180,11448,11268
150619,2012,180,10858,10678
150619,2013,180,9188,9008
150619,2014,350,10097,9747
150619,2015,480,11325,10845
150619,2016,680,9323,8643
150619,2017,375,11649,11274
150619,2018,680,9323,8643
150619,2019,680,8808,8128
150619,2020,680,9113,8433
150619,2021,680,9048,8368
150620,1988,0,586,586
150620,1989,0,1235,1235
150620,1990,0,1585,1585
150620,1991,0,1451,1451
150620,1992,0,1751,1751
150620,1993,0,1571,1571
150620,1994,0,1836,1836
150620,1995,0,1801,1801
150620,1996,0,1321,1321
150620,1997,0,1110,1110
150620,1998,0,880,880
150620,1999,0,880,880
150620,2000,0,1070,1070
150620,2001,0,850,850
150620,2002,0,893,893
150620,2003,0,1055,1055
150620,2004,0,985,985
150620,2005,0,1100,1100
150620,2006,0,1985,1985
150620,2007,0,1785,1785
150620,2008,0,1730,1730
150620,2009,0,1720,1720
150620,2010,0,1365,1365
150620,2011,0,1315,1315
150620,2012,0,1240,1240
150620,2013,0,1130,1130
150620,2014,0,1080,1080
150620,2015,0,1080,1080
150620,2016,0,786,786
150620,2017,0,355,355
150620,2018,0,1080,1080
150620,2019,0,722,722
150620,2020,0,817,817
150620,2021,0,827,827
150630,1988,0,825,825
150630,1989,0,780,780
150630,1990,0,1090,1090
150630,1991,0,821,821
150630,1992,0,814,814
150630,1993,0,468,468
150630,1994,0,481,481
150630,1995,0,1261,1261
150630,1996,0,926,926
150630,1997,0,821,821
150630,1998,0,765,765
150630,1999,0,700,700
150630,2000,0,640,640
150630,2001,0,451,451
150630,2002,0,342,342
150630,2003,0,366,366
150630,2004,0,533,533
150630,2005,0,533,533
150630,2006,0,483,483
150630,2007,0,583,583
150630,2008,0,583,583
150630,2009,0,583,583
150630,2010,0,500,500
150630,2011,0,440,440
150630,2012,0,415,415
150630,2013,0,470,470
150630,2014,0,470,470
150630,2015,0,620,620
150630,2016,0,1090,1090
150630,2017,0,1240,1240
150630,2018,0,1740,1740
150630,2019,0,2293,2293
150630,2020,0,1740,1740
150630,2021,0,1740,1740
150650,1988,0,3192,3192
150650,1989,0,3158,3158
150650,1990,0,2959,2959
150650,1991,0,3378,3378
150650,1992,0,3971,3971
150650,1993,0,3644,3644
150650,1994,0,4128,4128
150650,1995,0,3662,3662
150650,1996,0,4098,4098
150650,1997,0,3510,3510
150650,1998,0,3388,3388
150650,1999,0,3765,3765
150650,2000,0,3779,3779
150650,2001,0,3223,3223
150650,2002,0,2896,2896
150650,2003,0,2334,2334
150650,2004,0,2332,2332
150650,2005,0,2332,2332
150650,2006,0,2332,2332
150650,2007,0,2582,2582
150650,2008,0,1082,1082
150650,2009,0,855,855
150650,2010,0,1155,1155
150650,2011,0,1525,1525
150650,2012,0,1820,1820
150650,2013,0,715,715
150650,2014,0,705,705
150650,2015,0,1205,1205
150650,2016,0,1205,1205
150650,2017,0,1903,1903
150650,2018,0,5985,5985
150650,2019,0,6348,6348
150650,2020,0,6348,6348
150650,2021,0,6348,6348
150658,1988,0,0,0
150658,1989,0,3285,3285
150658,1990,0,1940,1940
150658,1991,0,1895,1895
150658,1992,0,2280,2280
150658,1993,0,7805,7805
150658,1994,0,10730,10730
150658,1995,0,19788,19788
150658,1996,0,24530,24530
150658,1997,0,31760,31760
150658,1998,0,25505,25505
150658,1999,0,25255,25255
150658,2000,0,28005,28005
150658,2001,0,25935,25935
150658,2002,0,25905,25905
150658,2003,0,26385,26385
150658,2004,0,23875,23875
150658,2005,850,36445,35595
150658,2006,2100,36535,34435
150658,2007,2100,36935,34835
150658,2008,2900,15145,12245
150658,2009,2900,15145,12245
150658,2010,2800,11285,8485
150658,2011,3300,11795,8495
150658,2012,3450,11370,7920
150658,2013,5520,14170,8650
150658,2014,7000,14335,7335
150658,2015,10800,19275,8475
150658,2016,13860,24656,10796
150658,2017,23621,42276,18655
150658,2018,32000,53681,21681
150658,2019,45000,88690,43690
150658,2020,47566,94746,47180
150658,2021,57492,96677,39185
150660,1988,0,6045,6045
150660,1989,0,6320,6320
150660,1990,0,7280,7280
150660,1991,0,7195,7195
150660,1992,0,8302,8302
150660,1993,0,7632,7632
150660,1994,0,6992,6992
150660,1995,0,4992,4992
150660,1996,0,4631,4631
150660,1997,0,3309,3309
150660,1998,0,4031,4031
150660,1999,0,4218,4218
150660,2000,0,7888,7888
150660,2001,0,5473,5473
150660,2002,0,5721,5721
150660,2003,0,8461,8461
150660,2004,0,11599,11599
150660,2005,0,10450,10450
150660,2006,0,11419,11419
150660,2007,0,11441,11441
150660,2008,0,12230,12230
150660,2009,0,14965,14965
150660,2010,0,12515,12515
150660,2011,0,11130,11130
150660,2012,0,8420,8420
150660,2013,0,8230,8230
150660,2014,0,8230,8230
150660,2015,0,6485,6485
150660,2016,0,6567,6567
150660,2017,0,9270,9270
150660,2018,0,9270,9270
150660,2019,0,6270,6270
150660,2020,0,6270,6270
150660,2021,0,6740,6740
150670,1988,0,10910,10910
150670,1989,0,12579,12579
150670,1990,0,13302,13302
150670,1991,0,13932,13932
150670,1992,0,15725,15725
150670,1993,0,15485,15485
150670,1994,0,17125,17125
150670,1995,0,17630,17630
150670,1996,0,22655,22655
150670,1997,0,18468,18468
150670,1998,0,21130,21130
150670,1999,0,21130,21130
150670,2000,0,30527,30527
150670,2001,0,20715,20715
150670,2002,0,20745,20745
150670,2003,500,19177,18677
150670,2004,6000,25417,19417
150670,2005,9000,17902,8902
150670,2006,13525,18262,4737
150670,2007,8000,12137,4137
150670,2008,4630,10487,5857
150670,2009,5500,9637,4137
150670,2010,5500,9742,4242
150670,2011,7000,11905,4905
150670,2012,8900,13755,4855
150670,2013,32100,37850,5750
150670,2014,60000,65275,5275
150670,2015,50000,57050,7050
150670,2016,67000,72376,5376
150670,2017,66541,100859,34318
150670,2018,72000,101072,29072
150670,2019,69000,103175,34175
150670,2020,77770,136945,59175
150670,2021,107000,171175,64175
150680,1988,0,33852,33852
150680,1989,0,27737,27737
150680,1990,0,29401,29401
150680,1991,0,35345,35345
150680,1992,0,37888,37888
150680,1993,0,34996,34996
150680,1994,0,29607,29607
150680,1995,0,31841,31841
150680,1996,0,31535,31535
150680,1997,50,26247,26197
150680,1998,0,24022,24022
150680,1999,620,26875,26255
150680,2000,50,31319,31269
150680,2001,25,37856,37831
150680,2002,350,47712,47362
150680,2003,6000,103774,97774
150680,2004,16000,116941,100941
150680,2005,35500,138660,103160
150680,2006,27535,112478,84943
150680,2007,25000,100546,75546
150680,2008,32410,109646,77236
150680,2009,28230,104490,76260
150680,2010,28580,97337,68757
150680,2011,29820,98560,68740
150680,2012,29820,101765,71945
150680,2013,23832,93165,69333
150680,2014,28632,98395,69763
150680,2015,29132,91497,62365
150680,2016,30322,87321,56999
150680,2017,32322,100859,68537
150680,2018,33501,72076,38575
150680,2019,30081,72399,42318
150680,2020,40800,86511,45711
150680,2021,53800,127307,73507
150690,1988,0,4271,4271
150690,1989,0,4096,4096
150690,1990,0,4438,4438
150690,1991,0,4112,4112
150690,1992,0,6840,6840
150690,1993,0,3958,3958
150690,1994,0,3402,3402
150690,1995,0,3040,3040
150690,1996,0,2726,2726
150690,1997,0,2746,2746
150690,1998,0,1660,1660
150690,1999,0,1727,1727
150690,2000,0,1836,1836
150690,2001,0,2185,2185
150690,2002,0,2078,2078
150690,2003,0,2010,2010
150690,2004,0,3375,3375
150690,2005,0,2190,2190
150690,2006,0,2240,2240
150690,2007,0,2690,2690
150690,2008,0,1945,1945
150690,2009,0,1805,1805
150690,2010,0,1220,1220
150690,2011,0,1140,1140
150690,2012,0,1005,1005
150690,2013,0,910,910
150690,2014,0,910,910
150690,2015,0,890,890
150690,2016,0,960,960
150690,2017,0,743,743
150690,2018,0,950,950
150690,2019,0,1543,1543
150690,2020,0,1302,1302
150690,2021,0,1402,1402
150700,1988,0,3446,3446
150700,1989,0,3160,3160
150700,1990,0,2978,2978
150700,1991,0,3753,3753
150700,1992,0,4976,4976
150700,1993,0,3229,3229
150700,1994,0,4231,4231
150700,1995,0,4568,4568
150700,1996,0,4886,4886
150700,1997,0,5258,5258
150700,1998,0,5590,5590
150700,1999,0,5702,5702
150700,2000,0,6372,6372
150700,2001,0,5992,5992
150700,2002,0,6250,6250
150700,2003,0,6550,6550
150700,2004,0,7665,7665
150700,2005,0,7605,7605
150700,2006,0,7605,7605
150700,2007,0,6875,6875
150700,2008,0,5270,5270
150700,2009,0,4685,4685
150700,2010,0,4421,4421
150700,2011,0,4731,4731
150700,2012,0,4409,4409
150700,2013,0,4440,4440
150700,2014,0,4595,4595
150700,2015,0,8955,8955
150700,2016,0,10050,10050
150700,2017,0,4910,4910
150700,2018,0,5110,5110
150700,2019,0,5110,5110
150700,2020,0,5110,5110
150700,2021,0,5110,5110
150710,1988,0,2084,2084
150710,1989,0,2252,2252
150710,1990,0,2284,2284
150710,1991,0,2094,2094
150710,1992,0,2899,2899
150710,1993,0,2269,2269
150710,1994,0,2454,2454
150710,1995,0,3579,3579
150710,1996,0,4335,4335
150710,1997,0,4688,4688
150710,1998,0,6065,6065
150710,1999,0,5743,5743
150710,2000,0,6049,6049
150710,2001,0,5575,5575
150710,2002,0,5871,5871
150710,2003,0,5791,5791
150710,2004,0,6135,6135
150710,2005,0,5984,5984
150710,2006,0,3700,3700
150710,2007,0,3565,3565
150710,2008,0,1701,1701
150710,2009,0,1656,1656
150710,2010,0,1660,1660
150710,2011,0,1561,1561
150710,2012,0,1728,1728
150710,2013,0,1353,1353
150710,2014,0,1363,1363
150710,2015,0,1640,1640
150710,2016,0,1643,1643
150710,2017,0,1562,1562
150710,2018,0,1493,1493
150710,2019,0,1471,1471
150710,2020,0,1471,1471
150710,2021,0,1487,1487
150720,1988,0,48632,48632
150720,1989,0,26279,26279
150720,1990,0,36431,36431
150720,1991,0,34396,34396
150720,1992,0,63690,63690
150720,1993,0,45150,45150
150720,1994,0,50678,50678
150720,1995,0,56549,56549
150720,1996,0,54943,54943
150720,1997,0,50877,50877
150720,1998,0,52485,52485
150720,1999,0,62330,62330
150720,2000,0,55934,55934
150720,2001,0,58588,58588
150720,2002,0,46135,46135
150720,2003,0,44211,44211
150720,2004,0,47320,47320
150720,2005,0,50352,50352
150720,2006,0,51986,51986
150720,2007,0,49161,49161
150720,2008,0,41158,41158
150720,2009,0,42522,42522
150720,2010,0,43218,43218
150720,2011,0,44380,44380
150720,2012,0,41303,41303
150720,2013,0,36037,36037
150720,2014,0,28987,28987
150720,2015,0,30358,30358
150720,2016,700,25485,24785
150720,2017,840,23608,22768
150720,2018,900,25197,24297
150720,2019,7000,30915,23915
150720,2020,6500,32095,25595
150720,2021,6695,35151,28456
150730,1988,0,50036,50036
150730,1989,0,27875,27875
150730,1990,0,18755,18755
150730,1991,0,33658,33658
150730,1992,0,30694,30694
150730,1993,0,28524,28524
150730,1994,0,41502,41502
150730,1995,0,66270,66270
150730,1996,0,74182,74182
150730,1997,0,68473,68473
150730,1998,0,162138,162138
150730,1999,0,205640,205640
150730,2000,0,205637,205637
150730,2001,0,66753,66753
150730,2002,0,36695,36695
150730,2003,0,34569,34569
150730,2004,0,14282,14282
150730,2005,0,11875,11875
150730,2006,0,14548,14548
150730,2007,0,16165,16165
150730,2008,0,14239,14239
150730,2009,0,17349,17349
150730,2010,0,19091,19091
150730,2011,0,19967,19967
150730,2012,0,18072,18072
150730,2013,0,18182,18182
150730,2014,0,17707,17707
150730,2015,0,19447,19447
150730,2016,0,20006,20006
150730,2017,0,9622,9622
150730,2018,500,10840,10340
150730,2019,560,11801,11241
150730,2020,728,12989,12261
150730,2021,3128,18553,15425
150740,1988,0,4022,4022
150740,1989,0,5036,5036
150740,1990,0,4363,4363
150740,1991,0,4601,4601
150740,1992,0,7313,7313
150740,1993,0,5832,5832
150740,1994,0,5899,5899
150740,1995,0,5032,5032
150740,1996,0,4641,4641
150740,1997,0,4492,4492
150740,1998,0,5651,5651
150740,1999,0,5458,5458
150740,2000,0,5448,5448
150740,2001,0,5098,5098
150740,2002,0,5098,5098
150740,2003,0,4177,4177
150740,2004,0,4014,4014
150740,2005,0,4199,4199
150740,2006,0,4339,4339
150740,2007,0,3918,3918
150740,2008,0,4441,4441
150740,2009,0,4564,4564
150740,2010,0,5919,5919
150740,2011,0,2971,2971
150740,2012,0,2916,2916
150740,2013,0,6715,6715
150740,2014,0,6190,6190
150740,2015,0,5089,5089
150740,2016,0,5372,5372
150740,2017,0,5480,5480
150740,2018,0,5875,5875
150740,2019,0,5875,5875
150740,2020,0,5875,5875
150740,2021,0,5925,5925
150745,1988,0,0,0
150745,1989,0,44800,44800
150745,1990,0,26700,26700
150745,1991,0,17840,17840
150745,1992,0,28490,28490
150745,1993,0,30240,30240
150745,1994,0,28820,28820
150745,1995,0,41825,41825
150745,1996,0,65408,65408
150745,1997,0,81303,81303
150745,1998,0,74346,74346
150745,1999,0,107479,107479
150745,2000,0,93073,93073
150745,2001,0,75698,75698
150745,2002,0,60932,60932
150745,2003,0,45634,45634
150745,2004,0,41137,41137
150745,2005,0,24169,24169
150745,2006,0,18413,18413
150745,2007,0,17791,17791
150745,2008,0,18578,18578
150745,2009,0,15361,15361
150745,2010,0,14844,14844
150745,2011,0,13297,13297
150745,2012,0,13012,13012
150745,2013,0,16145,16145
150745,2014,0,18321,18321
150745,2015,0,17830,17830
150745,2016,0,13996,13996
150745,2017,0,13772,13772
150745,2018,0,14386,14386
150745,2019,0,10817,10817
150745,2020,0,13278,13278
150745,2021,0,13220,13220
150747,1988,0,0,0
150747,1989,0,829,829
150747,1990,0,1099,1099
150747,1991,0,919,919
150747,1992,0,1572,1572
150747,1993,0,1209,1209
150747,1994,0,974,974
150747,1995,0,1644,1644
150747,1996,0,1115,1115
150747,1997,0,917,917
150747,1998,0,677,677
150747,1999,0,682,682
150747,2000,0,883,883
150747,2001,0,758,758
150747,2002,0,687,687
150747,2003,0,1042,1042
150747,2004,0,1042,1042
150747,2005,0,985,985
150747,2006,0,1705,1705
150747,2007,0,1435,1435
150747,2008,0,1010,1010
150747,2009,0,975,975
150747,2010,0,740,740
150747,2011,0,740,740
150747,2012,0,640,640
150747,2013,0,540,540
150747,2014,0,536,536
150747,2015,0,536,536
150747,2016,0,515,515
150747,2017,0,470,470
150747,2018,0,525,525
150747,2019,0,353,353
150747,2020,0,421,421
150747,2021,0,421,421
150750,1988,0,10885,10885
150750,1989,0,4986,4986
150750,1990,0,3432,3432
150750,1991,0,3495,3495
150750,1992,0,3583,3583
150750,1993,0,2935,2935
150750,1994,0,6705,6705
150750,1995,0,8533,8533
150750,1996,0,10723,10723
150750,1997,0,11725,11725
150750,1998,0,11327,11327
150750,1999,0,10628,10628
150750,2000,0,10628,10628
150750,2001,0,10581,10581
150750,2002,0,10908,10908
150750,2003,0,12790,12790
150750,2004,0,12750,12750
150750,2005,0,13000,13000
150750,2006,0,19170,19170
150750,2007,0,11605,11605
150750,2008,0,12660,12660
150750,2009,0,12660,12660
150750,2010,0,11265,11265
150750,2011,0,11377,11377
150750,2012,0,11377,11377
150750,2013,0,10548,10548
150750,2014,0,5743,5743
150750,2015,0,5890,5890
150750,2016,1000,6307,5307
150750,2017,400,6837,6437
150750,2018,400,6847,6447
150750,2019,400,5477,5077
150750,2020,392,5492,5100
150750,2021,392,5492,5100
150760,1988,0,4762,4762
150760,1989,0,2018,2018
150760,1990,0,1699,1699
150760,1991,0,1589,1589
150760,1992,0,3045,3045
150760,1993,0,3225,3225
150760,1994,0,4207,4207
150760,1995,0,3535,3535
150760,1996,0,4489,4489
150760,1997,0,4316,4316
150760,1998,0,4932,4932
150760,1999,0,3794,3794
150760,2000,0,4928,4928
150760,2001,0,3730,3730
150760,2002,0,4115,4115
150760,2003,0,4195,4195
150760,2004,0,4345,4345
150760,2005,0,5035,5035
150760,2006,0,6436,6436
150760,2007,0,6206,6206
150760,2008,0,3943,3943
150760,2009,0,7758,7758
150760,2010,0,8476,8476
150760,2011,0,8208,8208
150760,2012,0,8095,8095
150760,2013,0,8195,8195
150760,2014,0,6298,6298
150760,2015,0,5393,5393
150760,2016,0,7672,7672
150760,2017,0,7598,7598
150760,2018,0,6998,6998
150760,2019,0,7416,7416
150760,2020,0,7416,7416
150760,2021,0,6598,6598
150770,1988,0,166,166
150770,1989,0,7,7
150770,1990,0,284,284
150770,1991,0,360,360
150770,1992,0,370,370
150770,1993,0,293,293
150770,1994,0,263,263
150770,1995,0,204,204
150770,1996,0,263,263
150770,1997,0,202,202
150770,1998,0,268,268
150770,1999,0,237,237
150770,2000,0,202,202
150770,2001,0,234,234
150770,2002,0,223,223
150770,2003,0,491,491
150770,2004,0,633,633
150770,2005,0,440,440
150770,2006,0,527,527
150770,2007,0,577,577
150770,2008,0,245,245
150770,2009,0,387,387
150770,2010,0,590,590
150770,2011,0,620,620
150770,2012,0,680,680
150770,2013,0,235,235
150770,2014,0,150,150
150770,2015,0,1645,1645
150770,2016,0,2070,2070
150770,2017,0,5070,5070
150770,2018,0,5070,5070
150770,2019,0,5550,5550
150770,2020,0,5070,5070
150770,2021,0,5070,5070
150790,1988,0,521,521
150790,1989,0,473,473
150790,1990,0,590,590
150790,1991,0,533,533
150790,1992,0,1036,1036
150790,1993,0,1217,1217
150790,1994,0,1125,1125
150790,1995,0,1138,1138
150790,1996,0,847,847
150790,1997,0,833,833
150790,1998,0,194,194
150790,1999,0,152,152
150790,2000,0,153,153
150790,2001,0,126,126
150790,2002,0,128,128
150790,2003,0,157,157
150790,2004,0,156,156
150790,2005,0,187,187
150790,2006,0,160,160
150790,2007,0,180,180
150790,2008,0,180,180
150790,2009,0,180,180
150790,2010,0,150,150
150790,2011,0,150,150
150790,2012,0,150,150
150790,2013,0,70,70
150790,2014,0,70,70
150790,2015,0,60,60
150790,2016,0,50,50
150790,2017,0,125,125
150790,2018,0,125,125
150790,2019,0,110,110
150790,2020,0,125,125
150790,2021,0,125,125
150795,1988,0,0,0
150795,1989,0,7144,7144
150795,1990,0,7159,7159
150795,1991,0,8057,8057
150795,1992,0,13951,13951
150795,1993,0,12235,12235
150795,1994,0,12168,12168
150795,1995,0,12798,12798
150795,1996,0,14377,14377
150795,1997,0,16881,16881
150795,1998,0,16042,16042
150795,1999,0,19711,19711
150795,2000,0,19395,19395
150795,2001,0,20570,20570
150795,2002,0,21850,21850
150795,2003,0,21000,21000
150795,2004,0,20411,20411
150795,2005,0,23749,23749
150795,2006,0,23135,23135
150795,2007,0,19273,19273
150795,2008,0,19513,19513
150795,2009,0,19611,19611
150795,2010,120,22322,22202
150795,2011,200,25041,24841
150795,2012,700,26145,25445
150795,2013,900,27330,26430
150795,2014,3000,29590,26590
150795,2015,4370,34720,30350
150795,2016,6000,36305,30305
150795,2017,5000,33815,28815
150795,2018,11000,72624,61624
150795,2019,11000,85780,74780
150795,2020,17500,100035,82535
150795,2021,17500,100035,82535
150800,1988,0,8471,8471
150800,1989,0,7976,7976
150800,1990,0,8595,8595
150800,1991,0,10079,10079
150800,1992,0,10340,10340
150800,1993,0,10816,10816
150800,1994,0,8356,8356
150800,1995,0,9495,9495
150800,1996,0,8036,8036
150800,1997,0,6202,6202
150800,1998,0,5780,5780
150800,1999,0,6915,6915
150800,2000,0,6053,6053
150800,2001,0,6465,6465
150800,2002,0,9571,9571
150800,2003,0,9657,9657
150800,2004,0,10516,10516
150800,2005,0,20455,20455
150800,2006,0,23745,23745
150800,2007,0,24403,24403
150800,2008,0,25003,25003
150800,2009,0,21754,21754
150800,2010,0,22489,22489
150800,2011,0,22785,22785
150800,2012,0,21130,21130
150800,2013,0,17062,17062
150800,2014,0,20475,20475
150800,2015,0,22855,22855
150800,2016,0,23855,23855
150800,2017,0,22005,22005
150800,2018,0,48824,48824
150800,2019,0,49274,49274
150800,2020,0,49014,49014
150800,2021,0,49014,49014
150808,1988,0,0,0
150808,1989,0,9450,9450
150808,1990,0,5215,5215
150808,1991,0,7341,7341
150808,1992,0,10329,10329
150808,1993,0,10221,10221
150808,1994,0,12886,12886
150808,1995,0,13827,13827
150808,1996,0,16785,16785
150808,1997,0,10252,10252
150808,1998,0,8971,8971
150808,1999,0,5532,5532
150808,2000,0,5238,5238
150808,2001,0,2737,2737
150808,2002,0,1831,1831
150808,2003,0,2746,2746
150808,2004,0,2303,2303
150808,2005,0,2244,2244
150808,2006,0,2794,2794
150808,2007,0,3025,3025
150808,2008,0,3511,3511
150808,2009,0,3712,3712
150808,2010,0,4315,4315
150808,2011,0,4120,4120
150808,2012,0,4523,4523
150808,2013,0,4575,4575
150808,2014,0,4905,4905
150808,2015,0,5235,5235
150808,2016,0,5192,5192
150808,2017,0,5892,5892
150808,2018,47,5562,5515
150808,2019,250,6229,5979
150808,2020,400,6891,6491
150808,2021,420,7755,7335
150815,1988,0,0,0
150815,1989,0,18937,18937
150815,1990,0,19434,19434
150815,1991,0,27967,27967
150815,1992,0,21627,21627
150815,1993,0,19518,19518
150815,1994,0,15720,15720
150815,1995,0,16937,16937
150815,1996,0,23956,23956
150815,1997,0,18154,18154
150815,1998,0,16678,16678
150815,1999,0,15398,15398
150815,2000,5,17424,17419
150815,2001,0,17821,17821
150815,2002,0,19928,19928
150815,2003,10,18806,18796
150815,2004,350,18878,18528
150815,2005,350,20813,20463
150815,2006,270,18198,17928
150815,2007,160,19630,19470
150815,2008,260,19321,19061
150815,2009,265,16989,16724
150815,2010,360,17348,16988
150815,2011,470,16676,16206
150815,2012,532,16742,16210
150815,2013,670,17323,16653
150815,2014,670,19089,18419
150815,2015,648,17718,17070
150815,2016,400,17837,17437
150815,2017,400,17525,17125
150815,2018,400,17525,17125
150815,2019,230,21292,21062
150815,2020,230,23683,23453
150815,2021,230,22626,22396
150820,1988,0,2006,2006
150820,1989,0,2143,2143
150820,1990,0,1639,1639
150820,1991,0,1755,1755
150820,1992,0,1490,1490
150820,1993,0,978,978
150820,1994,0,1055,1055
150820,1995,0,1065,1065
150820,1996,0,1284,1284
150820,1997,0,1048,1048
150820,1998,0,1191,1191
150820,1999,0,933,933
150820,2000,0,865,865
150820,2001,0,939,939
150820,2002,0,869,869
150820,2003,0,834,834
150820,2004,0,1292,1292
150820,2005,0,1326,1326
150820,2006,0,1300,1300
150820,2007,0,1334,1334
150820,2008,0,1272,1272
150820,2009,0,1114,1114
150820,2010,0,1279,1279
150820,2011,0,1073,1073
150820,2012,0,1293,1293
150820,2013,0,1320,1320
150820,2014,0,1080,1080
150820,2015,0,1055,1055
150820,2016,0,1067,1067
150820,2017,0,1045,1045
150820,2018,0,1045,1045
150820,2019,0,1045,1045
150820,2020,0,1045,1045
150820,2021,0,1045,1045
150840,1988,0,51860,51860
150840,1989,0,50735,50735
150840,1990,0,23961,23961
150840,1991,0,34273,34273
150840,1992,0,20210,20210
150840,1993,0,19273,19273
150840,1994,0,20960,20960
150840,1995,0,18208,18208
150840,1996,0,16824,16824
150840,1997,0,13907,13907
150840,1998,0,8822,8822
150840,1999,0,8051,8051
150840,2000,0,8042,8042
150840,2001,0,5089,5089
150840,2002,0,6005,6005
150840,2003,0,5101,5101
150840,2004,0,3557,3557
150840,2005,0,2065,2065
150840,2006,0,2934,2934
150840,2007,0,3374,3374
150840,2008,0,5180,5180
150840,2009,0,3537,3537
150840,2010,0,4180,4180
150840,2011,0,2979,2979
150840,2012,0,3554,3554
150840,2013,19,3991,3972
150840,2014,0,4134,4134
150840,2015,0,4412,4412
150840,2016,0,2994,2994
150840,2017,0,3184,3184
150840,2018,0,3193,3193
150840,2019,100,2165,2065
150840,2020,100,2147,2047
150840,2021,100,2040,1940
160010,1988,0,419,419
160010,1989,0,682,682
160010,1990,0,275,275
160010,1991,0,210,210
160010,1992,0,223,223
160010,1993,0,228,228
160010,1994,0,228,228
160010,1995,0,253,253
160010,1996,0,500,500
160010,1997,0,614,614
160010,1998,0,592,592
160010,1999,0,500,500
160010,2000,0,667,667
160010,2001,0,662,662
160010,2002,0,636,636
160010,2003,0,605,605
160010,2004,0,628,628
160010,2005,0,690,690
160010,2006,0,726,726
160010,2007,0,817,817
160010,2008,0,986,986
160010,2009,0,1146,1146
160010,2010,0,1224,1224
160010,2011,0,1287,1287
160010,2012,0,1270,1270
160010,2013,0,1232,1232
160010,2014,0,1336,1336
160010,2015,0,1241,1241
160010,2016,0,1152,1152
160010,2017,0,1284,1284
160010,2018,0,1034,1034
160010,2019,26,1284,1258
160010,2020,200,1507,1307
160010,2021,0,1293,1293
160020,1988,0,451,451
160020,1989,0,2145,2145
160020,1990,0,350,350
160020,1991,0,255,255
160020,1992,0,275,275
160020,1993,0,275,275
160020,1994,0,260,260
160020,1995,0,232,232
160020,1996,0,135,135
160020,1997,0,392,392
160020,1998,0,400,400
160020,1999,0,574,574
160020,2000,0,830,830
160020,2001,0,900,900
160020,2002,0,885,885
160020,2003,0,773,773
160020,2004,0,782,782
160020,2005,0,913,913
160020,2006,0,898,898
160020,2007,0,987,987
160020,2008,0,1143,1143
160020,2009,0,1328,1328
160020,2010,0,1406,1406
160020,2011,0,1425,1425
160020,2012,0,1405,1405
160020,2013,0,1351,1351
160020,2014,0,1546,1546
160020,2015,0,1347,1347
160020,2016,0,1265,1265
160020,2017,0,1318,1318
160020,2018,0,990,990
160020,2019,0,1004,1004
160020,2020,0,1029,1029
160020,2021,0,1019,1019
160027,1988,0,0,0
160027,1989,0,422,422
160027,1990,0,320,320
160027,1991,0,248,248
160027,1992,0,240,240
160027,1993,0,272,272
160027,1994,0,343,343
160027,1995,0,500,500
160027,1996,0,135,135
160027,1997,0,700,700
160027,1998,0,730,730
160027,1999,0,1047,1047
160027,2000,0,1276,1276
160027,2001,0,1470,1470
160027,2002,0,1565,1565
160027,2003,0,1298,1298
160027,2004,0,1448,1448
160027,2005,0,1705,1705
160027,2006,0,1740,1740
160027,2007,0,2111,2111
160027,2008,0,2416,2416
160027,2009,0,2809,2809
160027,2010,0,3138,3138
160027,2011,0,3192,3192
160027,2012,0,3140,3140
160027,2013,0,2998,2998
160027,2014,0,3368,3368
160027,2015,0,2950,2950
160027,2016,0,2899,2899
160027,2017,0,3037,3037
160027,2018,0,2392,2392
160027,2019,0,2364,2364
160027,2020,0,2401,2401
160027,2021,0,2447,2447
160030,1988,0,6416,6416
160030,1989,0,7373,7373
160030,1990,0,6891,6891
160030,1991,0,5955,5955
160030,1992,0,5885,5885
160030,1993,0,6336,6336
160030,1994,0,2504,2504
160030,1995,0,3399,3399
160030,1996,0,7453,7453
160030,1997,0,7481,7481
160030,1998,0,7455,7455
160030,1999,0,4163,4163
160030,2000,0,4799,4799
160030,2001,0,5214,5214
160030,2002,0,5503,5503
160030,2003,0,5758,5758
160030,2004,0,6634,6634
160030,2005,0,7496,7496
160030,2006,0,7145,7145
160030,2007,0,7721,7721
160030,2008,0,9176,9176
160030,2009,0,10036,10036
160030,2010,0,10769,10769
160030,2011,0,10513,10513
160030,2012,0,10128,10128
160030,2013,4380,14135,9755
160030,2014,16500,27264,10764
160030,2015,10850,20429,9579
160030,2016,14497,23776,9279
160030,2017,17900,27522,9622
160030,2018,12300,19828,7528
160030,2019,13100,20296,7196
160030,2020,13450,20855,7405
160030,2021,5090,15495,10405
160040,1988,0,638,638
160040,1989,0,218,218
160040,1990,0,188,188
160040,1991,0,127,127
160040,1992,0,147,147
160040,1993,0,165,165
160040,1994,0,343,343
160040,1995,0,465,465
160040,1996,0,620,620
160040,1997,0,643,643
160040,1998,0,678,678
160040,1999,0,631,631
160040,2000,0,753,753
160040,2001,0,872,872
160040,2002,0,883,883
160040,2003,0,841,841
160040,2004,0,872,872
160040,2005,0,1082,1082
160040,2006,0,1065,1065
160040,2007,0,1195,1195
160040,2008,0,1426,1426
160040,2009,0,1617,1617
160040,2010,0,1716,1716
160040,2011,0,1880,1880
160040,2012,0,1716,1716
160040,2013,0,1650,1650
160040,2014,0,1881,1881
160040,2015,0,1665,1665
160040,2016,0,1657,1657
160040,2017,0,1691,1691
160040,2018,0,1337,1337
160040,2019,0,1322,1322
160040,2020,0,1359,1359
160040,2021,0,1368,1368
160050,1988,0,390,390
160050,1989,0,451,451
160050,1990,0,269,269
160050,1991,0,214,214
160050,1992,0,230,230
160050,1993,0,175,175
160050,1994,0,181,181
160050,1995,0,173,173
160050,1996,0,565,565
160050,1997,0,585,585
160050,1998,0,568,568
160050,1999,0,501,501
160050,2000,0,565,565
160050,2001,0,1475,1475
160050,2002,0,1405,1405
160050,2003,0,1557,1557
160050,2004,0,1698,1698
160050,2005,0,2040,2040
160050,2006,0,2085,2085
160050,2007,0,2225,2225
160050,2008,0,2518,2518
160050,2009,0,2762,2762
160050,2010,0,2957,2957
160050,2011,0,3237,3237
160050,2012,0,3160,3160
160050,2013,0,2845,2845
160050,2014,0,3042,3042
160050,2015,0,2774,2774
160050,2016,0,2583,2583
160050,2017,0,2734,2734
160050,2018,0,2091,2091
160050,2019,0,2082,2082
160050,2020,0,2200,2200
160050,2021,0,2202,2202
160060,1988,0,0,0
160060,1989,0,133,133
160060,1990,0,110,110
160060,1991,0,100,100
160060,1992,0,104,104
160060,1993,0,131,131
160060,1994,0,169,169
160060,1995,0,126,126
160060,1996,0,320,320
160060,1997,0,385,385
160060,1998,0,398,398
160060,1999,0,384,384
160060,2000,0,490,490
160060,2001,0,1118,1118
160060,2002,0,512,512
160060,2003,0,438,438
160060,2004,0,463,463
160060,2005,0,541,541
160060,2006,0,590,590
160060,2007,0,685,685
160060,2008,0,816,816
160060,2009,0,902,902
160060,2010,0,1003,1003
160060,2011,0,1055,1055
160060,2012,0,1107,1107
160060,2013,0,1108,1108
160060,2014,0,1233,1233
160060,2015,0,1140,1140
160060,2016,0,1088,1088
160060,2017,0,1138,1138
160060,2018,0,910,910
160060,2019,150,1058,908
160060,2020,200,1096,896
160060,2021,0,914,914
160070,1988,0,0,0
160070,1989,0,75,75
160070,1990,0,68,68
160070,1991,0,51,51
160070,1992,0,55,55
160070,1993,0,85,85
160070,1994,0,120,120
160070,1995,0,280,280
160070,1996,0,205,205
160070,1997,0,325,325
160070,1998,0,338,338
160070,1999,0,435,435
160070,2000,0,645,645
160070,2001,0,3145,3145
160070,2002,0,3018,3018
160070,2003,0,2417,2417
160070,2004,0,2142,2142
160070,2005,0,2168,2168
160070,2006,0,2040,2040
160070,2007,0,2130,2130
160070,2008,0,2598,2598
160070,2009,0,2920,2920
160070,2010,0,3174,3174
160070,2011,0,2975,2975
160070,2012,0,2762,2762
160070,2013,170,2801,2631
160070,2014,720,3502,2782
160070,2015,515,2953,2438
160070,2016,945,3231,2286
160070,2017,1150,3536,2386
160070,2018,6500,8246,1746
160070,2019,6200,7924,1724
160070,2020,6450,8232,1782
160070,2021,1625,3600,1975
170035,1988,0,0,0
170035,1989,1200,5870,4670
170035,1990,1200,5620,4420
170035,1991,150,2740,2590
170035,1992,150,3110,2960
170035,1993,0,2540,2540
170035,1994,2000,4450,2450
170035,1995,720,2833,2113
170035,1996,0,1484,1484
170035,1997,0,1610,1610
170035,1998,500,3201,2701
170035,1999,200,2938,2738
170035,2000,0,2998,2998
170035,2001,400,2787,2387
170035,2002,200,2793,2593
170035,2003,2290,5416,3126
170035,2004,2600,4703,2103
170035,2005,2500,5552,3052
170035,2006,2400,4381,1981
170035,2007,2300,4621,2321
170035,2008,500,3074,2574
170035,2009,600,3282,2682
170035,2010,650,3345,2695
170035,2011,650,2104,1454
170035,2012,2150,3373,1223
170035,2013,2771,4212,1441
170035,2014,4245,6678,2433
170035,2015,7630,11445,3815
170035,2016,9946,13984,4038
170035,2017,10612,14506,3894
170035,2018,11890,15309,3419
170035,2019,12074,15176,3102
170035,2020,11277,14510,3233
170035,2021,12560,15756,3196
170040,1988,300,9160,8860
170040,1989,470,4220,3750
170040,1990,0,2610,2610
170040,1991,0,1630,1630
170040,1992,0,4725,4725
170040,1993,130,4980,4850
170040,1994,110,2910,2800
170040,1995,360,1710,1350
170040,1996,0,1100,1100
170040,1997,0,1141,1141
170040,1998,549,1790,1241
170040,1999,500,1644,1144
170040,2000,1353,2297,944
170040,2001,150,1087,937
170040,2002,200,1097,897
170040,2003,300,1392,1092
170040,2004,500,2790,2290
170040,2005,3450,7770,4320
170040,2006,800,1550,750
170040,2007,500,1420,920
170040,2008,1250,2300,1050
170040,2009,800,1500,700
170040,2010,800,1825,1025
170040,2011,400,1215,815
170040,2012,400,1125,725
170040,2013,2000,2815,815
170040,2014,4500,5355,855
170040,2015,8000,10405,2405
170040,2016,8000,9035,1035
170040,2017,7925,16574,8649
170040,2018,8426,8969,543
170040,2019,7800,11282,3482
170040,2020,9476,13498,4022
170040,2021,10016,13853,3837
170100,1988,0,4419,4419
170100,1989,0,3109,3109
170100,1990,0,3069,3069
170100,1991,0,3145,3145
170100,1992,0,3314,3314
170100,1993,0,5254,5254
170100,1994,0,4382,4382
170100,1995,0,4792,4792
170100,1996,0,1629,1629
170100,1997,0,1356,1356
170100,1998,0,1367,1367
170100,1999,0,1625,1625
170100,2000,0,1854,1854
170100,2001,0,2004,2004
170100,2002,0,2359,2359
170100,2003,0,2715,2715
170100,2004,0,3177,3177
170100,2005,0,3060,3060
170100,2006,0,2493,2493
170100,2007,0,2309,2309
170100,2008,0,1187,1187
170100,2009,0,1338,1338
170100,2010,0,1266,1266
170100,2011,0,1256,1256
170100,2012,0,1160,1160
170100,2013,0,802,802
170100,2014,0,290,290
170100,2015,0,288,288
170100,2016,0,254,254
170100,2017,0,591,591
170100,2018,0,755,755
170100,2019,600,1444,844
170100,2020,600,1456,856
170100,2021,600,1456,856
170110,1988,0,0,0
170110,1989,0,3610,3610
170110,1990,0,3010,3010
170110,1991,0,1830,1830
170110,1992,0,1730,1730
170110,1993,10,1790,1780
170110,1994,0,1710,1710
170110,1995,0,1580,1580
170110,1996,72,1558,1486
170110,1997,0,1130,1130
170110,1998,20,1020,1000
170110,1999,0,997,997
170110,2000,0,945,945
170110,2001,500,2005,1505
170110,2002,670,2046,1376
170110,2003,2000,3319,1319
170110,2004,4200,6080,1880
170110,2005,4200,6600,2400
170110,2006,3500,5400,1900
170110,2007,2800,5400,2600
170110,2008,1700,3165,1465
170110,2009,4000,5305,1305
170110,2010,4200,5485,1285
170110,2011,10400,15140,4740
170110,2012,10400,15252,4852
170110,2013,12000,14935,2935
170110,2014,18000,20300,2300
170110,2015,18000,22750,4750
170110,2016,16751,23676,6925
170110,2017,21000,22840,1840
170110,2018,22002,26953,4951
170110,2019,22500,38680,16180
170110,2020,30000,48431,18431
170110,2021,30000,48826,18826
170190,1988,0,20980,20980
170190,1989,0,8820,8820
170190,1990,0,6035,6035
170190,1991,0,4935,4935
170190,1992,0,4710,4710
170190,1993,0,4690,4690
170190,1994,0,4550,4550
170190,1995,0,4554,4554
170190,1996,0,3979,3979
170190,1997,0,2755,2755
170190,1998,0,2110,2110
170190,1999,0,1860,1860
170190,2000,0,1635,1635
170190,2001,0,1805,1805
170190,2002,0,1601,1601
170190,2003,0,1376,1376
170190,2004,80,2005,1925
170190,2005,1000,3149,2149
170190,2006,400,1815,1415
170190,2007,0,1220,1220
170190,2008,600,2720,2120
170190,2009,800,2200,1400
170190,2010,500,1675,1175
170190,2011,2500,3600,1100
170190,2012,2400,3635,1235
170190,2013,2500,4129,1629
170190,2014,5780,7312,1532
170190,2015,12800,13428,628
170190,2016,13706,14442,736
170190,2017,19789,36678,16889
170190,2018,18869,30414,11545
170190,2019,21445,36295,14850
170190,2020,24550,38400,13850
170190,2021,29949,46837,16888
170200,1988,0,32850,32850
170200,1989,580,24880,24300
170200,1990,350,9154,8804
170200,1991,0,6020,6020
170200,1992,0,5820,5820
170200,1993,30,4465,4435
170200,1994,0,3710,3710
170200,1995,0,3315,3315
170200,1996,0,4101,4101
170200,1997,0,3995,3995
170200,1998,0,4589,4589
170200,1999,0,4267,4267
170200,2000,0,4057,4057
170200,2001,0,3526,3526
170200,2002,0,2891,2891
170200,2003,130,3166,3036
170200,2004,470,3506,3036
170200,2005,1800,4866,3066
170200,2006,1700,5825,4125
170200,2007,1600,5955,4355
170200,2008,500,5871,5371
170200,2009,600,5024,4424
170200,2010,650,5416,4766
170200,2011,700,3673,2973
170200,2012,550,2335,1785
170200,2013,2352,4004,1652
170200,2014,6177,7391,1214
170200,2015,10177,11366,1189
170200,2016,8613,10574,1961
170200,2017,8360,10431,2071
170200,2018,9635,11465,1830
170200,2019,8923,11471,2548
170200,2020,14207,17098,2891
170200,2021,15001,18349,3348
170210,1988,0,6289,6289
170210,1989,0,6809,6809
170210,1990,0,6343,6343
170210,1991,0,8428,8428
170210,1992,0,10880,10880
170210,1993,0,6828,6828
170210,1994,0,7002,7002
170210,1995,0,10262,10262
170210,1996,0,7580,7580
170210,1997,0,7843,7843
170210,1998,0,8209,8209
170210,1999,0,8452,8452
170210,2000,46,8490,8444
170210,2001,100,9043,8943
170210,2002,104,11471,11367
170210,2003,850,12921,12071
170210,2004,2020,12844,10824
170210,2005,2130,13264,11134
170210,2006,200,8895,8695
170210,2007,300,9837,9537
170210,2008,0,10523,10523
170210,2009,0,10547,10547
170210,2010,0,9798,9798
170210,2011,0,9591,9591
170210,2012,0,9352,9352
170210,2013,0,8731,8731
170210,2014,0,6690,6690
170210,2015,6500,12349,5849
170210,2016,16100,29640,13540
170210,2017,19000,28856,9856
170210,2018,20900,31024,10124
170210,2019,17664,27070,9406
170210,2020,17664,27080,9416
170210,2021,19187,29074,9887
170230,1988,0,6740,6740
170230,1989,0,7650,7650
170230,1990,0,5700,5700
170230,1991,0,1990,1990
170230,1992,0,3410,3410
170230,1993,0,3700,3700
170230,1994,0,2900,2900
170230,1995,0,2900,2900
170230,1996,0,1910,1910
170230,1997,0,3150,3150
170230,1998,0,3105,3105
170230,1999,0,2870,2870
170230,2000,0,2300,2300
170230,2001,0,2615,2615
170230,2002,0,2625,2625
170230,2003,0,2980,2980
170230,2004,0,3410,3410
170230,2005,600,4310,3710
170230,2006,1400,5250,3850
170230,2007,1040,5287,4247
170230,2008,1000,5690,4690
170230,2009,560,5290,4730
170230,2010,600,5170,4570
170230,2011,600,4380,3780
170230,2012,1300,2870,1570
170230,2013,1450,3405,1955
170230,2014,1500,3160,1660
170230,2015,1550,3380,1830
170230,2016,1550,3370,1820
170230,2017,1070,2725,1655
170230,2018,1300,2895,1595
170230,2019,1320,2680,1360
170230,2020,840,1866,1026
170230,2021,540,1566,1026
170240,1988,0,9192,9192
170240,1989,2000,6812,4812
170240,1990,0,4622,4622
170240,1991,0,3370,3370
170240,1992,0,4150,4150
170240,1993,0,4720,4720
170240,1994,0,4970,4970
170240,1995,0,5372,5372
170240,1996,0,2997,2997
170240,1997,0,2888,2888
170240,1998,0,3088,3088
170240,1999,0,3185,3185
170240,2000,0,3557,3557
170240,2001,0,3888,3888
170240,2002,0,3058,3058
170240,2003,0,3388,3388
170240,2004,0,4390,4390
170240,2005,0,4998,4998
170240,2006,0,4833,4833
170240,2007,0,5373,5373
170240,2008,0,6073,6073
170240,2009,0,7291,7291
170240,2010,0,7621,7621
170240,2011,0,6016,6016
170240,2012,0,5661,5661
170240,2013,0,6631,6631
170240,2014,0,3631,3631
170240,2015,0,2771,2771
170240,2016,0,2411,2411
170240,2017,0,919,919
170240,2018,0,1387,1387
170240,2019,0,1260,1260
170240,2020,0,1245,1245
170240,2021,0,1261,1261
170255,1988,0,6710,6710
170255,1989,0,3370,3370
170255,1990,0,2540,2540
170255,1991,0,2980,2980
170255,1992,0,2590,2590
170255,1993,0,3060,3060
170255,1994,0,2970,2970
170255,1995,0,3783,3783
170255,1996,7,1279,1272
170255,1997,0,3216,3216
170255,1998,0,1435,1435
170255,1999,0,1537,1537
170255,2000,0,1341,1341
170255,2001,0,1307,1307
170255,2002,0,1620,1620
170255,2003,0,1747,1747
170255,2004,0,2030,2030
170255,2005,0,760,760
170255,2006,0,760,760
170255,2007,0,568,568
170255,2008,0,548,548
170255,2009,0,357,357
170255,2010,0,357,357
170255,2011,0,352,352
170255,2012,0,355,355
170255,2013,0,312,312
170255,2014,0,254,254
170255,2015,0,211,211
170255,2016,0,196,196
170255,2017,0,196,196
170255,2018,0,243,243
170255,2019,0,243,243
170255,2020,0,243,243
170255,2021,0,243,243
170270,1988,0,1830,1830
170270,1989,0,1520,1520
170270,1990,0,1280,1280
170270,1991,0,1369,1369
170270,1992,0,1360,1360
170270,1993,0,1280,1280
170270,1994,140,1435,1295
170270,1995,0,1545,1545
170270,1996,0,1256,1256
170270,1997,0,971,971
170270,1998,0,991,991
170270,1999,0,775,775
170270,2000,0,1075,1075
170270,2001,0,1085,1085
170270,2002,0,1110,1110
170270,2003,0,1150,1150
170270,2004,0,1381,1381
170270,2005,0,1529,1529
170270,2006,0,1516,1516
170270,2007,0,1644,1644
170270,2008,0,1696,1696
170270,2009,0,1734,1734
170270,2010,0,1864,1864
170270,2011,0,1814,1814
170270,2012,0,1568,1568
170270,2013,1000,2826,1826
170270,2014,0,1666,1666
170270,2015,0,1475,1475
170270,2016,0,1430,1430
170270,2017,0,367,367
170270,2018,0,343,343
170270,2019,0,376,376
170270,2020,0,382,382
170270,2021,0,403,403
170290,1988,0,3620,3620
170290,1989,0,2630,2630
170290,1990,0,3510,3510
170290,1991,0,3480,3480
170290,1992,0,3610,3610
170290,1993,0,3810,3810
170290,1994,0,2970,2970
170290,1995,0,2225,2225
170290,1996,0,957,957
170290,1997,0,850,850
170290,1998,0,860,860
170290,1999,0,725,725
170290,2000,0,807,807
170290,2001,0,790,790
170290,2002,0,1135,1135
170290,2003,0,1180,1180
170290,2004,0,1458,1458
170290,2005,0,608,608
170290,2006,0,608,608
170290,2007,0,588,588
170290,2008,0,580,580
170290,2009,0,224,224
170290,2010,0,224,224
170290,2011,0,228,228
170290,2012,0,311,311
170290,2013,0,287,287
170290,2014,0,287,287
170290,2015,0,247,247
170290,2016,0,376,376
170290,2017,0,420,420
170290,2018,0,279,279
170290,2019,0,279,279
170290,2020,0,279,279
170290,2021,0,279,279
170300,1988,0,2695,2695
170300,1989,0,2333,2333
170300,1990,0,2013,2013
170300,1991,0,2817,2817
170300,1992,0,2879,2879
170300,1993,0,2249,2249
170300,1994,0,2938,2938
170300,1995,0,2995,2995
170300,1996,0,3502,3502
170300,1997,0,2404,2404
170300,1998,0,3131,3131
170300,1999,0,2784,2784
170300,2000,0,2717,2717
170300,2001,0,1398,1398
170300,2002,0,1751,1751
170300,2003,0,1813,1813
170300,2004,0,2028,2028
170300,2005,750,3002,2252
170300,2006,0,1568,1568
170300,2007,0,1405,1405
170300,2008,1000,2815,1815
170300,2009,500,2340,1840
170300,2010,600,2779,2179
170300,2011,580,1839,1259
170300,2012,600,1924,1324
170300,2013,630,1900,1270
170300,2014,1000,2442,1442
170300,2015,1000,2352,1352
170300,2016,1431,3975,2544
170300,2017,2200,3237,1037
170300,2018,2200,3237,1037
170300,2019,2200,3362,1162
170300,2020,2200,3362,1162
170300,2021,2200,3362,1162
170320,1988,0,0,0
170320,1989,0,960,960
170320,1990,0,670,670
170320,1991,0,680,680
170320,1992,0,1250,1250
170320,1993,0,1350,1350
170320,1994,0,1360,1360
170320,1995,0,1250,1250
170320,1996,0,1100,1100
170320,1997,0,1000,1000
170320,1998,0,1280,1280
170320,1999,0,1115,1115
170320,2000,0,845,845
170320,2001,0,960,960
170320,2002,0,1095,1095
170320,2003,0,1140,1140
170320,2004,0,1350,1350
170320,2005,0,1440,1440
170320,2006,0,1555,1555
170320,2007,0,1705,1705
170320,2008,0,1820,1820
170320,2009,0,1770,1770
170320,2010,0,1720,1720
170320,2011,0,1365,1365
170320,2012,0,485,485
170320,2013,0,580,580
170320,2014,0,330,330
170320,2015,0,570,570
170320,2016,0,630,630
170320,2017,0,580,580
170320,2018,0,580,580
170320,2019,0,150,150
170320,2020,520,720,200
170320,2021,1027,1407,380
170390,1988,0,0,0
170390,1989,50,6600,6550
170390,1990,0,4490,4490
170390,1991,0,3360,3360
170390,1992,0,3150,3150
170390,1993,0,3265,3265
170390,1994,0,2905,2905
170390,1995,0,2630,2630
170390,1996,0,3390,3390
170390,1997,0,1960,1960
170390,1998,0,3203,3203
170390,1999,0,2670,2670
170390,2000,0,1840,1840
170390,2001,0,1650,1650
170390,2002,0,1270,1270
170390,2003,0,1120,1120
170390,2004,2400,3750,1350
170390,2005,2300,3540,1240
170390,2006,0,740,740
170390,2007,0,610,610
170390,2008,500,1874,1374
170390,2009,500,1844,1344
170390,2010,600,1545,945
170390,2011,550,1915,1365
170390,2012,2100,3807,1707
170390,2013,4000,7481,3481
170390,2014,11200,14917,3717
170390,2015,11400,12213,813
170390,2016,46073,63059,16986
170390,2017,32361,51896,19535
170390,2018,31397,53549,22152
170390,2019,32798,54950,22152
170390,2020,44277,83687,39410
170390,2021,48248,72845,24597
170550,1988,0,4715,4715
170550,1989,0,3340,3340
170550,1990,0,940,940
170550,1991,0,1000,1000
170550,1992,0,2280,2280
170550,1993,0,1550,1550
170550,1994,0,1150,1150
170550,1995,0,1250,1250
170550,1996,0,1280,1280
170550,1997,0,1400,1400
170550,1998,0,1259,1259
170550,1999,0,934,934
170550,2000,0,735,735
170550,2001,0,820,820
170550,2002,0,920,920
170550,2003,0,890,890
170550,2004,0,1000,1000
170550,2005,200,1440,1240
170550,2006,250,1210,960
170550,2007,240,1090,850
170550,2008,200,1152,952
170550,2009,0,925,925
170550,2010,0,970,970
170550,2011,150,990,840
170550,2012,150,490,340
170550,2013,200,530,330
170550,2014,300,495,195
170550,2015,0,108,108
170550,2016,0,130,130
170550,2017,0,130,130
170550,2018,0,107,107
170550,2019,0,61,61
170550,2020,0,70,70
170550,2021,0,92,92
170555,1988,0,0,0
170555,1989,0,1745,1745
170555,1990,0,1355,1355
170555,1991,0,1329,1329
170555,1992,0,1530,1530
170555,1993,0,1550,1550
170555,1994,0,1550,1550
170555,1995,0,1545,1545
170555,1996,0,583,583
170555,1997,0,1282,1282
170555,1998,0,1232,1232
170555,1999,0,817,817
170555,2000,0,787,787
170555,2001,0,785,785
170555,2002,0,805,805
170555,2003,0,835,835
170555,2004,0,1936,1936
170555,2005,0,2125,2125
170555,2006,0,2010,2010
170555,2007,0,2060,2060
170555,2008,0,2060,2060
170555,2009,0,2060,2060
170555,2010,0,2140,2140
170555,2011,0,1840,1840
170555,2012,0,1530,1530
170555,2013,0,1800,1800
170555,2014,0,1550,1550
170555,2015,0,895,895
170555,2016,0,845,845
170555,2017,0,171,171
170555,2018,0,151,151
170555,2019,0,208,208
170555,2020,0,212,212
170555,2021,0,218,218
170600,1988,0,5265,5265
170600,1989,0,3940,3940
170600,1990,0,2830,2830
170600,1991,0,2630,2630
170600,1992,0,910,910
170600,1993,0,780,780
170600,1994,0,1430,1430
170600,1995,0,1770,1770
170600,1996,1,1804,1803
170600,1997,0,1591,1591
170600,1998,0,1485,1485
170600,1999,0,1415,1415
170600,2000,0,1185,1185
170600,2001,0,1430,1430
170600,2002,0,1550,1550
170600,2003,0,1580,1580
170600,2004,250,2000,1750
170600,2005,400,2350,1950
170600,2006,700,2450,1750
170600,2007,670,2205,1535
170600,2008,1000,2740,1740
170600,2009,1230,3040,1810
170600,2010,1300,3115,1815
170600,2011,1200,2785,1585
170600,2012,2200,2840,640
170600,2013,2300,3130,830
170600,2014,2500,3595,1095
170600,2015,2700,4552,1852
170600,2016,3000,4695,1695
170600,2017,3560,5024,1464
170600,2018,3560,4747,1187
170600,2019,6573,9061,2488
170600,2020,5922,8659,2737
170600,2021,12570,16590,4020
170610,1988,1525,44133,42608
170610,1989,4450,47892,43442
170610,1990,1500,25520,24020
170610,1991,430,19034,18604
170610,1992,288,22150,21862
170610,1993,1330,23461,22131
170610,1994,3750,29896,26146
170610,1995,1640,31684,30044
170610,1996,200,16741,16541
170610,1997,1300,24027,22727
170610,1998,3460,29929,26469
170610,1999,1400,37814,36414
170610,2000,1750,30727,28977
170610,2001,3400,35566,32166
170610,2002,2980,40121,37141
170610,2003,9700,50862,41162
170610,2004,25050,63902,38852
170610,2005,18100,59257,41157
170610,2006,20500,46367,25867
170610,2007,16000,59597,43597
170610,2008,16449,65996,49547
170610,2009,18200,63592,45392
170610,2010,18850,68532,49682
170610,2011,22100,75214,53114
170610,2012,29500,79546,50046
170610,2013,41400,95185,53785
170610,2014,76490,132215,55725
170610,2015,75074,139574,64500
170610,2016,70158,126057,55899
170610,2017,72108,151635,79527
170610,2018,78335,163606,85271
170610,2019,77105,159326,82221
170610,2020,87841,176953,89112
170610,2021,91476,188515,97039
170700,1988,140,23881,23741
170700,1989,1810,13038,11228
170700,1990,0,4455,4455
170700,1991,0,2641,2641
170700,1992,370,4211,3841
170700,1993,500,4042,3542
170700,1994,430,3390,2960
170700,1995,680,3735,3055
170700,1996,1050,3335,2285
170700,1997,500,2885,2385
170700,1998,5477,7902,2425
170700,1999,4195,6296,2101
170700,2000,4000,6130,2130
170700,2001,3396,5550,2154
170700,2002,5150,7274,2124
170700,2003,7645,10039,2394
170700,2004,16230,20674,4444
170700,2005,18500,25502,7002
170700,2006,14500,20204,5704
170700,2007,13800,20764,6964
170700,2008,24300,31944,7644
170700,2009,25600,34014,8414
170700,2010,25600,36134,10534
170700,2011,28300,37232,8932
170700,2012,28300,36595,8295
170700,2013,30000,38045,8045
170700,2014,35000,43868,8868
170700,2015,500,2739,2239
170700,2016,500,2725,2225
170700,2017,550,1877,1327
170700,2018,560,2015,1455
170700,2019,720,2713,1993
170700,2020,12800,29619,16819
170700,2021,18308,30599,12291
170710,1988,0,0,0
170710,1989,170,9845,9675
170710,1990,0,6855,6855
170710,1991,0,5070,5070
170710,1992,0,4690,4690
170710,1993,0,4950,4950
170710,1994,0,4730,4730
170710,1995,0,4230,4230
170710,1996,0,2393,2393
170710,1997,0,3576,3576
170710,1998,0,2930,2930
170710,1999,0,2716,2716
170710,2000,30,3866,3836
170710,2001,30,3370,3340
170710,2002,0,2910,2910
170710,2003,0,2540,2540
170710,2004,900,3140,2240
170710,2005,900,3210,2310
170710,2006,800,2750,1950
170710,2007,800,2310,1510
170710,2008,700,2339,1639
170710,2009,0,1385,1385
170710,2010,400,1520,1120
170710,2011,400,1475,1075
170710,2012,400,1345,945
170710,2013,300,1375,1075
170710,2014,950,1905,955
170710,2015,3330,4229,899
170710,2016,6920,8900,1980
170710,2017,8230,12603,4373
170710,2018,7863,10470,2607
170710,2019,8872,13300,4428
170710,2020,8512,13690,5178
170710,2021,18482,24354,5872
170720,1988,0,10105,10105
170720,1989,0,10330,10330
170720,1990,0,6780,6780
170720,1991,0,5460,5460
170720,1992,0,4820,4820
170720,1993,0,5240,5240
170720,1994,0,4860,4860
170720,1995,0,4420,4420
170720,1996,0,4776,4776
170720,1997,0,3202,3202
170720,1998,0,2670,2670
170720,1999,0,2350,2350
170720,2000,0,2120,2120
170720,2001,0,2080,2080
170720,2002,0,1960,1960
170720,2003,0,1510,1510
170720,2004,0,1360,1360
170720,2005,70,1250,1180
170720,2006,0,910,910
170720,2007,0,800,800
170720,2008,1322,2378,1056
170720,2009,800,1775,975
170720,2010,1000,1665,665
170720,2011,900,1500,600
170720,2012,600,1115,515
170720,2013,600,2413,1813
170720,2014,650,1776,1126
170720,2015,670,1363,693
170720,2016,670,1203,533
170720,2017,2604,4166,1562
170720,2018,3906,6132,2226
170720,2019,4000,6226,2226
170720,2020,4000,6226,2226
170720,2021,4000,6508,2508
170755,1988,20,4995,4975
170755,1989,170,2430,2260
170755,1990,0,760,760
170755,1991,0,695,695
170755,1992,0,900,900
170755,1993,0,640,640
170755,1994,0,945,945
170755,1995,0,1171,1171
170755,1996,0,637,637
170755,1997,0,1278,1278
170755,1998,0,1261,1261
170755,1999,0,1384,1384
170755,2000,0,1333,1333
170755,2001,0,1691,1691
170755,2002,0,1616,1616
170755,2003,0,1726,1726
170755,2004,50,1874,1824
170755,2005,0,3106,3106
170755,2006,0,3006,3006
170755,2007,0,3006,3006
170755,2008,230,3324,3094
170755,2009,0,3980,3980
170755,2010,0,3360,3360
170755,2011,0,3440,3440
170755,2012,600,3995,3395
170755,2013,1985,3430,1445
170755,2014,2750,2750,0
170755,2015,3430,4052,622
170755,2016,2850,2987,137
170755,2017,3680,4249,569
170755,2018,3420,4049,629
170755,2019,3420,4065,645
170755,2020,3420,4146,726
170755,2021,4150,5119,969
170770,1988,0,1482,1482
170770,1989,0,1634,1634
170770,1990,0,1647,1647
170770,1991,0,1647,1647
170770,1992,0,1954,1954
170770,1993,0,1143,1143
170770,1994,0,1412,1412
170770,1995,0,1512,1512
170770,1996,0,1982,1982
170770,1997,0,2153,2153
170770,1998,0,2572,2572
170770,1999,0,2215,2215
170770,2000,0,2016,2016
170770,2001,0,2097,2097
170770,2002,0,2627,2627
170770,2003,0,3064,3064
170770,2004,300,3658,3358
170770,2005,2000,6504,4504
170770,2006,3000,7226,4226
170770,2007,2850,6968,4118
170770,2008,5700,9361,3661
170770,2009,4500,8113,3613
170770,2010,5000,8942,3942
170770,2011,4100,6713,2613
170770,2012,6000,7836,1836
170770,2013,8000,10236,2236
170770,2014,10000,14006,4006
170770,2015,13000,17999,4999
170770,2016,13000,17996,4996
170770,2017,12370,16254,3884
170770,2018,13200,17274,4074
170770,2019,4553,6232,1679
170770,2020,3656,5358,1702
170770,2021,11133,12839,1706
170830,1988,0,0,0
170830,1989,0,6230,6230
170830,1990,0,4010,4010
170830,1991,0,1735,1735
170830,1992,0,1468,1468
170830,1993,0,878,878
170830,1994,0,1588,1588
170830,1995,0,1818,1818
170830,1996,0,2137,2137
170830,1997,0,1440,1440
170830,1998,0,1225,1225
170830,1999,0,1265,1265
170830,2000,0,1470,1470
170830,2001,0,2075,2075
170830,2002,0,2180,2180
170830,2003,0,2130,2130
170830,2004,0,2210,2210
170830,2005,0,2320,2320
170830,2006,0,2160,2160
170830,2007,0,1970,1970
170830,2008,300,2370,2070
170830,2009,600,2460,1860
170830,2010,650,2640,1990
170830,2011,300,1965,1665
170830,2012,200,670,470
170830,2013,0,450,450
170830,2014,0,370,370
170830,2015,120,740,620
170830,2016,120,740,620
170830,2017,4210,5610,1400
170830,2018,3000,3400,400
170830,2019,1845,3184,1339
170830,2020,6729,7623,894
170830,2021,11000,12137,1137
170930,1988,590,10027,9437
170930,1989,1600,12695,11095
170930,1990,800,8320,7520
170930,1991,750,8749,7999
170930,1992,370,4351,3981
170930,1993,160,1935,1775
170930,1994,270,2188,1918
170930,1995,390,2624,2234
170930,1996,130,2960,2830
170930,1997,300,2229,1929
170930,1998,720,2262,1542
170930,1999,300,1502,1202
170930,2000,275,2178,1903
170930,2001,1424,3529,2105
170930,2002,3070,4815,1745
170930,2003,8160,9920,1760
170930,2004,13400,17280,3880
170930,2005,22260,27660,5400
170930,2006,22500,28805,6305
170930,2007,20000,25375,5375
170930,2008,19500,22690,3190
170930,2009,17900,21740,3840
170930,2010,19800,23720,3920
170930,2011,21500,24505,3005
170930,2012,21000,27093,6093
170930,2013,26100,31755,5655
170930,2014,27100,36492,9392
170930,2015,27100,31240,4140
170930,2016,24300,36590,12290
170930,2017,23497,28825,5328
170930,2018,25979,33120,7141
170930,2019,27924,42420,14496
170930,2020,19880,36880,17000
170930,2021,24705,42483,17778
170950,1988,13040,69835,56795
170950,1989,14350,69531,55181
170950,1990,13230,49295,36065
170950,1991,100,39486,39386
170950,1992,35,47148,47113
170950,1993,6980,44055,37075
170950,1994,10730,50774,40044
170950,1995,2287,49528,47241
170950,1996,1000,47338,46338
170950,1997,10200,54193,43993
170950,1998,8930,51429,42499
170950,1999,6132,51652,45520
170950,2000,12375,52407,40032
170950,2001,15337,41005,25668
170950,2002,14290,44556,30266
170950,2003,18510,56105,37595
170950,2004,19820,58354,38534
170950,2005,22240,63020,40780
170950,2006,14910,38235,23325
170950,2007,11100,37157,26057
170950,2008,13717,42316,28599
170950,2009,15950,49763,33813
170950,2010,20220,59984,39764
170950,2011,19860,58845,38985
170950,2012,21903,54144,32241
170950,2013,44851,83803,38952
170950,2014,50173,82825,32652
170950,2015,53305,95424,42119
170950,2016,44697,84986,40289
170950,2017,46091,88348,42257
170950,2018,32761,73196,40435
170950,2019,32154,68953,36799
170950,2020,34811,75119,40308
170950,2021,37539,82654,45115
171050,1988,0,7210,7210
171050,1989,400,9520,9120
171050,1990,2000,10820,8820
171050,1991,0,6155,6155
171050,1992,0,8800,8800
171050,1993,0,6200,6200
171050,1994,2000,8023,6023
171050,1995,2050,8968,6918
171050,1996,469,8122,7653
171050,1997,710,7023,6313
171050,1998,1420,9523,8103
171050,1999,3600,12990,9390
171050,2000,7000,16113,9113
171050,2001,13656,22486,8830
171050,2002,20200,36697,16497
171050,2003,24820,40700,15880
171050,2004,34910,55603,20693
171050,2005,60850,97626,36776
171050,2006,64700,85484,20784
171050,2007,63880,84252,20372
171050,2008,67850,107601,39751
171050,2009,64450,95302,30852
171050,2010,74800,108130,33330
171050,2011,79200,114471,35271
171050,2012,83900,131799,47899
171050,2013,96700,139956,43256
171050,2014,113832,172782,58950
171050,2015,124400,195461,71061
171050,2016,112700,166755,54055
171050,2017,80740,132347,51607
171050,2018,111283,156047,44764
171050,2019,107283,168108,60825
171050,2020,107483,164837,57354
171050,2021,158080,239793,81713
171110,1988,0,6490,6490
171110,1989,0,7660,7660
171110,1990,0,7040,7040
171110,1991,0,2869,2869
171110,1992,0,2450,2450
171110,1993,0,3030,3030
171110,1994,0,2330,2330
171110,1995,0,2450,2450
171110,1996,0,1280,1280
171110,1997,0,1400,1400
171110,1998,0,1320,1320
171110,1999,0,1340,1340
171110,2000,0,1315,1315
171110,2001,0,1480,1480
171110,2002,0,1500,1500
171110,2003,0,1510,1510
171110,2004,0,1660,1660
171110,2005,0,1770,1770
171110,2006,0,1890,1890
171110,2007,0,1680,1680
171110,2008,0,1790,1790
171110,2009,0,1680,1680
171110,2010,0,1810,1810
171110,2011,0,1500,1500
171110,2012,0,750,750
171110,2013,0,770,770
171110,2014,0,420,420
171110,2015,0,367,367
171110,2016,0,349,349
171110,2017,0,72,72
171110,2018,0,305,305
171110,2019,0,161,161
171110,2020,0,136,136
171110,2021,0,136,136
171240,1988,0,2385,2385
171240,1989,0,2635,2635
171240,1990,0,2025,2025
171240,1991,0,1555,1555
171240,1992,0,1520,1520
171240,1993,0,1460,1460
171240,1994,0,1440,1440
171240,1995,0,1310,1310
171240,1996,0,1615,1615
171240,1997,0,1040,1040
171240,1998,0,650,650
171240,1999,0,680,680
171240,2000,0,640,640
171240,2001,0,620,620
171240,2002,0,610,610
171240,2003,0,430,430
171240,2004,0,400,400
171240,2005,200,580,380
171240,2006,200,580,380
171240,2007,0,390,390
171240,2008,0,400,400
171240,2009,0,370,370
171240,2010,0,380,380
171240,2011,0,300,300
171240,2012,0,370,370
171240,2013,0,320,320
171240,2014,0,315,315
171240,2015,1500,1860,360
171240,2016,2800,3280,480
171240,2017,1500,1820,320
171240,2018,3500,5890,2390
171240,2019,1255,4410,3155
171240,2020,1905,6966,5061
171240,2021,2000,7311,5311
171250,1988,0,0,0
171250,1989,0,3245,3245
171250,1990,0,2305,2305
171250,1991,0,2000,2000
171250,1992,0,1770,1770
171250,1993,0,3900,3900
171250,1994,0,3480,3480
171250,1995,0,3240,3240
171250,1996,0,3337,3337
171250,1997,0,3280,3280
171250,1998,0,4220,4220
171250,1999,0,7304,7304
171250,2000,0,6690,6690
171250,2001,0,3260,3260
171250,2002,0,2320,2320
171250,2003,0,2055,2055
171250,2004,0,4055,4055
171250,2005,300,4105,3805
171250,2006,500,1750,1250
171250,2007,0,940,940
171250,2008,0,1030,1030
171250,2009,0,1570,1570
171250,2010,0,1355,1355
171250,2011,0,960,960
171250,2012,0,631,631
171250,2013,5000,5701,701
171250,2014,6200,6417,217
171250,2015,15000,15567,567
171250,2016,12714,19242,6528
171250,2017,20243,27046,6803
171250,2018,18574,24682,6108
171250,2019,27300,34333,7033
171250,2020,14740,24948,10208
171250,2021,21347,30696,9349
171320,1988,0,21135,21135
171320,1989,0,8740,8740
171320,1990,0,4620,4620
171320,1991,0,3850,3850
171320,1992,0,5630,5630
171320,1993,0,5340,5340
171320,1994,0,5950,5950
171320,1995,0,5457,5457
171320,1996,0,2418,2418
171320,1997,0,2660,2660
171320,1998,40,2490,2450
171320,1999,0,2295,2295
171320,2000,0,2068,2068
171320,2001,0,1733,1733
171320,2002,0,2370,2370
171320,2003,0,1643,1643
171320,2004,180,1727,1547
171320,2005,4580,6107,1527
171320,2006,4540,6347,1807
171320,2007,4000,5198,1198
171320,2008,8590,10911,2321
171320,2009,5200,7817,2617
171320,2010,4700,7192,2492
171320,2011,5200,6554,1354
171320,2012,5200,6823,1623
171320,2013,5200,6200,1000
171320,2014,9700,10615,915
171320,2015,13300,16245,2945
171320,2016,13700,16620,2920
171320,2017,16900,19974,3074
171320,2018,17000,39910,22910
171320,2019,18008,43105,25097
171320,2020,16730,35576,18846
171320,2021,16980,36026,19046
171330,1988,0,7210,7210
171330,1989,0,7670,7670
171330,1990,0,5100,5100
171330,1991,0,4090,4090
171330,1992,0,3620,3620
171330,1993,0,3940,3940
171330,1994,0,3760,3760
171330,1995,0,3490,3490
171330,1996,0,1166,1166
171330,1997,0,2695,2695
171330,1998,0,1780,1780
171330,1999,0,1450,1450
171330,2000,0,1290,1290
171330,2001,0,1190,1190
171330,2002,0,1220,1220
171330,2003,0,1030,1030
171330,2004,220,1020,800
171330,2005,540,1720,1180
171330,2006,900,1960,1060
171330,2007,900,1740,840
171330,2008,880,1735,855
171330,2009,800,1760,960
171330,2010,800,1675,875
171330,2011,1000,1730,730
171330,2012,900,1705,805
171330,2013,880,1580,700
171330,2014,2260,2820,560
171330,2015,2260,3010,750
171330,2016,2300,3080,780
171330,2017,6750,7515,765
171330,2018,12368,16189,3821
171330,2019,9067,14750,5683
171330,2020,11550,19589,8039
171330,2021,12012,20671,8659
171360,1988,0,11740,11740
171360,1989,640,13337,12697
171360,1990,0,6205,6205
171360,1991,0,3111,3111
171360,1992,0,3688,3688
171360,1993,0,3044,3044
171360,1994,0,2493,2493
171360,1995,0,2920,2920
171360,1996,0,1310,1310
171360,1997,0,2487,2487
171360,1998,0,2504,2504
171360,1999,0,2992,2992
171360,2000,690,2987,2297
171360,2001,20,2997,2977
171360,2002,1500,4579,3079
171360,2003,300,2979,2679
171360,2004,4200,6964,2764
171360,2005,5200,11109,5909
171360,2006,6500,10509,4009
171360,2007,5525,9314,3789
171360,2008,11900,16039,4139
171360,2009,11900,16259,4359
171360,2010,12000,18659,6659
171360,2011,13000,19722,6722
171360,2012,11000,17010,6010
171360,2013,17000,19195,2195
171360,2014,27000,31350,4350
171360,2015,32650,39550,6900
171360,2016,29500,34950,5450
171360,2017,31500,34487,2987
171360,2018,36143,42833,6690
171360,2019,38000,49535,11535
171360,2020,36000,49255,13255
171360,2021,36500,50910,14410
171420,1988,25,14860,14835
171420,1989,0,4245,4245
171420,1990,0,2190,2190
171420,1991,0,1755,1755
171420,1992,0,1410,1410
171420,1993,0,1165,1165
171420,1994,0,1185,1185
171420,1995,0,1295,1295
171420,1996,0,1887,1887
171420,1997,0,963,963
171420,1998,0,983,983
171420,1999,0,973,973
171420,2000,0,1390,1390
171420,2001,0,1385,1385
171420,2002,0,1390,1390
171420,2003,1550,3465,1915
171420,2004,510,2879,2369
171420,2005,3250,7090,3840
171420,2006,4000,7832,3832
171420,2007,5200,8920,3720
171420,2008,4800,8975,4175
171420,2009,4500,8193,3693
171420,2010,4500,8543,4043
171420,2011,5500,8202,2702
171420,2012,6500,8963,2463
171420,2013,9000,11712,2712
171420,2014,12400,15214,2814
171420,2015,16000,20327,4327
171420,2016,16000,19230,3230
171420,2017,13300,15453,2153
171420,2018,13340,14559,1219
171420,2019,14376,19696,5320
171420,2020,14500,20594,6094
171420,2021,15400,21562,6162
171488,1988,0,6365,6365
171488,1989,0,6990,6990
171488,1990,0,5350,5350
171488,1991,0,2950,2950
171488,1992,0,2390,2390
171488,1993,0,2360,2360
171488,1994,0,1930,1930
171488,1995,0,1960,1960
171488,1996,0,850,850
171488,1997,0,1160,1160
171488,1998,0,915,915
171488,1999,0,920,920
171488,2000,0,710,710
171488,2001,0,830,830
171488,2002,0,890,890
171488,2003,0,1020,1020
171488,2004,400,1470,1070
171488,2005,5000,6980,1980
171488,2006,6000,7860,1860
171488,2007,5700,7340,1640
171488,2008,5800,7500,1700
171488,2009,5500,7050,1550
171488,2010,6000,7630,1630
171488,2011,200,1580,1380
171488,2012,200,820,620
171488,2013,250,1086,836
171488,2014,400,1125,725
171488,2015,430,1038,608
171488,2016,430,1033,603
171488,2017,230,866,636
171488,2018,370,903,533
171488,2019,370,707,337
171488,2020,370,735,365
171488,2021,370,735,365
171500,1988,0,0,0
171500,1989,100,1215,1115
171500,1990,0,896,896
171500,1991,0,851,851
171500,1992,0,820,820
171500,1993,0,1665,1665
171500,1994,0,1757,1757
171500,1995,0,1882,1882
171500,1996,0,375,375
171500,1997,0,1507,1507
171500,1998,0,1302,1302
171500,1999,0,2127,2127
171500,2000,0,2384,2384
171500,2001,0,2479,2479
171500,2002,0,2275,2275
171500,2003,0,2735,2735
171500,2004,70,1250,1180
171500,2005,0,1149,1149
171500,2006,0,1094,1094
171500,2007,0,1094,1094
171500,2008,0,1114,1114
171500,2009,0,1104,1104
171500,2010,0,1094,1094
171500,2011,0,970,970
171500,2012,0,785,785
171500,2013,0,650,650
171500,2014,3500,4205,705
171500,2015,3600,4330,730
171500,2016,3600,4055,455
171500,2017,3835,7960,4125
171500,2018,5910,8383,2473
171500,2019,5010,7365,2355
171500,2020,5537,7893,2356
171500,2021,7501,10032,2531
171575,1988,2626,34573,31947
171575,1989,4610,35174,30564
171575,1990,1500,7334,5834
171575,1991,500,4352,3852
171575,1992,200,3912,3712
171575,1993,0,3152,3152
171575,1994,0,4771,4771
171575,1995,0,4258,4258
171575,1996,2,2666,2664
171575,1997,0,2419,2419
171575,1998,0,1591,1591
171575,1999,0,1647,1647
171575,2000,0,1577,1577
171575,2001,0,1362,1362
171575,2002,0,1272,1272
171575,2003,0,1151,1151
171575,2004,0,1648,1648
171575,2005,500,2724,2224
171575,2006,0,2398,2398
171575,2007,0,2585,2585
171575,2008,100,2756,2656
171575,2009,0,2907,2907
171575,2010,990,4123,3133
171575,2011,1000,2025,1025
171575,2012,500,2040,1540
171575,2013,2310,3744,1434
171575,2014,2260,3723,1463
171575,2015,3215,4396,1181
171575,2016,2110,3038,928
171575,2017,2220,3784,1564
171575,2018,2250,3736,1486
171575,2019,2020,3417,1397
171575,2020,2860,4318,1458
171575,2021,3527,4986,1459
171610,1988,0,4295,4295
171610,1989,0,3195,3195
171610,1990,0,1575,1575
171610,1991,0,1105,1105
171610,1992,62,3127,3065
171610,1993,0,2099,2099
171610,1994,0,1671,1671
171610,1995,0,1736,1736
171610,1996,0,1750,1750
171610,1997,0,1210,1210
171610,1998,0,1215,1215
171610,1999,0,2019,2019
171610,2000,0,2505,2505
171610,2001,0,2370,2370
171610,2002,0,1910,1910
171610,2003,0,1850,1850
171610,2004,1100,2895,1795
171610,2005,1500,3235,1735
171610,2006,1300,2805,1505
171610,2007,1300,2790,1490
171610,2008,1000,2480,1480
171610,2009,600,1777,1177
171610,2010,0,1250,1250
171610,2011,0,1135,1135
171610,2012,1000,2702,1702
171610,2013,900,2761,1861
171610,2014,2000,4067,2067
171610,2015,14500,15881,1381
171610,2016,3898,5167,1269
171610,2017,2895,4565,1670
171610,2018,2655,3755,1100
171610,2019,3895,6151,2256
171610,2020,4198,20479,16281
171610,2021,5126,7671,2545
171620,1988,0,3793,3793
171620,1989,3700,7004,3304
171620,1990,0,1670,1670
171620,1991,0,1604,1604
171620,1992,0,1830,1830
171620,1993,0,1874,1874
171620,1994,200,2060,1860
171620,1995,0,1860,1860
171620,1996,0,1414,1414
171620,1997,0,1855,1855
171620,1998,0,1767,1767
171620,1999,0,1532,1532
171620,2000,0,1712,1712
171620,2001,0,1512,1512
171620,2002,0,1337,1337
171620,2003,0,1680,1680
171620,2004,0,1840,1840
171620,2005,0,1657,1657
171620,2006,0,1937,1937
171620,2007,0,1932,1932
171620,2008,0,2455,2455
171620,2009,0,1779,1779
171620,2010,30,1910,1880
171620,2011,0,1015,1015
171620,2012,0,780,780
171620,2013,0,696,696
171620,2014,0,647,647
171620,2015,0,657,657
171620,2016,0,592,592
171620,2017,0,614,614
171620,2018,0,490,490
171620,2019,0,422,422
171620,2020,0,440,440
171620,2021,0,450,450
171650,1988,200,7780,7580
171650,1989,1700,11960,10260
171650,1990,400,13180,12780
171650,1991,400,11858,11458
171650,1992,920,12180,11260
171650,1993,609,3415,2806
171650,1994,2750,7003,4253
171650,1995,4080,8116,4036
171650,1996,1440,6077,4637
171650,1997,16400,23929,7529
171650,1998,20000,27943,7943
171650,1999,20760,30123,9363
171650,2000,25560,32573,7013
171650,2001,31390,37465,6075
171650,2002,33200,38323,5123
171650,2003,37266,39626,2360
171650,2004,43500,52845,9345
171650,2005,53000,63750,10750
171650,2006,53380,69035,15655
171650,2007,45000,58415,13415
171650,2008,40200,49450,9250
171650,2009,33250,46590,13340
171650,2010,31200,39800,8600
171650,2011,20200,46228,26028
171650,2012,20200,55402,35202
171650,2013,29000,54084,25084
171650,2014,26808,62998,36190
171650,2015,36000,75885,39885
171650,2016,35713,77488,41775
171650,2017,29700,64821,35121
171650,2018,33249,87337,54088
171650,2019,33500,88480,54980
171650,2020,39600,88518,48918
171650,2021,98176,186212,88036
171660,1988,5650,60097,54447
171660,1989,11390,53766,42376
171660,1990,7840,35122,27282
171660,1991,1670,18019,16349
171660,1992,3075,39202,36127
171660,1993,2421,25085,22664
171660,1994,5015,24511,19496
171660,1995,6520,21878,15358
171660,1996,2191,15392,13201
171660,1997,1140,13513,12373
171660,1998,4026,17079,13053
171660,1999,2000,14733,12733
171660,2000,2630,15411,12781
171660,2001,5000,16219,11219
171660,2002,4003,14557,10554
171660,2003,8350,17594,9244
171660,2004,19190,30011,10821
171660,2005,21720,32789,11069
171660,2006,14250,23737,9487
171660,2007,14320,23843,9523
171660,2008,18400,31551,13151
171660,2009,20780,33526,12746
171660,2010,28800,41193,12393
171660,2011,28472,36241,7769
171660,2012,37590,43583,5993
171660,2013,51296,55895,4599
171660,2014,87446,92814,5368
171660,2015,120869,129145,8276
171660,2016,115753,127530,11777
171660,2017,125058,139383,14325
171660,2018,136597,149339,12742
171660,2019,128266,142116,13850
171660,2020,134292,148707,14415
171660,2021,139390,164492,25102
171665,1988,0,0,0
171665,1989,0,1000,1000
171665,1990,0,580,580
171665,1991,0,1050,1050
171665,1992,0,840,840
171665,1993,0,580,580
171665,1994,0,750,750
171665,1995,0,890,890
171665,1996,0,761,761
171665,1997,0,800,800
171665,1998,0,805,805
171665,1999,0,1745,1745
171665,2000,0,780,780
171665,2001,0,940,940
171665,2002,200,1220,1020
171665,2003,200,1220,1020
171665,2004,350,1490,1140
171665,2005,450,1700,1250
171665,2006,600,1760,1160
171665,2007,570,1880,1310
171665,2008,0,1400,1400
171665,2009,0,1260,1260
171665,2010,0,1250,1250
171665,2011,0,1055,1055
171665,2012,0,550,550
171665,2013,0,580,580
171665,2014,0,375,375
171665,2015,0,560,560
171665,2016,0,620,620
171665,2017,180,1295,1115
171665,2018,0,450,450
171665,2019,250,1154,904
171665,2020,1100,2299,1199
171665,2021,1100,2101,1001
171670,1988,0,6355,6355
171670,1989,0,2349,2349
171670,1990,0,1007,1007
171670,1991,0,1459,1459
171670,1992,0,1740,1740
171670,1993,0,1115,1115
171670,1994,0,1215,1215
171670,1995,0,1535,1535
171670,1996,0,1082,1082
171670,1997,0,1261,1261
171670,1998,0,1500,1500
171670,1999,0,1715,1715
171670,2000,0,2515,2515
171670,2001,0,3370,3370
171670,2002,0,3480,3480
171670,2003,0,3600,3600
171670,2004,0,3800,3800
171670,2005,0,3850,3850
171670,2006,0,3610,3610
171670,2007,0,3350,3350
171670,2008,0,3490,3490
171670,2009,0,3060,3060
171670,2010,0,2990,2990
171670,2011,0,2460,2460
171670,2012,0,470,470
171670,2013,0,510,510
171670,2014,0,290,290
171670,2015,0,220,220
171670,2016,0,217,217
171670,2017,0,145,145
171670,2018,0,137,137
171670,2019,0,101,101
171670,2020,0,126,126
171670,2021,0,114,114
171700,1988,0,5240,5240
171700,1989,0,4920,4920
171700,1990,0,2120,2120
171700,1991,0,2150,2150
171700,1992,0,2138,2138
171700,1993,0,2063,2063
171700,1994,0,2085,2085
171700,1995,0,1870,1870
171700,1996,0,1268,1268
171700,1997,0,1207,1207
171700,1998,0,1212,1212
171700,1999,0,3317,3317
171700,2000,0,6702,6702
171700,2001,0,8310,8310
171700,2002,0,8305,8305
171700,2003,0,8185,8185
171700,2004,0,2620,2620
171700,2005,0,2725,2725
171700,2006,0,2685,2685
171700,2007,0,2435,2435
171700,2008,0,2515,2515
171700,2009,0,2515,2515
171700,2010,0,2515,2515
171700,2011,0,2615,2615
171700,2012,0,2465,2465
171700,2013,0,1085,1085
171700,2014,0,624,624
171700,2015,0,28,28
171700,2016,0,94,94
171700,2017,500,750,250
171700,2018,871,1280,409
171700,2019,972,1583,611
171700,2020,1000,1765,765
171700,2021,3100,3993,893
171750,1988,0,11902,11902
171750,1989,0,11190,11190
171750,1990,0,7025,7025
171750,1991,0,3945,3945
171750,1992,0,5687,5687
171750,1993,0,4234,4234
171750,1994,0,5442,5442
171750,1995,0,4709,4709
171750,1996,0,4770,4770
171750,1997,0,5616,5616
171750,1998,0,4811,4811
171750,1999,0,11373,11373
171750,2000,0,6629,6629
171750,2001,320,11242,10922
171750,2002,0,8396,8396
171750,2003,0,11756,11756
171750,2004,1840,8631,6791
171750,2005,2200,10304,8104
171750,2006,1000,7464,6464
171750,2007,3846,9725,5879
171750,2008,500,7380,6880
171750,2009,640,5271,4631
171750,2010,1500,5305,3805
171750,2011,1400,7175,5775
171750,2012,3700,11540,7840
171750,2013,1340,6825,5485
171750,2014,4340,15028,10688
171750,2015,9900,19524,9624
171750,2016,10391,25823,15432
171750,2017,10378,21460,11082
171750,2018,14017,34087,20070
171750,2019,15816,42373,26557
171750,2020,13786,39433,25647
171750,2021,24750,48234,23484
171780,1988,300,3696,3396
171780,1989,1000,3394,2394
171780,1990,0,1261,1261
171780,1991,0,1231,1231
171780,1992,0,1477,1477
171780,1993,0,1478,1478
171780,1994,0,1538,1538
171780,1995,0,1560,1560
171780,1996,0,1445,1445
171780,1997,0,1442,1442
171780,1998,0,1442,1442
171780,1999,0,1194,1194
171780,2000,0,1301,1301
171780,2001,0,1341,1341
171780,2002,800,2111,1311
171780,2003,1087,2743,1656
171780,2004,1000,3712,2712
171780,2005,1200,3439,2239
171780,2006,1200,2878,1678
171780,2007,1000,3196,2196
171780,2008,1200,3646,2446
171780,2009,600,4096,3496
171780,2010,600,4276,3676
171780,2011,0,3666,3666
171780,2012,0,3518,3518
171780,2013,0,2738,2738
171780,2014,0,2558,2558
171780,2015,0,2555,2555
171780,2016,0,2495,2495
171780,2017,0,592,592
171780,2018,0,587,587
171780,2019,0,542,542
171780,2020,290,821,531
171780,2021,180,718,538
171790,1988,699,10192,9493
171790,1989,4620,12915,8295
171790,1990,0,4676,4676
171790,1991,0,2553,2553
171790,1992,1320,4652,3332
171790,1993,1650,8514,6864
171790,1994,1815,4678,2863
171790,1995,200,2927,2727
171790,1996,0,1367,1367
171790,1997,3500,5897,2397
171790,1998,9250,11612,2362
171790,1999,6000,7506,1506
171790,2000,0,1890,1890
171790,2001,3250,8761,5511
171790,2002,13020,20835,7815
171790,2003,15480,19810,4330
171790,2004,20700,25505,4805
171790,2005,30800,40380,9580
171790,2006,28135,37945,9810
171790,2007,28135,37520,9385
171790,2008,27800,40460,12660
171790,2009,27000,35920,8920
171790,2010,30000,38910,8910
171790,2011,41000,50530,9530
171790,2012,33000,41733,8733
171790,2013,42000,51865,9865
171790,2014,35000,42480,7480
171790,2015,35300,37940,2640
171790,2016,38003,43556,5553
171790,2017,43000,49462,6462
171790,2018,45000,51479,6479
171790,2019,45000,51437,6437
171790,2020,46000,52574,6574
171790,2021,49000,54107,5107
171800,1988,0,0,0
171800,1989,320,2721,2401
171800,1990,0,1000,1000
171800,1991,0,655,655
171800,1992,0,835,835
171800,1993,0,1107,1107
171800,1994,0,1010,1010
171800,1995,200,1210,1010
171800,1996,0,421,421
171800,1997,0,845,845
171800,1998,0,895,895
171800,1999,0,706,706
171800,2000,0,611,611
171800,2001,0,629,629
171800,2002,0,614,614
171800,2003,0,684,684
171800,2004,600,1485,885
171800,2005,720,1765,1045
171800,2006,100,940,840
171800,2007,0,970,970
171800,2008,200,1310,1110
171800,2009,0,767,767
171800,2010,0,832,832
171800,2011,0,1022,1022
171800,2012,0,720,720
171800,2013,0,910,910
171800,2014,0,870,870
171800,2015,0,1093,1093
171800,2016,0,1083,1083
171800,2017,0,122,122
171800,2018,0,158,158
171800,2019,0,163,163
171800,2020,430,890,460
171800,2021,1045,1520,475
171820,1988,960,32814,31854
171820,1989,1630,24657,23027
171820,1990,1200,13346,12146
171820,1991,400,6531,6131
171820,1992,150,8200,8050
171820,1993,2125,6309,4184
171820,1994,1900,5640,3740
171820,1995,580,5771,5191
171820,1996,450,5814,5364
171820,1997,355,5053,4698
171820,1998,1650,7348,5698
171820,1999,80,6848,6768
171820,2000,310,6840,6530
171820,2001,880,7999,7119
171820,2002,880,7575,6695
171820,2003,3830,8857,5027
171820,2004,8500,19129,10629
171820,2005,13430,24383,10953
171820,2006,14700,30903,16203
171820,2007,11000,21175,10175
171820,2008,15500,25105,9605
171820,2009,14600,21396,6796
171820,2010,15800,23724,7924
171820,2011,26140,35303,9163
171820,2012,28000,40638,12638
171820,2013,33000,41259,8259
171820,2014,43800,53148,9348
171820,2015,50247,72732,22485
171820,2016,46300,63284,16984
171820,2017,48155,65847,17692
171820,2018,42776,59438,16662
171820,2019,44641,62042,17401
171820,2020,45900,62673,16773
171820,2021,48850,66402,17552
171840,1988,0,3915,3915
171840,1989,0,3450,3450
171840,1990,0,2420,2420
171840,1991,0,2406,2406
171840,1992,0,2350,2350
171840,1993,0,2705,2705
171840,1994,0,2840,2840
171840,1995,0,2760,2760
171840,1996,0,1285,1285
171840,1997,0,2360,2360
171840,1998,0,1390,1390
171840,1999,0,1400,1400
171840,2000,0,1075,1075
171840,2001,0,1365,1365
171840,2002,1300,2820,1520
171840,2003,1250,3395,2145
171840,2004,5900,8840,2940
171840,2005,12350,18420,6070
171840,2006,15500,21110,5610
171840,2007,14700,20260,5560
171840,2008,5200,11665,6465
171840,2009,4400,9750,5350
171840,2010,4700,10970,6270
171840,2011,3500,7490,3990
171840,2012,2800,5410,2610
171840,2013,3100,5230,2130
171840,2014,4000,5970,1970
171840,2015,1650,4290,2640
171840,2016,1650,2745,1095
171840,2017,1700,3221,1521
171840,2018,1200,1990,790
171840,2019,560,1867,1307
171840,2020,410,1367,957
171840,2021,0,295,295
171875,1988,0,3385,3385
171875,1989,0,3635,3635
171875,1990,0,3025,3025
171875,1991,0,1965,1965
171875,1992,0,1750,1750
171875,1993,0,1760,1760
171875,1994,0,1620,1620
171875,1995,0,1430,1430
171875,1996,0,1540,1540
171875,1997,0,1270,1270
171875,1998,0,1350,1350
171875,1999,40,1220,1180
171875,2000,0,1090,1090
171875,2001,0,1000,1000
171875,2002,0,1035,1035
171875,2003,0,890,890
171875,2004,726,1496,770
171875,2005,900,1610,710
171875,2006,875,1551,676
171875,2007,800,1305,505
171875,2008,800,1325,525
171875,2009,600,1100,500
171875,2010,700,1185,485
171875,2011,700,1115,415
171875,2012,700,1170,470
171875,2013,700,1090,390
171875,2014,700,1000,300
171875,2015,700,1050,350
171875,2016,1210,1520,310
171875,2017,1000,1251,251
171875,2018,2125,3495,1370
171875,2019,3300,5749,2449
171875,2020,3700,6358,2658
171875,2021,4070,6855,2785
171880,1988,0,0,0
171880,1989,0,4440,4440
171880,1990,0,5340,5340
171880,1991,0,5110,5110
171880,1992,0,5610,5610
171880,1993,0,5700,5700
171880,1994,0,5280,5280
171880,1995,0,5100,5100
171880,1996,0,1286,1286
171880,1997,0,2420,2420
171880,1998,0,2675,2675
171880,1999,0,2045,2045
171880,2000,0,1615,1615
171880,2001,0,1545,1545
171880,2002,0,1990,1990
171880,2003,0,2195,2195
171880,2004,0,2620,2620
171880,2005,0,1124,1124
171880,2006,0,1124,1124
171880,2007,0,696,696
171880,2008,0,685,685
171880,2009,0,418,418
171880,2010,0,396,396
171880,2011,0,412,412
171880,2012,0,510,510
171880,2013,0,499,499
171880,2014,0,471,471
171880,2015,0,404,404
171880,2016,0,424,424
171880,2017,0,449,449
171880,2018,0,846,846
171880,2019,0,850,850
171880,2020,0,1021,1021
171880,2021,0,1070,1070
171890,1988,0,0,0
171890,1989,0,2588,2588
171890,1990,0,2855,2855
171890,1991,0,1760,1760
171890,1992,0,2067,2067
171890,1993,0,1417,1417
171890,1994,0,1445,1445
171890,1995,40,1373,1333
171890,1996,0,723,723
171890,1997,0,924,924
171890,1998,0,935,935
171890,1999,200,1049,849
171890,2000,100,1757,1657
171890,2001,650,2185,1535
171890,2002,2260,3840,1580
171890,2003,4000,5460,1460
171890,2004,8000,10290,2290
171890,2005,12000,15430,3430
171890,2006,7000,9450,2450
171890,2007,6500,8680,2180
171890,2008,7000,9685,2685
171890,2009,7000,11685,4685
171890,2010,10760,13425,2665
171890,2011,15300,17535,2235
171890,2012,16000,18518,2518
171890,2013,19500,21780,2280
171890,2014,26500,26500,0
171890,2015,35000,44000,9000
171890,2016,29500,31200,1700
171890,2017,36000,42344,6344
171890,2018,29321,35137,5816
171890,2019,33500,40944,7444
171890,2020,37000,49089,12089
171890,2021,37800,50289,12489
171900,1988,0,2620,2620
171900,1989,0,2670,2670
171900,1990,0,1990,1990
171900,1991,0,1645,1645
171900,1992,0,1480,1480
171900,1993,0,1335,1335
171900,1994,0,1495,1495
171900,1995,0,1579,1579
171900,1996,0,1372,1372
171900,1997,0,1571,1571
171900,1998,0,1617,1617
171900,1999,0,1575,1575
171900,2000,0,1652,1652
171900,2001,0,2018,2018
171900,2002,0,2465,2465
171900,2003,0,2285,2285
171900,2004,0,2963,2963
171900,2005,0,3657,3657
171900,2006,0,3657,3657
171900,2007,0,3727,3727
171900,2008,0,3762,3762
171900,2009,0,3796,3796
171900,2010,0,3916,3916
171900,2011,0,3962,3962
171900,2012,0,3731,3731
171900,2013,1300,3968,2668
171900,2014,5200,5358,158
171900,2015,5400,5894,494
171900,2016,5400,6707,1307
171900,2017,6000,6214,214
171900,2018,7683,9197,1514
171900,2019,8443,9954,1511
171900,2020,8443,9792,1349
171900,2021,8743,10162,1419
172049,1988,0,0,0
172049,1989,1500,8690,7190
172049,1990,0,1565,1565
172049,1991,0,1605,1605
172049,1992,0,2150,2150
172049,1993,0,1200,1200
172049,1994,0,1460,1460
172049,1995,440,1500,1060
172049,1996,2,1221,1219
172049,1997,0,1010,1010
172049,1998,0,740,740
172049,1999,0,695,695
172049,2000,0,695,695
172049,2001,0,725,725
172049,2002,90,875,785
172049,2003,200,970,770
172049,2004,0,488,488
172049,2005,1700,3560,1860
172049,2006,4370,7425,3055
172049,2007,4300,7310,3010
172049,2008,2500,5764,3264
172049,2009,2700,6020,3320
172049,2010,1500,5288,3788
172049,2011,1200,1765,565
172049,2012,960,1600,640
172049,2013,5530,6121,591
172049,2014,14545,15124,579
172049,2015,12342,13475,1133
172049,2016,15805,16535,730
172049,2017,15500,16537,1037
172049,2018,17000,18120,1120
172049,2019,13609,14665,1056
172049,2020,14585,15739,1154
172049,2021,15732,16972,1240
172065,1988,0,7155,7155
172065,1989,260,7867,7607
172065,1990,0,2671,2671
172065,1991,0,1415,1415
172065,1992,0,3310,3310
172065,1993,0,2299,2299
172065,1994,0,1690,1690
172065,1995,50,1524,1474
172065,1996,0,660,660
172065,1997,0,365,365
172065,1998,0,733,733
172065,1999,0,2197,2197
172065,2000,0,2142,2142
172065,2001,520,3233,2713
172065,2002,60,3798,3738
172065,2003,1400,4696,3296
172065,2004,9000,13496,4496
172065,2005,10100,14516,4416
172065,2006,4500,7866,3366
172065,2007,7500,10616,3116
172065,2008,10000,11513,1513
172065,2009,8800,10423,1623
172065,2010,10000,12753,2753
172065,2011,24000,27993,3993
172065,2012,19000,23159,4159
172065,2013,13000,14539,1539
172065,2014,15500,15506,6
172065,2015,17000,22000,5000
172065,2016,29333,38003,8670
172065,2017,20500,26299,5799
172065,2018,15275,20295,5020
172065,2019,21000,29300,8300
172065,2020,24000,31749,7749
172065,2021,24500,32587,8087
172080,1988,0,55257,55257
172080,1989,0,36956,36956
172080,1990,0,32473,32473
172080,1991,0,28862,28862
172080,1992,0,32509,32509
172080,1993,0,33845,33845
172080,1994,0,28774,28774
172080,1995,0,29593,29593
172080,1996,0,16466,16466
172080,1997,58,15528,15470
172080,1998,0,18614,18614
172080,1999,0,16375,16375
172080,2000,0,16869,16869
172080,2001,35,16408,16373
172080,2002,0,19436,19436
172080,2003,30,18836,18806
172080,2004,1600,27645,26045
172080,2005,5280,24443,19163
172080,2006,4780,19451,14671
172080,2007,3800,20848,17048
172080,2008,4640,22259,17619
172080,2009,4530,14928,10398
172080,2010,5830,16335,10505
172080,2011,6430,15848,9418
172080,2012,5960,17543,11583
172080,2013,6100,19215,13115
172080,2014,7500,17513,10013
172080,2015,7500,17519,10019
172080,2016,9100,17469,8369
172080,2017,9600,20426,10826
172080,2018,9600,21039,11439
172080,2019,9700,21877,12177
172080,2020,9700,21747,12047
172080,2021,9700,21782,12082
172090,1988,70,2527,2457
172090,1989,0,3007,3007
172090,1990,0,1722,1722
172090,1991,0,1157,1157
172090,1992,0,1232,1232
172090,1993,0,1430,1430
172090,1994,0,1365,1365
172090,1995,0,2425,2425
172090,1996,0,2750,2750
172090,1997,0,1454,1454
172090,1998,820,2325,1505
172090,1999,849,1867,1018
172090,2000,1800,4785,2985
172090,2001,1600,4580,2980
172090,2002,1200,4780,3580
172090,2003,1500,5580,4080
172090,2004,100,3639,3539
172090,2005,0,4686,4686
172090,2006,0,4014,4014
172090,2007,0,4610,4610
172090,2008,0,4910,4910
172090,2009,0,5125,5125
172090,2010,0,4675,4675
172090,2011,0,4075,4075
172090,2012,0,3960,3960
172090,2013,1000,5520,4520
172090,2014,700,4720,4020
172090,2015,1500,6020,4520
172090,2016,1500,5970,4470
172090,2017,0,10893,10893
172090,2018,820,3575,2755
172090,2019,940,3515,2575
172090,2020,0,2523,2523
172090,2021,200,810,610
172100,1988,0,0,0
172100,1989,350,3750,3400
172100,1990,100,2057,1957
172100,1991,100,1816,1716
172100,1992,100,2013,1913
172100,1993,0,1701,1701
172100,1994,0,3722,3722
172100,1995,0,4550,4550
172100,1996,5,2042,2037
172100,1997,0,2557,2557
172100,1998,0,2636,2636
172100,1999,0,3304,3304
172100,2000,0,1619,1619
172100,2001,40,2519,2479
172100,2002,2000,4222,2222
172100,2003,2200,4636,2436
172100,2004,2550,5696,3146
172100,2005,3650,5558,1908
172100,2006,2500,3620,1120
172100,2007,2000,3060,1060
172100,2008,4000,5795,1795
172100,2009,4500,5885,1385
172100,2010,6175,8450,2275
172100,2011,7500,9710,2210
172100,2012,7600,11055,3455
172100,2013,8000,11883,3883
172100,2014,8190,14212,6022
172100,2015,8182,13230,5048
172100,2016,9750,15104,5354
172100,2017,10529,33273,22744
172100,2018,12552,26146,13594
172100,2019,15630,21690,6060
172100,2020,13730,20864,7134
172100,2021,14060,21214,7154
172110,1988,420,4845,4425
172110,1989,0,1075,1075
172110,1990,0,805,805
172110,1991,0,695,695
172110,1992,0,725,725
172110,1993,0,710,710
172110,1994,0,690,690
172110,1995,0,690,690
172110,1996,0,999,999
172110,1997,0,580,580
172110,1998,0,580,580
172110,1999,0,570,570
172110,2000,0,505,505
172110,2001,0,460,460
172110,2002,0,505,505
172110,2003,0,430,430
172110,2004,0,390,390
172110,2005,370,740,370
172110,2006,0,323,323
172110,2007,0,280,280
172110,2008,0,533,533
172110,2009,0,445,445
172110,2010,0,487,487
172110,2011,0,473,473
172110,2012,0,548,548
172110,2013,0,520,520
172110,2014,0,475,475
172110,2015,0,525,525
172110,2016,3000,3635,635
172110,2017,2980,4248,1268
172110,2018,2300,3108,808
172110,2019,2980,4570,1590
172110,2020,3278,4748,1470
172110,2021,3278,4769,1491
172208,1988,24,1813,1789
172208,1989,0,1944,1944
172208,1990,0,1539,1539
172208,1991,0,1809,1809
172208,1992,0,2509,2509
172208,1993,0,1929,1929
172208,1994,0,2396,2396
172208,1995,0,1779,1779
172208,1996,0,1571,1571
172208,1997,0,2000,2000
172208,1998,0,2757,2757
172208,1999,0,2637,2637
172208,2000,0,2359,2359
172208,2001,0,2533,2533
172208,2002,0,2578,2578
172208,2003,0,2921,2921
172208,2004,50,3600,3550
172208,2005,110,4910,4800
172208,2006,130,5441,5311
172208,2007,120,4909,4789
172208,2008,180,3092,2912
172208,2009,70,2537,2467
172208,2010,70,2405,2335
172208,2011,0,2105,2105
172208,2012,0,1706,1706
172208,2013,0,1860,1860
172208,2014,160,1686,1526
172208,2015,500,1950,1450
172208,2016,400,1945,1545
172208,2017,500,3673,3173
172208,2018,550,3713,3163
172208,2019,550,1810,1260
172208,2020,550,1810,1260
172208,2021,550,1810,1260
172210,1988,0,2086,2086
172210,1989,0,2199,2199
172210,1990,0,2258,2258
172210,1991,0,2026,2026
172210,1992,0,2020,2020
172210,1993,0,520,520
172210,1994,0,650,650
172210,1995,0,910,910
172210,1996,0,1227,1227
172210,1997,0,1080,1080
172210,1998,0,1134,1134
172210,1999,0,1802,1802
172210,2000,0,2144,2144
172210,2001,0,2123,2123
172210,2002,0,1837,1837
172210,2003,0,2135,2135
172210,2004,0,2530,2530
172210,2005,0,2557,2557
172210,2006,0,2792,2792
172210,2007,0,2765,2765
172210,2008,0,2867,2867
172210,2009,0,2581,2581
172210,2010,0,2331,2331
172210,2011,0,2342,2342
172210,2012,0,2332,2332
172210,2013,0,2013,2013
172210,2014,1100,2996,1896
172210,2015,4800,6810,2010
172210,2016,4800,6805,2005
172210,2017,1550,3629,2079
172210,2018,5050,7143,2093
172210,2019,5550,7809,2259
172210,2020,5550,7805,2255
172210,2021,5550,7805,2255
210010,1988,0,1536,1536
210010,1989,0,1611,1611
210010,1990,0,1635,1635
210010,1991,0,1516,1516
210010,1992,0,1492,1492
210010,1993,0,1282,1282
210010,1994,0,1331,1331
210010,1995,0,1456,1456
210010,1996,0,1078,1078
210010,1997,0,1049,1049
210010,1998,0,1083,1083
210010,1999,0,886,886
210010,2000,0,1214,1214
210010,2001,0,1297,1297
210010,2002,0,1389,1389
210010,2003,20,1498,1478
210010,2004,80,1583,1503
210010,2005,110,1672,1562
210010,2006,300,1709,1409
210010,2007,510,1985,1475
210010,2008,530,1951,1421
210010,2009,600,2181,1581
210010,2010,1050,2520,1470
210010,2011,960,2341,1381
210010,2012,1250,2512,1262
210010,2013,1450,2527,1077
210010,2014,1470,2429,959
210010,2015,2230,3114,884
210010,2016,4020,4868,848
210010,2017,5600,6388,788
210010,2018,6000,6691,691
210010,2019,6800,7306,506
210010,2020,6795,7996,1201
210010,2021,9600,10096,496
210020,1988,0,1532,1532
210020,1989,0,1502,1502
210020,1990,0,1435,1435
210020,1991,0,1462,1462
210020,1992,0,1227,1227
210020,1993,0,969,969
210020,1994,0,1412,1412
210020,1995,0,1705,1705
210020,1996,0,2211,2211
210020,1997,0,2486,2486
210020,1998,0,2071,2071
210020,1999,0,1784,1784
210020,2000,0,1713,1713
210020,2001,0,2198,2198
210020,2002,0,2256,2256
210020,2003,0,2332,2332
210020,2004,0,2486,2486
210020,2005,0,2385,2385
210020,2006,0,2374,2374
210020,2007,0,2479,2479
210020,2008,0,2499,2499
210020,2009,0,2422,2422
210020,2010,0,2449,2449
210020,2011,0,2306,2306
210020,2012,0,2459,2459
210020,2013,0,2207,2207
210020,2014,0,2216,2216
210020,2015,0,1959,1959
210020,2016,0,1620,1620
210020,2017,0,1506,1506
210020,2018,0,1288,1288
210020,2019,0,1291,1291
210020,2020,0,1087,1087
210020,2021,0,1063,1063
210030,1988,0,10715,10715
210030,1989,0,9520,9520
210030,1990,0,10475,10475
210030,1991,0,10226,10226
210030,1992,0,10514,10514
210030,1993,0,7442,7442
210030,1994,0,4108,4108
210030,1995,0,4765,4765
210030,1996,0,5185,5185
210030,1997,0,5009,5009
210030,1998,0,4673,4673
210030,1999,0,4835,4835
210030,2000,0,5026,5026
210030,2001,0,5256,5256
210030,2002,0,5331,5331
210030,2003,0,5556,5556
210030,2004,0,5622,5622
210030,2005,0,5965,5965
210030,2006,0,6324,6324
210030,2007,0,6763,6763
210030,2008,0,11593,11593
210030,2009,0,11917,11917
210030,2010,0,11824,11824
210030,2011,0,12389,12389
210030,2012,0,13201,13201
210030,2013,0,13013,13013
210030,2014,0,12477,12477
210030,2015,0,12112,12112
210030,2016,0,9451,9451
210030,2017,0,9756,9756
210030,2018,0,8926,8926
210030,2019,0,9091,9091
210030,2020,0,9226,9226
210030,2021,550,9735,9185
210040,1988,0,24736,24736
210040,1989,0,27543,27543
210040,1990,0,23683,23683
210040,1991,0,28140,28140
210040,1992,0,29235,29235
210040,1993,0,29689,29689
210040,1994,0,24558,24558
210040,1995,0,25569,25569
210040,1996,0,8119,8119
210040,1997,0,8232,8232
210040,1998,0,9130,9130
210040,1999,0,7168,7168
210040,2000,0,7991,7991
210040,2001,0,9021,9021
210040,2002,0,10218,10218
210040,2003,0,11062,11062
210040,2004,0,11224,11224
210040,2005,0,10846,10846
210040,2006,0,9348,9348
210040,2007,0,9850,9850
210040,2008,0,9724,9724
210040,2009,0,9683,9683
210040,2010,0,9839,9839
210040,2011,0,10917,10917
210040,2012,0,9914,9914
210040,2013,0,9348,9348
210040,2014,0,8879,8879
210040,2015,0,8818,8818
210040,2016,0,7280,7280
210040,2017,0,3255,3255
210040,2018,0,2462,2462
210040,2019,0,2069,2069
210040,2020,0,2018,2018
210040,2021,0,2055,2055
210050,1988,250,20204,19954
210050,1989,1550,19157,17607
210050,1990,465,8227,7762
210050,1991,550,5976,5426
210050,1992,3145,16144,12999
210050,1993,1847,8204,6357
210050,1994,4445,8833,4388
210050,1995,5730,10413,4683
210050,1996,4363,9878,5515
210050,1997,14750,22622,7872
210050,1998,16300,24784,8484
210050,1999,3650,6364,2714
210050,2000,4300,7135,2835
210050,2001,5048,7049,2001
210050,2002,7057,9018,1961
210050,2003,15710,20155,4445
210050,2004,19166,23141,3975
210050,2005,21083,24970,3887
210050,2006,20000,22796,2796
210050,2007,20000,22904,2904
210050,2008,21000,24012,3012
210050,2009,18690,26328,7638
210050,2010,27563,35254,7691
210050,2011,29217,38211,8994
210050,2012,29851,43677,13826
210050,2013,28925,47384,18459
210050,2014,41948,63630,21682
210050,2015,45354,65169,19815
210050,2016,44901,60328,15427
210050,2017,46697,74559,27862
210050,2018,51945,79204,27259
210050,2019,53510,74763,21253
210050,2020,54035,72672,18637
210050,2021,55658,75517,19859
210060,1988,0,10906,10906
210060,1989,0,8882,8882
210060,1990,0,7160,7160
210060,1991,0,7785,7785
210060,1992,0,8021,8021
210060,1993,0,8816,8816
210060,1994,0,8474,8474
210060,1995,0,8853,8853
210060,1996,0,15284,15284
210060,1997,0,15075,15075
210060,1998,0,14867,14867
210060,1999,0,7530,7530
210060,2000,0,9287,9287
210060,2001,0,9955,9955
210060,2002,0,10245,10245
210060,2003,0,11096,11096
210060,2004,150,11859,11709
210060,2005,0,12018,12018
210060,2006,0,11281,11281
210060,2007,0,11197,11197
210060,2008,0,10035,10035
210060,2009,0,5868,5868
210060,2010,0,3027,3027
210060,2011,0,3236,3236
210060,2012,0,3279,3279
210060,2013,0,3715,3715
210060,2014,0,4146,4146
210060,2015,0,4774,4774
210060,2016,0,3930,3930
210060,2017,0,3885,3885
210060,2018,0,2004,2004
210060,2019,0,2050,2050
210060,2020,0,2327,2327
210060,2021,0,2196,2196
210070,1988,0,5135,5135
210070,1989,0,5562,5562
210070,1990,0,5783,5783
210070,1991,0,5072,5072
210070,1992,0,4456,4456
210070,1993,0,4933,4933
210070,1994,0,4984,4984
210070,1995,0,4975,4975
210070,1996,0,2984,2984
210070,1997,0,2843,2843
210070,1998,0,2431,2431
210070,1999,0,3081,3081
210070,2000,0,3124,3124
210070,2001,0,3430,3430
210070,2002,0,3441,3441
210070,2003,0,3636,3636
210070,2004,0,3621,3621
210070,2005,0,4449,4449
210070,2006,0,4633,4633
210070,2007,0,5047,5047
210070,2008,0,5092,5092
210070,2009,0,5183,5183
210070,2010,0,5165,5165
210070,2011,0,5443,5443
210070,2012,0,5297,5297
210070,2013,0,5376,5376
210070,2014,0,3843,3843
210070,2015,0,1802,1802
210070,2016,0,1750,1750
210070,2017,0,1717,1717
210070,2018,0,1381,1381
210070,2019,0,767,767
210070,2020,0,775,775
210070,2021,0,784,784
210080,1988,0,5927,5927
210080,1989,0,5248,5248
210080,1990,0,4540,4540
210080,1991,0,4909,4909
210080,1992,0,5687,5687
210080,1993,0,4005,4005
210080,1994,30,4538,4508
210080,1995,60,5008,4948
210080,1996,0,2303,2303
210080,1997,175,2770,2595
210080,1998,175,2562,2387
210080,1999,402,3319,2917
210080,2000,305,7576,7271
210080,2001,570,5756,5186
210080,2002,250,6428,6178
210080,2003,870,9281,8411
210080,2004,2085,11697,9612
210080,2005,3000,13670,10670
210080,2006,4379,16387,12008
210080,2007,5000,15695,10695
210080,2008,9790,21285,11495
210080,2009,7737,19243,11506
210080,2010,8120,19565,11445
210080,2011,4550,14032,9482
210080,2012,5000,14890,9890
210080,2013,8370,15292,6922
210080,2014,8170,15353,7183
210080,2015,6800,13033,6233
210080,2016,6800,12209,5409
210080,2017,7200,11469,4269
210080,2018,7230,11400,4170
210080,2019,7500,10302,2802
210080,2020,7695,10135,2440
210080,2021,7800,9897,2097
210090,1988,0,13493,13493
210090,1989,0,14977,14977
210090,1990,0,14828,14828
210090,1991,0,16246,16246
210090,1992,0,17146,17146
210090,1993,0,16686,16686
210090,1994,0,16050,16050
210090,1995,0,17891,17891
210090,1996,0,10542,10542
210090,1997,0,10415,10415
210090,1998,0,10480,10480
210090,1999,0,10309,10309
210090,2000,0,10440,10440
210090,2001,0,10517,10517
210090,2002,0,10582,10582
210090,2003,0,10661,10661
210090,2004,0,11133,11133
210090,2005,0,11496,11496
210090,2006,0,12550,12550
210090,2007,0,13587,13587
210090,2008,0,14440,14440
210090,2009,0,15850,15850
210090,2010,0,16653,16653
210090,2011,0,16553,16553
210090,2012,0,11231,11231
210090,2013,0,17442,17442
210090,2014,0,17404,17404
210090,2015,0,12559,12559
210090,2016,0,8340,8340
210090,2017,0,7358,7358
210090,2018,0,4086,4086
210090,2019,0,2964,2964
210090,2020,0,2846,2846
210090,2021,0,2795,2795
210095,1988,0,0,0
210095,1989,0,8244,8244
210095,1990,0,6192,6192
210095,1991,0,6821,6821
210095,1992,0,9386,9386
210095,1993,0,9540,9540
210095,1994,0,8690,8690
210095,1995,0,11900,11900
210095,1996,0,15901,15901
210095,1997,0,14128,14128
210095,1998,0,14828,14828
210095,1999,0,9767,9767
210095,2000,0,10009,10009
210095,2001,0,10547,10547
210095,2002,0,14883,14883
210095,2003,0,14181,14181
210095,2004,0,14849,14849
210095,2005,0,15302,15302
210095,2006,0,15676,15676
210095,2007,0,15810,15810
210095,2008,0,15342,15342
210095,2009,0,14737,14737
210095,2010,0,17084,17084
210095,2011,0,19762,19762
210095,2012,0,20066,20066
210095,2013,0,17901,17901
210095,2014,0,17317,17317
210095,2015,0,13425,13425
210095,2016,0,11440,11440
210095,2017,0,12114,12114
210095,2018,0,12051,12051
210095,2019,0,3456,3456
210095,2020,0,3709,3709
210095,2021,0,3583,3583
210100,1988,0,14219,14219
210100,1989,0,11497,11497
210100,1990,0,11296,11296
210100,1991,0,13604,13604
210100,1992,0,11257,11257
210100,1993,0,12398,12398
210100,1994,0,12623,12623
210100,1995,0,12856,12856
210100,1996,0,2685,2685
210100,1997,0,2768,2768
210100,1998,0,2747,2747
210100,1999,0,3176,3176
210100,2000,0,3493,3493
210100,2001,0,3099,3099
210100,2002,0,2913,2913
210100,2003,0,2925,2925
210100,2004,0,3084,3084
210100,2005,0,3093,3093
210100,2006,0,3161,3161
210100,2007,0,3223,3223
210100,2008,0,4077,4077
210100,2009,0,3868,3868
210100,2010,0,4139,4139
210100,2011,0,4955,4955
210100,2012,0,5141,5141
210100,2013,0,4930,4930
210100,2014,0,4830,4830
210100,2015,0,4535,4535
210100,2016,0,3500,3500
210100,2017,0,3121,3121
210100,2018,0,3123,3123
210100,2019,0,3181,3181
210100,2020,0,3417,3417
210100,2021,0,3327,3327
210110,1988,0,2116,2116
210110,1989,0,2144,2144
210110,1990,0,2284,2284
210110,1991,0,2104,2104
210110,1992,0,2097,2097
210110,1993,0,2106,2106
210110,1994,0,2168,2168
210110,1995,0,2211,2211
210110,1996,0,765,765
210110,1997,0,778,778
210110,1998,0,647,647
210110,1999,0,917,917
210110,2000,0,564,564
210110,2001,0,888,888
210110,2002,0,658,658
210110,2003,0,755,755
210110,2004,0,814,814
210110,2005,0,795,795
210110,2006,0,787,787
210110,2007,0,814,814
210110,2008,0,896,896
210110,2009,0,886,886
210110,2010,0,1004,1004
210110,2011,0,929,929
210110,2012,0,983,983
210110,2013,0,1067,1067
210110,2014,0,1221,1221
210110,2015,0,786,786
210110,2016,0,778,778
210110,2017,0,705,705
210110,2018,0,575,575
210110,2019,0,486,486
210110,2020,0,441,441
210110,2021,0,420,420
210130,1988,0,3846,3846
210130,1989,0,5923,5923
210130,1990,0,4183,4183
210130,1991,0,4689,4689
210130,1992,0,4189,4189
210130,1993,0,4116,4116
210130,1994,0,4140,4140
210130,1995,0,2840,2840
210130,1996,0,1218,1218
210130,1997,0,1698,1698
210130,1998,0,1941,1941
210130,1999,0,1305,1305
210130,2000,0,1369,1369
210130,2001,0,1397,1397
210130,2002,0,1180,1180
210130,2003,0,1590,1590
210130,2004,0,1265,1265
210130,2005,0,1379,1379
210130,2006,0,1532,1532
210130,2007,0,1574,1574
210130,2008,0,1588,1588
210130,2009,0,1617,1617
210130,2010,0,1633,1633
210130,2011,0,1610,1610
210130,2012,0,1644,1644
210130,2013,0,1474,1474
210130,2014,0,1492,1492
210130,2015,0,1504,1504
210130,2016,0,1473,1473
210130,2017,0,1481,1481
210130,2018,0,1483,1483
210130,2019,0,1474,1474
210130,2020,0,1399,1399
210130,2021,0,1323,1323
210140,1988,7133,48683,41550
210140,1989,9708,61383,51675
210140,1990,5952,27994,22042
210140,1991,1150,15440,14290
210140,1992,4505,23610,19105
210140,1993,9814,20394,10580
210140,1994,14990,21708,6718
210140,1995,19889,27151,7262
210140,1996,16310,21694,5384
210140,1997,31370,41815,10445
210140,1998,34820,43555,8735
210140,1999,52138,79061,26923
210140,2000,60040,84880,24840
210140,2001,70563,83678,13115
210140,2002,77619,91977,14358
210140,2003,89278,101549,12271
210140,2004,97400,113070,15670
210140,2005,107240,125235,17995
210140,2006,108100,122806,14706
210140,2007,108100,122926,14826
210140,2008,110505,128675,18170
210140,2009,106416,124857,18441
210140,2010,125928,139810,13882
210140,2011,133484,158525,25041
210140,2012,136381,194732,58351
210140,2013,137345,211871,74526
210140,2014,168274,255898,87624
210140,2015,181764,260929,79165
210140,2016,180116,240764,60648
210140,2017,187144,330267,143123
210140,2018,209081,333506,124425
210140,2019,214912,322620,107708
210140,2020,195161,324280,129119
210140,2021,199054,332434,133380
210150,1988,0,3673,3673
210150,1989,0,3954,3954
210150,1990,0,3798,3798
210150,1991,0,3671,3671
210150,1992,0,3910,3910
210150,1993,0,4194,4194
210150,1994,0,3764,3764
210150,1995,0,3878,3878
210150,1996,0,2244,2244
210150,1997,0,2369,2369
210150,1998,0,2544,2544
210150,1999,0,2016,2016
210150,2000,0,2233,2233
210150,2001,0,2399,2399
210150,2002,0,2309,2309
210150,2003,0,2637,2637
210150,2004,0,2720,2720
210150,2005,0,2590,2590
210150,2006,0,2287,2287
210150,2007,0,2250,2250
210150,2008,0,2399,2399
210150,2009,0,2444,2444
210150,2010,0,2376,2376
210150,2011,0,2441,2441
210150,2012,0,2706,2706
210150,2013,0,2812,2812
210150,2014,0,2883,2883
210150,2015,0,3172,3172
210150,2016,0,2133,2133
210150,2017,0,2687,2687
210150,2018,0,1966,1966
210150,2019,0,1459,1459
210150,2020,0,1023,1023
210150,2021,0,1083,1083
210160,1988,109,86564,86455
210160,1989,496,68199,67703
210160,1990,75,65764,65689
210160,1991,0,61062,61062
210160,1992,0,77191,77191
210160,1993,320,81379,81059
210160,1994,120,86672,86552
210160,1995,0,84065,84065
210160,1996,0,24122,24122
210160,1997,0,23295,23295
210160,1998,0,22607,22607
210160,1999,0,26274,26274
210160,2000,0,27294,27294
210160,2001,0,28270,28270
210160,2002,0,28036,28036
210160,2003,0,28324,28324
210160,2004,550,29568,29018
210160,2005,25,30182,30157
210160,2006,2000,32459,30459
210160,2007,2015,32696,30681
210160,2008,2015,31075,29060
210160,2009,0,29292,29292
210160,2010,0,28579,28579
210160,2011,0,33120,33120
210160,2012,0,34728,34728
210160,2013,0,35708,35708
210160,2014,0,39210,39210
210160,2015,0,17982,17982
210160,2016,0,16217,16217
210160,2017,0,16960,16960
210160,2018,5324,22107,16783
210160,2019,6150,15148,8998
210160,2020,6760,16356,9596
210160,2021,6820,16058,9238
210170,1988,0,18852,18852
210170,1989,0,20614,20614
210170,1990,0,22454,22454
210170,1991,0,22937,22937
210170,1992,0,22997,22997
210170,1993,0,22027,22027
210170,1994,0,20930,20930
210170,1995,0,25202,25202
210170,1996,0,18322,18322
210170,1997,0,21092,21092
210170,1998,0,23474,23474
210170,1999,0,19255,19255
210170,2000,0,21012,21012
210170,2001,0,21105,21105
210170,2002,0,20864,20864
210170,2003,0,22170,22170
210170,2004,0,22935,22935
210170,2005,0,23358,23358
210170,2006,0,24369,24369
210170,2007,0,25879,25879
210170,2008,0,28591,28591
210170,2009,0,29860,29860
210170,2010,0,29470,29470
210170,2011,0,30329,30329
210170,2012,0,23374,23374
210170,2013,0,32102,32102
210170,2014,0,32000,32000
210170,2015,0,22233,22233
210170,2016,0,17133,17133
210170,2017,0,13092,13092
210170,2018,0,11388,11388
210170,2019,0,9622,9622
210170,2020,0,8867,8867
210170,2021,0,8206,8206
210190,1988,0,4982,4982
210190,1989,0,4802,4802
210190,1990,0,4049,4049
210190,1991,0,4778,4778
210190,1992,0,4901,4901
210190,1993,0,5585,5585
210190,1994,0,6100,6100
210190,1995,0,6046,6046
210190,1996,0,3840,3840
210190,1997,0,3600,3600
210190,1998,0,3907,3907
210190,1999,0,3789,3789
210190,2000,0,3880,3880
210190,2001,0,3961,3961
210190,2002,0,1488,1488
210190,2003,0,4200,4200
210190,2004,0,3884,3884
210190,2005,0,4324,4324
210190,2006,0,4441,4441
210190,2007,0,4447,4447
210190,2008,0,4454,4454
210190,2009,0,4785,4785
210190,2010,0,4532,4532
210190,2011,0,4610,4610
210190,2012,0,4586,4586
210190,2013,0,4560,4560
210190,2014,0,4420,4420
210190,2015,0,4164,4164
210190,2016,0,3565,3565
210190,2017,0,2681,2681
210190,2018,0,2124,2124
210190,2019,0,2099,2099
210190,2020,0,1766,1766
210190,2021,0,1600,1600
210200,1988,0,23914,23914
210200,1989,0,22713,22713
210200,1990,0,16227,16227
210200,1991,0,20150,20150
210200,1992,0,27593,27593
210200,1993,0,40316,40316
210200,1994,0,51333,51333
210200,1995,0,66404,66404
210200,1996,0,26141,26141
210200,1997,0,26328,26328
210200,1998,0,29670,29670
210200,1999,0,30095,30095
210200,2000,0,31546,31546
210200,2001,0,31885,31885
210200,2002,0,29536,29536
210200,2003,0,29417,29417
210200,2004,0,30381,30381
210200,2005,0,35389,35389
210200,2006,0,35987,35987
210200,2007,0,37205,37205
210200,2008,0,29965,29965
210200,2009,0,24681,24681
210200,2010,0,37338,37338
210200,2011,0,33789,33789
210200,2012,0,31314,31314
210200,2013,0,29004,29004
210200,2014,0,21340,21340
210200,2015,0,15310,15310
210200,2016,5150,16670,11520
210200,2017,4680,15500,10820
210200,2018,6200,18066,11866
210200,2019,12050,15687,3637
210200,2020,10845,13987,3142
210200,2021,10900,13817,2917
210210,1988,0,21538,21538
210210,1989,0,26980,26980
210210,1990,0,24221,24221
210210,1991,0,23740,23740
210210,1992,0,25147,25147
210210,1993,0,24830,24830
210210,1994,5,22801,22796
210210,1995,0,26311,26311
210210,1996,0,11077,11077
210210,1997,4,11027,11023
210210,1998,6,10813,10807
210210,1999,100,11223,11123
210210,2000,100,15072,14972
210210,2001,180,17327,17147
210210,2002,0,20949,20949
210210,2003,1580,22356,20776
210210,2004,2230,24463,22233
210210,2005,5227,29586,24359
210210,2006,8870,37400,28530
210210,2007,10500,36774,26274
210210,2008,10990,40533,29543
210210,2009,17917,45563,27646
210210,2010,18642,46880,28238
210210,2011,21330,49285,27955
210210,2012,23000,50187,27187
210210,2013,27325,51048,23723
210210,2014,28305,49473,21168
210210,2015,31795,46852,15057
210210,2016,30900,41085,10185
210210,2017,29650,37736,8086
210210,2018,31270,38530,7260
210210,2019,23400,30275,6875
210210,2020,24600,30632,6032
210210,2021,25130,30801,5671
210220,1988,0,8055,8055
210220,1989,0,9115,9115
210220,1990,0,7855,7855
210220,1991,0,6860,6860
210220,1992,0,7445,7445
210220,1993,0,6820,6820
210220,1994,0,7518,7518
210220,1995,0,7925,7925
210220,1996,0,6332,6332
210220,1997,0,6232,6232
210220,1998,0,9478,9478
210220,1999,6,8290,8284
210220,2000,6,9439,9433
210220,2001,7,9163,9156
210220,2002,300,9836,9536
210220,2003,400,10771,10371
210220,2004,1710,13681,11971
210220,2005,4050,17546,13496
210220,2006,7383,22497,15114
210220,2007,8000,21973,13973
210220,2008,16100,31713,15613
210220,2009,11340,23735,12395
210220,2010,11900,24250,12350
210220,2011,13140,24158,11018
210220,2012,15000,25620,10620
210220,2013,11027,20412,9385
210220,2014,12357,20936,8579
210220,2015,13500,19488,5988
210220,2016,13500,17653,4153
210220,2017,14000,17280,3280
210220,2018,14120,16766,2646
210220,2019,13200,15943,2743
210220,2020,13450,16091,2641
210220,2021,13600,16109,2509
210230,1988,0,17679,17679
210230,1989,0,17619,17619
210230,1990,0,18638,18638
210230,1991,0,23527,23527
210230,1992,0,21292,21292
210230,1993,0,20719,20719
210230,1994,0,19571,19571
210230,1995,0,17560,17560
210230,1996,0,8363,8363
210230,1997,0,7740,7740
210230,1998,0,8484,8484
210230,1999,0,8822,8822
210230,2000,0,9724,9724
210230,2001,0,9855,9855
210230,2002,0,10221,10221
210230,2003,0,9766,9766
210230,2004,0,9822,9822
210230,2005,0,11188,11188
210230,2006,0,12207,12207
210230,2007,0,11851,11851
210230,2008,0,11416,11416
210230,2009,0,11529,11529
210230,2010,0,10978,10978
210230,2011,0,10303,10303
210230,2012,0,8742,8742
210230,2013,0,7035,7035
210230,2014,0,6188,6188
210230,2015,800,5824,5024
210230,2016,1000,4886,3886
210230,2017,1500,5115,3615
210230,2018,2100,5835,3735
210230,2019,3380,7531,4151
210230,2020,3450,7202,3752
210230,2021,4000,13716,9716
210240,1988,0,1300,1300
210240,1989,0,1214,1214
210240,1990,0,1882,1882
210240,1991,0,2195,2195
210240,1992,0,2058,2058
210240,1993,0,2463,2463
210240,1994,0,2233,2233
210240,1995,0,2823,2823
210240,1996,0,1203,1203
210240,1997,0,1266,1266
210240,1998,0,1210,1210
210240,1999,0,1185,1185
210240,2000,0,1213,1213
210240,2001,0,1209,1209
210240,2002,0,1289,1289
210240,2003,0,1158,1158
210240,2004,0,1330,1330
210240,2005,0,1368,1368
210240,2006,0,1404,1404
210240,2007,0,1413,1413
210240,2008,0,1473,1473
210240,2009,0,1445,1445
210240,2010,0,2299,2299
210240,2011,0,1537,1537
210240,2012,0,1547,1547
210240,2013,0,1453,1453
210240,2014,0,1468,1468
210240,2015,0,1363,1363
210240,2016,0,1324,1324
210240,2017,0,960,960
210240,2018,0,1240,1240
210240,2019,0,999,999
210240,2020,0,948,948
210240,2021,0,891,891
210250,1988,0,7361,7361
210250,1989,0,7747,7747
210250,1990,0,6059,6059
210250,1991,0,7818,7818
210250,1992,0,7428,7428
210250,1993,0,7812,7812
210250,1994,0,8464,8464
210250,1995,0,8195,8195
210250,1996,0,1826,1826
210250,1997,0,1846,1846
210250,1998,0,1822,1822
210250,1999,0,1767,1767
210250,2000,0,1786,1786
210250,2001,0,1783,1783
210250,2002,0,1790,1790
210250,2003,0,1729,1729
210250,2004,0,1844,1844
210250,2005,0,1893,1893
210250,2006,0,1929,1929
210250,2007,0,1980,1980
210250,2008,0,1979,1979
210250,2009,0,1822,1822
210250,2010,0,1883,1883
210250,2011,0,2041,2041
210250,2012,0,2167,2167
210250,2013,0,2134,2134
210250,2014,0,2055,2055
210250,2015,0,1913,1913
210250,2016,0,1343,1343
210250,2017,0,999,999
210250,2018,0,1189,1189
210250,2019,0,914,914
210250,2020,0,1021,1021
210250,2021,0,1132,1132
210260,1988,0,10258,10258
210260,1989,0,10288,10288
210260,1990,0,9245,9245
210260,1991,0,13155,13155
210260,1992,0,16190,16190
210260,1993,0,17589,17589
210260,1994,0,32469,32469
210260,1995,0,30791,30791
210260,1996,0,10929,10929
210260,1997,0,11113,11113
210260,1998,0,11940,11940
210260,1999,0,11749,11749
210260,2000,0,12590,12590
210260,2001,0,13490,13490
210260,2002,0,12648,12648
210260,2003,0,14212,14212
210260,2004,0,14572,14572
210260,2005,0,16448,16448
210260,2006,0,17055,17055
210260,2007,0,17247,17247
210260,2008,0,16977,16977
210260,2009,0,7939,7939
210260,2010,0,17278,17278
210260,2011,0,14292,14292
210260,2012,0,11857,11857
210260,2013,0,11713,11713
210260,2014,0,12021,12021
210260,2015,0,8797,8797
210260,2016,0,7345,7345
210260,2017,0,6432,6432
210260,2018,0,4209,4209
210260,2019,0,3303,3303
210260,2020,0,2536,2536
210260,2021,0,2442,2442
210280,1988,0,12251,12251
210280,1989,900,10159,9259
210280,1990,130,5755,5625
210280,1991,75,4105,4030
210280,1992,0,8377,8377
210280,1993,250,5162,4912
210280,1994,650,6851,6201
210280,1995,60,5526,5466
210280,1996,0,4120,4120
210280,1997,0,4425,4425
210280,1998,4000,8494,4494
210280,1999,3000,7373,4373
210280,2000,2908,7061,4153
210280,2001,3414,6740,3326
210280,2002,3400,7286,3886
210280,2003,3950,5959,2009
210280,2004,7819,9691,1872
210280,2005,8601,10462,1861
210280,2006,8200,9432,1232
210280,2007,8200,9500,1300
210280,2008,8610,9956,1346
210280,2009,8292,10229,1937
210280,2010,12522,14084,1562
210280,2011,13273,14833,1560
210280,2012,29370,36310,6940
210280,2013,29548,40889,11341
210280,2014,35600,49633,14033
210280,2015,38490,50544,12054
210280,2016,38106,41942,3836
210280,2017,25000,49282,24282
210280,2018,25000,45132,20132
210280,2019,26515,50453,23938
210280,2020,26500,47038,20538
210280,2021,27040,49600,22560
210290,1988,0,22245,22245
210290,1989,0,25865,25865
210290,1990,0,23386,23386
210290,1991,0,32190,32190
210290,1992,0,37467,37467
210290,1993,0,35908,35908
210290,1994,0,49243,49243
210290,1995,0,49470,49470
210290,1996,0,15874,15874
210290,1997,0,16143,16143
210290,1998,0,18648,18648
210290,1999,0,19303,19303
210290,2000,0,19894,19894
210290,2001,0,20876,20876
210290,2002,0,18784,18784
210290,2003,0,22010,22010
210290,2004,0,22798,22798
210290,2005,0,23509,23509
210290,2006,0,24781,24781
210290,2007,0,25502,25502
210290,2008,0,22629,22629
210290,2009,0,21285,21285
210290,2010,0,23803,23803
210290,2011,0,19910,19910
210290,2012,0,20346,20346
210290,2013,0,20366,20366
210290,2014,0,21065,21065
210290,2015,0,16675,16675
210290,2016,0,14213,14213
210290,2017,0,13187,13187
210290,2018,0,10069,10069
210290,2019,0,5615,5615
210290,2020,0,4688,4688
210290,2021,0,5019,5019
210300,1988,0,32855,32855
210300,1989,0,37567,37567
210300,1990,0,36024,36024
210300,1991,0,38471,38471
210300,1992,0,38422,38422
210300,1993,0,28082,28082
210300,1994,0,29589,29589
210300,1995,0,33549,33549
210300,1996,0,21027,21027
210300,1997,0,20577,20577
210300,1998,0,17639,17639
210300,1999,0,18925,18925
210300,2000,0,17277,17277
210300,2001,0,17810,17810
210300,2002,0,18455,18455
210300,2003,0,19537,19537
210300,2004,0,19584,19584
210300,2005,0,18412,18412
210300,2006,0,22381,22381
210300,2007,0,24357,24357
210300,2008,0,23346,23346
210300,2009,0,25514,25514
210300,2010,230,24216,23986
210300,2011,950,23349,22399
210300,2012,1850,24531,22681
210300,2013,1800,21297,19497
210300,2014,1980,19436,17456
210300,2015,2300,15079,12779
210300,2016,2650,13383,10733
210300,2017,3650,13690,10040
210300,2018,4515,14615,10100
210300,2019,6630,17094,10464
210300,2020,8453,19543,11090
210300,2021,9916,22646,12730
210310,1988,0,1704,1704
210310,1989,0,1752,1752
210310,1990,0,1150,1150
210310,1991,0,1722,1722
210310,1992,0,1754,1754
210310,1993,0,1754,1754
210310,1994,0,1797,1797
210310,1995,0,1383,1383
210310,1996,0,1496,1496
210310,1997,0,1524,1524
210310,1998,0,933,933
210310,1999,0,2041,2041
210310,2000,0,1380,1380
210310,2001,0,1415,1415
210310,2002,0,1435,1435
210310,2003,0,1614,1614
210310,2004,0,1354,1354
210310,2005,0,1653,1653
210310,2006,0,1762,1762
210310,2007,0,1782,1782
210310,2008,0,1818,1818
210310,2009,0,1887,1887
210310,2010,0,1869,1869
210310,2011,0,1853,1853
210310,2012,0,1858,1858
210310,2013,0,1848,1848
210310,2014,0,1854,1854
210310,2015,0,1841,1841
210310,2016,0,1787,1787
210310,2017,0,1659,1659
210310,2018,0,1435,1435
210310,2019,0,1430,1430
210310,2020,0,1334,1334
210310,2021,0,1173,1173
210320,1988,0,21254,21254
210320,1989,0,17024,17024
210320,1990,0,14779,14779
210320,1991,0,14966,14966
210320,1992,0,15062,15062
210320,1993,0,10281,10281
210320,1994,0,13820,13820
210320,1995,0,17663,17663
210320,1996,0,10807,10807
210320,1997,0,11672,11672
210320,1998,0,11879,11879
210320,1999,0,11074,11074
210320,2000,0,13610,13610
210320,2001,0,13848,13848
210320,2002,0,14901,14901
210320,2003,116,15949,15833
210320,2004,240,17142,16902
210320,2005,600,19425,18825
210320,2006,1380,21232,19852
210320,2007,1500,19909,18409
210320,2008,2090,18704,16614
210320,2009,2440,18512,16072
210320,2010,2570,17641,15071
210320,2011,3700,17326,13626
210320,2012,4000,18447,14447
210320,2013,2393,12136,9743
210320,2014,2140,12689,10549
210320,2015,3700,11480,7780
210320,2016,3700,9168,5468
210320,2017,3800,7393,3593
210320,2018,3850,7238,3388
210320,2019,4300,5975,1675
210320,2020,4330,7623,3293
210320,2021,4400,7512,3112
210330,1988,0,114486,114486
210330,1989,0,137268,137268
210330,1990,0,128124,128124
210330,1991,0,160466,160466
210330,1992,0,177256,177256
210330,1993,0,171822,171822
210330,1994,0,177666,177666
210330,1995,0,159797,159797
210330,1996,0,67161,67161
210330,1997,0,68464,68464
210330,1998,0,72446,72446
210330,1999,0,79988,79988
210330,2000,0,82103,82103
210330,2001,0,86195,86195
210330,2002,0,93378,93378
210330,2003,0,103795,103795
210330,2004,0,102935,102935
210330,2005,0,104055,104055
210330,2006,0,91844,91844
210330,2007,0,93663,93663
210330,2008,0,90110,90110
210330,2009,0,93554,93554
210330,2010,0,91131,91131
210330,2011,0,89131,89131
210330,2012,0,88424,88424
210330,2013,0,80477,80477
210330,2014,0,77721,77721
210330,2015,0,69484,69484
210330,2016,0,47787,47787
210330,2017,0,49550,49550
210330,2018,0,43419,43419
210330,2019,0,32514,32514
210330,2020,0,33303,33303
210330,2021,0,35007,35007
210340,1988,0,13034,13034
210340,1989,0,12934,12934
210340,1990,0,13291,13291
210340,1991,0,13188,13188
210340,1992,0,13286,13286
210340,1993,0,12707,12707
210340,1994,0,12840,12840
210340,1995,0,7292,7292
210340,1996,0,6462,6462
210340,1997,0,6433,6433
210340,1998,0,6417,6417
210340,1999,0,5216,5216
210340,2000,0,5099,5099
210340,2001,0,5190,5190
210340,2002,0,5523,5523
210340,2003,0,6621,6621
210340,2004,0,6438,6438
210340,2005,0,7049,7049
210340,2006,0,9332,9332
210340,2007,0,8905,8905
210340,2008,0,10533,10533
210340,2009,0,9044,9044
210340,2010,0,11208,11208
210340,2011,0,9174,9174
210340,2012,0,9308,9308
210340,2013,0,9148,9148
210340,2014,0,8159,8159
210340,2015,0,7915,7915
210340,2016,0,7429,7429
210340,2017,0,7406,7406
210340,2018,0,7937,7937
210340,2019,0,6362,6362
210340,2020,0,6243,6243
210340,2021,0,6226,6226
210350,1988,0,30177,30177
210350,1989,0,28894,28894
210350,1990,0,34923,34923
210350,1991,0,43538,43538
210350,1992,0,39692,39692
210350,1993,0,35824,35824
210350,1994,0,38604,38604
210350,1995,0,37159,37159
210350,1996,0,13863,13863
210350,1997,0,13834,13834
210350,1998,0,13774,13774
210350,1999,0,14064,14064
210350,2000,0,14651,14651
210350,2001,0,16253,16253
210350,2002,0,16059,16059
210350,2003,0,16780,16780
210350,2004,4,17496,17492
210350,2005,35,18248,18213
210350,2006,0,18233,18233
210350,2007,0,18127,18127
210350,2008,0,17400,17400
210350,2009,0,6785,6785
210350,2010,0,17890,17890
210350,2011,150,19252,19102
210350,2012,150,17621,17471
210350,2013,200,16135,15935
210350,2014,560,17569,17009
210350,2015,2000,14383,12383
210350,2016,2300,14248,11948
210350,2017,3000,14897,11897
210350,2018,3100,15180,12080
210350,2019,4720,12958,8238
210350,2020,4013,11042,7029
210350,2021,6220,12803,6583
210370,1988,0,19092,19092
210370,1989,0,24584,24584
210370,1990,0,19619,19619
210370,1991,0,13114,13114
210370,1992,0,13064,13064
210370,1993,0,14664,14664
210370,1994,0,14964,14964
210370,1995,0,12373,12373
210370,1996,0,2543,2543
210370,1997,0,2872,2872
210370,1998,0,2534,2534
210370,1999,0,4661,4661
210370,2000,0,3023,3023
210370,2001,0,3056,3056
210370,2002,0,3022,3022
210370,2003,0,3327,3327
210370,2004,0,2739,2739
210370,2005,0,3424,3424
210370,2006,0,3461,3461
210370,2007,0,3513,3513
210370,2008,0,3529,3529
210370,2009,0,3590,3590
210370,2010,0,3639,3639
210370,2011,0,3632,3632
210370,2012,0,3579,3579
210370,2013,0,3541,3541
210370,2014,0,3473,3473
210370,2015,0,3308,3308
210370,2016,0,2981,2981
210370,2017,0,2174,2174
210370,2018,0,1669,1669
210370,2019,0,1629,1629
210370,2020,0,1609,1609
210370,2021,0,1587,1587
210380,1988,0,4913,4913
210380,1989,0,3905,3905
210380,1990,0,3905,3905
210380,1991,0,5741,5741
210380,1992,0,7570,7570
210380,1993,0,8296,8296
210380,1994,0,7303,7303
210380,1995,0,6055,6055
210380,1996,0,1620,1620
210380,1997,0,1437,1437
210380,1998,0,1406,1406
210380,1999,0,1493,1493
210380,2000,0,1572,1572
210380,2001,0,1600,1600
210380,2002,0,1552,1552
210380,2003,0,1606,1606
210380,2004,0,1692,1692
210380,2005,0,1693,1693
210380,2006,0,1709,1709
210380,2007,0,2339,2339
210380,2008,0,1957,1957
210380,2009,0,1816,1816
210380,2010,0,1828,1828
210380,2011,0,1839,1839
210380,2012,0,1854,1854
210380,2013,0,1637,1637
210380,2014,0,1689,1689
210380,2015,0,1712,1712
210380,2016,0,1610,1610
210380,2017,0,2134,2134
210380,2018,0,2163,2163
210380,2019,0,1920,1920
210380,2020,0,1968,1968
210380,2021,0,1956,1956
210390,1988,0,5311,5311
210390,1989,0,5393,5393
210390,1990,0,5276,5276
210390,1991,0,5134,5134
210390,1992,0,5033,5033
210390,1993,0,4267,4267
210390,1994,0,4381,4381
210390,1995,0,3447,3447
210390,1996,0,2346,2346
210390,1997,0,2287,2287
210390,1998,0,2748,2748
210390,1999,0,2334,2334
210390,2000,0,2485,2485
210390,2001,0,2551,2551
210390,2002,0,2681,2681
210390,2003,0,2812,2812
210390,2004,0,2654,2654
210390,2005,0,2965,2965
210390,2006,0,3067,3067
210390,2007,0,3203,3203
210390,2008,0,3085,3085
210390,2009,0,3175,3175
210390,2010,0,2143,2143
210390,2011,0,2985,2985
210390,2012,0,2835,2835
210390,2013,0,2476,2476
210390,2014,0,2224,2224
210390,2015,0,2078,2078
210390,2016,0,1979,1979
210390,2017,0,1943,1943
210390,2018,0,1838,1838
210390,2019,0,1058,1058
210390,2020,0,1029,1029
210390,2021,0,1054,1054
210400,1988,0,19999,19999
210400,1989,0,19647,19647
210400,1990,0,13543,13543
210400,1991,0,16571,16571
210400,1992,0,8873,8873
210400,1993,0,9329,9329
210400,1994,0,9778,9778
210400,1995,0,8349,8349
210400,1996,0,10245,10245
210400,1997,0,9902,9902
210400,1998,0,10532,10532
210400,1999,0,11135,11135
210400,2000,0,10974,10974
210400,2001,0,10531,10531
210400,2002,0,12578,12578
210400,2003,0,12578,12578
210400,2004,0,12790,12790
210400,2005,0,12971,12971
210400,2006,0,9051,9051
210400,2007,0,8722,8722
210400,2008,0,8947,8947
210400,2009,0,8997,8997
210400,2010,0,9066,9066
210400,2011,0,9134,9134
210400,2012,0,8162,8162
210400,2013,0,8290,8290
210400,2014,0,8430,8430
210400,2015,0,5367,5367
210400,2016,0,4435,4435
210400,2017,0,4129,4129
210400,2018,0,3501,3501
210400,2019,0,3236,3236
210400,2020,0,3086,3086
210400,2021,0,2750,2750
210405,1988,0,6353,6353
210405,1989,0,13664,13664
210405,1990,0,7146,7146
210405,1991,0,6069,6069
210405,1992,0,6510,6510
210405,1993,30,7552,7522
210405,1994,180,8577,8397
210405,1995,650,9428,8778
210405,1996,150,9146,8996
210405,1997,170,9494,9324
210405,1998,530,10460,9930
210405,1999,190,10318,10128
210405,2000,330,11570,11240
210405,2001,450,11876,11426
210405,2002,470,9443,8973
210405,2003,1205,11685,10480
210405,2004,1940,13306,11366
210405,2005,1800,13611,11811
210405,2006,1570,13557,11987
210405,2007,960,13875,12915
210405,2008,855,7186,6331
210405,2009,1171,8188,7017
210405,2010,1360,7797,6437
210405,2011,1476,7959,6483
210405,2012,1697,6960,5263
210405,2013,1800,6980,5180
210405,2014,2000,7138,5138
210405,2015,2050,6230,4180
210405,2016,1780,5164,3384
210405,2017,1562,4994,3432
210405,2018,1600,3287,1687
210405,2019,442,2657,2215
210405,2020,2350,4824,2474
210405,2021,3365,5908,2543
210410,1988,750,15806,15056
210410,1989,988,18906,17918
210410,1990,700,9401,8701
210410,1991,50,13791,13741
210410,1992,0,19806,19806
210410,1993,610,13546,12936
210410,1994,3770,10448,6678
210410,1995,5650,10605,4955
210410,1996,4752,11484,6732
210410,1997,4760,11505,6745
210410,1998,3303,10139,6836
210410,1999,6241,11391,5150
210410,2000,6512,13917,7405
210410,2001,7645,12471,4826
210410,2002,8345,15073,6728
210410,2003,15980,23297,7317
210410,2004,18501,26498,7997
210410,2005,20813,25848,5035
210410,2006,19790,24047,4257
210410,2007,19790,24196,4406
210410,2008,20819,25367,4548
210410,2009,20093,25251,5158
210410,2010,26418,30965,4547
210410,2011,28003,32691,4688
210410,2012,29272,33861,4589
210410,2013,23654,30369,6715
210410,2014,16676,24290,7614
210410,2015,17664,24981,7317
210410,2016,17267,23842,6575
210410,2017,16978,24299,7321
210410,2018,14050,21504,7454
210410,2019,16620,23815,7195
210410,2020,11396,22191,10795
210410,2021,18884,34171,15287
210420,1988,0,18518,18518
210420,1989,0,20078,20078
210420,1990,0,20588,20588
210420,1991,0,24825,24825
210420,1992,0,20195,20195
210420,1993,0,19089,19089
210420,1994,0,18879,18879
210420,1995,0,18334,18334
210420,1996,0,9040,9040
210420,1997,0,8810,8810
210420,1998,0,9076,9076
210420,1999,0,9184,9184
210420,2000,0,10515,10515
210420,2001,0,11181,11181
210420,2002,0,10225,10225
210420,2003,0,10332,10332
210420,2004,30,10737,10707
210420,2005,30,10676,10646
210420,2006,35,10631,10596
210420,2007,40,10650,10610
210420,2008,40,9879,9839
210420,2009,0,10380,10380
210420,2010,0,10673,10673
210420,2011,0,10862,10862
210420,2012,0,10379,10379
210420,2013,0,9648,9648
210420,2014,0,10681,10681
210420,2015,0,2839,2839
210420,2016,0,2737,2737
210420,2017,0,3155,3155
210420,2018,0,3249,3249
210420,2019,500,3397,2897
210420,2020,505,5877,5372
210420,2021,350,6228,5878
210440,1988,0,19549,19549
210440,1989,0,17548,17548
210440,1990,0,13754,13754
210440,1991,0,17204,17204
210440,1992,0,15745,15745
210440,1993,0,16392,16392
210440,1994,0,16393,16393
210440,1995,0,16163,16163
210440,1996,0,5006,5006
210440,1997,0,4718,4718
210440,1998,0,4575,4575
210440,1999,0,5509,5509
210440,2000,0,5779,5779
210440,2001,0,5323,5323
210440,2002,0,5619,5619
210440,2003,0,5702,5702
210440,2004,0,5895,5895
210440,2005,0,5972,5972
210440,2006,0,5923,5923
210440,2007,0,6004,6004
210440,2008,0,6001,6001
210440,2009,0,6042,6042
210440,2010,0,6097,6097
210440,2011,0,6246,6246
210440,2012,0,5543,5543
210440,2013,0,5834,5834
210440,2014,0,9069,9069
210440,2015,0,6181,6181
210440,2016,0,1233,1233
210440,2017,0,1370,1370
210440,2018,0,1772,1772
210440,2019,0,1818,1818
210440,2020,0,1726,1726
210440,2021,0,1716,1716
210450,1988,0,5684,5684
210450,1989,0,5014,5014
210450,1990,0,4643,4643
210450,1991,0,5245,5245
210450,1992,0,4263,4263
210450,1993,0,4600,4600
210450,1994,0,4814,4814
210450,1995,0,5193,5193
210450,1996,0,2623,2623
210450,1997,0,2463,2463
210450,1998,0,2368,2368
210450,1999,0,2731,2731
210450,2000,0,3005,3005
210450,2001,0,3069,3069
210450,2002,0,3083,3083
210450,2003,0,3115,3115
210450,2004,0,3156,3156
210450,2005,0,3169,3169
210450,2006,0,3325,3325
210450,2007,0,3347,3347
210450,2008,0,3346,3346
210450,2009,0,3373,3373
210450,2010,0,3412,3412
210450,2011,0,3420,3420
210450,2012,0,3093,3093
210450,2013,0,3076,3076
210450,2014,0,3637,3637
210450,2015,0,3475,3475
210450,2016,0,630,630
210450,2017,0,625,625
210450,2018,0,654,654
210450,2019,0,626,626
210450,2020,0,533,533
210450,2021,0,539,539
210460,1988,0,26598,26598
210460,1989,0,24208,24208
210460,1990,0,24178,24178
210460,1991,0,29093,29093
210460,1992,0,28880,28880
210460,1993,0,32772,32772
210460,1994,0,39549,39549
210460,1995,0,38530,38530
210460,1996,0,9978,9978
210460,1997,0,10014,10014
210460,1998,0,9374,9374
210460,1999,0,10721,10721
210460,2000,0,11394,11394
210460,2001,0,11583,11583
210460,2002,0,11606,11606
210460,2003,0,11701,11701
210460,2004,0,12015,12015
210460,2005,0,12027,12027
210460,2006,0,12096,12096
210460,2007,0,12217,12217
210460,2008,0,12240,12240
210460,2009,0,12146,12146
210460,2010,0,12206,12206
210460,2011,0,12247,12247
210460,2012,63,10973,10910
210460,2013,350,10999,10649
210460,2014,313,10692,10379
210460,2015,365,10908,10543
210460,2016,572,7212,6640
210460,2017,960,8174,7214
210460,2018,1162,8806,7644
210460,2019,1077,8773,7696
210460,2020,2923,10021,7098
210460,2021,2650,9613,6963
210470,1988,0,4914,4914
210470,1989,0,3528,3528
210470,1990,0,3440,3440
210470,1991,0,4374,4374
210470,1992,0,5769,5769
210470,1993,0,6070,6070
210470,1994,0,5960,5960
210470,1995,0,5859,5859
210470,1996,0,1827,1827
210470,1997,0,1763,1763
210470,1998,0,1720,1720
210470,1999,0,2209,2209
210470,2000,0,2320,2320
210470,2001,0,2366,2366
210470,2002,0,2359,2359
210470,2003,0,2376,2376
210470,2004,0,2528,2528
210470,2005,0,2536,2536
210470,2006,0,2564,2564
210470,2007,0,2609,2609
210470,2008,0,2571,2571
210470,2009,0,2530,2530
210470,2010,0,2596,2596
210470,2011,0,2679,2679
210470,2012,0,3042,3042
210470,2013,0,2330,2330
210470,2014,0,2149,2149
210470,2015,0,1213,1213
210470,2016,0,1271,1271
210470,2017,0,1324,1324
210470,2018,0,1335,1335
210470,2019,0,1286,1286
210470,2020,0,1291,1291
210470,2021,0,1278,1278
210480,1988,0,75987,75987
210480,1989,0,68025,68025
210480,1990,0,52418,52418
210480,1991,0,55653,55653
210480,1992,0,64809,64809
210480,1993,0,56017,56017
210480,1994,160,63418,63258
210480,1995,0,58870,58870
210480,1996,0,20149,20149
210480,1997,0,19966,19966
210480,1998,0,24690,24690
210480,1999,600,23973,23373
210480,2000,610,30191,29581
210480,2001,680,28203,27523
210480,2002,10,29075,29065
210480,2003,1640,30440,28800
210480,2004,3748,33478,29730
210480,2005,2338,35987,33649
210480,2006,3200,37224,34024
210480,2007,3215,37769,34554
210480,2008,3270,38272,35002
210480,2009,5211,41215,36004
210480,2010,5464,38122,32658
210480,2011,7521,45548,38027
210480,2012,6861,39159,32298
210480,2013,6225,36539,30314
210480,2014,7500,36061,28561
210480,2015,11000,33116,22116
210480,2016,11500,31426,19926
210480,2017,12000,33246,21246
210480,2018,12500,32599,20099
210480,2019,13348,32329,18981
210480,2020,13445,33032,19587
210480,2021,13396,32766,19370
210490,1988,0,1099,1099
210490,1989,0,1566,1566
210490,1990,0,1737,1737
210490,1991,0,1537,1537
210490,1992,0,2185,2185
210490,1993,0,2520,2520
210490,1994,0,3179,3179
210490,1995,0,2131,2131
210490,1996,0,990,990
210490,1997,0,1033,1033
210490,1998,0,1400,1400
210490,1999,0,1185,1185
210490,2000,0,1159,1159
210490,2001,0,1207,1207
210490,2002,0,1207,1207
210490,2003,0,987,987
210490,2004,0,848,848
210490,2005,0,1077,1077
210490,2006,0,1235,1235
210490,2007,0,1270,1270
210490,2008,0,1278,1278
210490,2009,0,1425,1425
210490,2010,0,1459,1459
210490,2011,0,1432,1432
210490,2012,0,1439,1439
210490,2013,0,1433,1433
210490,2014,0,1435,1435
210490,2015,0,1366,1366
210490,2016,0,1298,1298
210490,2017,0,1067,1067
210490,2018,0,883,883
210490,2019,0,864,864
210490,2020,0,835,835
210490,2021,0,748,748
210500,1988,0,5033,5033
210500,1989,0,8193,8193
210500,1990,0,7160,7160
210500,1991,0,6460,6460
210500,1992,0,7202,7202
210500,1993,0,7910,7910
210500,1994,0,8652,8652
210500,1995,0,8222,8222
210500,1996,0,3388,3388
210500,1997,0,2722,2722
210500,1998,0,2120,2120
210500,1999,0,2730,2730
210500,2000,0,2272,2272
210500,2001,0,3478,3478
210500,2002,0,2494,2494
210500,2003,0,2559,2559
210500,2004,0,2652,2652
210500,2005,0,2690,2690
210500,2006,0,2605,2605
210500,2007,0,2722,2722
210500,2008,0,2976,2976
210500,2009,0,3159,3159
210500,2010,0,3229,3229
210500,2011,0,3084,3084
210500,2012,0,2643,2643
210500,2013,0,3347,3347
210500,2014,0,3612,3612
210500,2015,0,508,508
210500,2016,0,446,446
210500,2017,0,664,664
210500,2018,0,758,758
210500,2019,0,908,908
210500,2020,0,772,772
210500,2021,0,724,724
210510,1988,0,1890,1890
210510,1989,0,1908,1908
210510,1990,0,1919,1919
210510,1991,0,2009,2009
210510,1992,0,2010,2010
210510,1993,0,1960,1960
210510,1994,0,1999,1999
210510,1995,0,2090,2090
210510,1996,0,2793,2793
210510,1997,0,2794,2794
210510,1998,0,1623,1623
210510,1999,0,3037,3037
210510,2000,0,1911,1911
210510,2001,0,3819,3819
210510,2002,0,2065,2065
210510,2003,0,2467,2467
210510,2004,0,2590,2590
210510,2005,0,2531,2531
210510,2006,0,2541,2541
210510,2007,0,2629,2629
210510,2008,0,2629,2629
210510,2009,0,2509,2509
210510,2010,0,2382,2382
210510,2011,0,2081,2081
210510,2012,0,2365,2365
210510,2013,0,3068,3068
210510,2014,0,3376,3376
210510,2015,0,3215,3215
210510,2016,0,2207,2207
210510,2017,0,1654,1654
210510,2018,0,1303,1303
210510,2019,0,923,923
210510,2020,0,765,765
210510,2021,0,750,750
210520,1988,0,7246,7246
210520,1989,0,7308,7308
210520,1990,0,4334,4334
210520,1991,0,5443,5443
210520,1992,0,2977,2977
210520,1993,0,3121,3121
210520,1994,0,3463,3463
210520,1995,0,3047,3047
210520,1996,0,2254,2254
210520,1997,0,2306,2306
210520,1998,0,2055,2055
210520,1999,0,3329,3329
210520,2000,0,2629,2629
210520,2001,0,2625,2625
210520,2002,0,2836,2836
210520,2003,0,3349,3349
210520,2004,0,3451,3451
210520,2005,0,3494,3494
210520,2006,0,4150,4150
210520,2007,0,4843,4843
210520,2008,0,4960,4960
210520,2009,0,4998,4998
210520,2010,0,5035,5035
210520,2011,0,5069,5069
210520,2012,0,5345,5345
210520,2013,0,5424,5424
210520,2014,0,5650,5650
210520,2015,0,4417,4417
210520,2016,0,3807,3807
210520,2017,0,3525,3525
210520,2018,0,2580,2580
210520,2019,0,1326,1326
210520,2020,0,1161,1161
210520,2021,0,1063,1063
210530,1988,0,92506,92506
210530,1989,0,91320,91320
210530,1990,0,71620,71620
210530,1991,0,37638,37638
210530,1992,0,38094,38094
210530,1993,118,41881,41763
210530,1994,0,31044,31044
210530,1995,0,32353,32353
210530,1996,0,25051,25051
210530,1997,0,25993,25993
210530,1998,0,25530,25530
210530,1999,0,16531,16531
210530,2000,0,20891,20891
210530,2001,0,19785,19785
210530,2002,0,22475,22475
210530,2003,0,27146,27146
210530,2004,0,29805,29805
210530,2005,0,28798,28798
210530,2006,0,28334,28334
210530,2007,0,30184,30184
210530,2008,0,22922,22922
210530,2009,0,20344,20344
210530,2010,0,18440,18440
210530,2011,245,16873,16628
210530,2012,230,13493,13263
210530,2013,3354,19649,16295
210530,2014,10495,25191,14696
210530,2015,17787,30678,12891
210530,2016,28610,37272,8662
210530,2017,33742,46298,12556
210530,2018,55288,69335,14047
210530,2019,75035,89778,14743
210530,2020,83478,100170,16692
210530,2021,93384,109950,16566
210540,1988,0,19473,19473
210540,1989,0,17233,17233
210540,1990,0,14517,14517
210540,1991,0,10543,10543
210540,1992,0,8859,8859
210540,1993,0,9485,9485
210540,1994,0,11563,11563
210540,1995,0,12860,12860
210540,1996,0,8028,8028
210540,1997,0,8021,8021
210540,1998,0,8547,8547
210540,1999,0,8492,8492
210540,2000,0,8667,8667
210540,2001,0,8892,8892
210540,2002,0,9150,9150
210540,2003,0,9880,9880
210540,2004,0,11021,11021
210540,2005,0,12589,12589
210540,2006,0,14055,14055
210540,2007,0,14539,14539
210540,2008,0,14578,14578
210540,2009,0,13455,13455
210540,2010,0,14714,14714
210540,2011,0,14853,14853
210540,2012,0,14318,14318
210540,2013,0,14370,14370
210540,2014,0,14359,14359
210540,2015,0,11700,11700
210540,2016,0,5055,5055
210540,2017,0,4235,4235
210540,2018,0,3951,3951
210540,2019,0,2619,2619
210540,2020,0,2624,2624
210540,2021,0,2617,2617
210550,1988,0,31155,31155
210550,1989,0,27997,27997
210550,1990,0,22041,22041
210550,1991,0,24173,24173
210550,1992,0,24260,24260
210550,1993,0,27752,27752
210550,1994,0,20190,20190
210550,1995,0,21315,21315
210550,1996,0,16414,16414
210550,1997,0,16787,16787
210550,1998,0,15805,15805
210550,1999,0,8924,8924
210550,2000,0,10743,10743
210550,2001,0,11750,11750
210550,2002,0,11788,11788
210550,2003,0,11799,11799
210550,2004,0,11866,11866
210550,2005,0,10833,10833
210550,2006,0,9758,9758
210550,2007,0,9522,9522
210550,2008,0,6442,6442
210550,2009,0,5942,5942
210550,2010,0,4991,4991
210550,2011,0,3773,3773
210550,2012,0,2136,2136
210550,2013,0,2254,2254
210550,2014,0,2153,2153
210550,2015,0,1108,1108
210550,2016,0,862,862
210550,2017,0,937,937
210550,2018,0,1023,1023
210550,2019,0,976,976
210550,2020,0,1148,1148
210550,2021,200,1381,1181
210560,1988,0,13042,13042
210560,1989,0,12603,12603
210560,1990,0,9287,9287
210560,1991,0,10996,10996
210560,1992,0,5925,5925
210560,1993,0,5922,5922
210560,1994,0,6465,6465
210560,1995,0,5585,5585
210560,1996,0,6254,6254
210560,1997,0,5996,5996
210560,1998,0,8486,8486
210560,1999,0,6717,6717
210560,2000,0,6160,6160
210560,2001,0,6135,6135
210560,2002,0,5863,5863
210560,2003,0,6836,6836
210560,2004,0,6942,6942
210560,2005,0,6956,6956
210560,2006,0,7059,7059
210560,2007,0,7044,7044
210560,2008,0,7226,7226
210560,2009,0,7252,7252
210560,2010,0,7272,7272
210560,2011,0,7288,7288
210560,2012,0,7125,7125
210560,2013,0,6685,6685
210560,2014,0,6715,6715
210560,2015,0,1216,1216
210560,2016,0,1136,1136
210560,2017,0,1104,1104
210560,2018,0,898,898
210560,2019,0,759,759
210560,2020,0,803,803
210560,2021,0,754,754
210570,1988,0,40338,40338
210570,1989,0,41091,41091
210570,1990,0,32916,32916
210570,1991,0,44143,44143
210570,1992,0,53523,53523
210570,1993,0,41911,41911
210570,1994,0,50254,50254
210570,1995,0,39721,39721
210570,1996,0,14750,14750
210570,1997,0,14824,14824
210570,1998,0,18073,18073
210570,1999,0,20729,20729
210570,2000,0,22976,22976
210570,2001,0,25193,25193
210570,2002,0,28759,28759
210570,2003,0,30334,30334
210570,2004,0,30906,30906
210570,2005,0,29199,29199
210570,2006,0,17978,17978
210570,2007,0,18896,18896
210570,2008,0,18899,18899
210570,2009,0,18769,18769
210570,2010,0,19476,19476
210570,2011,0,19876,19876
210570,2012,0,19756,19756
210570,2013,0,18990,18990
210570,2014,0,17744,17744
210570,2015,0,14857,14857
210570,2016,0,5840,5840
210570,2017,0,6830,6830
210570,2018,0,6749,6749
210570,2019,1077,6651,5574
210570,2020,1000,6654,5654
210570,2021,2800,8744,5944
210580,1988,0,11286,11286
210580,1989,0,12558,12558
210580,1990,0,8763,8763
210580,1991,0,8730,8730
210580,1992,0,10014,10014
210580,1993,0,10174,10174
210580,1994,0,10799,10799
210580,1995,0,10820,10820
210580,1996,0,3580,3580
210580,1997,0,3537,3537
210580,1998,0,3539,3539
210580,1999,0,7436,7436
210580,2000,0,4879,4879
210580,2001,0,7053,7053
210580,2002,0,6637,6637
210580,2003,0,7029,7029
210580,2004,0,7238,7238
210580,2005,0,7449,7449
210580,2006,0,7470,7470
210580,2007,0,7520,7520
210580,2008,0,7286,7286
210580,2009,0,7762,7762
210580,2010,0,7812,7812
210580,2011,0,7851,7851
210580,2012,0,5853,5853
210580,2013,0,5536,5536
210580,2014,0,5631,5631
210580,2015,0,4115,4115
210580,2016,0,3396,3396
210580,2017,0,3207,3207
210580,2018,0,2541,2541
210580,2019,0,1940,1940
210580,2020,0,1848,1848
210580,2021,0,1756,1756
210590,1988,0,4127,4127
210590,1989,0,4023,4023
210590,1990,0,4013,4013
210590,1991,0,4679,4679
210590,1992,0,5593,5593
210590,1993,0,5659,5659
210590,1994,0,6109,6109
210590,1995,0,7915,7915
210590,1996,0,2999,2999
210590,1997,0,3133,3133
210590,1998,0,3610,3610
210590,1999,0,3296,3296
210590,2000,0,3309,3309
210590,2001,0,3807,3807
210590,2002,0,4435,4435
210590,2003,0,4580,4580
210590,2004,0,4540,4540
210590,2005,0,4524,4524
210590,2006,0,3197,3197
210590,2007,0,3178,3178
210590,2008,0,3222,3222
210590,2009,0,3221,3221
210590,2010,0,3279,3279
210590,2011,0,3337,3337
210590,2012,0,3404,3404
210590,2013,0,3238,3238
210590,2014,0,3229,3229
210590,2015,0,3263,3263
210590,2016,0,2299,2299
210590,2017,0,597,597
210590,2018,0,695,695
210590,2019,0,569,569
210590,2020,0,578,578
210590,2021,0,589,589
210610,1988,50,8972,8922
210610,1989,1000,12258,11258
210610,1990,500,5452,4952
210610,1991,0,5576,5576
210610,1992,300,8811,8511
210610,1993,1350,6047,4697
210610,1994,1670,4238,2568
210610,1995,3500,6389,2889
210610,1996,1090,3555,2465
210610,1997,3800,7751,3951
210610,1998,8155,12490,4335
210610,1999,5720,8801,3081
210610,2000,5905,8747,2842
210610,2001,6932,8854,1922
210610,2002,7432,9294,1862
210610,2003,8490,12268,3778
210610,2004,10358,13748,3390
210610,2005,11000,14076,3076
210610,2006,10450,13147,2697
210610,2007,10450,13221,2771
210610,2008,10868,13733,2865
210610,2009,10465,24180,13715
210610,2010,15309,28275,12966
210610,2011,16228,19713,3485
210610,2012,23300,30885,7585
210610,2013,23020,35184,12164
210610,2014,31404,45830,14426
210610,2015,33954,46845,12891
210610,2016,33614,43911,10297
210610,2017,34958,59745,24787
210610,2018,38945,64692,25747
210610,2019,40120,52793,12673
210610,2020,35550,53250,17700
210610,2021,35810,54032,18222
210630,1988,0,9232,9232
210630,1989,0,8946,8946
210630,1990,0,8011,8011
210630,1991,0,8138,8138
210630,1992,0,8078,8078
210630,1993,0,6878,6878
210630,1994,0,5613,5613
210630,1995,0,2898,2898
210630,1996,0,3417,3417
210630,1997,0,3098,3098
210630,1998,0,3225,3225
210630,1999,0,3569,3569
210630,2000,0,3921,3921
210630,2001,0,3970,3970
210630,2002,0,3962,3962
210630,2003,0,4013,4013
210630,2004,264,4483,4219
210630,2005,1480,5756,4276
210630,2006,1480,6861,5381
210630,2007,1480,7223,5743
210630,2008,1900,8036,6136
210630,2009,2500,8466,5966
210630,2010,2500,9114,6614
210630,2011,2500,9271,6771
210630,2012,2602,8068,5466
210630,2013,3120,10568,7448
210630,2014,3770,11561,7791
210630,2015,3325,6568,3243
210630,2016,3050,6123,3073
210630,2017,4554,7140,2586
210630,2018,4554,6945,2391
210630,2019,4750,6696,1946
210630,2020,4230,5906,1676
210630,2021,2942,4644,1702
210640,1988,0,7042,7042
210640,1989,0,7288,7288
210640,1990,0,6743,6743
210640,1991,0,5495,5495
210640,1992,0,5563,5563
210640,1993,0,3570,3570
210640,1994,10,4085,4075
210640,1995,0,4168,4168
210640,1996,0,2125,2125
210640,1997,0,1847,1847
210640,1998,0,3155,3155
210640,1999,0,3396,3396
210640,2000,0,4903,4903
210640,2001,0,4883,4883
210640,2002,0,5074,5074
210640,2003,750,9860,9110
210640,2004,1610,10563,8953
210640,2005,1700,11075,9375
210640,2006,2670,12713,10043
210640,2007,3000,12068,9068
210640,2008,3210,13028,9818
210640,2009,3500,14898,11398
210640,2010,3700,15226,11526
210640,2011,5350,12791,7441
210640,2012,6000,13838,7838
210640,2013,6660,12415,5755
210640,2014,6660,12808,6148
210640,2015,8100,13495,5395
210640,2016,8100,13209,5109
210640,2017,8400,11574,3174
210640,2018,8420,11584,3164
210640,2019,8000,10273,2273
210640,2020,8150,10033,1883
210640,2021,8200,9940,1740
210660,1988,0,15681,15681
210660,1989,0,10427,10427
210660,1990,0,9070,9070
210660,1991,0,9693,9693
210660,1992,0,9024,9024
210660,1993,0,9418,9418
210660,1994,0,9348,9348
210660,1995,0,9061,9061
210660,1996,0,11164,11164
210660,1997,0,10977,10977
210660,1998,0,11681,11681
210660,1999,0,10857,10857
210660,2000,0,11241,11241
210660,2001,0,11635,11635
210660,2002,0,12133,12133
210660,2003,0,12643,12643
210660,2004,0,12899,12899
210660,2005,0,10976,10976
210660,2006,0,11649,11649
210660,2007,0,9837,9837
210660,2008,0,9332,9332
210660,2009,0,9543,9543
210660,2010,0,7076,7076
210660,2011,0,7018,7018
210660,2012,0,6886,6886
210660,2013,0,6697,6697
210660,2014,0,6252,6252
210660,2015,0,3885,3885
210660,2016,0,3407,3407
210660,2017,0,4323,4323
210660,2018,310,4948,4638
210660,2019,1000,5506,4506
210660,2020,650,4911,4261
210660,2021,5000,10852,5852
210670,1988,0,15435,15435
210670,1989,0,16180,16180
210670,1990,0,16225,16225
210670,1991,0,20047,20047
210670,1992,0,16037,16037
210670,1993,0,16109,16109
210670,1994,0,16099,16099
210670,1995,0,15411,15411
210670,1996,0,6512,6512
210670,1997,0,5737,5737
210670,1998,0,5668,5668
210670,1999,0,6439,6439
210670,2000,300,6849,6549
210670,2001,620,7462,6842
210670,2002,850,8286,7436
210670,2003,1250,8370,7120
210670,2004,1800,9304,7504
210670,2005,800,8448,7648
210670,2006,1860,9615,7755
210670,2007,1900,9705,7805
210670,2008,2000,10247,8247
210670,2009,2950,11950,9000
210670,2010,2900,12168,9268
210670,2011,2945,12186,9241
210670,2012,3430,12671,9241
210670,2013,4099,13596,9497
210670,2014,4000,13210,9210
210670,2015,10000,18004,8004
210670,2016,11000,19144,8144
210670,2017,11100,17339,6239
210670,2018,11090,17395,6305
210670,2019,12370,17426,5056
210670,2020,12148,18062,5914
210670,2021,16650,22671,6021
210675,1988,0,0,0
210675,1989,0,4342,4342
210675,1990,0,3646,3646
210675,1991,0,2609,2609
210675,1992,0,2322,2322
210675,1993,0,2561,2561
210675,1994,0,2691,2691
210675,1995,0,2704,2704
210675,1996,0,704,704
210675,1997,0,722,722
210675,1998,0,941,941
210675,1999,0,796,796
210675,2000,0,832,832
210675,2001,0,869,869
210675,2002,0,903,903
210675,2003,0,949,949
210675,2004,0,1038,1038
210675,2005,0,1118,1118
210675,2006,0,1181,1181
210675,2007,0,1266,1266
210675,2008,0,1297,1297
210675,2009,0,1371,1371
210675,2010,0,1323,1323
210675,2011,0,1443,1443
210675,2012,0,1460,1460
210675,2013,0,1505,1505
210675,2014,0,1513,1513
210675,2015,0,1456,1456
210675,2016,0,1472,1472
210675,2017,0,1523,1523
210675,2018,0,1531,1531
210675,2019,0,676,676
210675,2020,0,674,674
210675,2021,0,690,690
210680,1988,0,2604,2604
210680,1989,0,2235,2235
210680,1990,0,1976,1976
210680,1991,0,1843,1843
210680,1992,0,2138,2138
210680,1993,0,2299,2299
210680,1994,0,2643,2643
210680,1995,0,2402,2402
210680,1996,0,1980,1980
210680,1997,0,2122,2122
210680,1998,0,1682,1682
210680,1999,0,2198,2198
210680,2000,0,2316,2316
210680,2001,0,2369,2369
210680,2002,0,2212,2212
210680,2003,0,2496,2496
210680,2004,0,2324,2324
210680,2005,0,2552,2552
210680,2006,0,2583,2583
210680,2007,0,2609,2609
210680,2008,0,2744,2744
210680,2009,0,2696,2696
210680,2010,0,2722,2722
210680,2011,0,2824,2824
210680,2012,0,2808,2808
210680,2013,0,2656,2656
210680,2014,0,2502,2502
210680,2015,0,2366,2366
210680,2016,0,2063,2063
210680,2017,0,1961,1961
210680,2018,0,1650,1650
210680,2019,0,1611,1611
210680,2020,0,1537,1537
210680,2021,0,1425,1425
210690,1988,0,39613,39613
210690,1989,0,7626,7626
210690,1990,0,6058,6058
210690,1991,0,6573,6573
210690,1992,0,8701,8701
210690,1993,0,9914,9914
210690,1994,0,10559,10559
210690,1995,0,14083,14083
210690,1996,0,4806,4806
210690,1997,0,5315,5315
210690,1998,0,5964,5964
210690,1999,0,5575,5575
210690,2000,0,5897,5897
210690,2001,0,6671,6671
210690,2002,0,6406,6406
210690,2003,0,6212,6212
210690,2004,0,6954,6954
210690,2005,0,8280,8280
210690,2006,0,8018,8018
210690,2007,0,7845,7845
210690,2008,0,9026,9026
210690,2009,0,7844,7844
210690,2010,0,7833,7833
210690,2011,0,8186,8186
210690,2012,0,7925,7925
210690,2013,0,7869,7869
210690,2014,0,5443,5443
210690,2015,0,3596,3596
210690,2016,0,3300,3300
210690,2017,0,3122,3122
210690,2018,0,2780,2780
210690,2019,0,1293,1293
210690,2020,0,1116,1116
210690,2021,0,969,969
210700,1988,0,10592,10592
210700,1989,0,9663,9663
210700,1990,0,9669,9669
210700,1991,0,10119,10119
210700,1992,0,9849,9849
210700,1993,0,10083,10083
210700,1994,0,5702,5702
210700,1995,0,6202,6202
210700,1996,0,5432,5432
210700,1997,0,5406,5406
210700,1998,0,5968,5968
210700,1999,0,3895,3895
210700,2000,0,4356,4356
210700,2001,0,4336,4336
210700,2002,0,3982,3982
210700,2003,0,5001,5001
210700,2004,0,4951,4951
210700,2005,0,5096,5096
210700,2006,0,5498,5498
210700,2007,0,5810,5810
210700,2008,0,6183,6183
210700,2009,0,6099,6099
210700,2010,0,4641,4641
210700,2011,0,4181,4181
210700,2012,0,3127,3127
210700,2013,0,3200,3200
210700,2014,0,3035,3035
210700,2015,0,2851,2851
210700,2016,0,2463,2463
210700,2017,240,3070,2830
210700,2018,350,3483,3133
210700,2019,638,3569,2931
210700,2020,700,3870,3170
210700,2021,695,3836,3141
210710,1988,0,5578,5578
210710,1989,0,4407,4407
210710,1990,0,5518,5518
210710,1991,0,5245,5245
210710,1992,0,4958,4958
210710,1993,0,5082,5082
210710,1994,0,5165,5165
210710,1995,0,5309,5309
210710,1996,0,2111,2111
210710,1997,0,2162,2162
210710,1998,0,2302,2302
210710,1999,0,4173,4173
210710,2000,0,2461,2461
210710,2001,0,5038,5038
210710,2002,0,2854,2854
210710,2003,0,3133,3133
210710,2004,0,3284,3284
210710,2005,0,3186,3186
210710,2006,0,3220,3220
210710,2007,0,3387,3387
210710,2008,0,3475,3475
210710,2009,0,3830,3830
210710,2010,0,3737,3737
210710,2011,0,3646,3646
210710,2012,0,3602,3602
210710,2013,0,4388,4388
210710,2014,0,4888,4888
210710,2015,0,4975,4975
210710,2016,0,3869,3869
210710,2017,0,2955,2955
210710,2018,0,2409,2409
210710,2019,0,1564,1564
210710,2020,0,1324,1324
210710,2021,0,1249,1249
210720,1988,0,2703,2703
210720,1989,0,3311,3311
210720,1990,0,5089,5089
210720,1991,0,5699,5699
210720,1992,0,6144,6144
210720,1993,0,6719,6719
210720,1994,0,6839,6839
210720,1995,0,7389,7389
210720,1996,0,2184,2184
210720,1997,0,2172,2172
210720,1998,0,4106,4106
210720,1999,0,2273,2273
210720,2000,0,2311,2311
210720,2001,0,2442,2442
210720,2002,0,2559,2559
210720,2003,0,2763,2763
210720,2004,0,2954,2954
210720,2005,0,3148,3148
210720,2006,0,3380,3380
210720,2007,0,3639,3639
210720,2008,0,3661,3661
210720,2009,0,3430,3430
210720,2010,0,3744,3744
210720,2011,0,3889,3889
210720,2012,0,3844,3844
210720,2013,0,3944,3944
210720,2014,0,5427,5427
210720,2015,0,4582,4582
210720,2016,0,3759,3759
210720,2017,0,3065,3065
210720,2018,0,2579,2579
210720,2019,0,484,484
210720,2020,0,493,493
210720,2021,0,501,501
210730,1988,0,2440,2440
210730,1989,0,2371,2371
210730,1990,0,2245,2245
210730,1991,0,2380,2380
210730,1992,0,2620,2620
210730,1993,0,3365,3365
210730,1994,0,2713,2713
210730,1995,0,2599,2599
210730,1996,0,1498,1498
210730,1997,0,1715,1715
210730,1998,0,2167,2167
210730,1999,0,1527,1527
210730,2000,0,1615,1615
210730,2001,0,1866,1866
210730,2002,0,1715,1715
210730,2003,0,1897,1897
210730,2004,0,1931,1931
210730,2005,0,1814,1814
210730,2006,0,1887,1887
210730,2007,0,1878,1878
210730,2008,0,1629,1629
210730,2009,0,1638,1638
210730,2010,0,1702,1702
210730,2011,0,1623,1623
210730,2012,0,1644,1644
210730,2013,0,1805,1805
210730,2014,0,1774,1774
210730,2015,300,2043,1743
210730,2016,500,2036,1536
210730,2017,650,2513,1863
210730,2018,750,1576,826
210730,2019,950,2001,1051
210730,2020,600,2051,1451
210730,2021,950,2333,1383
210740,1988,0,6484,6484
210740,1989,0,4439,4439
210740,1990,0,3257,3257
210740,1991,0,3753,3753
210740,1992,0,3588,3588
210740,1993,0,3555,3555
210740,1994,0,4348,4348
210740,1995,0,3943,3943
210740,1996,0,1623,1623
210740,1997,0,1660,1660
210740,1998,0,2192,2192
210740,1999,0,2403,2403
210740,2000,0,2528,2528
210740,2001,0,2861,2861
210740,2002,0,3076,3076
210740,2003,0,3234,3234
210740,2004,0,3191,3191
210740,2005,0,3359,3359
210740,2006,0,2933,2933
210740,2007,0,2931,2931
210740,2008,0,2945,2945
210740,2009,0,2834,2834
210740,2010,0,2869,2869
210740,2011,0,2890,2890
210740,2012,0,2935,2935
210740,2013,0,2951,2951
210740,2014,0,3000,3000
210740,2015,0,3133,3133
210740,2016,0,2289,2289
210740,2017,0,828,828
210740,2018,0,808,808
210740,2019,0,639,639
210740,2020,0,626,626
210740,2021,0,641,641
210750,1988,0,177,177
210750,1989,0,161,161
210750,1990,0,169,169
210750,1991,0,165,165
210750,1992,0,170,170
210750,1993,0,176,176
210750,1994,0,169,169
210750,1995,0,184,184
210750,1996,0,253,253
210750,1997,0,292,292
210750,1998,0,292,292
210750,1999,0,317,317
210750,2000,0,274,274
210750,2001,0,410,410
210750,2002,0,179,179
210750,2003,0,189,189
210750,2004,0,181,181
210750,2005,0,167,167
210750,2006,0,169,169
210750,2007,0,189,189
210750,2008,0,193,193
210750,2009,0,195,195
210750,2010,0,177,177
210750,2011,0,183,183
210750,2012,0,160,160
210750,2013,0,154,154
210750,2014,0,139,139
210750,2015,0,136,136
210750,2016,0,140,140
210750,2017,0,137,137
210750,2018,0,148,148
210750,2019,0,175,175
210750,2020,0,192,192
210750,2021,0,209,209
210760,1988,0,4328,4328
210760,1989,0,4432,4432
210760,1990,0,6364,6364
210760,1991,0,5925,5925
210760,1992,0,4911,4911
210760,1993,0,5384,5384
210760,1994,0,4886,4886
210760,1995,0,5954,5954
210760,1996,0,3558,3558
210760,1997,0,3744,3744
210760,1998,0,3826,3826
210760,1999,0,4614,4614
210760,2000,0,4306,4306
210760,2001,0,4363,4363
210760,2002,0,4301,4301
210760,2003,0,4567,4567
210760,2004,0,4165,4165
210760,2005,0,4621,4621
210760,2006,0,4604,4604
210760,2007,0,4693,4693
210760,2008,0,4677,4677
210760,2009,0,4945,4945
210760,2010,0,4895,4895
210760,2011,0,4871,4871
210760,2012,0,4842,4842
210760,2013,0,4779,4779
210760,2014,0,4750,4750
210760,2015,0,4316,4316
210760,2016,0,3490,3490
210760,2017,0,2742,2742
210760,2018,0,2355,2355
210760,2019,0,2318,2318
210760,2020,0,2056,2056
210760,2021,0,1855,1855
210770,1988,0,6231,6231
210770,1989,0,5136,5136
210770,1990,0,5017,5017
210770,1991,0,5505,5505
210770,1992,0,6290,6290
210770,1993,0,6286,6286
210770,1994,0,5947,5947
210770,1995,0,5466,5466
210770,1996,0,4475,4475
210770,1997,0,3774,3774
210770,1998,0,3967,3967
210770,1999,0,3986,3986
210770,2000,0,4382,4382
210770,2001,0,5021,5021
210770,2002,0,4938,4938
210770,2003,0,5508,5508
210770,2004,0,5455,5455
210770,2005,0,5040,5040
210770,2006,0,5056,5056
210770,2007,0,5350,5350
210770,2008,0,5075,5075
210770,2009,0,5225,5225
210770,2010,0,5155,5155
210770,2011,0,5181,5181
210770,2012,0,5658,5658
210770,2013,0,6067,6067
210770,2014,0,6432,6432
210770,2015,0,5805,5805
210770,2016,0,5255,5255
210770,2017,186,6434,6248
210770,2018,120,2185,2065
210770,2019,520,2139,1619
210770,2020,635,2011,1376
210770,2021,650,2103,1453
210780,1988,0,20051,20051
210780,1989,0,20584,20584
210780,1990,0,18414,18414
210780,1991,0,19969,19969
210780,1992,0,15546,15546
210780,1993,0,13841,13841
210780,1994,0,13430,13430
210780,1995,0,13584,13584
210780,1996,0,15127,15127
210780,1997,0,15018,15018
210780,1998,0,14376,14376
210780,1999,0,14143,14143
210780,2000,0,13969,13969
210780,2001,0,15665,15665
210780,2002,0,16102,16102
210780,2003,0,17245,17245
210780,2004,0,17179,17179
210780,2005,0,14758,14758
210780,2006,0,16452,16452
210780,2007,0,12370,12370
210780,2008,0,10228,10228
210780,2009,0,10443,10443
210780,2010,0,10261,10261
210780,2011,0,9922,9922
210780,2012,0,8447,8447
210780,2013,0,8458,8458
210780,2014,1100,8959,7859
210780,2015,2150,9145,6995
210780,2016,2600,8369,5769
210780,2017,5230,10867,5637
210780,2018,7540,13585,6045
210780,2019,8500,14284,5784
210780,2020,8490,14066,5576
210780,2021,11000,16988,5988
210790,1988,0,16416,16416
210790,1989,0,9541,9541
210790,1990,0,11614,11614
210790,1991,0,9479,9479
210790,1992,0,8048,8048
210790,1993,0,7593,7593
210790,1994,0,6807,6807
210790,1995,0,6484,6484
210790,1996,0,8125,8125
210790,1997,0,8157,8157
210790,1998,0,4955,4955
210790,1999,0,4936,4936
210790,2000,0,6879,6879
210790,2001,0,7899,7899
210790,2002,0,7554,7554
210790,2003,0,8639,8639
210790,2004,0,8800,8800
210790,2005,0,8322,8322
210790,2006,0,8766,8766
210790,2007,0,8498,8498
210790,2008,0,9256,9256
210790,2009,0,9447,9447
210790,2010,0,10677,10677
210790,2011,0,9546,9546
210790,2012,0,10289,10289
210790,2013,0,9986,9986
210790,2014,100,9601,9501
210790,2015,90,8165,8075
210790,2016,0,7018,7018
210790,2017,1050,9281,8231
210790,2018,1030,9165,8135
210790,2019,2175,6475,4300
210790,2020,1200,5215,4015
210790,2021,1530,5926,4396
210800,1988,0,25584,25584
210800,1989,0,24808,24808
210800,1990,0,25532,25532
210800,1991,0,29444,29444
210800,1992,0,32114,32114
210800,1993,0,33784,33784
210800,1994,0,29852,29852
210800,1995,200,31868,31668
210800,1996,875,14587,13712
210800,1997,1260,14986,13726
210800,1998,3420,19726,16306
210800,1999,4020,20731,16711
210800,2000,5920,22273,16353
210800,2001,8051,25379,17328
210800,2002,11170,26971,15801
210800,2003,12820,27930,15110
210800,2004,13980,29687,15707
210800,2005,13950,29400,15450
210800,2006,12880,28588,15708
210800,2007,11077,26674,15597
210800,2008,15761,29601,13840
210800,2009,15741,29601,13860
210800,2010,18103,46084,27981
210800,2011,21023,39053,18030
210800,2012,24694,44041,19347
210800,2013,27868,48077,20209
210800,2014,29165,55140,25975
210800,2015,32937,56423,23486
210800,2016,33789,51364,17575
210800,2017,37240,62894,25654
210800,2018,40345,56848,16503
210800,2019,42215,61768,19553
210800,2020,46350,57561,11211
210800,2021,47300,58451,11151
210810,1988,0,21063,21063
210810,1989,0,19727,19727
210810,1990,0,17202,17202
210810,1991,0,20646,20646
210810,1992,0,21222,21222
210810,1993,0,22890,22890
210810,1994,0,21106,21106
210810,1995,0,19291,19291
210810,1996,0,11955,11955
210810,1997,0,12037,12037
210810,1998,0,14477,14477
210810,1999,0,13853,13853
210810,2000,0,15113,15113
210810,2001,0,15768,15768
210810,2002,0,18358,18358
210810,2003,0,19476,19476
210810,2004,0,19414,19414
210810,2005,0,18830,18830
210810,2006,0,15524,15524
210810,2007,0,16382,16382
210810,2008,0,16728,16728
210810,2009,0,16656,16656
210810,2010,0,16715,16715
210810,2011,0,16831,16831
210810,2012,0,16685,16685
210810,2013,0,15793,15793
210810,2014,0,14657,14657
210810,2015,0,12839,12839
210810,2016,0,6922,6922
210810,2017,0,5141,5141
210810,2018,0,3177,3177
210810,2019,500,3648,3148
210810,2020,490,3840,3350
210810,2021,1200,4575,3375
210820,1988,0,3196,3196
210820,1989,0,3181,3181
210820,1990,0,2268,2268
210820,1991,0,2846,2846
210820,1992,0,2888,2888
210820,1993,0,3126,3126
210820,1994,0,3555,3555
210820,1995,0,3186,3186
210820,1996,0,3456,3456
210820,1997,0,3466,3466
210820,1998,0,3407,3407
210820,1999,0,3511,3511
210820,2000,0,3348,3348
210820,2001,0,3258,3258
210820,2002,0,3132,3132
210820,2003,0,3290,3290
210820,2004,0,3457,3457
210820,2005,0,3489,3489
210820,2006,0,3555,3555
210820,2007,0,3489,3489
210820,2008,0,4018,4018
210820,2009,0,4093,4093
210820,2010,0,4197,4197
210820,2011,0,4253,4253
210820,2012,0,4568,4568
210820,2013,0,4667,4667
210820,2014,0,4755,4755
210820,2015,0,4437,4437
210820,2016,0,3624,3624
210820,2017,0,3455,3455
210820,2018,0,2504,2504
210820,2019,0,1751,1751
210820,2020,0,1443,1443
210820,2021,0,1360,1360
210830,1988,0,11912,11912
210830,1989,0,13637,13637
210830,1990,0,10084,10084
210830,1991,0,13265,13265
210830,1992,0,12435,12435
210830,1993,0,12195,12195
210830,1994,0,12937,12937
210830,1995,0,13601,13601
210830,1996,0,8816,8816
210830,1997,0,8891,8891
210830,1998,0,8870,8870
210830,1999,0,7612,7612
210830,2000,0,6969,6969
210830,2001,0,7051,7051
210830,2002,0,6978,6978
210830,2003,0,6878,6878
210830,2004,0,7415,7415
210830,2005,0,7558,7558
210830,2006,0,7795,7795
210830,2007,0,8030,8030
210830,2008,0,8006,8006
210830,2009,0,7393,7393
210830,2010,0,7653,7653
210830,2011,0,7839,7839
210830,2012,0,7906,7906
210830,2013,0,6379,6379
210830,2014,0,5814,5814
210830,2015,0,5237,5237
210830,2016,0,3757,3757
210830,2017,0,2796,2796
210830,2018,0,2464,2464
210830,2019,0,1658,1658
210830,2020,0,2058,2058
210830,2021,0,2132,2132
210840,1988,0,3483,3483
210840,1989,0,3223,3223
210840,1990,0,2677,2677
210840,1991,0,3026,3026
210840,1992,0,2981,2981
210840,1993,0,3249,3249
210840,1994,0,3463,3463
210840,1995,0,3288,3288
210840,1996,0,1293,1293
210840,1997,0,1294,1294
210840,1998,0,1555,1555
210840,1999,0,2012,2012
210840,2000,0,1396,1396
210840,2001,0,1412,1412
210840,2002,0,1410,1410
210840,2003,0,1488,1488
210840,2004,0,1278,1278
210840,2005,0,1552,1552
210840,2006,0,1502,1502
210840,2007,0,1553,1553
210840,2008,0,1578,1578
210840,2009,0,1644,1644
210840,2010,0,1711,1711
210840,2011,0,1706,1706
210840,2012,0,1693,1693
210840,2013,0,1678,1678
210840,2014,0,1699,1699
210840,2015,0,1633,1633
210840,2016,0,1551,1551
210840,2017,0,1371,1371
210840,2018,0,1050,1050
210840,2019,0,1028,1028
210840,2020,0,962,962
210840,2021,0,833,833
210850,1988,0,4093,4093
210850,1989,0,3465,3465
210850,1990,0,2955,2955
210850,1991,0,3315,3315
210850,1992,0,3573,3573
210850,1993,0,3941,3941
210850,1994,0,4693,4693
210850,1995,0,4249,4249
210850,1996,0,1368,1368
210850,1997,0,1409,1409
210850,1998,0,1656,1656
210850,1999,0,1555,1555
210850,2000,0,2332,2332
210850,2001,0,2791,2791
210850,2002,0,2267,2267
210850,2003,0,3117,3117
210850,2004,0,3098,3098
210850,2005,0,3266,3266
210850,2006,0,3440,3440
210850,2007,0,2907,2907
210850,2008,0,3398,3398
210850,2009,0,3190,3190
210850,2010,0,3220,3220
210850,2011,0,2963,2963
210850,2012,0,1385,1385
210850,2013,0,1511,1511
210850,2014,0,1389,1389
210850,2015,0,1148,1148
210850,2016,0,1100,1100
210850,2017,0,1063,1063
210850,2018,0,1070,1070
210850,2019,0,572,572
210850,2020,0,491,491
210850,2021,0,445,445
210860,1988,0,10255,10255
210860,1989,0,9797,9797
210860,1990,0,9002,9002
210860,1991,0,10931,10931
210860,1992,0,11829,11829
210860,1993,0,14872,14872
210860,1994,0,17077,17077
210860,1995,0,17020,17020
210860,1996,0,9780,9780
210860,1997,0,9942,9942
210860,1998,0,14328,14328
210860,1999,0,13357,13357
210860,2000,0,16680,16680
210860,2001,0,16911,16911
210860,2002,0,16250,16250
210860,2003,0,17843,17843
210860,2004,0,16562,16562
210860,2005,0,19322,19322
210860,2006,0,18318,18318
210860,2007,0,19189,19189
210860,2008,0,13549,13549
210860,2009,0,14101,14101
210860,2010,0,15966,15966
210860,2011,0,14121,14121
210860,2012,0,15969,15969
210860,2013,0,15397,15397
210860,2014,0,14901,14901
210860,2015,0,13812,13812
210860,2016,0,10212,10212
210860,2017,0,7711,7711
210860,2018,0,6290,6290
210860,2019,0,6248,6248
210860,2020,0,5875,5875
210860,2021,0,5552,5552
210870,1988,0,9920,9920
210870,1989,0,10283,10283
210870,1990,0,9222,9222
210870,1991,0,9711,9711
210870,1992,0,9579,9579
210870,1993,0,10140,10140
210870,1994,0,11409,11409
210870,1995,0,9986,9986
210870,1996,0,4239,4239
210870,1997,0,4292,4292
210870,1998,0,4969,4969
210870,1999,0,4946,4946
210870,2000,0,4858,4858
210870,2001,0,5286,5286
210870,2002,0,5915,5915
210870,2003,0,6287,6287
210870,2004,0,6007,6007
210870,2005,0,6183,6183
210870,2006,0,4233,4233
210870,2007,0,4454,4454
210870,2008,0,4478,4478
210870,2009,0,4514,4514
210870,2010,0,4479,4479
210870,2011,0,4756,4756
210870,2012,0,4736,4736
210870,2013,0,4406,4406
210870,2014,0,4453,4453
210870,2015,0,4738,4738
210870,2016,0,3330,3330
210870,2017,0,2333,2333
210870,2018,0,1567,1567
210870,2019,0,1542,1542
210870,2020,0,1488,1488
210870,2021,0,1542,1542
210880,1988,0,5856,5856
210880,1989,0,6192,6192
210880,1990,0,5407,5407
210880,1991,0,4645,4645
210880,1992,0,4127,4127
210880,1993,0,4541,4541
210880,1994,0,3011,3011
210880,1995,0,4422,4422
210880,1996,0,5846,5846
210880,1997,0,5862,5862
210880,1998,0,5708,5708
210880,1999,0,5898,5898
210880,2000,0,5985,5985
210880,2001,0,4268,4268
210880,2002,0,6615,6615
210880,2003,0,7271,7271
210880,2004,0,7679,7679
210880,2005,0,8279,8279
210880,2006,0,9041,9041
210880,2007,0,9581,9581
210880,2008,0,9715,9715
210880,2009,0,7035,7035
210880,2010,0,9923,9923
210880,2011,0,10242,10242
210880,2012,0,10210,10210
210880,2013,0,10278,10278
210880,2014,0,10392,10392
210880,2015,0,5523,5523
210880,2016,0,4557,4557
210880,2017,0,4064,4064
210880,2018,0,3748,3748
210880,2019,0,1204,1204
210880,2020,0,1209,1209
210880,2021,0,1218,1218
210890,1988,0,25017,25017
210890,1989,0,22787,22787
210890,1990,0,14343,14343
210890,1991,0,17057,17057
210890,1992,0,9291,9291
210890,1993,0,9666,9666
210890,1994,0,10226,10226
210890,1995,0,8560,8560
210890,1996,0,7283,7283
210890,1997,0,7536,7536
210890,1998,0,7302,7302
210890,1999,0,8030,8030
210890,2000,0,8006,8006
210890,2001,0,7999,7999
210890,2002,0,8716,8716
210890,2003,0,10141,10141
210890,2004,0,10180,10180
210890,2005,0,10409,10409
210890,2006,0,9140,9140
210890,2007,0,9167,9167
210890,2008,0,9297,9297
210890,2009,0,9343,9343
210890,2010,0,9369,9369
210890,2011,0,9389,9389
210890,2012,0,7934,7934
210890,2013,0,8006,8006
210890,2014,0,8068,8068
210890,2015,0,4249,4249
210890,2016,0,2494,2494
210890,2017,0,1942,1942
210890,2018,0,1750,1750
210890,2019,0,1424,1424
210890,2020,0,1338,1338
210890,2021,0,1277,1277
210900,1988,0,28978,28978
210900,1989,0,28398,28398
210900,1990,0,20825,20825
210900,1991,0,19858,19858
210900,1992,0,14911,14911
210900,1993,50,16554,16504
210900,1994,50,18246,18196
210900,1995,50,18807,18757
210900,1996,0,9780,9780
210900,1997,0,11734,11734
210900,1998,0,11095,11095
210900,1999,0,11603,11603
210900,2000,0,14321,14321
210900,2001,0,14436,14436
210900,2002,0,14654,14654
210900,2003,0,14633,14633
210900,2004,0,15773,15773
210900,2005,0,15844,15844
210900,2006,0,16221,16221
210900,2007,0,16854,16854
210900,2008,0,14857,14857
210900,2009,0,12820,12820
210900,2010,0,12807,12807
210900,2011,0,11163,11163
210900,2012,0,8834,8834
210900,2013,246,9801,9555
210900,2014,0,9661,9661
210900,2015,0,8705,8705
210900,2016,100,7990,7890
210900,2017,0,8857,8857
210900,2018,0,9773,9773
210900,2019,20,9262,9242
210900,2020,415,7545,7130
210900,2021,1025,7975,6950
210910,1988,0,32035,32035
210910,1989,0,29976,29976
210910,1990,0,27050,27050
210910,1991,0,28647,28647
210910,1992,0,23218,23218
210910,1993,0,27087,27087
210910,1994,0,26972,26972
210910,1995,0,24836,24836
210910,1996,0,8716,8716
210910,1997,0,8623,8623
210910,1998,0,8756,8756
210910,1999,0,10373,10373
210910,2000,0,10765,10765
210910,2001,0,9841,9841
210910,2002,0,11050,11050
210910,2003,0,11162,11162
210910,2004,0,11532,11532
210910,2005,0,11642,11642
210910,2006,0,11645,11645
210910,2007,0,11730,11730
210910,2008,0,11673,11673
210910,2009,0,11732,11732
210910,2010,0,11769,11769
210910,2011,0,12279,12279
210910,2012,0,9870,9870
210910,2013,0,9945,9945
210910,2014,0,11009,11009
210910,2015,0,4517,4517
210910,2016,0,4187,4187
210910,2017,0,4220,4220
210910,2018,0,4166,4166
210910,2019,0,3905,3905
210910,2020,0,3849,3849
210910,2021,0,3831,3831
210920,1988,0,1582,1582
210920,1989,0,1628,1628
210920,1990,0,2058,2058
210920,1991,0,2010,2010
210920,1992,0,2013,2013
210920,1993,0,1963,1963
210920,1994,0,2012,2012
210920,1995,0,2076,2076
210920,1996,0,979,979
210920,1997,0,984,984
210920,1998,0,957,957
210920,1999,0,1891,1891
210920,2000,0,1131,1131
210920,2001,0,2151,2151
210920,2002,0,1166,1166
210920,2003,0,1332,1332
210920,2004,0,1388,1388
210920,2005,0,1353,1353
210920,2006,0,1360,1360
210920,2007,0,1418,1418
210920,2008,0,1444,1444
210920,2009,0,1643,1643
210920,2010,0,1455,1455
210920,2011,0,1499,1499
210920,2012,0,1507,1507
210920,2013,0,1889,1889
210920,2014,0,2232,2232
210920,2015,0,2015,2015
210920,2016,0,1693,1693
210920,2017,0,1220,1220
210920,2018,0,852,852
210920,2019,0,681,681
210920,2020,0,605,605
210920,2021,0,496,496
210930,1988,0,3879,3879
210930,1989,0,4112,4112
210930,1990,0,3625,3625
210930,1991,0,3042,3042
210930,1992,0,2643,2643
210930,1993,0,2927,2927
210930,1994,0,4399,4399
210930,1995,0,3075,3075
210930,1996,0,1299,1299
210930,1997,0,1292,1292
210930,1998,0,1004,1004
210930,1999,0,1368,1368
210930,2000,0,1387,1387
210930,2001,0,1503,1503
210930,2002,0,1807,1807
210930,2003,0,2576,2576
210930,2004,0,2652,2652
210930,2005,0,3014,3014
210930,2006,0,3128,3128
210930,2007,0,3420,3420
210930,2008,0,3489,3489
210930,2009,0,2599,2599
210930,2010,0,3530,3530
210930,2011,0,3412,3412
210930,2012,0,3328,3328
210930,2013,0,3416,3416
210930,2014,0,3448,3448
210930,2015,0,3721,3721
210930,2016,0,3112,3112
210930,2017,0,2520,2520
210930,2018,0,2388,2388
210930,2019,0,895,895
210930,2020,0,901,901
210930,2021,0,907,907
210940,1988,0,4889,4889
210940,1989,0,7649,7649
210940,1990,0,8061,8061
210940,1991,0,8729,8729
210940,1992,0,7423,7423
210940,1993,0,9907,9907
210940,1994,0,9857,9857
210940,1995,0,9809,9809
210940,1996,0,2074,2074
210940,1997,0,2503,2503
210940,1998,0,2069,2069
210940,1999,0,2490,2490
210940,2000,0,3766,3766
210940,2001,0,5494,5494
210940,2002,0,2630,2630
210940,2003,0,2699,2699
210940,2004,0,2804,2804
210940,2005,0,2770,2770
210940,2006,0,2808,2808
210940,2007,0,2855,2855
210940,2008,0,2996,2996
210940,2009,0,3083,3083
210940,2010,0,3176,3176
210940,2011,0,3033,3033
210940,2012,0,4403,4403
210940,2013,0,5276,5276
210940,2014,0,6038,6038
210940,2015,0,2041,2041
210940,2016,0,3371,3371
210940,2017,0,4761,4761
210940,2018,0,4228,4228
210940,2019,0,3444,3444
210940,2020,0,3340,3340
210940,2021,0,3308,3308
210950,1988,4040,32086,28046
210950,1989,3500,33928,30428
210950,1990,2000,18544,16544
210950,1991,955,15133,14178
210950,1992,3100,17260,14160
210950,1993,5670,18265,12595
210950,1994,7215,17786,10571
210950,1995,9410,21089,11679
210950,1996,5112,15636,10524
210950,1997,5200,15685,10485
210950,1998,23100,28907,5807
210950,1999,13370,24825,11455
210950,2000,15010,28023,13013
210950,2001,19500,27591,8091
210950,2002,21800,29858,8058
210950,2003,20000,27813,7813
210950,2004,24430,32435,8005
210950,2005,26873,35311,8438
210950,2006,26950,33959,7009
210950,2007,26950,34188,7238
210950,2008,28300,36039,7739
210950,2009,27210,35005,7795
210950,2010,33255,40719,7464
210950,2011,35251,42837,7586
210950,2012,35916,50554,14638
210950,2013,35996,56001,20005
210950,2014,43540,66294,22754
210950,2015,46860,66662,19802
210950,2016,46561,61877,15316
210950,2017,48717,80107,31390
210950,2018,50736,79839,29103
210950,2019,53035,81530,28495
210950,2020,53000,79207,26207
210950,2021,54280,82803,28523
210960,1988,0,10908,10908
210960,1989,0,9828,9828
210960,1990,0,8871,8871
210960,1991,0,6566,6566
210960,1992,0,6319,6319
210960,1993,0,6402,6402
210960,1994,0,7046,7046
210960,1995,0,8065,8065
210960,1996,0,4623,4623
210960,1997,0,4746,4746
210960,1998,0,4844,4844
210960,1999,0,5952,5952
210960,2000,0,4400,4400
210960,2001,0,6416,6416
210960,2002,0,4663,4663
210960,2003,0,5223,5223
210960,2004,0,5411,5411
210960,2005,0,5251,5251
210960,2006,0,5150,5150
210960,2007,0,5524,5524
210960,2008,0,5800,5800
210960,2009,0,5791,5791
210960,2010,0,5454,5454
210960,2011,0,5249,5249
210960,2012,0,5398,5398
210960,2013,0,6499,6499
210960,2014,0,6622,6622
210960,2015,0,2314,2314
210960,2016,0,2026,2026
210960,2017,0,1695,1695
210960,2018,0,1253,1253
210960,2019,0,434,434
210960,2020,0,414,414
210960,2021,0,388,388
210970,1988,300,13273,12973
210970,1989,660,15868,15208
210970,1990,1500,8249,6749
210970,1991,31,7774,7743
210970,1992,872,6698,5826
210970,1993,3590,7705,4115
210970,1994,5211,7888,2677
210970,1995,8975,12205,3230
210970,1996,9110,17664,8554
210970,1997,6800,9977,3177
210970,1998,7600,11167,3567
210970,1999,17245,23806,6561
210970,2000,17400,23585,6185
210970,2001,20428,24348,3920
210970,2002,22022,25867,3845
210970,2003,21860,24338,2478
210970,2004,35522,38145,2623
210970,2005,34674,37345,2671
210970,2006,33287,34950,1663
210970,2007,33287,36507,3220
210970,2008,35617,37435,1818
210970,2009,34298,37856,3558
210970,2010,41234,42970,1736
210970,2011,43708,45497,1789
210970,2012,44656,56011,11355
210970,2013,44925,61265,16340
210970,2014,51604,72648,21044
210970,2015,55794,73657,17863
210970,2016,55236,67429,12193
210970,2017,57445,88672,31227
210970,2018,63882,95069,31187
210970,2019,51955,68163,16208
210970,2020,44500,68002,23502
210970,2021,45230,69727,24497
210980,1988,0,6941,6941
210980,1989,0,6350,6350
210980,1990,0,5502,5502
210980,1991,0,6345,6345
210980,1992,0,6494,6494
210980,1993,0,7221,7221
210980,1994,0,7820,7820
210980,1995,0,4826,4826
210980,1996,0,1455,1455
210980,1997,0,1531,1531
210980,1998,0,1796,1796
210980,1999,0,1563,1563
210980,2000,0,1583,1583
210980,2001,0,1594,1594
210980,2002,0,2465,2465
210980,2003,0,3231,3231
210980,2004,0,3328,3328
210980,2005,0,2883,2883
210980,2006,0,2915,2915
210980,2007,0,2924,2924
210980,2008,0,2965,2965
210980,2009,0,3143,3143
210980,2010,0,2990,2990
210980,2011,0,3109,3109
210980,2012,0,3107,3107
210980,2013,0,3065,3065
210980,2014,0,2979,2979
210980,2015,0,1665,1665
210980,2016,0,1614,1614
210980,2017,0,1375,1375
210980,2018,0,1083,1083
210980,2019,0,920,920
210980,2020,0,898,898
210980,2021,0,891,891
210990,1988,0,2138,2138
210990,1989,0,1676,1676
210990,1990,0,1644,1644
210990,1991,0,1973,1973
210990,1992,0,2105,2105
210990,1993,0,3662,3662
210990,1994,0,4560,4560
210990,1995,0,5315,5315
210990,1996,0,1986,1986
210990,1997,0,2054,2054
210990,1998,0,2322,2322
210990,1999,0,2205,2205
210990,2000,0,3323,3323
210990,2001,0,2632,2632
210990,2002,0,2448,2448
210990,2003,0,2479,2479
210990,2004,0,2872,2872
210990,2005,0,1944,1944
210990,2006,0,2521,2521
210990,2007,0,2660,2660
210990,2008,0,2414,2414
210990,2009,0,2184,2184
210990,2010,0,2353,2353
210990,2011,0,2571,2571
210990,2012,0,2225,2225
210990,2013,0,2239,2239
210990,2014,0,2282,2282
210990,2015,0,2283,2283
210990,2016,0,2010,2010
210990,2017,0,1730,1730
210990,2018,0,1369,1369
210990,2019,0,543,543
210990,2020,0,463,463
210990,2021,0,425,425
211000,1988,0,104356,104356
211000,1989,0,129846,129846
211000,1990,0,72934,72934
211000,1991,0,97847,97847
211000,1992,0,107836,107836
211000,1993,0,165624,165624
211000,1994,0,183542,183542
211000,1995,0,204366,204366
211000,1996,0,50529,50529
211000,1997,0,51124,51124
211000,1998,0,65914,65914
211000,1999,0,65903,65903
211000,2000,0,70040,70040
211000,2001,0,65886,65886
211000,2002,0,64224,64224
211000,2003,0,80673,80673
211000,2004,0,87201,87201
211000,2005,0,106284,106284
211000,2006,0,108260,108260
211000,2007,0,108554,108554
211000,2008,0,101355,101355
211000,2009,0,102457,102457
211000,2010,0,104793,104793
211000,2011,0,107145,107145
211000,2012,0,94498,94498
211000,2013,570,90513,89943
211000,2014,900,88772,87872
211000,2015,7345,72682,65337
211000,2016,14580,45843,31263
211000,2017,17790,46706,28916
211000,2018,35100,63764,28664
211000,2019,41660,65572,23912
211000,2020,43051,66428,23377
211000,2021,43288,66391,23103
211020,1988,0,5437,5437
211020,1989,0,5713,5713
211020,1990,0,5648,5648
211020,1991,0,4951,4951
211020,1992,0,4754,4754
211020,1993,0,4818,4818
211020,1994,0,4921,4921
211020,1995,0,5028,5028
211020,1996,0,1599,1599
211020,1997,0,1604,1604
211020,1998,0,1587,1587
211020,1999,0,2198,2198
211020,2000,0,2180,2180
211020,2001,0,3542,3542
211020,2002,0,2239,2239
211020,2003,0,2573,2573
211020,2004,0,2696,2696
211020,2005,0,2640,2640
211020,2006,0,2834,2834
211020,2007,0,2538,2538
211020,2008,0,2867,2867
211020,2009,0,2948,2948
211020,2010,0,2966,2966
211020,2011,0,2813,2813
211020,2012,0,2847,2847
211020,2013,0,3451,3451
211020,2014,0,3881,3881
211020,2015,0,4261,4261
211020,2016,0,3442,3442
211020,2017,0,2738,2738
211020,2018,0,1071,1071
211020,2019,0,704,704
211020,2020,0,196,196
211020,2021,0,208,208
211040,1988,0,11183,11183
211040,1989,0,8905,8905
211040,1990,0,13150,13150
211040,1991,0,14120,14120
211040,1992,0,14257,14257
211040,1993,0,14340,14340
211040,1994,0,14690,14690
211040,1995,0,15160,15160
211040,1996,0,3133,3133
211040,1997,0,3528,3528
211040,1998,0,7426,7426
211040,1999,0,4901,4901
211040,2000,0,4311,4311
211040,2001,0,3995,3995
211040,2002,0,4550,4550
211040,2003,0,4347,4347
211040,2004,0,5417,5417
211040,2005,0,5812,5812
211040,2006,0,6305,6305
211040,2007,0,5707,5707
211040,2008,190,5767,5577
211040,2009,270,5513,5243
211040,2010,440,5833,5393
211040,2011,500,6640,6140
211040,2012,600,5933,5333
211040,2013,610,4696,4086
211040,2014,650,5034,4384
211040,2015,1240,5403,4163
211040,2016,1240,4456,3216
211040,2017,1300,4306,3006
211040,2018,1400,4269,2869
211040,2019,1320,2987,1667
211040,2020,1380,2796,1416
211040,2021,1450,2670,1220
211050,1988,0,4869,4869
211050,1989,0,4633,4633
211050,1990,0,6124,6124
211050,1991,0,6014,6014
211050,1992,0,5799,5799
211050,1993,0,6565,6565
211050,1994,0,6882,6882
211050,1995,0,7516,7516
211050,1996,0,4537,4537
211050,1997,0,4602,4602
211050,1998,0,4636,4636
211050,1999,0,5454,5454
211050,2000,0,3866,3866
211050,2001,0,3887,3887
211050,2002,0,3649,3649
211050,2003,0,3996,3996
211050,2004,0,4114,4114
211050,2005,0,3801,3801
211050,2006,0,3490,3490
211050,2007,0,3497,3497
211050,2008,0,3545,3545
211050,2009,0,3627,3627
211050,2010,0,3692,3692
211050,2011,0,3693,3693
211050,2012,0,3677,3677
211050,2013,0,3619,3619
211050,2014,0,3432,3432
211050,2015,0,1826,1826
211050,2016,0,1760,1760
211050,2017,0,1466,1466
211050,2018,0,1257,1257
211050,2019,0,1259,1259
211050,2020,0,1154,1154
211050,2021,0,973,973
211060,1988,0,10676,10676
211060,1989,0,11624,11624
211060,1990,0,11184,11184
211060,1991,0,10686,10686
211060,1992,0,11055,11055
211060,1993,0,13419,13419
211060,1994,0,12022,12022
211060,1995,0,12996,12996
211060,1996,0,7662,7662
211060,1997,0,7439,7439
211060,1998,0,7706,7706
211060,1999,0,7418,7418
211060,2000,0,7010,7010
211060,2001,0,7087,7087
211060,2002,0,7151,7151
211060,2003,0,7208,7208
211060,2004,0,7583,7583
211060,2005,0,7935,7935
211060,2006,0,8991,8991
211060,2007,0,10014,10014
211060,2008,0,11084,11084
211060,2009,0,11582,11582
211060,2010,0,11204,11204
211060,2011,0,13094,13094
211060,2012,0,6635,6635
211060,2013,0,13352,13352
211060,2014,0,13359,13359
211060,2015,1000,10747,9747
211060,2016,1310,8151,6841
211060,2017,1400,7143,5743
211060,2018,1400,6119,4719
211060,2019,1600,5559,3959
211060,2020,1740,5339,3599
211060,2021,1584,4407,2823
211070,1988,0,27639,27639
211070,1989,0,28638,28638
211070,1990,0,28218,28218
211070,1991,0,35813,35813
211070,1992,0,33025,33025
211070,1993,0,30776,30776
211070,1994,0,31136,31136
211070,1995,0,30827,30827
211070,1996,0,16322,16322
211070,1997,0,15351,15351
211070,1998,0,14655,14655
211070,1999,0,16582,16582
211070,2000,0,19253,19253
211070,2001,0,19960,19960
211070,2002,0,19408,19408
211070,2003,0,19598,19598
211070,2004,0,20261,20261
211070,2005,0,20688,20688
211070,2006,0,20507,20507
211070,2007,0,20709,20709
211070,2008,0,20674,20674
211070,2009,0,13189,13189
211070,2010,0,22137,22137
211070,2011,0,22137,22137
211070,2012,0,20530,20530
211070,2013,0,18103,18103
211070,2014,0,13141,13141
211070,2015,250,15939,15689
211070,2016,220,12740,12520
211070,2017,400,8563,8163
211070,2018,460,9519,9059
211070,2019,3190,11085,7895
211070,2020,2890,9891,7001
211070,2021,2220,8608,6388
211080,1988,0,5123,5123
211080,1989,0,4486,4486
211080,1990,0,4873,4873
211080,1991,0,4052,4052
211080,1992,0,4336,4336
211080,1993,0,5257,5257
211080,1994,0,4724,4724
211080,1995,0,4483,4483
211080,1996,0,1968,1968
211080,1997,0,2258,2258
211080,1998,0,3169,3169
211080,1999,0,1927,1927
211080,2000,0,2036,2036
211080,2001,0,2328,2328
211080,2002,0,2267,2267
211080,2003,0,2612,2612
211080,2004,0,2801,2801
211080,2005,180,2820,2640
211080,2006,500,3170,2670
211080,2007,500,3070,2570
211080,2008,500,2964,2464
211080,2009,500,2838,2338
211080,2010,500,2343,1843
211080,2011,800,2448,1648
211080,2012,2250,4048,1798
211080,2013,2986,4906,1920
211080,2014,3075,5093,2018
211080,2015,3250,5190,1940
211080,2016,3745,5672,1927
211080,2017,3933,6233,2300
211080,2018,2640,4242,1602
211080,2019,2762,4362,1600
211080,2020,2759,4344,1585
211080,2021,4788,8324,3536
211090,1988,0,5876,5876
211090,1989,0,5656,5656
211090,1990,0,5628,5628
211090,1991,0,5163,5163
211090,1992,0,5445,5445
211090,1993,0,5620,5620
211090,1994,0,5422,5422
211090,1995,0,5329,5329
211090,1996,0,4528,4528
211090,1997,0,3822,3822
211090,1998,0,3805,3805
211090,1999,0,3375,3375
211090,2000,0,3937,3937
211090,2001,0,4378,4378
211090,2002,0,4298,4298
211090,2003,0,4603,4603
211090,2004,0,4573,4573
211090,2005,0,4289,4289
211090,2006,0,4388,4388
211090,2007,0,4217,4217
211090,2008,0,4541,4541
211090,2009,0,4810,4810
211090,2010,0,4690,4690
211090,2011,0,4509,4509
211090,2012,0,4442,4442
211090,2013,300,5153,4853
211090,2014,0,5104,5104
211090,2015,240,4799,4559
211090,2016,0,4054,4054
211090,2017,540,4938,4398
211090,2018,670,3450,2780
211090,2019,600,1939,1339
211090,2020,900,2326,1426
211090,2021,1200,2675,1475
211110,1988,0,5852,5852
211110,1989,0,5272,5272
211110,1990,0,5022,5022
211110,1991,0,5573,5573
211110,1992,0,5924,5924
211110,1993,0,6451,6451
211110,1994,0,6469,6469
211110,1995,0,7166,7166
211110,1996,0,3454,3454
211110,1997,0,3632,3632
211110,1998,0,4640,4640
211110,1999,0,3916,3916
211110,2000,0,4029,4029
211110,2001,0,4618,4618
211110,2002,0,4392,4392
211110,2003,0,5244,5244
211110,2004,0,5305,5305
211110,2005,0,5388,5388
211110,2006,0,5513,5513
211110,2007,0,5416,5416
211110,2008,0,5603,5603
211110,2009,0,5554,5554
211110,2010,0,5877,5877
211110,2011,0,5889,5889
211110,2012,0,6479,6479
211110,2013,0,7047,7047
211110,2014,800,8478,7678
211110,2015,1050,7875,6825
211110,2016,1140,7183,6043
211110,2017,1470,9808,8338
211110,2018,1255,5138,3883
211110,2019,1876,5318,3442
211110,2020,3000,6481,3481
211110,2021,4410,8145,3735
211120,1988,0,243,243
211120,1989,0,248,248
211120,1990,0,244,244
211120,1991,0,224,224
211120,1992,0,176,176
211120,1993,0,186,186
211120,1994,0,211,211
211120,1995,0,217,217
211120,1996,0,68,68
211120,1997,0,58,58
211120,1998,0,67,67
211120,1999,0,79,79
211120,2000,0,62,62
211120,2001,0,97,97
211120,2002,0,40,40
211120,2003,0,39,39
211120,2004,0,35,35
211120,2005,0,35,35
211120,2006,0,39,39
211120,2007,0,63,63
211120,2008,0,67,67
211120,2009,0,72,72
211120,2010,0,48,48
211120,2011,0,45,45
211120,2012,0,56,56
211120,2013,0,50,50
211120,2014,0,46,46
211120,2015,0,41,41
211120,2016,0,37,37
211120,2017,0,37,37
211120,2018,0,42,42
211120,2019,0,52,52
211120,2020,0,50,50
211120,2021,0,51,51
211130,1988,0,60,60
211130,1989,0,31,31
211130,1990,0,31,31
211130,1991,0,48,48
211130,1992,0,26,26
211130,1993,0,77,77
211130,1994,0,97,97
211130,1995,0,113,113
211130,1996,0,223,223
211130,1997,0,243,243
211130,1998,0,167,167
211130,1999,0,249,249
211130,2000,0,228,228
211130,2001,0,279,279
211130,2002,0,199,199
211130,2003,0,181,181
211130,2004,0,206,206
211130,2005,0,176,176
211130,2006,0,194,194
211130,2007,0,198,198
211130,2008,0,190,190
211130,2009,0,300,300
211130,2010,0,292,292
211130,2011,0,287,287
211130,2012,0,270,270
211130,2013,0,252,252
211130,2014,0,241,241
211130,2015,0,183,183
211130,2016,0,169,169
211130,2017,0,148,148
211130,2018,0,81,81
211130,2019,0,61,61
211130,2020,0,55,55
211130,2021,0,59,59
211160,1988,863,11434,10571
211160,1989,2360,16356,13996
211160,1990,1500,7583,6083
211160,1991,360,14345,13985
211160,1992,4850,19925,15075
211160,1993,11859,23007,11148
211160,1994,14864,22343,7479
211160,1995,14966,28181,13215
211160,1996,5190,14232,9042
211160,1997,9000,24195,15195
211160,1998,9000,24385,15385
211160,1999,11625,26832,15207
211160,2000,12050,28689,16639
211160,2001,14147,29466,15319
211160,2002,15247,31278,16031
211160,2003,17220,35067,17847
211160,2004,21008,37144,16136
211160,2005,23109,43009,19900
211160,2006,24000,48188,24188
211160,2007,24000,48184,24184
211160,2008,25440,51186,25746
211160,2009,24498,49251,24753
211160,2010,30839,54720,23881
211160,2011,32690,56958,24268
211160,2012,14700,42001,27301
211160,2013,14649,49288,34639
211160,2014,15162,49370,34208
211160,2015,16393,50158,33765
211160,2016,16229,51331,35102
211160,2017,16878,53848,36970
211160,2018,18920,54753,35833
211160,2019,19339,63285,43946
211160,2020,17550,62792,45242
211160,2021,17600,63950,46350
211180,1988,0,17314,17314
211180,1989,0,10424,10424
211180,1990,0,10561,10561
211180,1991,0,11453,11453
211180,1992,0,11811,11811
211180,1993,0,13562,13562
211180,1994,0,8605,8605
211180,1995,0,8496,8496
211180,1996,0,5476,5476
211180,1997,0,5844,5844
211180,1998,0,5935,5935
211180,1999,0,3843,3843
211180,2000,0,4341,4341
211180,2001,0,4507,4507
211180,2002,0,4388,4388
211180,2003,0,4893,4893
211180,2004,0,5023,5023
211180,2005,0,5050,5050
211180,2006,0,5094,5094
211180,2007,0,5237,5237
211180,2008,0,4334,4334
211180,2009,0,3710,3710
211180,2010,0,2839,2839
211180,2011,0,2829,2829
211180,2012,0,2860,2860
211180,2013,0,2348,2348
211180,2014,0,2525,2525
211180,2015,0,2677,2677
211180,2016,0,2732,2732
211180,2017,3000,5837,2837
211180,2018,0,2882,2882
211180,2019,150,3077,2927
211180,2020,178,3128,2950
211180,2021,210,3151,2941
211200,1988,870,20116,19246
211200,1989,1650,24561,22911
211200,1990,2483,12446,9963
211200,1991,1414,9008,7594
211200,1992,4350,12642,8292
211200,1993,7715,14333,6618
211200,1994,9526,12737,3211
211200,1995,18550,23776,5226
211200,1996,16700,19635,2935
211200,1997,32480,40576,8096
211200,1998,35980,44236,8256
211200,1999,48609,58828,10219
211200,2000,47020,57996,10976
211200,2001,55201,64881,9680
211200,2002,62201,74033,11832
211200,2003,62113,73504,11391
211200,2004,75778,87266,11488
211200,2005,83356,95997,12641
211200,2006,84000,92223,8223
211200,2007,84000,92264,8264
211200,2008,90720,101916,11196
211200,2009,87363,98742,11379
211200,2010,104759,116298,11539
211200,2011,111045,125321,14276
211200,2012,113455,144484,31029
211200,2013,114141,162723,48582
211200,2014,146132,204365,58233
211200,2015,157998,209899,51901
211200,2016,156418,200544,44126
211200,2017,162675,254867,92192
211200,2018,180954,263327,82373
211200,2019,186387,264267,77880
211200,2020,188250,265196,76946
211200,2021,197662,281839,84177
211210,1988,0,8383,8383
211210,1989,0,10797,10797
211210,1990,0,7552,7552
211210,1991,0,11107,11107
211210,1992,0,14715,14715
211210,1993,0,12388,12388
211210,1994,0,14193,14193
211210,1995,0,14528,14528
211210,1996,0,7488,7488
211210,1997,0,7503,7503
211210,1998,0,7852,7852
211210,1999,0,7128,7128
211210,2000,0,7375,7375
211210,2001,0,7567,7567
211210,2002,0,7751,7751
211210,2003,0,8053,8053
211210,2004,0,8152,8152
211210,2005,0,8198,8198
211210,2006,0,8558,8558
211210,2007,0,8246,8246
211210,2008,0,7664,7664
211210,2009,0,7806,7806
211210,2010,0,8425,8425
211210,2011,0,7651,7651
211210,2012,0,7094,7094
211210,2013,0,5689,5689
211210,2014,0,5051,5051
211210,2015,0,4573,4573
211210,2016,0,4122,4122
211210,2017,0,3921,3921
211210,2018,0,3557,3557
211210,2019,0,2599,2599
211210,2020,0,2583,2583
211210,2021,0,2507,2507
211220,1988,0,12263,12263
211220,1989,0,10406,10406
211220,1990,0,8329,8329
211220,1991,0,9040,9040
211220,1992,0,8344,8344
211220,1993,0,7558,7558
211220,1994,0,6707,6707
211220,1995,0,7079,7079
211220,1996,0,5140,5140
211220,1997,0,5099,5099
211220,1998,0,4957,4957
211220,1999,0,5144,5144
211220,2000,0,5193,5193
211220,2001,0,6428,6428
211220,2002,0,7672,7672
211220,2003,0,8099,8099
211220,2004,0,7927,7927
211220,2005,0,7035,7035
211220,2006,0,7802,7802
211220,2007,0,7045,7045
211220,2008,0,6763,6763
211220,2009,0,8619,8619
211220,2010,0,9137,9137
211220,2011,0,8695,8695
211220,2012,0,8029,8029
211220,2013,0,8117,8117
211220,2014,0,7663,7663
211220,2015,0,6446,6446
211220,2016,0,6757,6757
211220,2017,0,6749,6749
211220,2018,0,7087,7087
211220,2019,0,4114,4114
211220,2020,0,4066,4066
211220,2021,0,4288,4288
211230,1988,0,39375,39375
211230,1989,0,42662,42662
211230,1990,0,42702,42702
211230,1991,0,56067,56067
211230,1992,0,51169,51169
211230,1993,0,50042,50042
211230,1994,0,51607,51607
211230,1995,0,47056,47056
211230,1996,0,14132,14132
211230,1997,0,13343,13343
211230,1998,0,12929,12929
211230,1999,0,16154,16154
211230,2000,0,16846,16846
211230,2001,0,16863,16863
211230,2002,0,16765,16765
211230,2003,0,16629,16629
211230,2004,0,17657,17657
211230,2005,0,17718,17718
211230,2006,0,17845,17845
211230,2007,0,18064,18064
211230,2008,0,17240,17240
211230,2009,0,19176,19176
211230,2010,0,19309,19309
211230,2011,0,19123,19123
211230,2012,0,19834,19834
211230,2013,0,19824,19824
211230,2014,0,17554,17554
211230,2015,0,13802,13802
211230,2016,0,10478,10478
211230,2017,0,9580,9580
211230,2018,0,10113,10113
211230,2019,0,11008,11008
211230,2020,0,9472,9472
211230,2021,0,8968,8968
211240,1988,0,38686,38686
211240,1989,0,28909,28909
211240,1990,0,35847,35847
211240,1991,0,36323,36323
211240,1992,0,39874,39874
211240,1993,0,41359,41359
211240,1994,0,43128,43128
211240,1995,0,43244,43244
211240,1996,0,30539,30539
211240,1997,0,30624,30624
211240,1998,0,29620,29620
211240,1999,0,31397,31397
211240,2000,0,30507,30507
211240,2001,0,31105,31105
211240,2002,0,26374,26374
211240,2003,0,28415,28415
211240,2004,0,29512,29512
211240,2005,0,29264,29264
211240,2006,0,31240,31240
211240,2007,0,31602,31602
211240,2008,0,29641,29641
211240,2009,0,28999,28999
211240,2010,0,30251,30251
211240,2011,0,31187,31187
211240,2012,0,29928,29928
211240,2013,0,28113,28113
211240,2014,0,28101,28101
211240,2015,0,19301,19301
211240,2016,0,14178,14178
211240,2017,0,11348,11348
211240,2018,0,9100,9100
211240,2019,0,7832,7832
211240,2020,0,6564,6564
211240,2021,0,6220,6220
211260,1988,0,14848,14848
211260,1989,0,8805,8805
211260,1990,0,9808,9808
211260,1991,0,10750,10750
211260,1992,0,10630,10630
211260,1993,0,11650,11650
211260,1994,0,11560,11560
211260,1995,0,11500,11500
211260,1996,0,7394,7394
211260,1997,0,8005,8005
211260,1998,0,14019,14019
211260,1999,0,8361,8361
211260,2000,0,9411,9411
211260,2001,0,8992,8992
211260,2002,0,9825,9825
211260,2003,0,10143,10143
211260,2004,0,12268,12268
211260,2005,0,13367,13367
211260,2006,0,14695,14695
211260,2007,0,13610,13610
211260,2008,400,23595,23195
211260,2009,200,13079,12879
211260,2010,450,14414,13964
211260,2011,500,16321,15821
211260,2012,600,13903,13303
211260,2013,1590,10290,8700
211260,2014,1690,11607,9917
211260,2015,1350,10331,8981
211260,2016,1350,9206,7856
211260,2017,1400,7137,5737
211260,2018,1450,7397,5947
211260,2019,800,3761,2961
211260,2020,910,3645,2735
211260,2021,950,3382,2432
211270,1988,0,10698,10698
211270,1989,0,9577,9577
211270,1990,0,14902,14902
211270,1991,0,16864,16864
211270,1992,0,16904,16904
211270,1993,0,18004,18004
211270,1994,0,15880,15880
211270,1995,0,18050,18050
211270,1996,0,7631,7631
211270,1997,0,7635,7635
211270,1998,0,12733,12733
211270,1999,0,7999,7999
211270,2000,0,7991,7991
211270,2001,0,8350,8350
211270,2002,0,9415,9415
211270,2003,0,9669,9669
211270,2004,0,10123,10123
211270,2005,0,11212,11212
211270,2006,0,12186,12186
211270,2007,0,12822,12822
211270,2008,0,12848,12848
211270,2009,0,12749,12749
211270,2010,0,13094,13094
211270,2011,0,13335,13335
211270,2012,0,13203,13203
211270,2013,0,13318,13318
211270,2014,0,13355,13355
211270,2015,0,4457,4457
211270,2016,0,3907,3907
211270,2017,0,3287,3287
211270,2018,0,3079,3079
211270,2019,0,2272,2272
211270,2020,0,2278,2278
211270,2021,0,2281,2281
211280,1988,0,31383,31383
211280,1989,0,31706,31706
211280,1990,0,28401,28401
211280,1991,0,34960,34960
211280,1992,0,29789,29789
211280,1993,0,32348,32348
211280,1994,0,33083,33083
211280,1995,0,35027,35027
211280,1996,0,20100,20100
211280,1997,0,20531,20531
211280,1998,0,20552,20552
211280,1999,0,18279,18279
211280,2000,0,17299,17299
211280,2001,0,17173,17173
211280,2002,0,17685,17685
211280,2003,0,16947,16947
211280,2004,0,18952,18952
211280,2005,0,19332,19332
211280,2006,0,19902,19902
211280,2007,0,20424,20424
211280,2008,0,20227,20227
211280,2009,0,18458,18458
211280,2010,0,18602,18602
211280,2011,0,19466,19466
211280,2012,0,19897,19897
211280,2013,0,17417,17417
211280,2014,0,16219,16219
211280,2015,0,15368,15368
211280,2016,0,11554,11554
211280,2017,0,6904,6904
211280,2018,0,7203,7203
211280,2019,0,5649,5649
211280,2020,0,5699,5699
211280,2021,0,6096,6096
211290,1988,0,19668,19668
211290,1989,0,20179,20179
211290,1990,0,15985,15985
211290,1991,0,20139,20139
211290,1992,0,15818,15818
211290,1993,0,16148,16148
211290,1994,0,16635,16635
211290,1995,0,17399,17399
211290,1996,0,7350,7350
211290,1997,0,7465,7465
211290,1998,0,7458,7458
211290,1999,0,7254,7254
211290,2000,0,4846,4846
211290,2001,0,5642,5642
211290,2002,0,6069,6069
211290,2003,0,6360,6360
211290,2004,0,6875,6875
211290,2005,0,7445,7445
211290,2006,0,7145,7145
211290,2007,0,7513,7513
211290,2008,0,7585,7585
211290,2009,0,7238,7238
211290,2010,0,8134,8134
211290,2011,0,8527,8527
211290,2012,0,8778,8778
211290,2013,0,8643,8643
211290,2014,0,8106,8106
211290,2015,0,7622,7622
211290,2016,0,6246,6246
211290,2017,0,4679,4679
211290,2018,0,4025,4025
211290,2019,0,3279,3279
211290,2020,0,2963,2963
211290,2021,0,2756,2756
211300,1988,0,15706,15706
211300,1989,0,16111,16111
211300,1990,0,14188,14188
211300,1991,0,15348,15348
211300,1992,0,15081,15081
211300,1993,0,11004,11004
211300,1994,0,12364,12364
211300,1995,0,11909,11909
211300,1996,0,6689,6689
211300,1997,0,6919,6919
211300,1998,0,7731,7731
211300,1999,0,6833,6833
211300,2000,0,7114,7114
211300,2001,0,7206,7206
211300,2002,0,8911,8911
211300,2003,0,10063,10063
211300,2004,0,9596,9596
211300,2005,0,9910,9910
211300,2006,0,9004,9004
211300,2007,0,9356,9356
211300,2008,0,9175,9175
211300,2009,0,8345,8345
211300,2010,0,9273,9273
211300,2011,0,10130,10130
211300,2012,0,10000,10000
211300,2013,0,9480,9480
211300,2014,0,9170,9170
211300,2015,0,8096,8096
211300,2016,0,2525,2525
211300,2017,0,2705,2705
211300,2018,0,2467,2467
211300,2019,0,2205,2205
211300,2020,0,2087,2087
211300,2021,0,2225,2225
211400,1988,0,0,0
211400,1989,0,32139,32139
211400,1990,0,23575,23575
211400,1991,0,23581,23581
211400,1992,0,22598,22598
211400,1993,0,40476,40476
211400,1994,0,43691,43691
211400,1995,0,53113,53113
211400,1996,0,14709,14709
211400,1997,0,14874,14874
211400,1998,0,18855,18855
211400,1999,0,18726,18726
211400,2000,0,20157,20157
211400,2001,0,19379,19379
211400,2002,0,16803,16803
211400,2003,0,17230,17230
211400,2004,0,20473,20473
211400,2005,0,24626,24626
211400,2006,0,26433,26433
211400,2007,0,27311,27311
211400,2008,0,20963,20963
211400,2009,0,23032,23032
211400,2010,0,26226,26226
211400,2011,0,22217,22217
211400,2012,0,21295,21295
211400,2013,0,20794,20794
211400,2014,0,15231,15231
211400,2015,0,12201,12201
211400,2016,0,10047,10047
211400,2017,0,8867,8867
211400,2018,0,7776,7776
211400,2019,0,2864,2864
211400,2020,0,2525,2525
211400,2021,0,2210,2210
220025,1988,0,8091,8091
220025,1989,0,9214,9214
220025,1990,0,9490,9490
220025,1991,0,9255,9255
220025,1992,0,9242,9242
220025,1993,0,8045,8045
220025,1994,0,8843,8843
220025,1995,0,10336,10336
220025,1996,0,14023,14023
220025,1997,0,14690,14690
220025,1998,0,15324,15324
220025,1999,0,15841,15841
220025,2000,0,15979,15979
220025,2001,0,15751,15751
220025,2002,0,17501,17501
220025,2003,0,17248,17248
220025,2004,0,17241,17241
220025,2005,0,17236,17236
220025,2006,0,17790,17790
220025,2007,0,19122,19122
220025,2008,0,18625,18625
220025,2009,0,20835,20835
220025,2010,0,15945,15945
220025,2011,0,20043,20043
220025,2012,0,17778,17778
220025,2013,0,14132,14132
220025,2014,0,10514,10514
220025,2015,0,11128,11128
220025,2016,0,10623,10623
220025,2017,0,9483,9483
220025,2018,0,8620,8620
220025,2019,0,7022,7022
220025,2020,0,7350,7350
220025,2021,0,7380,7380
220030,1988,0,10807,10807
220030,1989,0,8734,8734
220030,1990,0,9504,9504
220030,1991,0,10681,10681
220030,1992,0,9874,9874
220030,1993,0,10355,10355
220030,1994,0,13140,13140
220030,1995,0,14499,14499
220030,1996,0,4165,4165
220030,1997,0,4162,4162
220030,1998,0,4763,4763
220030,1999,0,4386,4386
220030,2000,0,4429,4429
220030,2001,0,4329,4329
220030,2002,0,5332,5332
220030,2003,0,5376,5376
220030,2004,0,5479,5479
220030,2005,0,5479,5479
220030,2006,0,5462,5462
220030,2007,0,5627,5627
220030,2008,0,5649,5649
220030,2009,0,5700,5700
220030,2010,0,4884,4884
220030,2011,0,5675,5675
220030,2012,0,5705,5705
220030,2013,0,5128,5128
220030,2014,0,5484,5484
220030,2015,0,4857,4857
220030,2016,0,4664,4664
220030,2017,0,4445,4445
220030,2018,0,4357,4357
220030,2019,0,3818,3818
220030,2020,0,3883,3883
220030,2021,0,3822,3822
220040,1988,0,17023,17023
220040,1989,0,19812,19812
220040,1990,0,19013,19013
220040,1991,0,17295,17295
220040,1992,0,18025,18025
220040,1993,0,19446,19446
220040,1994,0,16048,16048
220040,1995,0,20507,20507
220040,1996,0,6281,6281
220040,1997,0,6242,6242
220040,1998,0,6220,6220
220040,1999,0,6665,6665
220040,2000,0,6970,6970
220040,2001,0,7780,7780
220040,2002,0,7611,7611
220040,2003,0,7215,7215
220040,2004,0,6856,6856
220040,2005,0,7178,7178
220040,2006,0,7120,7120
220040,2007,0,7145,7145
220040,2008,0,7096,7096
220040,2009,0,6981,6981
220040,2010,0,7081,7081
220040,2011,0,7201,7201
220040,2012,0,5962,5962
220040,2013,0,5838,5838
220040,2014,0,5838,5838
220040,2015,0,6124,6124
220040,2016,0,5936,5936
220040,2017,0,6066,6066
220040,2018,0,6156,6156
220040,2019,0,3823,3823
220040,2020,0,3828,3828
220040,2021,0,3876,3876
220050,1988,0,8937,8937
220050,1989,0,7824,7824
220050,1990,0,9868,9868
220050,1991,0,7604,7604
220050,1992,0,6911,6911
220050,1993,0,7236,7236
220050,1994,0,7386,7386
220050,1995,0,8258,8258
220050,1996,0,3598,3598
220050,1997,0,3900,3900
220050,1998,0,4289,4289
220050,1999,0,3928,3928
220050,2000,0,3901,3901
220050,2001,0,3931,3931
220050,2002,0,4187,4187
220050,2003,0,4451,4451
220050,2004,0,4705,4705
220050,2005,0,5032,5032
220050,2006,0,5221,5221
220050,2007,0,5607,5607
220050,2008,0,5611,5611
220050,2009,0,6008,6008
220050,2010,0,6156,6156
220050,2011,0,6215,6215
220050,2012,0,5851,5851
220050,2013,0,5752,5752
220050,2014,0,4277,4277
220050,2015,0,4049,4049
220050,2016,0,3609,3609
220050,2017,0,3783,3783
220050,2018,0,3713,3713
220050,2019,0,4029,4029
220050,2020,0,4213,4213
220050,2021,0,4935,4935
220060,1988,0,5920,5920
220060,1989,0,5561,5561
220060,1990,0,5639,5639
220060,1991,0,5227,5227
220060,1992,0,4660,4660
220060,1993,0,5181,5181
220060,1994,0,6712,6712
220060,1995,0,7655,7655
220060,1996,0,1181,1181
220060,1997,0,1271,1271
220060,1998,0,1370,1370
220060,1999,0,1382,1382
220060,2000,0,1419,1419
220060,2001,0,1355,1355
220060,2002,0,1399,1399
220060,2003,0,1381,1381
220060,2004,0,1662,1662
220060,2005,0,2245,2245
220060,2006,0,2499,2499
220060,2007,0,2443,2443
220060,2008,0,2427,2427
220060,2009,0,2064,2064
220060,2010,0,2424,2424
220060,2011,0,2144,2144
220060,2012,0,1995,1995
220060,2013,0,1596,1596
220060,2014,0,1304,1304
220060,2015,0,1135,1135
220060,2016,0,1192,1192
220060,2017,0,1055,1055
220060,2018,0,1014,1014
220060,2019,0,997,997
220060,2020,0,1007,1007
220060,2021,0,1030,1030
220090,1988,0,11493,11493
220090,1989,0,10673,10673
220090,1990,0,12125,12125
220090,1991,0,11875,11875
220090,1992,0,11875,11875
220090,1993,0,11740,11740
220090,1994,0,11742,11742
220090,1995,0,12384,12384
220090,1996,0,2207,2207
220090,1997,0,2210,2210
220090,1998,0,2142,2142
220090,1999,0,2243,2243
220090,2000,0,2488,2488
220090,2001,0,3046,3046
220090,2002,0,3107,3107
220090,2003,0,3138,3138
220090,2004,0,3199,3199
220090,2005,0,3352,3352
220090,2006,0,3680,3680
220090,2007,0,3733,3733
220090,2008,0,3763,3763
220090,2009,0,3803,3803
220090,2010,0,3760,3760
220090,2011,0,4116,4116
220090,2012,0,2858,2858
220090,2013,0,3848,3848
220090,2014,0,3879,3879
220090,2015,0,3300,3300
220090,2016,0,2573,2573
220090,2017,0,2412,2412
220090,2018,0,2344,2344
220090,2019,0,1617,1617
220090,2020,0,1907,1907
220090,2021,0,1910,1910
220180,1988,0,3076,3076
220180,1989,0,3031,3031
220180,1990,0,2637,2637
220180,1991,0,2662,2662
220180,1992,0,2496,2496
220180,1993,0,1979,1979
220180,1994,0,2257,2257
220180,1995,0,2183,2183
220180,1996,0,2588,2588
220180,1997,0,2416,2416
220180,1998,0,2446,2446
220180,1999,0,2382,2382
220180,2000,0,2458,2458
220180,2001,0,2068,2068
220180,2002,0,2108,2108
220180,2003,0,2090,2090
220180,2004,0,2290,2290
220180,2005,0,2348,2348
220180,2006,0,2366,2366
220180,2007,0,2566,2566
220180,2008,0,2500,2500
220180,2009,0,2550,2550
220180,2010,0,2535,2535
220180,2011,0,2689,2689
220180,2012,0,2120,2120
220180,2013,0,2517,2517
220180,2014,0,2233,2233
220180,2015,0,2079,2079
220180,2016,0,2358,2358
220180,2017,0,2375,2375
220180,2018,0,2839,2839
220180,2019,0,2259,2259
220180,2020,0,2686,2686
220180,2021,0,2204,2204
220190,1988,0,3394,3394
220190,1989,0,2850,2850
220190,1990,0,1587,1587
220190,1991,0,3199,3199
220190,1992,0,4355,4355
220190,1993,0,4655,4655
220190,1994,0,3855,3855
220190,1995,0,3929,3929
220190,1996,0,5445,5445
220190,1997,0,9650,9650
220190,1998,1050,10625,9575
220190,1999,1385,14411,13026
220190,2000,1440,16578,15138
220190,2001,6777,22137,15360
220190,2002,13542,27470,13928
220190,2003,20480,31878,11398
220190,2004,31640,46383,14743
220190,2005,35774,53764,17990
220190,2006,40779,54378,13599
220190,2007,36368,51616,15248
220190,2008,38798,53394,14596
220190,2009,44205,59888,15683
220190,2010,55829,72569,16740
220190,2011,62495,87158,24663
220190,2012,69872,102123,32251
220190,2013,98146,130090,31944
220190,2014,111171,145195,34024
220190,2015,100636,133004,32368
220190,2016,78614,122361,43747
220190,2017,110816,154620,43804
220190,2018,110700,151636,40936
220190,2019,114895,170435,55540
220190,2020,111237,170001,58764
220190,2021,131121,191027,59906
220210,1988,0,4655,4655
220210,1989,0,4465,4465
220210,1990,0,3142,3142
220210,1991,0,3801,3801
220210,1992,0,2384,2384
220210,1993,0,4336,4336
220210,1994,0,5893,5893
220210,1995,0,6392,6392
220210,1996,0,2493,2493
220210,1997,0,2823,2823
220210,1998,0,2509,2509
220210,1999,0,2509,2509
220210,2000,0,2513,2513
220210,2001,0,2438,2438
220210,2002,0,2451,2451
220210,2003,0,2465,2465
220210,2004,0,2479,2479
220210,2005,0,2475,2475
220210,2006,0,1857,1857
220210,2007,0,1830,1830
220210,2008,0,1607,1607
220210,2009,0,3941,3941
220210,2010,0,1096,1096
220210,2011,0,4028,4028
220210,2012,0,3130,3130
220210,2013,0,4008,4008
220210,2014,0,3113,3113
220210,2015,0,2151,2151
220210,2016,0,3184,3184
220210,2017,0,3250,3250
220210,2018,0,3196,3196
220210,2019,0,1468,1468
220210,2020,0,1701,1701
220210,2021,0,2846,2846
220220,1988,0,20065,20065
220220,1989,0,16090,16090
220220,1990,0,19690,19690
220220,1991,0,22590,22590
220220,1992,0,25500,25500
220220,1993,0,27941,27941
220220,1994,0,38867,38867
220220,1995,0,48411,48411
220220,1996,0,8785,8785
220220,1997,0,8917,8917
220220,1998,0,10206,10206
220220,1999,0,9120,9120
220220,2000,0,8939,8939
220220,2001,0,8964,8964
220220,2002,0,9593,9593
220220,2003,0,11865,11865
220220,2004,0,12579,12579
220220,2005,0,12833,12833
220220,2006,0,13083,13083
220220,2007,0,13676,13676
220220,2008,0,13880,13880
220220,2009,0,13868,13868
220220,2010,0,13820,13820
220220,2011,0,14240,14240
220220,2012,0,14154,14154
220220,2013,0,14232,14232
220220,2014,0,11966,11966
220220,2015,0,11667,11667
220220,2016,0,11375,11375
220220,2017,0,11163,11163
220220,2018,0,10678,10678
220220,2019,0,10082,10082
220220,2020,0,9821,9821
220220,2021,0,10118,10118
220240,1988,0,5594,5594
220240,1989,0,4793,4793
220240,1990,0,3787,3787
220240,1991,0,4420,4420
220240,1992,0,4609,4609
220240,1993,0,4306,4306
220240,1994,0,5061,5061
220240,1995,0,5557,5557
220240,1996,0,2490,2490
220240,1997,0,2577,2577
220240,1998,0,2737,2737
220240,1999,0,3092,3092
220240,2000,0,3596,3596
220240,2001,0,4415,4415
220240,2002,0,4451,4451
220240,2003,0,4523,4523
220240,2004,0,4750,4750
220240,2005,0,4732,4732
220240,2006,0,4965,4965
220240,2007,0,4965,4965
220240,2008,0,4855,4855
220240,2009,0,4662,4662
220240,2010,0,4672,4672
220240,2011,0,3862,3862
220240,2012,0,4053,4053
220240,2013,0,3902,3902
220240,2014,0,4036,4036
220240,2015,0,3828,3828
220240,2016,0,3901,3901
220240,2017,0,4542,4542
220240,2018,0,4552,4552
220240,2019,0,1800,1800
220240,2020,0,1794,1794
220240,2021,0,1904,1904
220260,1988,0,24569,24569
220260,1989,0,20000,20000
220260,1990,0,19160,19160
220260,1991,0,16123,16123
220260,1992,0,16040,16040
220260,1993,0,26385,26385
220260,1994,0,27340,27340
220260,1995,0,24662,24662
220260,1996,0,8417,8417
220260,1997,0,8810,8810
220260,1998,0,9765,9765
220260,1999,0,9809,9809
220260,2000,0,9240,9240
220260,2001,0,9344,9344
220260,2002,0,9845,9845
220260,2003,0,9796,9796
220260,2004,0,10087,10087
220260,2005,0,9717,9717
220260,2006,0,9829,9829
220260,2007,0,10202,10202
220260,2008,0,10221,10221
220260,2009,0,10389,10389
220260,2010,0,9339,9339
220260,2011,0,9801,9801
220260,2012,0,9933,9933
220260,2013,0,9553,9553
220260,2014,0,9644,9644
220260,2015,0,8619,8619
220260,2016,0,9359,9359
220260,2017,0,9838,9838
220260,2018,0,10152,10152
220260,2019,0,6242,6242
220260,2020,0,6977,6977
220260,2021,0,7141,7141
220270,1988,0,30275,30275
220270,1989,0,29751,29751
220270,1990,0,33301,33301
220270,1991,0,34737,34737
220270,1992,0,29147,29147
220270,1993,0,26738,26738
220270,1994,0,27300,27300
220270,1995,0,32522,32522
220270,1996,0,13109,13109
220270,1997,0,12507,12507
220270,1998,0,16220,16220
220270,1999,0,17740,17740
220270,2000,0,18358,18358
220270,2001,0,18396,18396
220270,2002,0,19209,19209
220270,2003,0,19327,19327
220270,2004,0,20303,20303
220270,2005,0,21175,21175
220270,2006,0,22738,22738
220270,2007,0,23768,23768
220270,2008,0,23477,23477
220270,2009,0,23596,23596
220270,2010,0,22537,22537
220270,2011,0,22341,22341
220270,2012,0,23060,23060
220270,2013,0,23175,23175
220270,2014,0,23806,23806
220270,2015,0,25057,25057
220270,2016,0,25291,25291
220270,2017,0,26000,26000
220270,2018,0,27719,27719
220270,2019,0,26847,26847
220270,2020,0,27068,27068
220270,2021,50,27326,27276
220280,1988,0,11814,11814
220280,1989,0,10483,10483
220280,1990,0,8211,8211
220280,1991,0,8445,8445
220280,1992,0,7843,7843
220280,1993,0,7200,7200
220280,1994,0,9461,9461
220280,1995,0,9659,9659
220280,1996,0,3816,3816
220280,1997,0,3820,3820
220280,1998,0,4108,4108
220280,1999,0,3693,3693
220280,2000,0,3731,3731
220280,2001,0,3725,3725
220280,2002,0,3308,3308
220280,2003,0,3252,3252
220280,2004,0,3962,3962
220280,2005,0,4270,4270
220280,2006,0,3412,3412
220280,2007,0,3437,3437
220280,2008,0,3188,3188
220280,2009,0,3576,3576
220280,2010,0,1851,1851
220280,2011,0,3620,3620
220280,2012,0,2932,2932
220280,2013,0,2205,2205
220280,2014,0,3554,3554
220280,2015,0,3533,3533
220280,2016,0,3770,3770
220280,2017,0,3812,3812
220280,2018,0,2793,2793
220280,2019,0,2078,2078
220280,2020,0,2258,2258
220280,2021,0,2305,2305
220290,1988,0,6609,6609
220290,1989,0,7208,7208
220290,1990,0,5929,5929
220290,1991,0,5136,5136
220290,1992,0,7166,7166
220290,1993,0,6909,6909
220290,1994,0,5175,5175
220290,1995,0,4525,4525
220290,1996,0,5183,5183
220290,1997,0,5184,5184
220290,1998,0,5138,5138
220290,1999,0,6324,6324
220290,2000,125,7369,7244
220290,2001,280,7588,7308
220290,2002,400,8079,7679
220290,2003,0,7334,7334
220290,2004,0,5857,5857
220290,2005,0,6053,6053
220290,2006,0,5612,5612
220290,2007,0,5099,5099
220290,2008,75,5064,4989
220290,2009,80,6282,6202
220290,2010,1547,7889,6342
220290,2011,1500,8239,6739
220290,2012,2689,11001,8312
220290,2013,9961,18474,8513
220290,2014,10631,18800,8169
220290,2015,11903,19390,7487
220290,2016,13489,20143,6654
220290,2017,15340,22670,7330
220290,2018,19579,25997,6418
220290,2019,19446,23669,4223
220290,2020,21583,26668,5085
220290,2021,20587,28122,7535
220300,1988,0,1318,1318
220300,1989,0,1953,1953
220300,1990,0,1492,1492
220300,1991,0,1945,1945
220300,1992,0,2402,2402
220300,1993,0,2871,2871
220300,1994,0,3522,3522
220300,1995,0,3549,3549
220300,1996,0,1601,1601
220300,1997,0,1745,1745
220300,1998,0,2005,2005
220300,1999,0,3115,3115
220300,2000,0,2759,2759
220300,2001,0,3035,3035
220300,2002,0,2215,2215
220300,2003,0,1794,1794
220300,2004,0,1726,1726
220300,2005,0,1709,1709
220300,2006,0,1799,1799
220300,2007,0,1950,1950
220300,2008,80,1981,1901
220300,2009,240,2172,1932
220300,2010,580,2521,1941
220300,2011,580,2347,1767
220300,2012,600,2436,1836
220300,2013,300,2506,2206
220300,2014,600,2010,1410
220300,2015,720,1760,1040
220300,2016,700,2270,1570
220300,2017,800,2160,1360
220300,2018,350,1472,1122
220300,2019,1200,2468,1268
220300,2020,980,2012,1032
220300,2021,750,2012,1262
220310,1988,0,7580,7580
220310,1989,0,9011,9011
220310,1990,0,7590,7590
220310,1991,0,8782,8782
220310,1992,0,9066,9066
220310,1993,0,12029,12029
220310,1994,0,13304,13304
220310,1995,0,14135,14135
220310,1996,0,5937,5937
220310,1997,0,5872,5872
220310,1998,0,5850,5850
220310,1999,490,12440,11950
220310,2000,500,9822,9322
220310,2001,1711,11899,10188
220310,2002,1860,11322,9462
220310,2003,2115,11967,9852
220310,2004,2270,14716,12446
220310,2005,2025,15522,13497
220310,2006,2350,17070,14720
220310,2007,4100,16667,12567
220310,2008,5175,19593,14418
220310,2009,4350,18982,14632
220310,2010,2530,15649,13119
220310,2011,6360,21242,14882
220310,2012,7700,19822,12122
220310,2013,8892,20438,11546
220310,2014,9145,18094,8949
220310,2015,8451,16411,7960
220310,2016,7140,13880,6740
220310,2017,7120,14878,7758
220310,2018,1770,7496,5726
220310,2019,1790,4983,3193
220310,2020,2030,6056,4026
220310,2021,2650,6104,3454
220320,1988,0,3120,3120
220320,1989,0,3403,3403
220320,1990,0,3097,3097
220320,1991,0,4633,4633
220320,1992,0,6143,6143
220320,1993,0,5900,5900
220320,1994,0,7720,7720
220320,1995,0,6683,6683
220320,1996,0,6534,6534
220320,1997,0,6531,6531
220320,1998,0,6924,6924
220320,1999,0,6791,6791
220320,2000,0,7080,7080
220320,2001,0,7187,7187
220320,2002,0,6901,6901
220320,2003,0,5701,5701
220320,2004,0,5417,5417
220320,2005,0,4993,4993
220320,2006,0,4894,4894
220320,2007,0,3997,3997
220320,2008,0,4777,4777
220320,2009,0,5869,5869
220320,2010,0,5169,5169
220320,2011,0,5218,5218
220320,2012,0,6114,6114
220320,2013,0,7415,7415
220320,2014,0,8142,8142
220320,2015,0,7720,7720
220320,2016,0,8030,8030
220320,2017,0,9873,9873
220320,2018,0,9580,9580
220320,2019,0,6913,6913
220320,2020,0,6274,6274
220320,2021,0,6770,6770
220335,1988,0,13020,13020
220335,1989,0,12630,12630
220335,1990,0,13327,13327
220335,1991,0,9227,9227
220335,1992,0,5827,5827
220335,1993,0,6281,6281
220335,1994,0,6134,6134
220335,1995,0,6117,6117
220335,1996,0,3452,3452
220335,1997,0,3643,3643
220335,1998,0,3621,3621
220335,1999,0,3451,3451
220335,2000,0,4030,4030
220335,2001,0,3544,3544
220335,2002,0,3536,3536
220335,2003,0,3448,3448
220335,2004,0,3427,3427
220335,2005,0,4479,4479
220335,2006,0,5132,5132
220335,2007,0,4677,4677
220335,2008,0,3810,3810
220335,2009,0,3988,3988
220335,2010,0,3950,3950
220335,2011,0,4011,4011
220335,2012,0,3792,3792
220335,2013,0,3492,3492
220335,2014,0,3050,3050
220335,2015,0,2907,2907
220335,2016,0,3017,3017
220335,2017,0,2752,2752
220335,2018,0,2796,2796
220335,2019,0,2555,2555
220335,2020,0,2596,2596
220335,2021,0,2545,2545
220340,1988,0,3268,3268
220340,1989,0,3685,3685
220340,1990,0,3932,3932
220340,1991,0,4413,4413
220340,1992,0,4449,4449
220340,1993,0,3230,3230
220340,1994,0,4642,4642
220340,1995,0,5220,5220
220340,1996,0,3829,3829
220340,1997,0,3706,3706
220340,1998,0,4117,4117
220340,1999,0,4668,4668
220340,2000,0,4578,4578
220340,2001,0,4520,4520
220340,2002,0,4903,4903
220340,2003,0,4831,4831
220340,2004,0,5002,5002
220340,2005,0,5022,5022
220340,2006,0,5246,5246
220340,2007,0,5463,5463
220340,2008,0,5541,5541
220340,2009,0,5900,5900
220340,2010,0,6207,6207
220340,2011,0,5938,5938
220340,2012,0,6095,6095
220340,2013,0,5315,5315
220340,2014,0,4283,4283
220340,2015,0,4475,4475
220340,2016,0,4215,4215
220340,2017,0,4310,4310
220340,2018,0,4368,4368
220340,2019,0,3313,3313
220340,2020,0,3386,3386
220340,2021,0,2810,2810
220342,1988,0,3897,3897
220342,1989,0,3914,3914
220342,1990,0,3835,3835
220342,1991,0,4884,4884
220342,1992,0,4678,4678
220342,1993,0,1616,1616
220342,1994,0,4678,4678
220342,1995,0,4298,4298
220342,1996,0,2048,2048
220342,1997,0,2127,2127
220342,1998,0,1960,1960
220342,1999,0,2410,2410
220342,2000,0,1968,1968
220342,2001,0,1973,1973
220342,2002,0,1981,1981
220342,2003,0,2021,2021
220342,2004,0,2398,2398
220342,2005,0,2287,2287
220342,2006,0,2072,2072
220342,2007,0,2072,2072
220342,2008,0,2084,2084
220342,2009,0,2326,2326
220342,2010,0,2333,2333
220342,2011,0,2325,2325
220342,2012,0,2320,2320
220342,2013,0,2330,2330
220342,2014,0,2338,2338
220342,2015,0,2328,2328
220342,2016,0,2333,2333
220342,2017,0,2323,2323
220342,2018,0,2398,2398
220342,2019,0,1585,1585
220342,2020,0,1687,1687
220342,2021,0,1795,1795
220360,1988,0,2435,2435
220360,1989,0,3252,3252
220360,1990,0,2528,2528
220360,1991,0,3208,3208
220360,1992,0,3223,3223
220360,1993,0,3443,3443
220360,1994,0,3614,3614
220360,1995,0,3635,3635
220360,1996,0,1701,1701
220360,1997,0,2880,2880
220360,1998,0,2696,2696
220360,1999,0,3418,3418
220360,2000,0,2687,2687
220360,2001,0,3003,3003
220360,2002,0,2729,2729
220360,2003,0,2876,2876
220360,2004,0,3123,3123
220360,2005,0,3401,3401
220360,2006,0,3049,3049
220360,2007,0,2507,2507
220360,2008,0,3411,3411
220360,2009,0,3302,3302
220360,2010,0,2800,2800
220360,2011,0,3332,3332
220360,2012,0,3196,3196
220360,2013,0,3204,3204
220360,2014,0,3074,3074
220360,2015,0,2770,2770
220360,2016,0,2121,2121
220360,2017,0,2041,2041
220360,2018,0,2531,2531
220360,2019,0,2249,2249
220360,2020,0,2159,2159
220360,2021,0,2065,2065
220380,1988,0,7650,7650
220380,1989,0,7622,7622
220380,1990,0,4836,4836
220380,1991,0,4866,4866
220380,1992,0,4913,4913
220380,1993,0,4913,4913
220380,1994,0,4595,4595
220380,1995,0,4527,4527
220380,1996,0,2445,2445
220380,1997,0,3879,3879
220380,1998,0,3599,3599
220380,1999,0,3709,3709
220380,2000,0,1580,1580
220380,2001,0,3245,3245
220380,2002,0,3327,3327
220380,2003,0,3354,3354
220380,2004,0,3420,3420
220380,2005,0,3560,3560
220380,2006,0,1675,1675
220380,2007,0,3550,3550
220380,2008,0,2606,2606
220380,2009,0,3666,3666
220380,2010,0,2950,2950
220380,2011,0,3202,3202
220380,2012,0,1878,1878
220380,2013,0,2656,2656
220380,2014,0,2221,2221
220380,2015,0,2245,2245
220380,2016,0,1887,1887
220380,2017,0,2167,2167
220380,2018,0,2009,2009
220380,2019,0,1430,1430
220380,2020,0,1435,1435
220380,2021,0,1452,1452
220390,1988,0,5093,5093
220390,1989,0,5823,5823
220390,1990,0,4905,4905
220390,1991,0,5324,5324
220390,1992,0,5762,5762
220390,1993,0,6064,6064
220390,1994,0,6805,6805
220390,1995,0,5627,5627
220390,1996,0,4070,4070
220390,1997,0,4091,4091
220390,1998,0,5039,5039
220390,1999,0,6090,6090
220390,2000,0,6065,6065
220390,2001,0,5035,5035
220390,2002,0,4103,4103
220390,2003,0,6343,6343
220390,2004,0,6729,6729
220390,2005,0,6681,6681
220390,2006,0,6729,6729
220390,2007,0,6579,6579
220390,2008,0,6568,6568
220390,2009,0,6727,6727
220390,2010,0,6883,6883
220390,2011,0,5968,5968
220390,2012,0,4413,4413
220390,2013,0,4762,4762
220390,2014,0,4266,4266
220390,2015,0,3983,3983
220390,2016,0,3956,3956
220390,2017,0,3790,3790
220390,2018,0,3717,3717
220390,2019,0,3355,3355
220390,2020,0,3365,3365
220390,2021,0,3457,3457
220400,1988,0,1659,1659
220400,1989,0,1664,1664
220400,1990,0,1726,1726
220400,1991,0,2054,2054
220400,1992,0,1455,1455
220400,1993,0,1724,1724
220400,1994,0,2090,2090
220400,1995,0,1850,1850
220400,1996,0,1399,1399
220400,1997,0,1403,1403
220400,1998,0,1412,1412
220400,1999,0,1489,1489
220400,2000,0,1561,1561
220400,2001,0,1501,1501
220400,2002,0,1467,1467
220400,2003,0,1597,1597
220400,2004,0,1827,1827
220400,2005,0,1776,1776
220400,2006,0,1739,1739
220400,2007,0,1401,1401
220400,2008,0,1785,1785
220400,2009,0,1703,1703
220400,2010,0,1732,1732
220400,2011,0,2004,2004
220400,2012,0,1759,1759
220400,2013,0,1968,1968
220400,2014,0,2042,2042
220400,2015,0,2038,2038
220400,2016,0,2241,2241
220400,2017,0,2216,2216
220400,2018,0,2206,2206
220400,2019,0,786,786
220400,2020,0,786,786
220400,2021,0,910,910
220410,1988,0,2809,2809
220410,1989,0,2755,2755
220410,1990,0,3745,3745
220410,1991,0,3500,3500
220410,1992,0,3743,3743
220410,1993,0,3622,3622
220410,1994,0,3638,3638
220410,1995,0,3869,3869
220410,1996,0,1671,1671
220410,1997,0,2459,2459
220410,1998,0,2265,2265
220410,1999,0,2338,2338
220410,2000,0,2246,2246
220410,2001,0,2271,2271
220410,2002,0,2291,2291
220410,2003,0,2390,2390
220410,2004,0,2500,2500
220410,2005,0,2545,2545
220410,2006,0,2641,2641
220410,2007,0,2608,2608
220410,2008,0,2655,2655
220410,2009,0,2778,2778
220410,2010,0,2698,2698
220410,2011,0,2809,2809
220410,2012,0,2281,2281
220410,2013,0,2628,2628
220410,2014,0,2486,2486
220410,2015,0,2399,2399
220410,2016,0,2417,2417
220410,2017,0,2425,2425
220410,2018,0,2627,2627
220410,2019,0,2667,2667
220410,2020,0,2687,2687
220410,2021,0,2683,2683
220420,1988,0,7632,7632
220420,1989,0,6178,6178
220420,1990,0,5563,5563
220420,1991,0,5992,5992
220420,1992,0,6054,6054
220420,1993,0,5596,5596
220420,1994,0,5294,5294
220420,1995,0,5739,5739
220420,1996,0,10498,10498
220420,1997,0,10438,10438
220420,1998,0,10493,10493
220420,1999,0,11199,11199
220420,2000,0,11849,11849
220420,2001,0,12047,12047
220420,2002,0,12579,12579
220420,2003,0,12145,12145
220420,2004,0,12436,12436
220420,2005,0,12925,12925
220420,2006,0,12500,12500
220420,2007,0,13699,13699
220420,2008,0,13947,13947
220420,2009,0,14997,14997
220420,2010,0,12530,12530
220420,2011,0,14162,14162
220420,2012,0,13226,13226
220420,2013,0,8145,8145
220420,2014,0,4329,4329
220420,2015,0,5054,5054
220420,2016,0,5153,5153
220420,2017,0,4175,4175
220420,2018,0,3770,3770
220420,2019,0,4590,4590
220420,2020,0,5130,5130
220420,2021,0,4555,4555
220430,1988,0,27784,27784
220430,1989,0,26982,26982
220430,1990,0,23343,23343
220430,1991,0,20293,20293
220430,1992,0,16220,16220
220430,1993,0,8212,8212
220430,1994,0,11780,11780
220430,1995,0,13558,13558
220430,1996,0,12004,12004
220430,1997,0,11740,11740
220430,1998,0,12463,12463
220430,1999,0,13540,13540
220430,2000,0,13071,13071
220430,2001,0,12303,12303
220430,2002,0,12338,12338
220430,2003,0,11502,11502
220430,2004,0,12644,12644
220430,2005,0,14874,14874
220430,2006,0,16132,16132
220430,2007,0,18138,18138
220430,2008,0,15329,15329
220430,2009,0,17378,17378
220430,2010,0,18081,18081
220430,2011,0,17252,17252
220430,2012,0,15014,15014
220430,2013,0,12109,12109
220430,2014,0,12061,12061
220430,2015,0,12605,12605
220430,2016,0,12915,12915
220430,2017,0,14045,14045
220430,2018,0,15260,15260
220430,2019,0,15310,15310
220430,2020,0,15370,15370
220430,2021,0,15960,15960
220440,1988,0,1976,1976
220440,1989,0,1669,1669
220440,1990,0,1859,1859
220440,1991,0,3720,3720
220440,1992,0,4513,4513
220440,1993,0,5087,5087
220440,1994,0,6916,6916
220440,1995,212,5889,5677
220440,1996,0,4322,4322
220440,1997,295,4940,4645
220440,1998,750,5071,4321
220440,1999,1990,9450,7460
220440,2000,1350,12879,11529
220440,2001,2575,9074,6499
220440,2002,1930,8530,6600
220440,2003,3860,8171,4311
220440,2004,5310,10410,5100
220440,2005,6326,13277,6951
220440,2006,6689,11360,4671
220440,2007,7290,12769,5479
220440,2008,11660,18550,6890
220440,2009,8820,16601,7781
220440,2010,13175,22021,8846
220440,2011,14633,27497,12864
220440,2012,26550,39648,13098
220440,2013,32350,43626,11276
220440,2014,37361,50946,13585
220440,2015,43334,51924,8590
220440,2016,33988,41998,8010
220440,2017,32508,40545,8037
220440,2018,30237,39907,9670
220440,2019,38612,54714,16102
220440,2020,45392,64022,18630
220440,2021,46205,61099,14894
220450,1988,0,9318,9318
220450,1989,0,10704,10704
220450,1990,0,12050,12050
220450,1991,0,12561,12561
220450,1992,0,13773,13773
220450,1993,0,16259,16259
220450,1994,0,18471,18471
220450,1995,10,17175,17165
220450,1996,25,3059,3034
220450,1997,390,5198,4808
220450,1998,340,6633,6293
220450,1999,300,7615,7315
220450,2000,1030,9026,7996
220450,2001,1390,8325,6935
220450,2002,1700,9464,7764
220450,2003,2530,9875,7345
220450,2004,3300,10605,7305
220450,2005,2675,9986,7311
220450,2006,2600,10836,8236
220450,2007,4450,13123,8673
220450,2008,4067,13154,9087
220450,2009,4250,13605,9355
220450,2010,4800,11483,6683
220450,2011,6082,12322,6240
220450,2012,7982,12901,4919
220450,2013,8222,12756,4534
220450,2014,8314,12534,4220
220450,2015,4668,9626,4958
220450,2016,1098,8709,7611
220450,2017,6224,9360,3136
220450,2018,5523,8594,3071
220450,2019,6901,10063,3162
220450,2020,5313,8701,3388
220450,2021,9472,12869,3397
220460,1988,0,3884,3884
220460,1989,0,4144,4144
220460,1990,0,3513,3513
220460,1991,0,3514,3514
220460,1992,0,3521,3521
220460,1993,0,3859,3859
220460,1994,0,4584,4584
220460,1995,0,3931,3931
220460,1996,0,1069,1069
220460,1997,0,1089,1089
220460,1998,0,1168,1168
220460,1999,0,1240,1240
220460,2000,0,1295,1295
220460,2001,0,1450,1450
220460,2002,0,1515,1515
220460,2003,0,1725,1725
220460,2004,0,1724,1724
220460,2005,0,1929,1929
220460,2006,0,2218,2218
220460,2007,0,2187,2187
220460,2008,0,1985,1985
220460,2009,0,2030,2030
220460,2010,0,2252,2252
220460,2011,0,2356,2356
220460,2012,0,2181,2181
220460,2013,0,1882,1882
220460,2014,0,2063,2063
220460,2015,0,1909,1909
220460,2016,0,2037,2037
220460,2017,0,1865,1865
220460,2018,0,1311,1311
220460,2019,0,887,887
220460,2020,0,885,885
220460,2021,0,1037,1037
220470,1988,0,14997,14997
220470,1989,0,13585,13585
220470,1990,0,12736,12736
220470,1991,0,9574,9574
220470,1992,0,9616,9616
220470,1993,0,9361,9361
220470,1994,0,8285,8285
220470,1995,0,8795,8795
220470,1996,0,7482,7482
220470,1997,0,7482,7482
220470,1998,0,7544,7544
220470,1999,0,7674,7674
220470,2000,0,8321,8321
220470,2001,0,8615,8615
220470,2002,0,8614,8614
220470,2003,0,8633,8633
220470,2004,0,8733,8733
220470,2005,0,7948,7948
220470,2006,0,9436,9436
220470,2007,0,6171,6171
220470,2008,0,7875,7875
220470,2009,0,9734,9734
220470,2010,0,8229,8229
220470,2011,0,9252,9252
220470,2012,0,7373,7373
220470,2013,0,9192,9192
220470,2014,0,8440,8440
220470,2015,0,9542,9542
220470,2016,0,8882,8882
220470,2017,0,8208,8208
220470,2018,0,8890,8890
220470,2019,0,7518,7518
220470,2020,0,7595,7595
220470,2021,0,6951,6951
220480,1988,0,7821,7821
220480,1989,0,7967,7967
220480,1990,0,8243,8243
220480,1991,0,7372,7372
220480,1992,0,6975,6975
220480,1993,0,6796,6796
220480,1994,0,9110,9110
220480,1995,0,8686,8686
220480,1996,0,3237,3237
220480,1997,0,3242,3242
220480,1998,0,3270,3270
220480,1999,0,3429,3429
220480,2000,0,3345,3345
220480,2001,0,3487,3487
220480,2002,0,3519,3519
220480,2003,0,3665,3665
220480,2004,0,3785,3785
220480,2005,0,3344,3344
220480,2006,0,3688,3688
220480,2007,0,3696,3696
220480,2008,0,4028,4028
220480,2009,0,4006,4006
220480,2010,0,3647,3647
220480,2011,0,4046,4046
220480,2012,0,3374,3374
220480,2013,0,3759,3759
220480,2014,0,3449,3449
220480,2015,0,2978,2978
220480,2016,0,2849,2849
220480,2017,0,2011,2011
220480,2018,0,2109,2109
220480,2019,0,1768,1768
220480,2020,0,1778,1778
220480,2021,0,1721,1721
220490,1988,0,10316,10316
220490,1989,0,9089,9089
220490,1990,0,7335,7335
220490,1991,0,5181,5181
220490,1992,0,5148,5148
220490,1993,0,2676,2676
220490,1994,0,4064,4064
220490,1995,0,4010,4010
220490,1996,0,3124,3124
220490,1997,0,3071,3071
220490,1998,0,3126,3126
220490,1999,0,3206,3206
220490,2000,0,3622,3622
220490,2001,0,3224,3224
220490,2002,0,3302,3302
220490,2003,0,3153,3153
220490,2004,0,3555,3555
220490,2005,0,3399,3399
220490,2006,0,4039,4039
220490,2007,0,4616,4616
220490,2008,0,3651,3651
220490,2009,0,4755,4755
220490,2010,0,4844,4844
220490,2011,0,5090,5090
220490,2012,0,5070,5070
220490,2013,0,4946,4946
220490,2014,0,5250,5250
220490,2015,0,5385,5385
220490,2016,0,5050,5050
220490,2017,0,5010,5010
220490,2018,0,3610,3610
220490,2019,0,3273,3273
220490,2020,0,3373,3373
220490,2021,0,3223,3223
220500,1988,0,31840,31840
220500,1989,0,28245,28245
220500,1990,0,26169,26169
220500,1991,0,15722,15722
220500,1992,0,14652,14652
220500,1993,0,18885,18885
220500,1994,0,14046,14046
220500,1995,0,11318,11318
220500,1996,0,8530,8530
220500,1997,0,9716,9716
220500,1998,0,9662,9662
220500,1999,0,10469,10469
220500,2000,0,10072,10072
220500,2001,0,8264,8264
220500,2002,0,8910,8910
220500,2003,0,9432,9432
220500,2004,0,9759,9759
220500,2005,0,8695,8695
220500,2006,0,11519,11519
220500,2007,0,11589,11589
220500,2008,0,8693,8693
220500,2009,0,11733,11733
220500,2010,0,11838,11838
220500,2011,0,11770,11770
220500,2012,0,8222,8222
220500,2013,0,11412,11412
220500,2014,0,10406,10406
220500,2015,0,10394,10394
220500,2016,0,10881,10881
220500,2017,0,9100,9100
220500,2018,0,8152,8152
220500,2019,0,7241,7241
220500,2020,0,6743,6743
220500,2021,0,7730,7730
220510,1988,0,12524,12524
220510,1989,0,12674,12674
220510,1990,0,8343,8343
220510,1991,0,13185,13185
220510,1992,0,18635,18635
220510,1993,0,19445,19445
220510,1994,0,15530,15530
220510,1995,0,13765,13765
220510,1996,0,7948,7948
220510,1997,0,13109,13109
220510,1998,0,12615,12615
220510,1999,120,13735,13615
220510,2000,0,12319,12319
220510,2001,0,12411,12411
220510,2002,0,11677,11677
220510,2003,0,12804,12804
220510,2004,0,12134,12134
220510,2005,0,12337,12337
220510,2006,0,9949,9949
220510,2007,0,9071,9071
220510,2008,0,7987,7987
220510,2009,0,9477,9477
220510,2010,0,8447,8447
220510,2011,0,7415,7415
220510,2012,0,7099,7099
220510,2013,0,7032,7032
220510,2014,0,6690,6690
220510,2015,0,7009,7009
220510,2016,0,7078,7078
220510,2017,0,9543,9543
220510,2018,0,11430,11430
220510,2019,0,9335,9335
220510,2020,0,9247,9247
220510,2021,0,9687,9687
220520,1988,0,37284,37284
220520,1989,0,37777,37777
220520,1990,0,31439,31439
220520,1991,0,31417,31417
220520,1992,0,30020,30020
220520,1993,0,21128,21128
220520,1994,0,24582,24582
220520,1995,0,24145,24145
220520,1996,0,25540,25540
220520,1997,0,25532,25532
220520,1998,0,24881,24881
220520,1999,0,25372,25372
220520,2000,0,24582,24582
220520,2001,0,23342,23342
220520,2002,0,25027,25027
220520,2003,0,26744,26744
220520,2004,0,28814,28814
220520,2005,0,30257,30257
220520,2006,0,30910,30910
220520,2007,0,31796,31796
220520,2008,0,32310,32310
220520,2009,0,31496,31496
220520,2010,0,27340,27340
220520,2011,0,30684,30684
220520,2012,0,30325,30325
220520,2013,0,24138,24138
220520,2014,0,21188,21188
220520,2015,0,19490,19490
220520,2016,0,20456,20456
220520,2017,0,20146,20146
220520,2018,0,19626,19626
220520,2019,0,19721,19721
220520,2020,0,19820,19820
220520,2021,0,14149,14149
220530,1988,0,3001,3001
220530,1989,0,2928,2928
220530,1990,0,1988,1988
220530,1991,0,2885,2885
220530,1992,0,5249,5249
220530,1993,0,5109,5109
220530,1994,0,4802,4802
220530,1995,0,4630,4630
220530,1996,0,2716,2716
220530,1997,140,2786,2646
220530,1998,0,3637,3637
220530,1999,0,4421,4421
220530,2000,0,4351,4351
220530,2001,0,3222,3222
220530,2002,0,3507,3507
220530,2003,0,3484,3484
220530,2004,0,3955,3955
220530,2005,0,3593,3593
220530,2006,0,3305,3305
220530,2007,0,3270,3270
220530,2008,0,3011,3011
220530,2009,0,2809,2809
220530,2010,0,2802,2802
220530,2011,0,2708,2708
220530,2012,0,1887,1887
220530,2013,0,1658,1658
220530,2014,0,1322,1322
220530,2015,0,1219,1219
220530,2016,0,1315,1315
220530,2017,0,1767,1767
220530,2018,0,1910,1910
220530,2019,0,1945,1945
220530,2020,0,1961,1961
220530,2021,0,1998,1998
220550,1988,0,9890,9890
220550,1989,0,11013,11013
220550,1990,0,12818,12818
220550,1991,0,14491,14491
220550,1992,0,15010,15010
220550,1993,0,16757,16757
220550,1994,0,18855,18855
220550,1995,0,18548,18548
220550,1996,0,5295,5295
220550,1997,0,5729,5729
220550,1998,0,5712,5712
220550,1999,0,5884,5884
220550,2000,0,5421,5421
220550,2001,0,5179,5179
220550,2002,0,5653,5653
220550,2003,0,7116,7116
220550,2004,0,7336,7336
220550,2005,0,7596,7596
220550,2006,0,7396,7396
220550,2007,0,8253,8253
220550,2008,0,8524,8524
220550,2009,0,8742,8742
220550,2010,0,8794,8794
220550,2011,0,8143,8143
220550,2012,0,7407,7407
220550,2013,0,7016,7016
220550,2014,0,7129,7129
220550,2015,0,6935,6935
220550,2016,0,7005,7005
220550,2017,0,7030,7030
220550,2018,0,7244,7244
220550,2019,0,7273,7273
220550,2020,0,7397,7397
220550,2021,0,7764,7764
220560,1988,0,2381,2381
220560,1989,0,1696,1696
220560,1990,0,1912,1912
220560,1991,0,2301,2301
220560,1992,0,1868,1868
220560,1993,0,2673,2673
220560,1994,300,3466,3166
220560,1995,0,3231,3231
220560,1996,0,1976,1976
220560,1997,0,1976,1976
220560,1998,0,2259,2259
220560,1999,0,2308,2308
220560,2000,0,1881,1881
220560,2001,0,3106,3106
220560,2002,0,1972,1972
220560,2003,0,2072,2072
220560,2004,0,2937,2937
220560,2005,0,1768,1768
220560,2006,0,1759,1759
220560,2007,0,1656,1656
220560,2008,1745,6432,4687
220560,2009,4866,8066,3200
220560,2010,5000,11734,6734
220560,2011,6000,12210,6210
220560,2012,8000,10321,2321
220560,2013,5860,8296,2436
220560,2014,5641,11404,5763
220560,2015,2500,8991,6491
220560,2016,2500,9375,6875
220560,2017,6000,7200,1200
220560,2018,8000,9301,1301
220560,2019,8000,9327,1327
220560,2020,2000,7980,5980
220560,2021,2060,10059,7999
220580,1988,0,31977,31977
220580,1989,0,30329,30329
220580,1990,0,29854,29854
220580,1991,0,29197,29197
220580,1992,0,22855,22855
220580,1993,0,22555,22555
220580,1994,0,25438,25438
220580,1995,0,34184,34184
220580,1996,0,10200,10200
220580,1997,0,10036,10036
220580,1998,0,9787,9787
220580,1999,0,10146,10146
220580,2000,0,10207,10207
220580,2001,0,9842,9842
220580,2002,0,10597,10597
220580,2003,0,10609,10609
220580,2004,0,11215,11215
220580,2005,0,11358,11358
220580,2006,0,11023,11023
220580,2007,0,10972,10972
220580,2008,0,11018,11018
220580,2009,0,11634,11634
220580,2010,0,10929,10929
220580,2011,0,9514,9514
220580,2012,0,7028,7028
220580,2013,0,7253,7253
220580,2014,0,6997,6997
220580,2015,0,6804,6804
220580,2016,0,7253,7253
220580,2017,0,7536,7536
220580,2018,0,6384,6384
220580,2019,0,5268,5268
220580,2020,0,5505,5505
220580,2021,0,5985,5985
220620,1988,0,13020,13020
220620,1989,0,11999,11999
220620,1990,0,12104,12104
220620,1991,0,12198,12198
220620,1992,0,13128,13128
220620,1993,0,11223,11223
220620,1994,0,10788,10788
220620,1995,0,13834,13834
220620,1996,0,8576,8576
220620,1997,0,8650,8650
220620,1998,0,8869,8869
220620,1999,0,8099,8099
220620,2000,0,7969,7969
220620,2001,40,8159,8119
220620,2002,0,8427,8427
220620,2003,0,7151,7151
220620,2004,0,7963,7963
220620,2005,0,8788,8788
220620,2006,0,7449,7449
220620,2007,0,8204,8204
220620,2008,0,8186,8186
220620,2009,0,7476,7476
220620,2010,0,8316,8316
220620,2011,0,7750,7750
220620,2012,0,8239,8239
220620,2013,0,6742,6742
220620,2014,0,6771,6771
220620,2015,0,6941,6941
220620,2016,0,7266,7266
220620,2017,0,8848,8848
220620,2018,0,8609,8609
220620,2019,0,7060,7060
220620,2020,0,7025,7025
220620,2021,0,9044,9044
220630,1988,0,2924,2924
220630,1989,0,2966,2966
220630,1990,0,2409,2409
220630,1991,0,2557,2557
220630,1992,0,2826,2826
220630,1993,0,2528,2528
220630,1994,0,2684,2684
220630,1995,0,2810,2810
220630,1996,0,2054,2054
220630,1997,0,2054,2054
220630,1998,0,2026,2026
220630,1999,0,2082,2082
220630,2000,0,2220,2220
220630,2001,0,1819,1819
220630,2002,180,2372,2192
220630,2003,0,1797,1797
220630,2004,0,1590,1590
220630,2005,0,1781,1781
220630,2006,0,1782,1782
220630,2007,0,1374,1374
220630,2008,0,1301,1301
220630,2009,0,1379,1379
220630,2010,0,1368,1368
220630,2011,0,1287,1287
220630,2012,0,1295,1295
220630,2013,300,1631,1331
220630,2014,500,2026,1526
220630,2015,0,1107,1107
220630,2016,0,1269,1269
220630,2017,0,1167,1167
220630,2018,0,1174,1174
220630,2019,0,313,313
220630,2020,0,318,318
220630,2021,0,318,318
220650,1988,0,10612,10612
220650,1989,0,9721,9721
220650,1990,0,9608,9608
220650,1991,0,9937,9937
220650,1992,0,10060,10060
220650,1993,0,8379,8379
220650,1994,0,7998,7998
220650,1995,0,9021,9021
220650,1996,0,10495,10495
220650,1997,0,10902,10902
220650,1998,0,11299,11299
220650,1999,0,12233,12233
220650,2000,0,11864,11864
220650,2001,0,12290,12290
220650,2002,0,13060,13060
220650,2003,0,12860,12860
220650,2004,0,12960,12960
220650,2005,0,13205,13205
220650,2006,0,13505,13505
220650,2007,0,13670,13670
220650,2008,0,12150,12150
220650,2009,0,13534,13534
220650,2010,0,11517,11517
220650,2011,0,12410,12410
220650,2012,0,10907,10907
220650,2013,0,9415,9415
220650,2014,0,5639,5639
220650,2015,0,5667,5667
220650,2016,0,4742,4742
220650,2017,0,4820,4820
220650,2018,0,5200,5200
220650,2019,0,5150,5150
220650,2020,0,7450,7450
220650,2021,0,5615,5615
220660,1988,0,549,549
220660,1989,0,584,584
220660,1990,0,952,952
220660,1991,0,1524,1524
220660,1992,0,2463,2463
220660,1993,100,5271,5171
220660,1994,300,7682,7382
220660,1995,0,7750,7750
220660,1996,0,1948,1948
220660,1997,0,3100,3100
220660,1998,0,2143,2143
220660,1999,0,3887,3887
220660,2000,930,6247,5317
220660,2001,300,3621,3321
220660,2002,790,3426,2636
220660,2003,2110,5023,2913
220660,2004,4434,7108,2674
220660,2005,4471,8980,4509
220660,2006,5208,9614,4406
220660,2007,6785,12619,5834
220660,2008,8408,12582,4174
220660,2009,6265,11983,5718
220660,2010,10791,15757,4966
220660,2011,12689,17434,4745
220660,2012,16120,20641,4521
220660,2013,20802,27339,6537
220660,2014,18816,26782,7966
220660,2015,21403,26488,5085
220660,2016,12782,23936,11154
220660,2017,22231,27865,5634
220660,2018,22240,28487,6247
220660,2019,17310,25450,8140
220660,2020,21877,30402,8525
220660,2021,25276,31253,5977
220670,1988,0,2297,2297
220670,1989,0,2809,2809
220670,1990,0,1862,1862
220670,1991,0,4491,4491
220670,1992,0,4727,4727
220670,1993,0,5465,5465
220670,1994,0,5834,5834
220670,1995,0,6655,6655
220670,1996,0,2720,2720
220670,1997,0,2720,2720
220670,1998,0,4672,4672
220670,1999,0,5300,5300
220670,2000,0,4899,4899
220670,2001,0,4590,4590
220670,2002,0,4622,4622
220670,2003,0,4628,4628
220670,2004,0,3861,3861
220670,2005,0,3998,3998
220670,2006,0,3985,3985
220670,2007,0,3992,3992
220670,2008,0,2896,2896
220670,2009,0,2658,2658
220670,2010,0,2738,2738
220670,2011,0,2623,2623
220670,2012,0,2327,2327
220670,2013,0,622,622
220670,2014,0,499,499
220670,2015,0,199,199
220670,2016,0,485,485
220670,2017,0,441,441
220670,2018,0,457,457
220670,2019,0,432,432
220670,2020,0,437,437
220670,2021,0,438,438
220680,1988,0,3166,3166
220680,1989,0,2798,2798
220680,1990,0,2509,2509
220680,1991,0,2609,2609
220680,1992,0,2575,2575
220680,1993,0,2577,2577
220680,1994,0,2772,2772
220680,1995,0,3393,3393
220680,1996,0,1265,1265
220680,1997,0,1268,1268
220680,1998,0,1212,1212
220680,1999,0,1240,1240
220680,2000,0,1280,1280
220680,2001,0,1476,1476
220680,2002,0,1445,1445
220680,2003,0,1401,1401
220680,2004,0,1518,1518
220680,2005,0,1638,1638
220680,2006,0,1688,1688
220680,2007,0,1705,1705
220680,2008,0,1766,1766
220680,2009,0,1801,1801
220680,2010,0,1787,1787
220680,2011,0,1668,1668
220680,2012,0,1604,1604
220680,2013,0,1501,1501
220680,2014,0,1427,1427
220680,2015,0,1437,1437
220680,2016,0,1417,1417
220680,2017,0,1419,1419
220680,2018,0,1148,1148
220680,2019,0,1048,1048
220680,2020,0,1048,1048
220680,2021,0,1014,1014
220700,1988,0,49515,49515
220700,1989,0,43426,43426
220700,1990,0,37500,37500
220700,1991,0,41525,41525
220700,1992,0,41764,41764
220700,1993,0,42063,42063
220700,1994,0,51211,51211
220700,1995,0,54170,54170
220700,1996,0,18334,18334
220700,1997,0,18388,18388
220700,1998,0,19495,19495
220700,1999,0,18574,18574
220700,2000,0,19236,19236
220700,2001,0,17816,17816
220700,2002,0,18703,18703
220700,2003,0,18963,18963
220700,2004,0,20515,20515
220700,2005,0,21850,21850
220700,2006,0,16378,16378
220700,2007,0,19767,19767
220700,2008,0,18337,18337
220700,2009,0,22482,22482
220700,2010,0,16778,16778
220700,2011,0,21332,21332
220700,2012,0,15529,15529
220700,2013,0,20269,20269
220700,2014,0,20096,20096
220700,2015,0,17456,17456
220700,2016,0,19709,19709
220700,2017,300,21548,21248
220700,2018,750,21590,20840
220700,2019,1200,14578,13378
220700,2020,1200,15142,13942
220700,2021,1200,15816,14616
220720,1988,0,20091,20091
220720,1989,0,20118,20118
220720,1990,0,18852,18852
220720,1991,0,18373,18373
220720,1992,0,14325,14325
220720,1993,0,4372,4372
220720,1994,0,12645,12645
220720,1995,0,14036,14036
220720,1996,0,18801,18801
220720,1997,0,19746,19746
220720,1998,0,18873,18873
220720,1999,0,20961,20961
220720,2000,0,21037,21037
220720,2001,0,17732,17732
220720,2002,0,19003,19003
220720,2003,0,19476,19476
220720,2004,0,21588,21588
220720,2005,0,20881,20881
220720,2006,0,22210,22210
220720,2007,0,21717,21717
220720,2008,0,19658,19658
220720,2009,0,19014,19014
220720,2010,0,15993,15993
220720,2011,0,18849,18849
220720,2012,0,17000,17000
220720,2013,0,14793,14793
220720,2014,0,12290,12290
220720,2015,0,16076,16076
220720,2016,0,15796,15796
220720,2017,0,18707,18707
220720,2018,0,14644,14644
220720,2019,0,16382,16382
220720,2020,0,17648,17648
220720,2021,0,15091,15091
220740,1988,0,1765,1765
220740,1989,0,1717,1717
220740,1990,0,872,872
220740,1991,0,1829,1829
220740,1992,0,2310,2310
220740,1993,0,2355,2355
220740,1994,0,2765,2765
220740,1995,0,2865,2865
220740,1996,0,1737,1737
220740,1997,0,3336,3336
220740,1998,60,4253,4193
220740,1999,450,2975,2525
220740,2000,760,3949,3189
220740,2001,250,2166,1916
220740,2002,0,1448,1448
220740,2003,2000,3510,1510
220740,2004,2600,4363,1763
220740,2005,3337,5316,1979
220740,2006,5005,7983,2978
220740,2007,5870,10110,4240
220740,2008,7199,10667,3468
220740,2009,8726,12219,3493
220740,2010,10460,13557,3097
220740,2011,12908,17299,4391
220740,2012,15140,19173,4033
220740,2013,15474,21700,6226
220740,2014,18122,22107,3985
220740,2015,15470,21917,6447
220740,2016,8142,16973,8831
220740,2017,8948,19729,10781
220740,2018,4008,13246,9238
220740,2019,12625,29997,17372
220740,2020,10310,21857,11547
220740,2021,14550,25168,10618
220760,1988,0,3651,3651
220760,1989,0,2713,2713
220760,1990,0,2418,2418
220760,1991,0,2864,2864
220760,1992,0,6020,6020
220760,1993,0,5460,5460
220760,1994,0,3710,3710
220760,1995,0,3858,3858
220760,1996,0,4336,4336
220760,1997,0,4335,4335
220760,1998,0,4329,4329
220760,1999,0,7326,7326
220760,2000,0,5990,5990
220760,2001,0,5482,5482
220760,2002,0,5091,5091
220760,2003,0,3992,3992
220760,2004,0,3996,3996
220760,2005,0,4576,4576
220760,2006,0,4278,4278
220760,2007,0,3913,3913
220760,2008,0,3675,3675
220760,2009,0,3912,3912
220760,2010,0,4542,4542
220760,2011,62,4383,4321
220760,2012,0,4644,4644
220760,2013,0,4236,4236
220760,2014,0,3803,3803
220760,2015,0,3648,3648
220760,2016,0,3842,3842
220760,2017,0,3793,3793
220760,2018,0,4427,4427
220760,2019,0,2316,2316
220760,2020,0,2451,2451
220760,2021,0,2227,2227
220780,1988,0,72288,72288
220780,1989,0,76684,76684
220780,1990,0,73668,73668
220780,1991,0,67265,67265
220780,1992,0,63018,63018
220780,1993,0,35652,35652
220780,1994,0,44143,44143
220780,1995,0,37814,37814
220780,1996,0,23232,23232
220780,1997,0,23078,23078
220780,1998,0,23495,23495
220780,1999,0,21725,21725
220780,2000,0,21998,21998
220780,2001,0,21648,21648
220780,2002,0,22720,22720
220780,2003,0,22768,22768
220780,2004,0,25205,25205
220780,2005,0,26602,26602
220780,2006,0,26721,26721
220780,2007,0,24451,24451
220780,2008,0,19072,19072
220780,2009,0,22093,22093
220780,2010,0,20154,20154
220780,2011,0,22719,22719
220780,2012,0,22994,22994
220780,2013,0,22657,22657
220780,2014,0,20897,20897
220780,2015,0,23808,23808
220780,2016,0,23992,23992
220780,2017,0,21810,21810
220780,2018,0,18018,18018
220780,2019,0,15748,15748
220780,2020,0,16450,16450
220780,2021,0,11739,11739
220800,1988,0,66429,66429
220800,1989,0,49829,49829
220800,1990,0,48466,48466
220800,1991,0,47079,47079
220800,1992,0,37824,37824
220800,1993,0,32876,32876
220800,1994,0,37563,37563
220800,1995,0,35975,35975
220800,1996,0,17131,17131
220800,1997,0,17185,17185
220800,1998,0,18074,18074
220800,1999,0,17771,17771
220800,2000,0,17891,17891
220800,2001,0,18144,18144
220800,2002,0,19255,19255
220800,2003,0,19397,19397
220800,2004,0,20189,20189
220800,2005,0,20679,20679
220800,2006,0,23038,23038
220800,2007,0,23820,23820
220800,2008,0,22548,22548
220800,2009,0,25475,25475
220800,2010,0,24397,24397
220800,2011,0,25914,25914
220800,2012,0,24912,24912
220800,2013,0,22653,22653
220800,2014,0,20086,20086
220800,2015,0,21230,21230
220800,2016,0,17727,17727
220800,2017,0,20662,20662
220800,2018,0,22849,22849
220800,2019,0,19087,19087
220800,2020,0,21200,21200
220800,2021,0,20354,20354
220820,1988,0,56353,56353
220820,1989,0,75817,75817
220820,1990,0,76198,76198
220820,1991,0,73681,73681
220820,1992,0,76455,76455
220820,1993,0,65937,65937
220820,1994,0,77568,77568
220820,1995,0,85410,85410
220820,1996,0,22745,22745
220820,1997,0,22562,22562
220820,1998,0,40238,40238
220820,1999,0,45111,45111
220820,2000,0,46961,46961
220820,2001,0,48809,48809
220820,2002,0,48943,48943
220820,2003,0,46453,46453
220820,2004,0,47102,47102
220820,2005,0,47164,47164
220820,2006,0,47862,47862
220820,2007,0,49254,49254
220820,2008,0,49792,49792
220820,2009,0,50289,50289
220820,2010,0,50615,50615
220820,2011,0,49095,49095
220820,2012,0,49715,49715
220820,2013,0,36858,36858
220820,2014,0,29911,29911
220820,2015,0,31739,31739
220820,2016,0,32522,32522
220820,2017,0,34887,34887
220820,2018,0,39381,39381
220820,2019,0,40116,40116
220820,2020,0,42068,42068
220820,2021,0,41130,41130
220830,1988,0,212074,212074
220830,1989,0,201257,201257
220830,1990,0,196404,196404
220830,1991,0,194326,194326
220830,1992,0,185977,185977
220830,1993,0,172449,172449
220830,1994,0,198358,198358
220830,1995,0,172975,172975
220830,1996,0,63900,63900
220830,1997,0,64182,64182
220830,1998,0,69997,69997
220830,1999,0,75116,75116
220830,2000,0,74397,74397
220830,2001,0,75511,75511
220830,2002,0,78540,78540
220830,2003,0,78359,78359
220830,2004,0,83929,83929
220830,2005,15,84245,84230
220830,2006,150,83474,83324
220830,2007,90,84452,84362
220830,2008,140,84845,84705
220830,2009,0,85018,85018
220830,2010,0,82755,82755
220830,2011,0,82717,82717
220830,2012,0,76871,76871
220830,2013,0,79533,79533
220830,2014,1050,79498,78448
220830,2015,1500,80284,78784
220830,2016,750,76065,75315
220830,2017,1025,80526,79501
220830,2018,750,82116,81366
220830,2019,1300,64160,62860
220830,2020,718,64736,64018
220830,2021,1400,66463,65063
220850,1988,0,4506,4506
220850,1989,0,4176,4176
220850,1990,0,3676,3676
220850,1991,0,3771,3771
220850,1992,0,3695,3695
220850,1993,0,3848,3848
220850,1994,0,4511,4511
220850,1995,0,5088,5088
220850,1996,0,2383,2383
220850,1997,0,2365,2365
220850,1998,0,2286,2286
220850,1999,0,2290,2290
220850,2000,0,2278,2278
220850,2001,0,2319,2319
220850,2002,0,2460,2460
220850,2003,0,2564,2564
220850,2004,0,2702,2702
220850,2005,0,2696,2696
220850,2006,0,2386,2386
220850,2007,0,2558,2558
220850,2008,0,2441,2441
220850,2009,0,2530,2530
220850,2010,0,2298,2298
220850,2011,0,2102,2102
220850,2012,0,1360,1360
220850,2013,0,1386,1386
220850,2014,0,1433,1433
220850,2015,0,1530,1530
220850,2016,0,1465,1465
220850,2017,0,1502,1502
220850,2018,0,1303,1303
220850,2019,0,1524,1524
220850,2020,0,1603,1603
220850,2021,0,1564,1564
220860,1988,0,1773,1773
220860,1989,0,1907,1907
220860,1990,0,2448,2448
220860,1991,0,2406,2406
220860,1992,0,2419,2419
220860,1993,0,1919,1919
220860,1994,0,2432,2432
220860,1995,0,2558,2558
220860,1996,0,299,299
220860,1997,0,296,296
220860,1998,0,285,285
220860,1999,0,305,305
220860,2000,0,345,345
220860,2001,0,359,359
220860,2002,0,383,383
220860,2003,0,405,405
220860,2004,0,448,448
220860,2005,0,453,453
220860,2006,0,472,472
220860,2007,0,487,487
220860,2008,0,487,487
220860,2009,0,537,537
220860,2010,0,534,534
220860,2011,0,538,538
220860,2012,0,533,533
220860,2013,0,535,535
220860,2014,0,368,368
220860,2015,0,400,400
220860,2016,0,338,338
220860,2017,0,220,220
220860,2018,0,190,190
220860,2019,0,153,153
220860,2020,0,125,125
220860,2021,0,137,137
220870,1988,0,1772,1772
220870,1989,0,1876,1876
220870,1990,0,685,685
220870,1991,0,1864,1864
220870,1992,0,2300,2300
220870,1993,0,2540,2540
220870,1994,0,2340,2340
220870,1995,0,2390,2390
220870,1996,0,1686,1686
220870,1997,0,1986,1986
220870,1998,0,1805,1805
220870,1999,0,1444,1444
220870,2000,0,1044,1044
220870,2001,0,1417,1417
220870,2002,0,1477,1477
220870,2003,0,1583,1583
220870,2004,0,1527,1527
220870,2005,0,1670,1670
220870,2006,0,1880,1880
220870,2007,0,1485,1485
220870,2008,0,1442,1442
220870,2009,480,2480,2000
220870,2010,982,2902,1920
220870,2011,1270,2969,1699
220870,2012,1480,2853,1373
220870,2013,1680,3413,1733
220870,2014,1770,3863,2093
220870,2015,2890,4638,1748
220870,2016,1315,2759,1444
220870,2017,1415,3106,1691
220870,2018,950,2788,1838
220870,2019,870,2176,1306
220870,2020,1410,3061,1651
220870,2021,1260,2906,1646
220880,1988,0,11022,11022
220880,1989,0,10746,10746
220880,1990,0,14156,14156
220880,1991,0,9811,9811
220880,1992,0,9424,9424
220880,1993,0,10575,10575
220880,1994,0,9269,9269
220880,1995,0,9447,9447
220880,1996,0,3238,3238
220880,1997,0,3402,3402
220880,1998,0,3635,3635
220880,1999,0,4643,4643
220880,2000,0,5218,5218
220880,2001,0,5005,5005
220880,2002,0,5272,5272
220880,2003,0,4909,4909
220880,2004,0,5333,5333
220880,2005,0,5077,5077
220880,2006,0,4801,4801
220880,2007,0,4821,4821
220880,2008,0,6167,6167
220880,2009,50,6487,6437
220880,2010,600,6830,6230
220880,2011,1000,7666,6666
220880,2012,1500,8585,7085
220880,2013,2500,8672,6172
220880,2014,3700,6713,3013
220880,2015,4400,8709,4309
220880,2016,5540,9793,4253
220880,2017,7930,10914,2984
220880,2018,8030,12777,4747
220880,2019,9010,13727,4717
220880,2020,8757,14019,5262
220880,2021,14433,18197,3764
220890,1988,20,43026,43006
220890,1989,0,41515,41515
220890,1990,0,44406,44406
220890,1991,500,58410,57910
220890,1992,1000,61195,60195
220890,1993,1110,67978,66868
220890,1994,1825,59221,57396
220890,1995,5130,52950,47820
220890,1996,3610,18847,15237
220890,1997,8525,30311,21786
220890,1998,13282,31498,18216
220890,1999,14856,37332,22476
220890,2000,17209,38718,21509
220890,2001,20817,39613,18796
220890,2002,23897,45054,21157
220890,2003,30449,50940,20491
220890,2004,40976,66383,25407
220890,2005,59646,83753,24107
220890,2006,68254,90128,21874
220890,2007,69620,99180,29560
220890,2008,82264,112162,29898
220890,2009,95655,129469,33814
220890,2010,107894,138748,30854
220890,2011,131697,178803,47106
220890,2012,158321,221223,62902
220890,2013,191322,247747,56425
220890,2014,222911,301787,78876
220890,2015,244361,313816,69455
220890,2016,205380,294446,89066
220890,2017,256723,346248,89525
220890,2018,259217,353509,94292
220890,2019,272929,377231,104302
220890,2020,275129,371569,96440
220890,2021,298668,416311,117643
220900,1988,0,13421,13421
220900,1989,0,14110,14110
220900,1990,0,7875,7875
220900,1991,0,9625,9625
220900,1992,0,10015,10015
220900,1993,0,10015,10015
220900,1994,0,7920,7920
220900,1995,0,7605,7605
220900,1996,0,5303,5303
220900,1997,0,5698,5698
220900,1998,0,7105,7105
220900,1999,0,5999,5999
220900,2000,0,5701,5701
220900,2001,0,6212,6212
220900,2002,0,6694,6694
220900,2003,0,6442,6442
220900,2004,0,7182,7182
220900,2005,0,7290,7290
220900,2006,0,4510,4510
220900,2007,0,7023,7023
220900,2008,0,5574,5574
220900,2009,0,6953,6953
220900,2010,0,6423,6423
220900,2011,0,6398,6398
220900,2012,0,6092,6092
220900,2013,0,6032,6032
220900,2014,0,5605,5605
220900,2015,0,5341,5341
220900,2016,0,4603,4603
220900,2017,0,4476,4476
220900,2018,0,4322,4322
220900,2019,0,3038,3038
220900,2020,0,2916,2916
220900,2021,0,2941,2941
220910,1988,0,7733,7733
220910,1989,0,6726,6726
220910,1990,0,5775,5775
220910,1991,0,7394,7394
220910,1992,0,7060,7060
220910,1993,0,8411,8411
220910,1994,0,8739,8739
220910,1995,0,9179,9179
220910,1996,0,8086,8086
220910,1997,0,8111,8111
220910,1998,0,8059,8059
220910,1999,0,8181,8181
220910,2000,0,8031,8031
220910,2001,0,8154,8154
220910,2002,0,8066,8066
220910,2003,0,8568,8568
220910,2004,0,8618,8618
220910,2005,0,8557,8557
220910,2006,0,6262,6262
220910,2007,0,9004,9004
220910,2008,0,7145,7145
220910,2009,0,8466,8466
220910,2010,0,6453,6453
220910,2011,0,8559,8559
220910,2012,0,6093,6093
220910,2013,0,8075,8075
220910,2014,0,4946,4946
220910,2015,0,4154,4154
220910,2016,0,6473,6473
220910,2017,0,7702,7702
220910,2018,0,7314,7314
220910,2019,0,2774,2774
220910,2020,0,3290,3290
220910,2021,0,3075,3075
220920,1988,0,6052,6052
220920,1989,260,9164,8904
220920,1990,1500,6660,5160
220920,1991,1400,8363,6963
220920,1992,340,7737,7397
220920,1993,70,7165,7095
220920,1994,100,7657,7557
220920,1995,275,6650,6375
220920,1996,0,3085,3085
220920,1997,0,3410,3410
220920,1998,1870,5551,3681
220920,1999,2080,6996,4916
220920,2000,2800,7493,4693
220920,2001,3145,7745,4600
220920,2002,4580,8248,3668
220920,2003,5500,9905,4405
220920,2004,6499,14518,8019
220920,2005,11010,21485,10475
220920,2006,13629,21860,8231
220920,2007,12330,22673,10343
220920,2008,15915,28427,12512
220920,2009,19692,28409,8717
220920,2010,25405,31577,6172
220920,2011,26592,35022,8430
220920,2012,30212,39231,9019
220920,2013,42047,51646,9599
220920,2014,48485,60833,12348
220920,2015,59595,67056,7461
220920,2016,57621,69385,11764
220920,2017,57869,70382,12513
220920,2018,56749,72252,15503
220920,2019,61114,78380,17266
220920,2020,71086,98535,27449
220920,2021,71256,99150,27894
220930,1988,0,3231,3231
220930,1989,0,3389,3389
220930,1990,0,2496,2496
220930,1991,0,2578,2578
220930,1992,0,2004,2004
220930,1993,0,2189,2189
220930,1994,0,3464,3464
220930,1995,0,3605,3605
220930,1996,0,1225,1225
220930,1997,0,3616,3616
220930,1998,0,4026,4026
220930,1999,0,4060,4060
220930,2000,0,3483,3483
220930,2001,0,3484,3484
220930,2002,0,3369,3369
220930,2003,0,3329,3329
220930,2004,0,3574,3574
220930,2005,0,3581,3581
220930,2006,0,3421,3421
220930,2007,0,3364,3364
220930,2008,0,3137,3137
220930,2009,0,3134,3134
220930,2010,0,3096,3096
220930,2011,0,3108,3108
220930,2012,0,2487,2487
220930,2013,0,2974,2974
220930,2014,0,2474,2474
220930,2015,0,2528,2528
220930,2016,0,2507,2507
220930,2017,0,1415,1415
220930,2018,0,1819,1819
220930,2019,0,1609,1609
220930,2020,0,1565,1565
220930,2021,0,1414,1414
220940,1988,0,5009,5009
220940,1989,0,5217,5217
220940,1990,0,4851,4851
220940,1991,0,5388,5388
220940,1992,0,5355,5355
220940,1993,0,5850,5850
220940,1994,0,5984,5984
220940,1995,0,6160,6160
220940,1996,0,7391,7391
220940,1997,0,7388,7388
220940,1998,0,7387,7387
220940,1999,0,8337,8337
220940,2000,0,8851,8851
220940,2001,0,8960,8960
220940,2002,0,9186,9186
220940,2003,0,9386,9386
220940,2004,0,9247,9247
220940,2005,0,9431,9431
220940,2006,0,9682,9682
220940,2007,0,9782,9782
220940,2008,0,10045,10045
220940,2009,0,9157,9157
220940,2010,0,10076,10076
220940,2011,0,9089,9089
220940,2012,0,11074,11074
220940,2013,0,8179,8179
220940,2014,0,4628,4628
220940,2015,0,6005,6005
220940,2016,0,6329,6329
220940,2017,0,7982,7982
220940,2018,0,5392,5392
220940,2019,0,4174,4174
220940,2020,0,4362,4362
220940,2021,0,4162,4162
220950,1988,0,3319,3319
220950,1989,0,2782,2782
220950,1990,0,2890,2890
220950,1991,0,2819,2819
220950,1992,0,3019,3019
220950,1993,0,2981,2981
220950,1994,0,5162,5162
220950,1995,0,5630,5630
220950,1996,0,2606,2606
220950,1997,0,2600,2600
220950,1998,0,2665,2665
220950,1999,0,2542,2542
220950,2000,0,2722,2722
220950,2001,0,2866,2866
220950,2002,0,3077,3077
220950,2003,0,3010,3010
220950,2004,0,3115,3115
220950,2005,0,3068,3068
220950,2006,0,2432,2432
220950,2007,0,3615,3615
220950,2008,0,3079,3079
220950,2009,0,3611,3611
220950,2010,0,2453,2453
220950,2011,0,3535,3535
220950,2012,0,3449,3449
220950,2013,0,3220,3220
220950,2014,0,3285,3285
220950,2015,0,3266,3266
220950,2016,0,3374,3374
220950,2017,0,3343,3343
220950,2018,0,3425,3425
220950,2019,0,963,963
220950,2020,0,1402,1402
220950,2021,0,1471,1471
220960,1988,0,3082,3082
220960,1989,0,3039,3039
220960,1990,0,3420,3420
220960,1991,0,3261,3261
220960,1992,0,3020,3020
220960,1993,0,1994,1994
220960,1994,0,3399,3399
220960,1995,0,3919,3919
220960,1996,0,1677,1677
220960,1997,0,1663,1663
220960,1998,0,1584,1584
220960,1999,0,1852,1852
220960,2000,0,1905,1905
220960,2001,0,1938,1938
220960,2002,0,2042,2042
220960,2003,0,2087,2087
220960,2004,0,2085,2085
220960,2005,0,2100,2100
220960,2006,0,1940,1940
220960,2007,0,1982,1982
220960,2008,0,2014,2014
220960,2009,0,2043,2043
220960,2010,0,2044,2044
220960,2011,0,2140,2140
220960,2012,0,2152,2152
220960,2013,0,2231,2231
220960,2014,0,1956,1956
220960,2015,0,2296,2296
220960,2016,0,2282,2282
220960,2017,0,1737,1737
220960,2018,0,1694,1694
220960,2019,0,1616,1616
220960,2020,0,1477,1477
220960,2021,0,1664,1664
220970,1988,0,3276,3276
220970,1989,0,4802,4802
220970,1990,0,4642,4642
220970,1991,0,4551,4551
220970,1992,0,3248,3248
220970,1993,0,3389,3389
220970,1994,0,3648,3648
220970,1995,0,3389,3389
220970,1996,0,3064,3064
220970,1997,0,3147,3147
220970,1998,0,2994,2994
220970,1999,0,2994,2994
220970,2000,0,2532,2532
220970,2001,0,2128,2128
220970,2002,0,2638,2638
220970,2003,0,2210,2210
220970,2004,0,2919,2919
220970,2005,0,3011,3011
220970,2006,0,1796,1796
220970,2007,0,2252,2252
220970,2008,0,2588,2588
220970,2009,0,2992,2992
220970,2010,0,2897,2897
220970,2011,0,3199,3199
220970,2012,0,2389,2389
220970,2013,0,3198,3198
220970,2014,0,2858,2858
220970,2015,0,2328,2328
220970,2016,0,2519,2519
220970,2017,0,2791,2791
220970,2018,0,2740,2740
220970,2019,0,1288,1288
220970,2020,0,1288,1288
220970,2021,0,1303,1303
220980,1988,0,3186,3186
220980,1989,0,3200,3200
220980,1990,0,2536,2536
220980,1991,0,2646,2646
220980,1992,0,2288,2288
220980,1993,0,2311,2311
220980,1994,0,2339,2339
220980,1995,0,2220,2220
220980,1996,0,1362,1362
220980,1997,0,1356,1356
220980,1998,0,1418,1418
220980,1999,0,1410,1410
220980,2000,0,1623,1623
220980,2001,0,1756,1756
220980,2002,0,1784,1784
220980,2003,0,1661,1661
220980,2004,0,1869,1869
220980,2005,0,2084,2084
220980,2006,0,1919,1919
220980,2007,0,1755,1755
220980,2008,0,1898,1898
220980,2009,0,1918,1918
220980,2010,0,1896,1896
220980,2011,0,2117,2117
220980,2012,0,2031,2031
220980,2013,0,1851,1851
220980,2014,100,2118,2018
220980,2015,102,1961,1859
220980,2016,420,2372,1952
220980,2017,840,2492,1652
220980,2018,1300,2997,1697
220980,2019,2000,3557,1557
220980,2020,2100,3620,1520
220980,2021,2260,3662,1402
220985,1988,0,0,0
220985,1989,0,8035,8035
220985,1990,0,6797,6797
220985,1991,0,6039,6039
220985,1992,0,5233,5233
220985,1993,0,2629,2629
220985,1994,0,4650,4650
220985,1995,0,4988,4988
220985,1996,0,3661,3661
220985,1997,0,3660,3660
220985,1998,0,3616,3616
220985,1999,0,3666,3666
220985,2000,0,3929,3929
220985,2001,0,3914,3914
220985,2002,0,3935,3935
220985,2003,0,4091,4091
220985,2004,0,4242,4242
220985,2005,0,4455,4455
220985,2006,0,4892,4892
220985,2007,0,4933,4933
220985,2008,0,5131,5131
220985,2009,0,6062,6062
220985,2010,0,5505,5505
220985,2011,0,5408,5408
220985,2012,0,5009,5009
220985,2013,0,4338,4338
220985,2014,0,3289,3289
220985,2015,0,4033,4033
220985,2016,0,4568,4568
220985,2017,0,4752,4752
220985,2018,0,5254,5254
220985,2019,0,6144,6144
220985,2020,0,6161,6161
220985,2021,0,6291,6291
220990,1988,0,4632,4632
220990,1989,0,4025,4025
220990,1990,0,3990,3990
220990,1991,0,3509,3509
220990,1992,0,3497,3497
220990,1993,0,3364,3364
220990,1994,0,3372,3372
220990,1995,0,3359,3359
220990,1996,0,1698,1698
220990,1997,0,1859,1859
220990,1998,0,2028,2028
220990,1999,0,2060,2060
220990,2000,0,1925,1925
220990,2001,0,1940,1940
220990,2002,0,1978,1978
220990,2003,0,1988,1988
220990,2004,0,2046,2046
220990,2005,0,2046,2046
220990,2006,0,2095,2095
220990,2007,0,2146,2146
220990,2008,0,2188,2188
220990,2009,0,2188,2188
220990,2010,0,2262,2262
220990,2011,0,2262,2262
220990,2012,0,2262,2262
220990,2013,0,1775,1775
220990,2014,0,1880,1880
220990,2015,0,1750,1750
220990,2016,0,1873,1873
220990,2017,0,1780,1780
220990,2018,0,1778,1778
220990,2019,0,967,967
220990,2020,0,967,967
220990,2021,0,770,770
221000,1988,0,73970,73970
221000,1989,0,69369,69369
221000,1990,0,58519,58519
221000,1991,0,63265,63265
221000,1992,0,70476,70476
221000,1993,0,45521,45521
221000,1994,0,68537,68537
221000,1995,0,65661,65661
221000,1996,0,39358,39358
221000,1997,0,39061,39061
221000,1998,0,41019,41019
221000,1999,0,41260,41260
221000,2000,0,42777,42777
221000,2001,0,42197,42197
221000,2002,0,40526,40526
221000,2003,0,41637,41637
221000,2004,0,52768,52768
221000,2005,0,53523,53523
221000,2006,0,47266,47266
221000,2007,0,48620,48620
221000,2008,0,40230,40230
221000,2009,0,46876,46876
221000,2010,0,39773,39773
221000,2011,0,47775,47775
221000,2012,0,36366,36366
221000,2013,0,42215,42215
221000,2014,0,37188,37188
221000,2015,0,36698,36698
221000,2016,0,38739,38739
221000,2017,0,41547,41547
221000,2018,0,38923,38923
221000,2019,0,28446,28446
221000,2020,0,29599,29599
221000,2021,0,29589,29589
221010,1988,0,8954,8954
221010,1989,0,7596,7596
221010,1990,0,6265,6265
221010,1991,0,7763,7763
221010,1992,0,7520,7520
221010,1993,0,7926,7926
221010,1994,0,8106,8106
221010,1995,0,7503,7503
221010,1996,0,4520,4520
221010,1997,0,4525,4525
221010,1998,0,4753,4753
221010,1999,0,4692,4692
221010,2000,0,5555,5555
221010,2001,0,4388,4388
221010,2002,0,5315,5315
221010,2003,0,4934,4934
221010,2004,0,5276,5276
221010,2005,0,5166,5166
221010,2006,0,5265,5265
221010,2007,0,4883,4883
221010,2008,0,3910,3910
221010,2009,0,4838,4838
221010,2010,0,4099,4099
221010,2011,0,4400,4400
221010,2012,0,3845,3845
221010,2013,0,4433,4433
221010,2014,0,4064,4064
221010,2015,0,3490,3490
221010,2016,0,4019,4019
221010,2017,0,3909,3909
221010,2018,0,4069,4069
221010,2019,0,3353,3353
221010,2020,0,3417,3417
221010,2021,0,3329,3329
221020,1988,0,5143,5143
221020,1989,0,4843,4843
221020,1990,0,4670,4670
221020,1991,0,4854,4854
221020,1992,0,5064,5064
221020,1993,0,4328,4328
221020,1994,0,5130,5130
221020,1995,0,5615,5615
221020,1996,0,4412,4412
221020,1997,0,4435,4435
221020,1998,0,4535,4535
221020,1999,0,5605,5605
221020,2000,0,4964,4964
221020,2001,0,5084,5084
221020,2002,0,5424,5424
221020,2003,0,5485,5485
221020,2004,0,5718,5718
221020,2005,0,5950,5950
221020,2006,0,6412,6412
221020,2007,0,6498,6498
221020,2008,0,6783,6783
221020,2009,0,6989,6989
221020,2010,0,7259,7259
221020,2011,0,7008,7008
221020,2012,0,7760,7760
221020,2013,0,7073,7073
221020,2014,0,6584,6584
221020,2015,0,7184,7184
221020,2016,0,6723,6723
221020,2017,0,6051,6051
221020,2018,0,6626,6626
221020,2019,0,5465,5465
221020,2020,0,5761,5761
221020,2021,0,6148,6148
221030,1988,0,21364,21364
221030,1989,0,16888,16888
221030,1990,0,16424,16424
221030,1991,0,16464,16464
221030,1992,0,14252,14252
221030,1993,0,9664,9664
221030,1994,0,14055,14055
221030,1995,0,13706,13706
221030,1996,0,10985,10985
221030,1997,0,10972,10972
221030,1998,0,11564,11564
221030,1999,0,12787,12787
221030,2000,0,12138,12138
221030,2001,0,11182,11182
221030,2002,0,12536,12536
221030,2003,0,13706,13706
221030,2004,0,14412,14412
221030,2005,0,14423,14423
221030,2006,0,15148,15148
221030,2007,0,16529,16529
221030,2008,0,16221,16221
221030,2009,0,16642,16642
221030,2010,0,9805,9805
221030,2011,0,12288,12288
221030,2012,0,9624,9624
221030,2013,0,8376,8376
221030,2014,0,7366,7366
221030,2015,0,6747,6747
221030,2016,0,6601,6601
221030,2017,0,6516,6516
221030,2018,0,6705,6705
221030,2019,0,7310,7310
221030,2020,0,7393,7393
221030,2021,0,7020,7020
221040,1988,0,55668,55668
221040,1989,0,22974,22974
221040,1990,0,34442,34442
221040,1991,0,35858,35858
221040,1992,0,35772,35772
221040,1993,0,30284,30284
221040,1994,0,30300,30300
221040,1995,0,26164,26164
221040,1996,0,17669,17669
221040,1997,0,17664,17664
221040,1998,0,20865,20865
221040,1999,0,22574,22574
221040,2000,0,21021,21021
221040,2001,0,22479,22479
221040,2002,0,23732,23732
221040,2003,0,20566,20566
221040,2004,0,21340,21340
221040,2005,0,23077,23077
221040,2006,0,23512,23512
221040,2007,0,23904,23904
221040,2008,0,24084,24084
221040,2009,0,20219,20219
221040,2010,0,19603,19603
221040,2011,0,18248,18248
221040,2012,0,18500,18500
221040,2013,0,18151,18151
221040,2014,0,14656,14656
221040,2015,0,13348,13348
221040,2016,0,11978,11978
221040,2017,0,12826,12826
221040,2018,0,13748,13748
221040,2019,0,6533,6533
221040,2020,0,6953,6953
221040,2021,0,9419,9419
221050,1988,0,11743,11743
221050,1989,0,12969,12969
221050,1990,0,12356,12356
221050,1991,0,15088,15088
221050,1992,0,13377,13377
221050,1993,0,11942,11942
221050,1994,0,12634,12634
221050,1995,0,11269,11269
221050,1996,0,3542,3542
221050,1997,0,3628,3628
221050,1998,0,3777,3777
221050,1999,0,3799,3799
221050,2000,0,4035,4035
221050,2001,0,3627,3627
221050,2002,0,4387,4387
221050,2003,0,4994,4994
221050,2004,0,4960,4960
221050,2005,0,4504,4504
221050,2006,0,4077,4077
221050,2007,0,3773,3773
221050,2008,0,3485,3485
221050,2009,0,3485,3485
221050,2010,0,3261,3261
221050,2011,0,3318,3318
221050,2012,0,3123,3123
221050,2013,0,2695,2695
221050,2014,0,2937,2937
221050,2015,0,2341,2341
221050,2016,0,1930,1930
221050,2017,0,1828,1828
221050,2018,0,1763,1763
221050,2019,0,3074,3074
221050,2020,96,3069,2973
221050,2021,155,3238,3083
221060,1988,0,73867,73867
221060,1989,0,84366,84366
221060,1990,0,82558,82558
221060,1991,0,69749,69749
221060,1992,0,71535,71535
221060,1993,0,71466,71466
221060,1994,0,61309,61309
221060,1995,0,64742,64742
221060,1996,0,46990,46990
221060,1997,0,49540,49540
221060,1998,0,51263,51263
221060,1999,0,53272,53272
221060,2000,0,54254,54254
221060,2001,0,53457,53457
221060,2002,0,53667,53667
221060,2003,0,52955,52955
221060,2004,0,53004,53004
221060,2005,0,60694,60694
221060,2006,0,58010,58010
221060,2007,0,65472,65472
221060,2008,0,57011,57011
221060,2009,0,58864,58864
221060,2010,0,45229,45229
221060,2011,0,45437,45437
221060,2012,0,43154,43154
221060,2013,0,40985,40985
221060,2014,0,34378,34378
221060,2015,0,27068,27068
221060,2016,0,35721,35721
221060,2017,0,26302,26302
221060,2018,0,32110,32110
221060,2019,0,25423,25423
221060,2020,0,28026,28026
221060,2021,0,28211,28211
221070,1988,0,40055,40055
221070,1989,0,42206,42206
221070,1990,0,44883,44883
221070,1991,0,44102,44102
221070,1992,0,39416,39416
221070,1993,0,24135,24135
221070,1994,0,41944,41944
221070,1995,0,44713,44713
221070,1996,0,13563,13563
221070,1997,0,13639,13639
221070,1998,0,13781,13781
221070,1999,0,13110,13110
221070,2000,0,12383,12383
221070,2001,0,10217,10217
221070,2002,0,9672,9672
221070,2003,0,10610,10610
221070,2004,0,12746,12746
221070,2005,0,12847,12847
221070,2006,0,13225,13225
221070,2007,0,12613,12613
221070,2008,0,10504,10504
221070,2009,0,14158,14158
221070,2010,0,10877,10877
221070,2011,0,12026,12026
221070,2012,0,12567,12567
221070,2013,0,12702,12702
221070,2014,0,11608,11608
221070,2015,0,13473,13473
221070,2016,0,10550,10550
221070,2017,0,10435,10435
221070,2018,0,12885,12885
221070,2019,0,11792,11792
221070,2020,0,10629,10629
221070,2021,0,12098,12098
221080,1988,0,15007,15007
221080,1989,0,14476,14476
221080,1990,0,13921,13921
221080,1991,0,14119,14119
221080,1992,0,8077,8077
221080,1993,0,2634,2634
221080,1994,0,9380,9380
221080,1995,0,10011,10011
221080,1996,0,5047,5047
221080,1997,0,5045,5045
221080,1998,0,5833,5833
221080,1999,0,4885,4885
221080,2000,0,5327,5327
221080,2001,0,4680,4680
221080,2002,0,4569,4569
221080,2003,0,4601,4601
221080,2004,0,5037,5037
221080,2005,0,4593,4593
221080,2006,0,3700,3700
221080,2007,0,3608,3608
221080,2008,0,2802,2802
221080,2009,0,5075,5075
221080,2010,0,3666,3666
221080,2011,0,5195,5195
221080,2012,0,4098,4098
221080,2013,0,5375,5375
221080,2014,0,5247,5247
221080,2015,0,5171,5171
221080,2016,0,5997,5997
221080,2017,0,6139,6139
221080,2018,0,5434,5434
221080,2019,0,4079,4079
221080,2020,0,4477,4477
221080,2021,0,4483,4483
221100,1988,0,80551,80551
221100,1989,0,77346,77346
221100,1990,0,75017,75017
221100,1991,0,70159,70159
221100,1992,0,76373,76373
221100,1993,0,78304,78304
221100,1994,0,78863,78863
221100,1995,0,81054,81054
221100,1996,0,34130,34130
221100,1997,0,34353,34353
221100,1998,0,39772,39772
221100,1999,0,41891,41891
221100,2000,0,42516,42516
221100,2001,0,43664,43664
221100,2002,0,45091,45091
221100,2003,0,41370,41370
221100,2004,0,48097,48097
221100,2005,0,49754,49754
221100,2006,0,49056,49056
221100,2007,0,49922,49922
221100,2008,0,51350,51350
221100,2009,0,52121,52121
221100,2010,0,50399,50399
221100,2011,0,51846,51846
221100,2012,0,45517,45517
221100,2013,0,46751,46751
221100,2014,220,45276,45056
221100,2015,1287,42869,41582
221100,2016,1350,41170,39820
221100,2017,1210,38785,37575
221100,2018,1135,38019,36884
221100,2019,1122,31638,30516
221100,2020,1040,31539,30499
221100,2021,1420,32393,30973
221110,1988,0,58619,58619
221110,1989,0,58295,58295
221110,1990,0,58804,58804
221110,1991,0,58152,58152
221110,1992,0,53920,53920
221110,1993,0,51513,51513
221110,1994,0,49426,49426
221110,1995,0,51746,51746
221110,1996,0,21461,21461
221110,1997,0,21374,21374
221110,1998,0,21448,21448
221110,1999,0,21281,21281
221110,2000,0,21104,21104
221110,2001,0,20807,20807
221110,2002,0,21383,21383
221110,2003,0,21888,21888
221110,2004,0,22466,22466
221110,2005,0,23811,23811
221110,2006,0,23233,23233
221110,2007,0,22380,22380
221110,2008,0,21799,21799
221110,2009,0,21931,21931
221110,2010,0,22014,22014
221110,2011,0,23320,23320
221110,2012,0,21638,21638
221110,2013,0,20658,20658
221110,2014,334,21208,20874
221110,2015,950,22235,21285
221110,2016,361,21410,21049
221110,2017,1053,25730,24677
221110,2018,805,21035,20230
221110,2019,800,21149,20349
221110,2020,1800,22544,20744
221110,2021,1400,22033,20633
221120,1988,0,30782,30782
221120,1989,70,34159,34089
221120,1990,60,39735,39675
221120,1991,0,44873,44873
221120,1992,250,57677,57427
221120,1993,580,53776,53196
221120,1994,3960,51478,47518
221120,1995,7157,42066,34909
221120,1996,5950,22016,16066
221120,1997,9430,25087,15657
221120,1998,9800,26060,16260
221120,1999,10546,26819,16273
221120,2000,13860,36854,22994
221120,2001,25444,53464,28020
221120,2002,38056,64121,26065
221120,2003,47569,63296,15727
221120,2004,62252,83962,21710
221120,2005,73268,98622,25354
221120,2006,87345,112128,24783
221120,2007,72957,105819,32862
221120,2008,78040,108160,30120
221120,2009,79593,114959,35366
221120,2010,103499,135296,31797
221120,2011,99750,145025,45275
221120,2012,98690,168103,69413
221120,2013,113705,190228,76523
221120,2014,127928,203229,75301
221120,2015,144448,227963,83515
221120,2016,131894,201587,69693
221120,2017,156595,238315,81720
221120,2018,179030,262393,83363
221120,2019,194920,280893,85973
221120,2020,173920,260349,86429
221120,2021,185890,290380,104490
221130,1988,0,45304,45304
221130,1989,0,46114,46114
221130,1990,0,45284,45284
221130,1991,0,53133,53133
221130,1992,0,47042,47042
221130,1993,0,47117,47117
221130,1994,0,45232,45232
221130,1995,0,50632,50632
221130,1996,0,15092,15092
221130,1997,0,15055,15055
221130,1998,0,15119,15119
221130,1999,0,17134,17134
221130,2000,0,17651,17651
221130,2001,0,17388,17388
221130,2002,0,17907,17907
221130,2003,0,17874,17874
221130,2004,0,18992,18992
221130,2005,0,18890,18890
221130,2006,0,19755,19755
221130,2007,0,16168,16168
221130,2008,0,20221,20221
221130,2009,0,20423,20423
221130,2010,0,20894,20894
221130,2011,0,20044,20044
221130,2012,0,12774,12774
221130,2013,0,16023,16023
221130,2014,0,17304,17304
221130,2015,0,15186,15186
221130,2016,0,16156,16156
221130,2017,0,13109,13109
221130,2018,0,11387,11387
221130,2019,0,11549,11549
221130,2020,0,12080,12080
221130,2021,0,12079,12079
230010,1988,0,1901,1901
230010,1989,0,2214,2214
230010,1990,0,2682,2682
230010,1991,0,5257,5257
230010,1992,0,5298,5298
230010,1993,0,5693,5693
230010,1994,0,6217,6217
230010,1995,0,5587,5587
230010,1996,0,7363,7363
230010,1997,0,7186,7186
230010,1998,0,3932,3932
230010,1999,0,3967,3967
230010,2000,0,5689,5689
230010,2001,0,5220,5220
230010,2002,0,4245,4245
230010,2003,0,4489,4489
230010,2004,0,4561,4561
230010,2005,0,2055,2055
230010,2006,0,2542,2542
230010,2007,0,5718,5718
230010,2008,0,3245,3245
230010,2009,0,3561,3561
230010,2010,0,3010,3010
230010,2011,0,3307,3307
230010,2012,0,2971,2971
230010,2013,0,2049,2049
230010,2014,0,1985,1985
230010,2015,0,1056,1056
230010,2016,0,718,718
230010,2017,0,2598,2598
230010,2018,0,3041,3041
230010,2019,0,2732,2732
230010,2020,0,2647,2647
230010,2021,0,2756,2756
230015,1988,0,0,0
230015,1989,0,3417,3417
230015,1990,0,3426,3426
230015,1991,0,3220,3220
230015,1992,0,3313,3313
230015,1993,0,3268,3268
230015,1994,0,3067,3067
230015,1995,0,2892,2892
230015,1996,0,1306,1306
230015,1997,0,1265,1265
230015,1998,0,1284,1284
230015,1999,0,1698,1698
230015,2000,0,2492,2492
230015,2001,0,2262,2262
230015,2002,0,2628,2628
230015,2003,0,2500,2500
230015,2004,0,2699,2699
230015,2005,0,2919,2919
230015,2006,0,2653,2653
230015,2007,0,3000,3000
230015,2008,0,3350,3350
230015,2009,0,2876,2876
230015,2010,0,2892,2892
230015,2011,0,2804,2804
230015,2012,0,1757,1757
230015,2013,0,1619,1619
230015,2014,0,1729,1729
230015,2015,0,1554,1554
230015,2016,0,1463,1463
230015,2017,0,1386,1386
230015,2018,0,1427,1427
230015,2019,0,1439,1439
230015,2020,0,1371,1371
230015,2021,0,1404,1404
230020,1988,0,18678,18678
230020,1989,0,19788,19788
230020,1990,0,19738,19738
230020,1991,0,24783,24783
230020,1992,0,25758,25758
230020,1993,0,24710,24710
230020,1994,0,24040,24040
230020,1995,0,25705,25705
230020,1996,0,16785,16785
230020,1997,0,20944,20944
230020,1998,0,22741,22741
230020,1999,0,26488,26488
230020,2000,0,26349,26349
230020,2001,0,26499,26499
230020,2002,0,26984,26984
230020,2003,0,25429,25429
230020,2004,0,26362,26362
230020,2005,0,26100,26100
230020,2006,0,25732,25732
230020,2007,0,26110,26110
230020,2008,0,27193,27193
230020,2009,0,27328,27328
230020,2010,0,27401,27401
230020,2011,0,28332,28332
230020,2012,0,27455,27455
230020,2013,0,23993,23993
230020,2014,0,25658,25658
230020,2015,0,17431,17431
230020,2016,0,17510,17510
230020,2017,0,18505,18505
230020,2018,0,19271,19271
230020,2019,0,18727,18727
230020,2020,0,18488,18488
230020,2021,0,19408,19408
230030,1988,0,47417,47417
230030,1989,0,27906,27906
230030,1990,0,37199,37199
230030,1991,0,33798,33798
230030,1992,0,34002,34002
230030,1993,0,8998,8998
230030,1994,0,28037,28037
230030,1995,0,20477,20477
230030,1996,0,19652,19652
230030,1997,0,19480,19480
230030,1998,0,18686,18686
230030,1999,0,14119,14119
230030,2000,0,23202,23202
230030,2001,0,18389,18389
230030,2002,0,19097,19097
230030,2003,0,21499,21499
230030,2004,0,22601,22601
230030,2005,0,15834,15834
230030,2006,0,14211,14211
230030,2007,0,23100,23100
230030,2008,0,19349,19349
230030,2009,0,21562,21562
230030,2010,0,18060,18060
230030,2011,0,21533,21533
230030,2012,0,21888,21888
230030,2013,0,18399,18399
230030,2014,0,21042,21042
230030,2015,0,21994,21994
230030,2016,0,21015,21015
230030,2017,0,17482,17482
230030,2018,0,15128,15128
230030,2019,0,15297,15297
230030,2020,0,15310,15310
230030,2021,0,18427,18427
230040,1988,0,10305,10305
230040,1989,0,11235,11235
230040,1990,0,16020,16020
230040,1991,0,16173,16173
230040,1992,0,15749,15749
230040,1993,0,8646,8646
230040,1994,0,15017,15017
230040,1995,0,15257,15257
230040,1996,0,9104,9104
230040,1997,0,8055,8055
230040,1998,0,11615,11615
230040,1999,0,9081,9081
230040,2000,0,9585,9585
230040,2001,0,8652,8652
230040,2002,0,8669,8669
230040,2003,0,8976,8976
230040,2004,0,10633,10633
230040,2005,0,12464,12464
230040,2006,0,13732,13732
230040,2007,0,13511,13511
230040,2008,0,14762,14762
230040,2009,0,15238,15238
230040,2010,0,14912,14912
230040,2011,0,16832,16832
230040,2012,0,15180,15180
230040,2013,0,8797,8797
230040,2014,0,13932,13932
230040,2015,0,12223,12223
230040,2016,0,12202,12202
230040,2017,0,11125,11125
230040,2018,0,9482,9482
230040,2019,0,9221,9221
230040,2020,0,10201,10201
230040,2021,0,8799,8799
230050,1988,0,5909,5909
230050,1989,0,6983,6983
230050,1990,0,7144,7144
230050,1991,0,5447,5447
230050,1992,0,6360,6360
230050,1993,0,7025,7025
230050,1994,0,6490,6490
230050,1995,0,6028,6028
230050,1996,0,4168,4168
230050,1997,0,4659,4659
230050,1998,0,6160,6160
230050,1999,0,5807,5807
230050,2000,0,5750,5750
230050,2001,0,6024,6024
230050,2002,0,6362,6362
230050,2003,0,5949,5949
230050,2004,0,5358,5358
230050,2005,0,5522,5522
230050,2006,0,5898,5898
230050,2007,0,6042,6042
230050,2008,0,6064,6064
230050,2009,0,6092,6092
230050,2010,0,7070,7070
230050,2011,0,6995,6995
230050,2012,0,6041,6041
230050,2013,0,4364,4364
230050,2014,0,3115,3115
230050,2015,0,2969,2969
230050,2016,0,3053,3053
230050,2017,0,2209,2209
230050,2018,0,2629,2629
230050,2019,0,2668,2668
230050,2020,0,2709,2709
230050,2021,0,2725,2725
230060,1988,0,1857,1857
230060,1989,0,575,575
230060,1990,0,659,659
230060,1991,0,1110,1110
230060,1992,0,926,926
230060,1993,0,777,777
230060,1994,0,835,835
230060,1995,0,751,751
230060,1996,0,558,558
230060,1997,0,675,675
230060,1998,0,801,801
230060,1999,0,1341,1341
230060,2000,0,1331,1331
230060,2001,0,1390,1390
230060,2002,0,1397,1397
230060,2003,0,1381,1381
230060,2004,0,1107,1107
230060,2005,0,1305,1305
230060,2006,0,1420,1420
230060,2007,0,2199,2199
230060,2008,0,2206,2206
230060,2009,0,2221,2221
230060,2010,0,2531,2531
230060,2011,0,1729,1729
230060,2012,0,1793,1793
230060,2013,0,1828,1828
230060,2014,0,1610,1610
230060,2015,0,1031,1031
230060,2016,0,1625,1625
230060,2017,0,1271,1271
230060,2018,0,987,987
230060,2019,0,841,841
230060,2020,0,1061,1061
230060,2021,0,1268,1268
230070,1988,0,18534,18534
230070,1989,0,17315,17315
230070,1990,0,19584,19584
230070,1991,0,25301,25301
230070,1992,0,22322,22322
230070,1993,0,16929,16929
230070,1994,0,28356,28356
230070,1995,0,22324,22324
230070,1996,0,8953,8953
230070,1997,0,9244,9244
230070,1998,0,9161,9161
230070,1999,0,8794,8794
230070,2000,0,9817,9817
230070,2001,0,9067,9067
230070,2002,0,9320,9320
230070,2003,0,9294,9294
230070,2004,0,9013,9013
230070,2005,0,8076,8076
230070,2006,0,9091,9091
230070,2007,0,9073,9073
230070,2008,0,9168,9168
230070,2009,0,10070,10070
230070,2010,0,7692,7692
230070,2011,0,8351,8351
230070,2012,0,6845,6845
230070,2013,0,6916,6916
230070,2014,0,16941,16941
230070,2015,0,16020,16020
230070,2016,0,12459,12459
230070,2017,0,7069,7069
230070,2018,0,7097,7097
230070,2019,0,8775,8775
230070,2020,0,7553,7553
230070,2021,0,7621,7621
230075,1988,0,30370,30370
230075,1989,0,30985,30985
230075,1990,0,32033,32033
230075,1991,0,27540,27540
230075,1992,0,28822,28822
230075,1993,0,31795,31795
230075,1994,0,31250,31250
230075,1995,0,32058,32058
230075,1996,0,10884,10884
230075,1997,0,11833,11833
230075,1998,0,24959,24959
230075,1999,0,25579,25579
230075,2000,0,23475,23475
230075,2001,0,28411,28411
230075,2002,0,29155,29155
230075,2003,0,27808,27808
230075,2004,0,28112,28112
230075,2005,0,29012,29012
230075,2006,0,28823,28823
230075,2007,0,28669,28669
230075,2008,0,28945,28945
230075,2009,0,29714,29714
230075,2010,0,25155,25155
230075,2011,0,29486,29486
230075,2012,0,28751,28751
230075,2013,0,23230,23230
230075,2014,0,21572,21572
230075,2015,0,23164,23164
230075,2016,0,21951,21951
230075,2017,0,20526,20526
230075,2018,0,21146,21146
230075,2019,0,20687,20687
230075,2020,0,20831,20831
230075,2021,0,21362,21362
230080,1988,0,9876,9876
230080,1989,0,13626,13626
230080,1990,0,14351,14351
230080,1991,0,6032,6032
230080,1992,0,2386,2386
230080,1993,0,1573,1573
230080,1994,0,1432,1432
230080,1995,0,1447,1447
230080,1996,0,1060,1060
230080,1997,0,1110,1110
230080,1998,0,1011,1011
230080,1999,0,1031,1031
230080,2000,0,990,990
230080,2001,0,1755,1755
230080,2002,0,1789,1789
230080,2003,0,2316,2316
230080,2004,0,2778,2778
230080,2005,0,2053,2053
230080,2006,0,3097,3097
230080,2007,0,3506,3506
230080,2008,0,3124,3124
230080,2009,0,2665,2665
230080,2010,0,1690,1690
230080,2011,0,1724,1724
230080,2012,0,1506,1506
230080,2013,0,1067,1067
230080,2014,0,1318,1318
230080,2015,0,676,676
230080,2016,0,1317,1317
230080,2017,0,1463,1463
230080,2018,0,1054,1054
230080,2019,0,1018,1018
230080,2020,0,1071,1071
230080,2021,0,1533,1533
230090,1988,0,6520,6520
230090,1989,0,6565,6565
230090,1990,0,7388,7388
230090,1991,0,6677,6677
230090,1992,0,6524,6524
230090,1993,0,6807,6807
230090,1994,0,6447,6447
230090,1995,0,6242,6242
230090,1996,0,2042,2042
230090,1997,0,2219,2219
230090,1998,0,3517,3517
230090,1999,0,3234,3234
230090,2000,0,3203,3203
230090,2001,0,2217,2217
230090,2002,0,2525,2525
230090,2003,0,2482,2482
230090,2004,0,1419,1419
230090,2005,0,1639,1639
230090,2006,0,1428,1428
230090,2007,0,1729,1729
230090,2008,0,1933,1933
230090,2009,0,2037,2037
230090,2010,0,2435,2435
230090,2011,0,2391,2391
230090,2012,0,1490,1490
230090,2013,0,1212,1212
230090,2014,0,2076,2076
230090,2015,0,2769,2769
230090,2016,0,1977,1977
230090,2017,0,3345,3345
230090,2018,0,4095,4095
230090,2019,0,4210,4210
230090,2020,0,4226,4226
230090,2021,0,4786,4786
230100,1988,0,6891,6891
230100,1989,0,4598,4598
230100,1990,0,4663,4663
230100,1991,0,4526,4526
230100,1992,0,3974,3974
230100,1993,0,4687,4687
230100,1994,0,5111,5111
230100,1995,0,4821,4821
230100,1996,0,4531,4531
230100,1997,0,4234,4234
230100,1998,0,4121,4121
230100,1999,0,5006,5006
230100,2000,0,5731,5731
230100,2001,0,6259,6259
230100,2002,0,6309,6309
230100,2003,0,6531,6531
230100,2004,0,5957,5957
230100,2005,0,5996,5996
230100,2006,0,6209,6209
230100,2007,0,5949,5949
230100,2008,0,6041,6041
230100,2009,0,6089,6089
230100,2010,0,5231,5231
230100,2011,0,5492,5492
230100,2012,0,5361,5361
230100,2013,0,4347,4347
230100,2014,0,4317,4317
230100,2015,0,4032,4032
230100,2016,0,3673,3673
230100,2017,0,4281,4281
230100,2018,0,2597,2597
230100,2019,0,2731,2731
230100,2020,0,2867,2867
230100,2021,0,2913,2913
230110,1988,0,54600,54600
230110,1989,0,43602,43602
230110,1990,0,49533,49533
230110,1991,0,42593,42593
230110,1992,0,44488,44488
230110,1993,0,42939,42939
230110,1994,0,47291,47291
230110,1995,0,48485,48485
230110,1996,0,20871,20871
230110,1997,0,20844,20844
230110,1998,0,21788,21788
230110,1999,0,25612,25612
230110,2000,0,26283,26283
230110,2001,0,22632,22632
230110,2002,0,25716,25716
230110,2003,0,27177,27177
230110,2004,0,27431,27431
230110,2005,0,27825,27825
230110,2006,0,29349,29349
230110,2007,0,28476,28476
230110,2008,0,31103,31103
230110,2009,0,35455,35455
230110,2010,0,32912,32912
230110,2011,0,37303,37303
230110,2012,0,34360,34360
230110,2013,0,33065,33065
230110,2014,0,28181,28181
230110,2015,0,33681,33681
230110,2016,0,32902,32902
230110,2017,0,24685,24685
230110,2018,0,20988,20988
230110,2019,0,21169,21169
230110,2020,0,20418,20418
230110,2021,0,20573,20573
230120,1988,0,22727,22727
230120,1989,0,9837,9837
230120,1990,0,9891,9891
230120,1991,0,10965,10965
230120,1992,0,10696,10696
230120,1993,0,12841,12841
230120,1994,0,12297,12297
230120,1995,0,12602,12602
230120,1996,0,8481,8481
230120,1997,0,8463,8463
230120,1998,0,10429,10429
230120,1999,0,10597,10597
230120,2000,0,11951,11951
230120,2001,0,9347,9347
230120,2002,0,12312,12312
230120,2003,0,11105,11105
230120,2004,0,9629,9629
230120,2005,0,9655,9655
230120,2006,0,9637,9637
230120,2007,0,10340,10340
230120,2008,0,11103,11103
230120,2009,0,13864,13864
230120,2010,0,10798,10798
230120,2011,0,14673,14673
230120,2012,0,11408,11408
230120,2013,0,11071,11071
230120,2014,0,11429,11429
230120,2015,0,9188,9188
230120,2016,0,9336,9336
230120,2017,0,10663,10663
230120,2018,0,10646,10646
230120,2019,0,10694,10694
230120,2020,0,10950,10950
230120,2021,0,10901,10901
230130,1988,0,18178,18178
230130,1989,0,17545,17545
230130,1990,0,11827,11827
230130,1991,0,14939,14939
230130,1992,0,14991,14991
230130,1993,0,15448,15448
230130,1994,0,15646,15646
230130,1995,0,12783,12783
230130,1996,0,7127,7127
230130,1997,0,7079,7079
230130,1998,0,8552,8552
230130,1999,0,9692,9692
230130,2000,0,10772,10772
230130,2001,0,11193,11193
230130,2002,0,9628,9628
230130,2003,0,10394,10394
230130,2004,0,9387,9387
230130,2005,0,10840,10840
230130,2006,0,11221,11221
230130,2007,0,9611,9611
230130,2008,0,11485,11485
230130,2009,0,12847,12847
230130,2010,0,9979,9979
230130,2011,0,10755,10755
230130,2012,0,7258,7258
230130,2013,0,6827,6827
230130,2014,0,8470,8470
230130,2015,0,7933,7933
230130,2016,0,7548,7548
230130,2017,0,7941,7941
230130,2018,0,8831,8831
230130,2019,0,8304,8304
230130,2020,0,8502,8502
230130,2021,0,9469,9469
230140,1988,0,2886,2886
230140,1989,0,2908,2908
230140,1990,0,2920,2920
230140,1991,0,2898,2898
230140,1992,0,2943,2943
230140,1993,0,3010,3010
230140,1994,0,2921,2921
230140,1995,0,2768,2768
230140,1996,0,4415,4415
230140,1997,0,4375,4375
230140,1998,0,4313,4313
230140,1999,0,4498,4498
230140,2000,0,5698,5698
230140,2001,0,5679,5679
230140,2002,0,5803,5803
230140,2003,0,5798,5798
230140,2004,0,5922,5922
230140,2005,0,5117,5117
230140,2006,0,5148,5148
230140,2007,0,5238,5238
230140,2008,0,5344,5344
230140,2009,0,5422,5422
230140,2010,0,4977,4977
230140,2011,0,6147,6147
230140,2012,0,6151,6151
230140,2013,0,4790,4790
230140,2014,0,4815,4815
230140,2015,0,5037,5037
230140,2016,0,4865,4865
230140,2017,0,5588,5588
230140,2018,0,4637,4637
230140,2019,0,4554,4554
230140,2020,0,4543,4543
230140,2021,0,4491,4491
230150,1988,0,12594,12594
230150,1989,0,5672,5672
230150,1990,0,6992,6992
230150,1991,0,7913,7913
230150,1992,0,4218,4218
230150,1993,0,3181,3181
230150,1994,0,6129,6129
230150,1995,0,6787,6787
230150,1996,0,3765,3765
230150,1997,0,3857,3857
230150,1998,0,4332,4332
230150,1999,0,6538,6538
230150,2000,0,3397,3397
230150,2001,0,3436,3436
230150,2002,0,5861,5861
230150,2003,0,3788,3788
230150,2004,0,4772,4772
230150,2005,0,5452,5452
230150,2006,0,4915,4915
230150,2007,0,5020,5020
230150,2008,0,5665,5665
230150,2009,0,6088,6088
230150,2010,0,4979,4979
230150,2011,0,6584,6584
230150,2012,0,4831,4831
230150,2013,0,1263,1263
230150,2014,0,2768,2768
230150,2015,0,3467,3467
230150,2016,0,3399,3399
230150,2017,0,3838,3838
230150,2018,0,4209,4209
230150,2019,0,3412,3412
230150,2020,0,3482,3482
230150,2021,0,3459,3459
230160,1988,0,22299,22299
230160,1989,0,15513,15513
230160,1990,0,9114,9114
230160,1991,0,6045,6045
230160,1992,0,5235,5235
230160,1993,0,12814,12814
230160,1994,0,12874,12874
230160,1995,0,7605,7605
230160,1996,0,10957,10957
230160,1997,0,11058,11058
230160,1998,0,11199,11199
230160,1999,0,12917,12917
230160,2000,0,13024,13024
230160,2001,0,12459,12459
230160,2002,0,12255,12255
230160,2003,0,11971,11971
230160,2004,0,13390,13390
230160,2005,0,10371,10371
230160,2006,0,11403,11403
230160,2007,0,12524,12524
230160,2008,0,11878,11878
230160,2009,0,11004,11004
230160,2010,0,10522,10522
230160,2011,0,12285,12285
230160,2012,0,10687,10687
230160,2013,0,8674,8674
230160,2014,0,8862,8862
230160,2015,0,7433,7433
230160,2016,0,4240,4240
230160,2017,0,11477,11477
230160,2018,0,7975,7975
230160,2019,0,7743,7743
230160,2020,0,7607,7607
230160,2021,0,8387,8387
230170,1988,0,13827,13827
230170,1989,0,9823,9823
230170,1990,0,13834,13834
230170,1991,0,16053,16053
230170,1992,0,17299,17299
230170,1993,0,13963,13963
230170,1994,0,15363,15363
230170,1995,0,10849,10849
230170,1996,0,16078,16078
230170,1997,0,14028,14028
230170,1998,0,16983,16983
230170,1999,0,19076,19076
230170,2000,0,17127,17127
230170,2001,0,13351,13351
230170,2002,0,18891,18891
230170,2003,0,20222,20222
230170,2004,0,11874,11874
230170,2005,0,9536,9536
230170,2006,0,11601,11601
230170,2007,0,13349,13349
230170,2008,0,13445,13445
230170,2009,0,13245,13245
230170,2010,0,7426,7426
230170,2011,0,15423,15423
230170,2012,0,9189,9189
230170,2013,0,5281,5281
230170,2014,0,3594,3594
230170,2015,0,865,865
230170,2016,0,3084,3084
230170,2017,0,3791,3791
230170,2018,0,4602,4602
230170,2019,0,1515,1515
230170,2020,0,3126,3126
230170,2021,0,3192,3192
230180,1988,0,2755,2755
230180,1989,0,2310,2310
230180,1990,0,2663,2663
230180,1991,0,2177,2177
230180,1992,0,2650,2650
230180,1993,0,1474,1474
230180,1994,0,2494,2494
230180,1995,0,1341,1341
230180,1996,0,2551,2551
230180,1997,0,2223,2223
230180,1998,0,1680,1680
230180,1999,0,2633,2633
230180,2000,0,2079,2079
230180,2001,0,1200,1200
230180,2002,0,1649,1649
230180,2003,0,1956,1956
230180,2004,0,1599,1599
230180,2005,0,1548,1548
230180,2006,0,1736,1736
230180,2007,0,1862,1862
230180,2008,0,2103,2103
230180,2009,0,1566,1566
230180,2010,0,863,863
230180,2011,0,1176,1176
230180,2012,0,1352,1352
230180,2013,0,896,896
230180,2014,0,858,858
230180,2015,0,766,766
230180,2016,0,779,779
230180,2017,0,773,773
230180,2018,0,714,714
230180,2019,0,978,978
230180,2020,0,959,959
230180,2021,0,1069,1069
230185,1988,0,0,0
230185,1989,0,5396,5396
230185,1990,0,9573,9573
230185,1991,0,7913,7913
230185,1992,0,7656,7656
230185,1993,0,9125,9125
230185,1994,0,12100,12100
230185,1995,0,6166,6166
230185,1996,0,3391,3391
230185,1997,0,5487,5487
230185,1998,0,7471,7471
230185,1999,0,8742,8742
230185,2000,0,10937,10937
230185,2001,0,1787,1787
230185,2002,0,1767,1767
230185,2003,0,3289,3289
230185,2004,0,2969,2969
230185,2005,0,1847,1847
230185,2006,0,2450,2450
230185,2007,0,3192,3192
230185,2008,0,4048,4048
230185,2009,0,4325,4325
230185,2010,0,1988,1988
230185,2011,0,4006,4006
230185,2012,0,1815,1815
230185,2013,0,952,952
230185,2014,0,1267,1267
230185,2015,0,2037,2037
230185,2016,0,2007,2007
230185,2017,0,3598,3598
230185,2018,0,2792,2792
230185,2019,0,2564,2564
230185,2020,0,2720,2720
230185,2021,0,2770,2770
230190,1988,0,6588,6588
230190,1989,0,6778,6778
230190,1990,0,6383,6383
230190,1991,0,6243,6243
230190,1992,0,6686,6686
230190,1993,0,7357,7357
230190,1994,0,7560,7560
230190,1995,0,7784,7784
230190,1996,0,6907,6907
230190,1997,0,6819,6819
230190,1998,0,7640,7640
230190,1999,0,7830,7830
230190,2000,0,4957,4957
230190,2001,0,4864,4864
230190,2002,0,4741,4741
230190,2003,0,4907,4907
230190,2004,0,4619,4619
230190,2005,0,4088,4088
230190,2006,0,4313,4313
230190,2007,0,3565,3565
230190,2008,0,3784,3784
230190,2009,0,4040,4040
230190,2010,0,4480,4480
230190,2011,0,2670,2670
230190,2012,0,2273,2273
230190,2013,0,1836,1836
230190,2014,0,2305,2305
230190,2015,0,1882,1882
230190,2016,0,1931,1931
230190,2017,0,2097,2097
230190,2018,0,2445,2445
230190,2019,0,2557,2557
230190,2020,0,2632,2632
230190,2021,0,2381,2381
230195,1988,0,0,0
230195,1989,0,15652,15652
230195,1990,0,14282,14282
230195,1991,0,12479,12479
230195,1992,0,12999,12999
230195,1993,0,13311,13311
230195,1994,0,10551,10551
230195,1995,0,11561,11561
230195,1996,0,11389,11389
230195,1997,0,11212,11212
230195,1998,0,11261,11261
230195,1999,0,11940,11940
230195,2000,0,11104,11104
230195,2001,0,10008,10008
230195,2002,0,10179,10179
230195,2003,0,10402,10402
230195,2004,0,10690,10690
230195,2005,0,11065,11065
230195,2006,0,10527,10527
230195,2007,0,10529,10529
230195,2008,0,13322,13322
230195,2009,0,13697,13697
230195,2010,0,13937,13937
230195,2011,0,13775,13775
230195,2012,0,13820,13820
230195,2013,0,12802,12802
230195,2014,0,11873,11873
230195,2015,0,11961,11961
230195,2016,0,11755,11755
230195,2017,0,12011,12011
230195,2018,0,12362,12362
230195,2019,0,12296,12296
230195,2020,0,12256,12256
230195,2021,0,12429,12429
230200,1988,0,16246,16246
230200,1989,0,14657,14657
230200,1990,0,15820,15820
230200,1991,0,15740,15740
230200,1992,0,15503,15503
230200,1993,0,10322,10322
230200,1994,0,14522,14522
230200,1995,0,12317,12317
230200,1996,0,6789,6789
230200,1997,0,6669,6669
230200,1998,0,8831,8831
230200,1999,0,16530,16530
230200,2000,0,14405,14405
230200,2001,0,13765,13765
230200,2002,0,14552,14552
230200,2003,0,14707,14707
230200,2004,0,14290,14290
230200,2005,0,7585,7585
230200,2006,0,10637,10637
230200,2007,0,7854,7854
230200,2008,0,11130,11130
230200,2009,0,11448,11448
230200,2010,0,2860,2860
230200,2011,0,4525,4525
230200,2012,0,4433,4433
230200,2013,0,1429,1429
230200,2014,0,1636,1636
230200,2015,0,1893,1893
230200,2016,0,2135,2135
230200,2017,0,3407,3407
230200,2018,0,3418,3418
230200,2019,0,3205,3205
230200,2020,0,4320,4320
230200,2021,0,4593,4593
230205,1988,0,0,0
230205,1989,0,4630,4630
230205,1990,0,5220,5220
230205,1991,0,6305,6305
230205,1992,0,5307,5307
230205,1993,0,6884,6884
230205,1994,0,7054,7054
230205,1995,0,6594,6594
230205,1996,0,1824,1824
230205,1997,0,1889,1889
230205,1998,0,2285,2285
230205,1999,0,2401,2401
230205,2000,0,2555,2555
230205,2001,0,4761,4761
230205,2002,0,4990,4990
230205,2003,0,5715,5715
230205,2004,0,4991,4991
230205,2005,0,5594,5594
230205,2006,0,5919,5919
230205,2007,0,6124,6124
230205,2008,0,6127,6127
230205,2009,0,6223,6223
230205,2010,0,5170,5170
230205,2011,0,5195,5195
230205,2012,0,5576,5576
230205,2013,0,3355,3355
230205,2014,0,3615,3615
230205,2015,0,3797,3797
230205,2016,0,2524,2524
230205,2017,0,2421,2421
230205,2018,0,2501,2501
230205,2019,0,2281,2281
230205,2020,0,2261,2261
230205,2021,0,2318,2318
230210,1988,0,5000,5000
230210,1989,0,5054,5054
230210,1990,0,5057,5057
230210,1991,0,5386,5386
230210,1992,0,5247,5247
230210,1993,0,5607,5607
230210,1994,0,5380,5380
230210,1995,0,5346,5346
230210,1996,0,8090,8090
230210,1997,0,8017,8017
230210,1998,0,8046,8046
230210,1999,0,8120,8120
230210,2000,0,8874,8874
230210,2001,0,8826,8826
230210,2002,0,9801,9801
230210,2003,0,9592,9592
230210,2004,0,9462,9462
230210,2005,0,9295,9295
230210,2006,0,9097,9097
230210,2007,0,9220,9220
230210,2008,0,9359,9359
230210,2009,0,10689,10689
230210,2010,0,9505,9505
230210,2011,0,11200,11200
230210,2012,0,10398,10398
230210,2013,0,7786,7786
230210,2014,0,8694,8694
230210,2015,0,8807,8807
230210,2016,0,6678,6678
230210,2017,0,6690,6690
230210,2018,0,7302,7302
230210,2019,0,6841,6841
230210,2020,0,6617,6617
230210,2021,0,6656,6656
230220,1988,0,19309,19309
230220,1989,0,21124,21124
230220,1990,0,22474,22474
230220,1991,0,25914,25914
230220,1992,0,27064,27064
230220,1993,0,26074,26074
230220,1994,0,28635,28635
230220,1995,0,30337,30337
230220,1996,0,33271,33271
230220,1997,0,32623,32623
230220,1998,0,39024,39024
230220,1999,0,36499,36499
230220,2000,0,37543,37543
230220,2001,0,41413,41413
230220,2002,0,40208,40208
230220,2003,0,41126,41126
230220,2004,0,44670,44670
230220,2005,0,47415,47415
230220,2006,0,46337,46337
230220,2007,0,47608,47608
230220,2008,0,47196,47196
230220,2009,0,47892,47892
230220,2010,0,43537,43537
230220,2011,0,46377,46377
230220,2012,0,44890,44890
230220,2013,0,45568,45568
230220,2014,0,40574,40574
230220,2015,0,44594,44594
230220,2016,0,42770,42770
230220,2017,0,33111,33111
230220,2018,0,34487,34487
230220,2019,0,34699,34699
230220,2020,0,32296,32296
230220,2021,0,32757,32757
230230,1988,0,19755,19755
230230,1989,0,21555,21555
230230,1990,0,20905,20905
230230,1991,0,17935,17935
230230,1992,0,17500,17500
230230,1993,0,19200,19200
230230,1994,0,18595,18595
230230,1995,0,19915,19915
230230,1996,0,26264,26264
230230,1997,0,26979,26979
230230,1998,0,31095,31095
230230,1999,0,32203,32203
230230,2000,0,33307,33307
230230,2001,0,33301,33301
230230,2002,0,33811,33811
230230,2003,0,33653,33653
230230,2004,0,34529,34529
230230,2005,0,35608,35608
230230,2006,0,35682,35682
230230,2007,0,35113,35113
230230,2008,0,35440,35440
230230,2009,0,36192,36192
230230,2010,0,37168,37168
230230,2011,0,37620,37620
230230,2012,0,39737,39737
230230,2013,0,35958,35958
230230,2014,0,37447,37447
230230,2015,0,37774,37774
230230,2016,0,40417,40417
230230,2017,0,39945,39945
230230,2018,0,40146,40146
230230,2019,0,40831,40831
230230,2020,0,39460,39460
230230,2021,0,39163,39163
230240,1988,0,55308,55308
230240,1989,0,55722,55722
230240,1990,0,56083,56083
230240,1991,0,65507,65507
230240,1992,0,67509,67509
230240,1993,0,67808,67808
230240,1994,0,53798,53798
230240,1995,0,45703,45703
230240,1996,0,22448,22448
230240,1997,0,21828,21828
230240,1998,0,22779,22779
230240,1999,0,24578,24578
230240,2000,0,30224,30224
230240,2001,0,33997,33997
230240,2002,0,44335,44335
230240,2003,0,40027,40027
230240,2004,0,35901,35901
230240,2005,0,32846,32846
230240,2006,0,30441,30441
230240,2007,0,31614,31614
230240,2008,0,37678,37678
230240,2009,0,39100,39100
230240,2010,0,43714,43714
230240,2011,0,42383,42383
230240,2012,0,29768,29768
230240,2013,0,13233,13233
230240,2014,0,19840,19840
230240,2015,0,24508,24508
230240,2016,0,16558,16558
230240,2017,0,18500,18500
230240,2018,0,24787,24787
230240,2019,0,17385,17385
230240,2020,0,17363,17363
230240,2021,0,22322,22322
230250,1988,0,62884,62884
230250,1989,0,37274,37274
230250,1990,0,38794,38794
230250,1991,0,28293,28293
230250,1992,0,29219,29219
230250,1993,0,27837,27837
230250,1994,0,23687,23687
230250,1995,0,27250,27250
230250,1996,0,14569,14569
230250,1997,0,14449,14449
230250,1998,0,15450,15450
230250,1999,0,20067,20067
230250,2000,0,20530,20530
230250,2001,0,14421,14421
230250,2002,0,15521,15521
230250,2003,0,17164,17164
230250,2004,0,6169,6169
230250,2005,0,8191,8191
230250,2006,0,10838,10838
230250,2007,0,13031,13031
230250,2008,0,13374,13374
230250,2009,0,13822,13822
230250,2010,0,11553,11553
230250,2011,0,16678,16678
230250,2012,0,12419,12419
230250,2013,0,6488,6488
230250,2014,0,4268,4268
230250,2015,0,3851,3851
230250,2016,0,6013,6013
230250,2017,0,8214,8214
230250,2018,0,10249,10249
230250,2019,0,3636,3636
230250,2020,0,5601,5601
230250,2021,0,5712,5712
230260,1988,0,9960,9960
230260,1989,0,4986,4986
230260,1990,0,5064,5064
230260,1991,0,8103,8103
230260,1992,0,6638,6638
230260,1993,0,6442,6442
230260,1994,0,6467,6467
230260,1995,0,6872,6872
230260,1996,0,9539,9539
230260,1997,0,8725,8725
230260,1998,0,5893,5893
230260,1999,0,6025,6025
230260,2000,0,6353,6353
230260,2001,0,9404,9404
230260,2002,0,9143,9143
230260,2003,0,9330,9330
230260,2004,0,10880,10880
230260,2005,0,11379,11379
230260,2006,0,11783,11783
230260,2007,0,12013,12013
230260,2008,0,12033,12033
230260,2009,0,12264,12264
230260,2010,0,12283,12283
230260,2011,0,12460,12460
230260,2012,0,12565,12565
230260,2013,0,12717,12717
230260,2014,0,13859,13859
230260,2015,0,14996,14996
230260,2016,0,13736,13736
230260,2017,0,14336,14336
230260,2018,0,15275,15275
230260,2019,0,15408,15408
230260,2020,0,15604,15604
230260,2021,0,15653,15653
230270,1988,0,26934,26934
230270,1989,0,16757,16757
230270,1990,0,7510,7510
230270,1991,0,6576,6576
230270,1992,0,6107,6107
230270,1993,0,6516,6516
230270,1994,0,8064,8064
230270,1995,0,6639,6639
230270,1996,0,3829,3829
230270,1997,0,3868,3868
230270,1998,0,7381,7381
230270,1999,0,7119,7119
230270,2000,0,6758,6758
230270,2001,0,7485,7485
230270,2002,0,14142,14142
230270,2003,0,11590,11590
230270,2004,0,7358,7358
230270,2005,0,7879,7879
230270,2006,0,9184,9184
230270,2007,0,8497,8497
230270,2008,0,9200,9200
230270,2009,0,10276,10276
230270,2010,0,9139,9139
230270,2011,0,9109,9109
230270,2012,0,6772,6772
230270,2013,0,9038,9038
230270,2014,0,8303,8303
230270,2015,0,5753,5753
230270,2016,0,5488,5488
230270,2017,0,6476,6476
230270,2018,0,7504,7504
230270,2019,0,6342,6342
230270,2020,0,6966,6966
230270,2021,0,7268,7268
230280,1988,0,59127,59127
230280,1989,0,60580,60580
230280,1990,0,59005,59005
230280,1991,0,56550,56550
230280,1992,0,58634,58634
230280,1993,0,55293,55293
230280,1994,0,45669,45669
230280,1995,0,28273,28273
230280,1996,0,19840,19840
230280,1997,0,21904,21904
230280,1998,0,11820,11820
230280,1999,0,29343,29343
230280,2000,0,41372,41372
230280,2001,0,30342,30342
230280,2002,0,33470,33470
230280,2003,0,31365,31365
230280,2004,0,35644,35644
230280,2005,0,35848,35848
230280,2006,0,33909,33909
230280,2007,0,53313,53313
230280,2008,0,55340,55340
230280,2009,0,53949,53949
230280,2010,0,44157,44157
230280,2011,0,39898,39898
230280,2012,0,28693,28693
230280,2013,0,14889,14889
230280,2014,0,21882,21882
230280,2015,0,19622,19622
230280,2016,0,14243,14243
230280,2017,0,21040,21040
230280,2018,0,15438,15438
230280,2019,0,20884,20884
230280,2020,0,21350,21350
230280,2021,0,20638,20638
230290,1988,0,14537,14537
230290,1989,0,14188,14188
230290,1990,0,14477,14477
230290,1991,0,13726,13726
230290,1992,0,13015,13015
230290,1993,0,13540,13540
230290,1994,0,13383,13383
230290,1995,0,13342,13342
230290,1996,0,6045,6045
230290,1997,0,5794,5794
230290,1998,0,10683,10683
230290,1999,0,10578,10578
230290,2000,0,11103,11103
230290,2001,0,12759,12759
230290,2002,0,11617,11617
230290,2003,0,12084,12084
230290,2004,0,11989,11989
230290,2005,0,11411,11411
230290,2006,0,11352,11352
230290,2007,0,11448,11448
230290,2008,0,10531,10531
230290,2009,0,8639,8639
230290,2010,0,7756,7756
230290,2011,0,11607,11607
230290,2012,0,6611,6611
230290,2013,0,5361,5361
230290,2014,0,7617,7617
230290,2015,0,6250,6250
230290,2016,0,5856,5856
230290,2017,0,5825,5825
230290,2018,0,6055,6055
230290,2019,0,6046,6046
230290,2020,0,6316,6316
230290,2021,0,5616,5616
230300,1988,0,11973,11973
230300,1989,0,12369,12369
230300,1990,0,11886,11886
230300,1991,0,12070,12070
230300,1992,0,9375,9375
230300,1993,0,12954,12954
230300,1994,0,6556,6556
230300,1995,0,8490,8490
230300,1996,0,2278,2278
230300,1997,0,3685,3685
230300,1998,0,4071,4071
230300,1999,0,6139,6139
230300,2000,0,7853,7853
230300,2001,0,4348,4348
230300,2002,0,4458,4458
230300,2003,0,5154,5154
230300,2004,0,6647,6647
230300,2005,0,7628,7628
230300,2006,0,8145,8145
230300,2007,0,8008,8008
230300,2008,0,8480,8480
230300,2009,0,8823,8823
230300,2010,0,8100,8100
230300,2011,0,11037,11037
230300,2012,0,10127,10127
230300,2013,0,2840,2840
230300,2014,0,4383,4383
230300,2015,0,9823,9823
230300,2016,0,7198,7198
230300,2017,0,12054,12054
230300,2018,0,13077,13077
230300,2019,0,13505,13505
230300,2020,0,15306,15306
230300,2021,0,14908,14908
230310,1988,0,6372,6372
230310,1989,0,6533,6533
230310,1990,0,6036,6036
230310,1991,0,5274,5274
230310,1992,0,5192,5192
230310,1993,0,5205,5205
230310,1994,0,5836,5836
230310,1995,0,5407,5407
230310,1996,0,3700,3700
230310,1997,0,2992,2992
230310,1998,0,3343,3343
230310,1999,0,4062,4062
230310,2000,0,4480,4480
230310,2001,0,8367,8367
230310,2002,0,8622,8622
230310,2003,0,11726,11726
230310,2004,0,11946,11946
230310,2005,0,12541,12541
230310,2006,0,12974,12974
230310,2007,0,13109,13109
230310,2008,0,13207,13207
230310,2009,0,13311,13311
230310,2010,0,9616,9616
230310,2011,0,8041,8041
230310,2012,0,7631,7631
230310,2013,0,6019,6019
230310,2014,0,5116,5116
230310,2015,0,6379,6379
230310,2016,0,6997,6997
230310,2017,0,7220,7220
230310,2018,0,7472,7472
230310,2019,0,7314,7314
230310,2020,0,7496,7496
230310,2021,0,7411,7411
230320,1988,0,14108,14108
230320,1989,0,12879,12879
230320,1990,0,12864,12864
230320,1991,0,11150,11150
230320,1992,0,9163,9163
230320,1993,0,10348,10348
230320,1994,0,8934,8934
230320,1995,0,8778,8778
230320,1996,0,8985,8985
230320,1997,0,8918,8918
230320,1998,0,8893,8893
230320,1999,0,8540,8540
230320,2000,0,7109,7109
230320,2001,0,7510,7510
230320,2002,0,8587,8587
230320,2003,0,8878,8878
230320,2004,0,8363,8363
230320,2005,0,4014,4014
230320,2006,0,6697,6697
230320,2007,0,8673,8673
230320,2008,0,8957,8957
230320,2009,0,9084,9084
230320,2010,0,8640,8640
230320,2011,0,8687,8687
230320,2012,0,4631,4631
230320,2013,0,2948,2948
230320,2014,0,2871,2871
230320,2015,0,2896,2896
230320,2016,0,2777,2777
230320,2017,0,3796,3796
230320,2018,0,3561,3561
230320,2019,0,3596,3596
230320,2020,0,3587,3587
230320,2021,0,3708,3708
230330,1988,0,11830,11830
230330,1989,0,14423,14423
230330,1990,0,14662,14662
230330,1991,0,12807,12807
230330,1992,0,5747,5747
230330,1993,0,4602,4602
230330,1994,0,9061,9061
230330,1995,0,10804,10804
230330,1996,0,8217,8217
230330,1997,0,6877,6877
230330,1998,0,7263,7263
230330,1999,0,5257,5257
230330,2000,0,5999,5999
230330,2001,0,6195,6195
230330,2002,0,6292,6292
230330,2003,0,6104,6104
230330,2004,0,6054,6054
230330,2005,0,4748,4748
230330,2006,0,4773,4773
230330,2007,0,5192,5192
230330,2008,0,5288,5288
230330,2009,0,5553,5553
230330,2010,0,4217,4217
230330,2011,0,5256,5256
230330,2012,0,5137,5137
230330,2013,0,2521,2521
230330,2014,0,4733,4733
230330,2015,0,4440,4440
230330,2016,0,3890,3890
230330,2017,0,4203,4203
230330,2018,0,5450,5450
230330,2019,0,2170,2170
230330,2020,0,2980,2980
230330,2021,0,1758,1758
230340,1988,0,4058,4058
230340,1989,0,4958,4958
230340,1990,0,6260,6260
230340,1991,0,5045,5045
230340,1992,0,8242,8242
230340,1993,0,10920,10920
230340,1994,0,8955,8955
230340,1995,0,9310,9310
230340,1996,0,2876,2876
230340,1997,0,2970,2970
230340,1998,0,3451,3451
230340,1999,0,9640,9640
230340,2000,0,8895,8895
230340,2001,0,3249,3249
230340,2002,0,3451,3451
230340,2003,0,2309,2309
230340,2004,0,2671,2671
230340,2005,0,4672,4672
230340,2006,0,5305,5305
230340,2007,0,4439,4439
230340,2008,0,5709,5709
230340,2009,0,6478,6478
230340,2010,0,3794,3794
230340,2011,0,7440,7440
230340,2012,0,4434,4434
230340,2013,0,4129,4129
230340,2014,0,3087,3087
230340,2015,0,1811,1811
230340,2016,0,2437,2437
230340,2017,0,1918,1918
230340,2018,0,2867,2867
230340,2019,0,2510,2510
230340,2020,0,2116,2116
230340,2021,0,2385,2385
230350,1988,0,19232,19232
230350,1989,0,17174,17174
230350,1990,0,17514,17514
230350,1991,0,19914,19914
230350,1992,0,22417,22417
230350,1993,0,20599,20599
230350,1994,0,20201,20201
230350,1995,0,19203,19203
230350,1996,0,10534,10534
230350,1997,0,10324,10324
230350,1998,0,11256,11256
230350,1999,0,11326,11326
230350,2000,0,21706,21706
230350,2001,0,26254,26254
230350,2002,0,26736,26736
230350,2003,0,26446,26446
230350,2004,0,27251,27251
230350,2005,0,27421,27421
230350,2006,0,28137,28137
230350,2007,0,28476,28476
230350,2008,0,30320,30320
230350,2009,0,29562,29562
230350,2010,0,27684,27684
230350,2011,0,31201,31201
230350,2012,0,29644,29644
230350,2013,0,29370,29370
230350,2014,0,23884,23884
230350,2015,0,28709,28709
230350,2016,0,28496,28496
230350,2017,0,17712,17712
230350,2018,0,15207,15207
230350,2019,0,13786,13786
230350,2020,0,14148,14148
230350,2021,0,14519,14519
230360,1988,0,8658,8658
230360,1989,0,8850,8850
230360,1990,0,9580,9580
230360,1991,0,10263,10263
230360,1992,0,8570,8570
230360,1993,0,5215,5215
230360,1994,0,8979,8979
230360,1995,0,8879,8879
230360,1996,0,5311,5311
230360,1997,0,5116,5116
230360,1998,0,6448,6448
230360,1999,0,5498,5498
230360,2000,0,5690,5690
230360,2001,0,5064,5064
230360,2002,0,6463,6463
230360,2003,0,6762,6762
230360,2004,0,6682,6682
230360,2005,0,2957,2957
230360,2006,0,4527,4527
230360,2007,0,5624,5624
230360,2008,0,5721,5721
230360,2009,0,5960,5960
230360,2010,0,4361,4361
230360,2011,0,5636,5636
230360,2012,0,5559,5559
230360,2013,0,5309,5309
230360,2014,0,5144,5144
230360,2015,0,5079,5079
230360,2016,0,3828,3828
230360,2017,0,3473,3473
230360,2018,0,3152,3152
230360,2019,0,2285,2285
230360,2020,0,3407,3407
230360,2021,0,3058,3058
230370,1988,0,20670,20670
230370,1989,0,21035,21035
230370,1990,0,20883,20883
230370,1991,0,21760,21760
230370,1992,0,19740,19740
230370,1993,0,19725,19725
230370,1994,0,18482,18482
230370,1995,0,16600,16600
230370,1996,0,4820,4820
230370,1997,0,4140,4140
230370,1998,0,14027,14027
230370,1999,0,13275,13275
230370,2000,0,12785,12785
230370,2001,0,10440,10440
230370,2002,0,11275,11275
230370,2003,0,9620,9620
230370,2004,0,11575,11575
230370,2005,0,12500,12500
230370,2006,0,12437,12437
230370,2007,0,12157,12157
230370,2008,0,12730,12730
230370,2009,0,13553,13553
230370,2010,0,14093,14093
230370,2011,0,14704,14704
230370,2012,0,13709,13709
230370,2013,0,10643,10643
230370,2014,0,11979,11979
230370,2015,0,5710,5710
230370,2016,0,8072,8072
230370,2017,0,7893,7893
230370,2018,0,6244,6244
230370,2019,0,6736,6736
230370,2020,0,6486,6486
230370,2021,0,7201,7201
230380,1988,0,15438,15438
230380,1989,0,11881,11881
230380,1990,0,13578,13578
230380,1991,0,12179,12179
230380,1992,0,11788,11788
230380,1993,0,7255,7255
230380,1994,0,11483,11483
230380,1995,0,10701,10701
230380,1996,0,7240,7240
230380,1997,0,7044,7044
230380,1998,0,7162,7162
230380,1999,0,12487,12487
230380,2000,0,9780,9780
230380,2001,0,10758,10758
230380,2002,0,7858,7858
230380,2003,0,7199,7199
230380,2004,0,6987,6987
230380,2005,0,5970,5970
230380,2006,0,6838,6838
230380,2007,0,6686,6686
230380,2008,0,6440,6440
230380,2009,0,6667,6667
230380,2010,0,5066,5066
230380,2011,0,6091,6091
230380,2012,0,4980,4980
230380,2013,0,1214,1214
230380,2014,0,5500,5500
230380,2015,0,2166,2166
230380,2016,0,1438,1438
230380,2017,0,1716,1716
230380,2018,0,2873,2873
230380,2019,0,2484,2484
230380,2020,0,2609,2609
230380,2021,0,2840,2840
230390,1988,0,1866,1866
230390,1989,0,2094,2094
230390,1990,0,1921,1921
230390,1991,0,3775,3775
230390,1992,0,3145,3145
230390,1993,0,2620,2620
230390,1994,0,2254,2254
230390,1995,0,2351,2351
230390,1996,0,2030,2030
230390,1997,0,2299,2299
230390,1998,0,2193,2193
230390,1999,0,2160,2160
230390,2000,0,2214,2214
230390,2001,0,3124,3124
230390,2002,0,3316,3316
230390,2003,0,3389,3389
230390,2004,0,3595,3595
230390,2005,0,3838,3838
230390,2006,0,4200,4200
230390,2007,0,4097,4097
230390,2008,0,4058,4058
230390,2009,0,4119,4119
230390,2010,0,3191,3191
230390,2011,0,3242,3242
230390,2012,0,3381,3381
230390,2013,0,3177,3177
230390,2014,0,3109,3109
230390,2015,0,2399,2399
230390,2016,0,2142,2142
230390,2017,0,2284,2284
230390,2018,0,1368,1368
230390,2019,0,1271,1271
230390,2020,0,1346,1346
230390,2021,0,1366,1366
230395,1988,0,0,0
230395,1989,0,17873,17873
230395,1990,0,17673,17673
230395,1991,0,17713,17713
230395,1992,0,17823,17823
230395,1993,0,17529,17529
230395,1994,0,19107,19107
230395,1995,0,19637,19637
230395,1996,0,17142,17142
230395,1997,0,16296,16296
230395,1998,0,16296,16296
230395,1999,0,17146,17146
230395,2000,0,17248,17248
230395,2001,0,17154,17154
230395,2002,0,17179,17179
230395,2003,0,17363,17363
230395,2004,0,18336,18336
230395,2005,0,17610,17610
230395,2006,0,18119,18119
230395,2007,0,18126,18126
230395,2008,0,18051,18051
230395,2009,0,18296,18296
230395,2010,0,17727,17727
230395,2011,0,19238,19238
230395,2012,0,17031,17031
230395,2013,0,17171,17171
230395,2014,0,18901,18901
230395,2015,0,18783,18783
230395,2016,0,18683,18683
230395,2017,0,17450,17450
230395,2018,0,15189,15189
230395,2019,0,16124,16124
230395,2020,0,16168,16168
230395,2021,0,15513,15513
230400,1988,0,3905,3905
230400,1989,0,3385,3385
230400,1990,0,3402,3402
230400,1991,0,3701,3701
230400,1992,0,3108,3108
230400,1993,0,1658,1658
230400,1994,0,1693,1693
230400,1995,0,1763,1763
230400,1996,0,2302,2302
230400,1997,0,1871,1871
230400,1998,0,1548,1548
230400,1999,0,2138,2138
230400,2000,0,2493,2493
230400,2001,0,5581,5581
230400,2002,0,5836,5836
230400,2003,0,5426,5426
230400,2004,0,5793,5793
230400,2005,0,3151,3151
230400,2006,0,2651,2651
230400,2007,0,2536,2536
230400,2008,0,2617,2617
230400,2009,0,2376,2376
230400,2010,0,2706,2706
230400,2011,0,2683,2683
230400,2012,0,2463,2463
230400,2013,0,2463,2463
230400,2014,0,2245,2245
230400,2015,0,2517,2517
230400,2016,0,2935,2935
230400,2017,0,2962,2962
230400,2018,0,3243,3243
230400,2019,0,3236,3236
230400,2020,0,2984,2984
230400,2021,0,3281,3281
230410,1988,0,36920,36920
230410,1989,0,23460,23460
230410,1990,0,32154,32154
230410,1991,0,44572,44572
230410,1992,0,30181,30181
230410,1993,0,22253,22253
230410,1994,0,34781,34781
230410,1995,0,35692,35692
230410,1996,0,24437,24437
230410,1997,0,24622,24622
230410,1998,0,25862,25862
230410,1999,0,34504,34504
230410,2000,0,34963,34963
230410,2001,0,39182,39182
230410,2002,0,40440,40440
230410,2003,0,49057,49057
230410,2004,0,28529,28529
230410,2005,0,28198,28198
230410,2006,0,28322,28322
230410,2007,0,27786,27786
230410,2008,0,28276,28276
230410,2009,0,28382,28382
230410,2010,0,18371,18371
230410,2011,0,35142,35142
230410,2012,0,21524,21524
230410,2013,0,11799,11799
230410,2014,0,31333,31333
230410,2015,0,29831,29831
230410,2016,0,29576,29576
230410,2017,0,29660,29660
230410,2018,0,31559,31559
230410,2019,0,28860,28860
230410,2020,0,24394,24394
230410,2021,0,25207,25207
230420,1988,0,12996,12996
230420,1989,0,11529,11529
230420,1990,0,5733,5733
230420,1991,0,11526,11526
230420,1992,0,13717,13717
230420,1993,0,14688,14688
230420,1994,0,15191,15191
230420,1995,0,12478,12478
230420,1996,0,7148,7148
230420,1997,0,7301,7301
230420,1998,0,10235,10235
230420,1999,0,11483,11483
230420,2000,0,11356,11356
230420,2001,0,9310,9310
230420,2002,0,8877,8877
230420,2003,0,8663,8663
230420,2004,0,7695,7695
230420,2005,0,7339,7339
230420,2006,0,7593,7593
230420,2007,0,8202,8202
230420,2008,0,8394,8394
230420,2009,0,8580,8580
230420,2010,0,6655,6655
230420,2011,0,8460,8460
230420,2012,0,8542,8542
230420,2013,0,8621,8621
230420,2014,0,8781,8781
230420,2015,0,6820,6820
230420,2016,0,6209,6209
230420,2017,0,7044,7044
230420,2018,0,3704,3704
230420,2019,0,4003,4003
230420,2020,0,4151,4151
230420,2021,0,4023,4023
230423,1988,0,0,0
230423,1989,0,6066,6066
230423,1990,0,8529,8529
230423,1991,0,9150,9150
230423,1992,0,8815,8815
230423,1993,0,9684,9684
230423,1994,0,8414,8414
230423,1995,0,9654,9654
230423,1996,0,6311,6311
230423,1997,0,5426,5426
230423,1998,0,5407,5407
230423,1999,0,9593,9593
230423,2000,0,9448,9448
230423,2001,0,8949,8949
230423,2002,0,8333,8333
230423,2003,0,10395,10395
230423,2004,0,9097,9097
230423,2005,0,9973,9973
230423,2006,0,10525,10525
230423,2007,0,8284,8284
230423,2008,0,11477,11477
230423,2009,0,12527,12527
230423,2010,0,8414,8414
230423,2011,0,10649,10649
230423,2012,0,4598,4598
230423,2013,0,4802,4802
230423,2014,0,5097,5097
230423,2015,0,3555,3555
230423,2016,0,3523,3523
230423,2017,0,4350,4350
230423,2018,0,4852,4852
230423,2019,0,5371,5371
230423,2020,0,5275,5275
230423,2021,0,5901,5901
230425,1988,0,15210,15210
230425,1989,0,16415,16415
230425,1990,0,16415,16415
230425,1991,0,22749,22749
230425,1992,0,22123,22123
230425,1993,0,21446,21446
230425,1994,0,18365,18365
230425,1995,0,23226,23226
230425,1996,0,11066,11066
230425,1997,0,14313,14313
230425,1998,0,23066,23066
230425,1999,0,28363,28363
230425,2000,0,28274,28274
230425,2001,0,28356,28356
230425,2002,0,28294,28294
230425,2003,0,26040,26040
230425,2004,0,26480,26480
230425,2005,0,25556,25556
230425,2006,0,23870,23870
230425,2007,0,23473,23473
230425,2008,0,24814,24814
230425,2009,0,26338,26338
230425,2010,0,25218,25218
230425,2011,0,24885,24885
230425,2012,0,24416,24416
230425,2013,0,20093,20093
230425,2014,0,22322,22322
230425,2015,0,24528,24528
230425,2016,0,21771,21771
230425,2017,0,23494,23494
230425,2018,0,24790,24790
230425,2019,0,23640,23640
230425,2020,0,23224,23224
230425,2021,0,23496,23496
230426,1988,0,0,0
230426,1989,0,8575,8575
230426,1990,0,9311,9311
230426,1991,0,8269,8269
230426,1992,0,6750,6750
230426,1993,0,7373,7373
230426,1994,0,9419,9419
230426,1995,0,5135,5135
230426,1996,0,5294,5294
230426,1997,0,4918,4918
230426,1998,0,4925,4925
230426,1999,0,6563,6563
230426,2000,0,7125,7125
230426,2001,0,12275,12275
230426,2002,0,6488,6488
230426,2003,0,7199,7199
230426,2004,0,6458,6458
230426,2005,0,4403,4403
230426,2006,0,5862,5862
230426,2007,0,7950,7950
230426,2008,0,9389,9389
230426,2009,0,11096,11096
230426,2010,0,4265,4265
230426,2011,0,11234,11234
230426,2012,0,6418,6418
230426,2013,0,5828,5828
230426,2014,0,8988,8988
230426,2015,0,8900,8900
230426,2016,0,4957,4957
230426,2017,0,7052,7052
230426,2018,0,7129,7129
230426,2019,0,6377,6377
230426,2020,0,6285,6285
230426,2021,0,6420,6420
230427,1988,0,0,0
230427,1989,0,8120,8120
230427,1990,0,10230,10230
230427,1991,0,8395,8395
230427,1992,0,9195,9195
230427,1993,0,2072,2072
230427,1994,0,8737,8737
230427,1995,0,7149,7149
230427,1996,0,1921,1921
230427,1997,0,2098,2098
230427,1998,0,1748,1748
230427,1999,0,6619,6619
230427,2000,0,7480,7480
230427,2001,0,2137,2137
230427,2002,0,2242,2242
230427,2003,0,2283,2283
230427,2004,0,2050,2050
230427,2005,0,1765,1765
230427,2006,0,1728,1728
230427,2007,0,1688,1688
230427,2008,0,1858,1858
230427,2009,0,1847,1847
230427,2010,0,747,747
230427,2011,0,1907,1907
230427,2012,0,1147,1147
230427,2013,0,767,767
230427,2014,0,937,937
230427,2015,0,1161,1161
230427,2016,0,1461,1461
230427,2017,0,1452,1452
230427,2018,0,1380,1380
230427,2019,0,1619,1619
230427,2020,0,2114,2114
230427,2021,0,1484,1484
230428,1988,0,0,0
230428,1989,0,845,845
230428,1990,0,825,825
230428,1991,0,1205,1205
230428,1992,0,803,803
230428,1993,0,587,587
230428,1994,0,623,623
230428,1995,0,660,660
230428,1996,0,381,381
230428,1997,0,644,644
230428,1998,0,757,757
230428,1999,0,639,639
230428,2000,0,698,698
230428,2001,0,721,721
230428,2002,0,763,763
230428,2003,0,794,794
230428,2004,0,786,786
230428,2005,0,757,757
230428,2006,0,782,782
230428,2007,0,797,797
230428,2008,0,795,795
230428,2009,0,824,824
230428,2010,0,689,689
230428,2011,0,799,799
230428,2012,0,867,867
230428,2013,0,661,661
230428,2014,0,389,389
230428,2015,0,314,314
230428,2016,0,167,167
230428,2017,0,165,165
230428,2018,0,118,118
230428,2019,0,112,112
230428,2020,0,115,115
230428,2021,0,85,85
230430,1988,0,7820,7820
230430,1989,0,2862,2862
230430,1990,0,3710,3710
230430,1991,0,5102,5102
230430,1992,0,4976,4976
230430,1993,0,4918,4918
230430,1994,0,5060,5060
230430,1995,0,4466,4466
230430,1996,1,7358,7357
230430,1997,1,7079,7078
230430,1998,0,3852,3852
230430,1999,0,4962,4962
230430,2000,0,4958,4958
230430,2001,0,4347,4347
230430,2002,0,5373,5373
230430,2003,0,5704,5704
230430,2004,0,5299,5299
230430,2005,0,4956,4956
230430,2006,0,5083,5083
230430,2007,0,5242,5242
230430,2008,0,5240,5240
230430,2009,0,5582,5582
230430,2010,0,4039,4039
230430,2011,0,5373,5373
230430,2012,0,5267,5267
230430,2013,0,5341,5341
230430,2014,0,7202,7202
230430,2015,0,4736,4736
230430,2016,0,5507,5507
230430,2017,0,6979,6979
230430,2018,0,6761,6761
230430,2019,0,6466,6466
230430,2020,0,7201,7201
230430,2021,0,5651,5651
230435,1988,0,6588,6588
230435,1989,0,6979,6979
230435,1990,0,7729,7729
230435,1991,0,6040,6040
230435,1992,0,4881,4881
230435,1993,0,4370,4370
230435,1994,0,5276,5276
230435,1995,0,4499,4499
230435,1996,0,2561,2561
230435,1997,0,2962,2962
230435,1998,0,2995,2995
230435,1999,0,3110,3110
230435,2000,0,3527,3527
230435,2001,0,3815,3815
230435,2002,0,3683,3683
230435,2003,0,5089,5089
230435,2004,0,5047,5047
230435,2005,0,4854,4854
230435,2006,0,4887,4887
230435,2007,0,4971,4971
230435,2008,0,5036,5036
230435,2009,0,5187,5187
230435,2010,0,5340,5340
230435,2011,0,5198,5198
230435,2012,0,4552,4552
230435,2013,0,2083,2083
230435,2014,0,2532,2532
230435,2015,0,2871,2871
230435,2016,0,4042,4042
230435,2017,0,5045,5045
230435,2018,0,4235,4235
230435,2019,0,4437,4437
230435,2020,0,4638,4638
230435,2021,0,5339,5339
230440,1988,0,511,511
230440,1989,0,467,467
230440,1990,0,426,426
230440,1991,0,391,391
230440,1992,0,375,375
230440,1993,0,430,430
230440,1994,0,444,444
230440,1995,0,408,408
230440,1996,0,147,147
230440,1997,0,148,148
230440,1998,0,399,399
230440,1999,0,399,399
230440,2000,0,389,389
230440,2001,0,356,356
230440,2002,0,279,279
230440,2003,0,247,247
230440,2004,0,206,206
230440,2005,0,206,206
230440,2006,0,211,211
230440,2007,0,232,232
230440,2008,0,222,222
230440,2009,0,184,184
230440,2010,0,200,200
230440,2011,0,206,206
230440,2012,0,203,203
230440,2013,0,161,161
230440,2014,0,91,91
230440,2015,0,91,91
230440,2016,0,21,21
230440,2017,0,21,21
230440,2018,0,9,9
230440,2019,0,9,9
230440,2020,0,9,9
230440,2021,0,9,9
230450,1988,0,4633,4633
230450,1989,0,4303,4303
230450,1990,0,4882,4882
230450,1991,0,5441,5441
230450,1992,0,8934,8934
230450,1993,0,8780,8780
230450,1994,0,9664,9664
230450,1995,0,9210,9210
230450,1996,0,1847,1847
230450,1997,0,4172,4172
230450,1998,0,2573,2573
230450,1999,0,7157,7157
230450,2000,0,7405,7405
230450,2001,0,5657,5657
230450,2002,0,5546,5546
230450,2003,0,6695,6695
230450,2004,0,6525,6525
230450,2005,0,4418,4418
230450,2006,0,3959,3959
230450,2007,0,4261,4261
230450,2008,0,4104,4104
230450,2009,0,4304,4304
230450,2010,0,4811,4811
230450,2011,0,4250,4250
230450,2012,0,3941,3941
230450,2013,0,4077,4077
230450,2014,0,2410,2410
230450,2015,0,2640,2640
230450,2016,0,2445,2445
230450,2017,0,2549,2549
230450,2018,0,2640,2640
230450,2019,0,2443,2443
230450,2020,0,2331,2331
230450,2021,0,2347,2347
230460,1988,0,4066,4066
230460,1989,0,3964,3964
230460,1990,0,4226,4226
230460,1991,0,3726,3726
230460,1992,0,3786,3786
230460,1993,0,3761,3761
230460,1994,0,3467,3467
230460,1995,0,3522,3522
230460,1996,0,1178,1178
230460,1997,0,1250,1250
230460,1998,0,3318,3318
230460,1999,0,3331,3331
230460,2000,0,2775,2775
230460,2001,0,1516,1516
230460,2002,0,1676,1676
230460,2003,0,1676,1676
230460,2004,0,981,981
230460,2005,0,980,980
230460,2006,0,1068,1068
230460,2007,0,1167,1167
230460,2008,0,2586,2586
230460,2009,0,2644,2644
230460,2010,0,3051,3051
230460,2011,0,3491,3491
230460,2012,0,1978,1978
230460,2013,0,1609,1609
230460,2014,0,1665,1665
230460,2015,0,1647,1647
230460,2016,0,1674,1674
230460,2017,0,1729,1729
230460,2018,0,1887,1887
230460,2019,0,1844,1844
230460,2020,0,1892,1892
230460,2021,0,1986,1986
230465,1988,0,0,0
230465,1989,0,2007,2007
230465,1990,0,2452,2452
230465,1991,0,1606,1606
230465,1992,0,1896,1896
230465,1993,0,1798,1798
230465,1994,0,1822,1822
230465,1995,0,1773,1773
230465,1996,0,2936,2936
230465,1997,0,2811,2811
230465,1998,0,2964,2964
230465,1999,0,2769,2769
230465,2000,0,2680,2680
230465,2001,0,4355,4355
230465,2002,0,4969,4969
230465,2003,0,5579,5579
230465,2004,0,5962,5962
230465,2005,0,4001,4001
230465,2006,0,5753,5753
230465,2007,0,5769,5769
230465,2008,0,5789,5789
230465,2009,0,6091,6091
230465,2010,0,5707,5707
230465,2011,0,6004,6004
230465,2012,0,6063,6063
230465,2013,0,5282,5282
230465,2014,0,6723,6723
230465,2015,0,6846,6846
230465,2016,0,4720,4720
230465,2017,0,4856,4856
230465,2018,0,4620,4620
230465,2019,0,4199,4199
230465,2020,0,4242,4242
230465,2021,0,4118,4118
230470,1988,0,16731,16731
230470,1989,0,8833,8833
230470,1990,0,6273,6273
230470,1991,0,9058,9058
230470,1992,0,8288,8288
230470,1993,0,6308,6308
230470,1994,0,7328,7328
230470,1995,0,6330,6330
230470,1996,0,10701,10701
230470,1997,0,11543,11543
230470,1998,0,7623,7623
230470,1999,0,8517,8517
230470,2000,0,9734,9734
230470,2001,0,10502,10502
230470,2002,0,10767,10767
230470,2003,0,10349,10349
230470,2004,0,11163,11163
230470,2005,0,10660,10660
230470,2006,0,14081,14081
230470,2007,0,20327,20327
230470,2008,0,20337,20337
230470,2009,0,21612,21612
230470,2010,0,21029,21029
230470,2011,0,21290,21290
230470,2012,0,24781,24781
230470,2013,0,23308,23308
230470,2014,0,21193,21193
230470,2015,0,22067,22067
230470,2016,0,23542,23542
230470,2017,0,23036,23036
230470,2018,0,16869,16869
230470,2019,0,17035,17035
230470,2020,0,17023,17023
230470,2021,0,16879,16879
230480,1988,0,2991,2991
230480,1989,0,2432,2432
230480,1990,0,2793,2793
230480,1991,0,1835,1835
230480,1992,0,2315,2315
230480,1993,0,914,914
230480,1994,0,2139,2139
230480,1995,0,1668,1668
230480,1996,0,1294,1294
230480,1997,0,1330,1330
230480,1998,0,1214,1214
230480,1999,0,1411,1411
230480,2000,0,1597,1597
230480,2001,0,1614,1614
230480,2002,0,1846,1846
230480,2003,0,1917,1917
230480,2004,0,1927,1927
230480,2005,0,1123,1123
230480,2006,0,1433,1433
230480,2007,0,2668,2668
230480,2008,0,2726,2726
230480,2009,0,2768,2768
230480,2010,0,1974,1974
230480,2011,0,2140,2140
230480,2012,0,1993,1993
230480,2013,0,1384,1384
230480,2014,0,1468,1468
230480,2015,0,1113,1113
230480,2016,0,632,632
230480,2017,0,1005,1005
230480,2018,0,1227,1227
230480,2019,0,1169,1169
230480,2020,0,1132,1132
230480,2021,0,1277,1277
230490,1988,0,4556,4556
230490,1989,0,5267,5267
230490,1990,0,4839,4839
230490,1991,0,2436,2436
230490,1992,0,2459,2459
230490,1993,0,3606,3606
230490,1994,0,3620,3620
230490,1995,0,3990,3990
230490,1996,0,1902,1902
230490,1997,0,2093,2093
230490,1998,0,1965,1965
230490,1999,0,2228,2228
230490,2000,0,2434,2434
230490,2001,0,2413,2413
230490,2002,0,4367,4367
230490,2003,0,3561,3561
230490,2004,0,3920,3920
230490,2005,0,3546,3546
230490,2006,0,3577,3577
230490,2007,0,3660,3660
230490,2008,0,3733,3733
230490,2009,0,3746,3746
230490,2010,0,2514,2514
230490,2011,0,2623,2623
230490,2012,0,2289,2289
230490,2013,0,240,240
230490,2014,0,2035,2035
230490,2015,0,1939,1939
230490,2016,0,1947,1947
230490,2017,0,2274,2274
230490,2018,0,2031,2031
230490,2019,0,1520,1520
230490,2020,0,1631,1631
230490,2021,0,1718,1718
230495,1988,0,0,0
230495,1989,0,3909,3909
230495,1990,0,4674,4674
230495,1991,0,5557,5557
230495,1992,0,7681,7681
230495,1993,0,6510,6510
230495,1994,0,8197,8197
230495,1995,0,9554,9554
230495,1996,0,2892,2892
230495,1997,0,2818,2818
230495,1998,0,1771,1771
230495,1999,0,2478,2478
230495,2000,0,2512,2512
230495,2001,0,3421,3421
230495,2002,0,3423,3423
230495,2003,0,3444,3444
230495,2004,0,3336,3336
230495,2005,0,2931,2931
230495,2006,0,3379,3379
230495,2007,0,3874,3874
230495,2008,0,4109,4109
230495,2009,0,2763,2763
230495,2010,0,2910,2910
230495,2011,0,3161,3161
230495,2012,0,2600,2600
230495,2013,0,1664,1664
230495,2014,0,2452,2452
230495,2015,0,1754,1754
230495,2016,0,2337,2337
230495,2017,0,1625,1625
230495,2018,0,1722,1722
230495,2019,0,1056,1056
230495,2020,0,1132,1132
230495,2021,0,752,752
230500,1988,0,9493,9493
230500,1989,0,8097,8097
230500,1990,0,9536,9536
230500,1991,0,10482,10482
230500,1992,0,11575,11575
230500,1993,0,10456,10456
230500,1994,0,10606,10606
230500,1995,0,11976,11976
230500,1996,0,7164,7164
230500,1997,0,7209,7209
230500,1998,0,8523,8523
230500,1999,0,9220,9220
230500,2000,0,9765,9765
230500,2001,0,9190,9190
230500,2002,0,8648,8648
230500,2003,0,10730,10730
230500,2004,0,11459,11459
230500,2005,0,12580,12580
230500,2006,0,13147,13147
230500,2007,0,14076,14076
230500,2008,0,17372,17372
230500,2009,0,17541,17541
230500,2010,0,14869,14869
230500,2011,0,16990,16990
230500,2012,0,11094,11094
230500,2013,0,9661,9661
230500,2014,0,10337,10337
230500,2015,0,8107,8107
230500,2016,0,8393,8393
230500,2017,0,9996,9996
230500,2018,0,10190,10190
230500,2019,0,11416,11416
230500,2020,0,13662,13662
230500,2021,0,12967,12967
230510,1988,0,2328,2328
230510,1989,0,2661,2661
230510,1990,0,2678,2678
230510,1991,0,2624,2624
230510,1992,0,2580,2580
230510,1993,0,2784,2784
230510,1994,0,2817,2817
230510,1995,0,2715,2715
230510,1996,0,2283,2283
230510,1997,0,2178,2178
230510,1998,0,2167,2167
230510,1999,0,2072,2072
230510,2000,0,2197,2197
230510,2001,0,2311,2311
230510,2002,0,2322,2322
230510,2003,0,2349,2349
230510,2004,0,2300,2300
230510,2005,0,2321,2321
230510,2006,0,2343,2343
230510,2007,0,2345,2345
230510,2008,0,2371,2371
230510,2009,0,2440,2440
230510,2010,0,2569,2569
230510,2011,0,2472,2472
230510,2012,0,2276,2276
230510,2013,0,2353,2353
230510,2014,0,2365,2365
230510,2015,0,977,977
230510,2016,0,807,807
230510,2017,0,685,685
230510,2018,0,639,639
230510,2019,0,609,609
230510,2020,0,555,555
230510,2021,0,555,555
230520,1988,0,5488,5488
230520,1989,0,6543,6543
230520,1990,0,5896,5896
230520,1991,0,4987,4987
230520,1992,0,8824,8824
230520,1993,0,12451,12451
230520,1994,0,14843,14843
230520,1995,0,14952,14952
230520,1996,0,4109,4109
230520,1997,0,4287,4287
230520,1998,0,2104,2104
230520,1999,0,6481,6481
230520,2000,0,7629,7629
230520,2001,0,11912,11912
230520,2002,0,12049,12049
230520,2003,0,11972,11972
230520,2004,0,16441,16441
230520,2005,0,14074,14074
230520,2006,0,14448,14448
230520,2007,0,12057,12057
230520,2008,0,14776,14776
230520,2009,0,15304,15304
230520,2010,0,15362,15362
230520,2011,0,15490,15490
230520,2012,0,14375,14375
230520,2013,0,7997,7997
230520,2014,0,14460,14460
230520,2015,0,13966,13966
230520,2016,0,13737,13737
230520,2017,0,14802,14802
230520,2018,0,14342,14342
230520,2019,0,6023,6023
230520,2020,0,6146,6146
230520,2021,0,6960,6960
230523,1988,0,0,0
230523,1989,0,3635,3635
230523,1990,0,2928,2928
230523,1991,0,2953,2953
230523,1992,0,3205,3205
230523,1993,0,3048,3048
230523,1994,0,3808,3808
230523,1995,0,3117,3117
230523,1996,0,3377,3377
230523,1997,0,3327,3327
230523,1998,0,3148,3148
230523,1999,0,3193,3193
230523,2000,0,3447,3447
230523,2001,0,3970,3970
230523,2002,0,4322,4322
230523,2003,0,5002,5002
230523,2004,0,4710,4710
230523,2005,0,5382,5382
230523,2006,0,5796,5796
230523,2007,0,5827,5827
230523,2008,0,5973,5973
230523,2009,0,6159,6159
230523,2010,0,4470,4470
230523,2011,0,5639,5639
230523,2012,0,5557,5557
230523,2013,0,4259,4259
230523,2014,0,4324,4324
230523,2015,0,4576,4576
230523,2016,0,4685,4685
230523,2017,0,4489,4489
230523,2018,0,4069,4069
230523,2019,0,3053,3053
230523,2020,0,2994,2994
230523,2021,0,2505,2505
230526,1988,0,0,0
230526,1989,0,6516,6516
230526,1990,0,11458,11458
230526,1991,0,9591,9591
230526,1992,0,9086,9086
230526,1993,0,9171,9171
230526,1994,0,14036,14036
230526,1995,0,9161,9161
230526,1996,0,5474,5474
230526,1997,0,4203,4203
230526,1998,0,5083,5083
230526,1999,0,9436,9436
230526,2000,0,10628,10628
230526,2001,0,5467,5467
230526,2002,0,8817,8817
230526,2003,0,8807,8807
230526,2004,0,7737,7737
230526,2005,0,6707,6707
230526,2006,0,7486,7486
230526,2007,0,7634,7634
230526,2008,0,7232,7232
230526,2009,0,7870,7870
230526,2010,0,4247,4247
230526,2011,0,7233,7233
230526,2012,0,4527,4527
230526,2013,0,2481,2481
230526,2014,0,3247,3247
230526,2015,0,5028,5028
230526,2016,0,3252,3252
230526,2017,0,5673,5673
230526,2018,0,4973,4973
230526,2019,0,4313,4313
230526,2020,0,3366,3366
230526,2021,0,4117,4117
230530,1988,0,10489,10489
230530,1989,0,9870,9870
230530,1990,0,10220,10220
230530,1991,0,11586,11586
230530,1992,0,11661,11661
230530,1993,0,8628,8628
230530,1994,0,6924,6924
230530,1995,0,8402,8402
230530,1996,0,7802,7802
230530,1997,0,7815,7815
230530,1998,0,7802,7802
230530,1999,0,10869,10869
230530,2000,0,8901,8901
230530,2001,0,9411,9411
230530,2002,0,9818,9818
230530,2003,0,9300,9300
230530,2004,0,9876,9876
230530,2005,0,10550,10550
230530,2006,0,8785,8785
230530,2007,0,10004,10004
230530,2008,0,10390,10390
230530,2009,0,10609,10609
230530,2010,0,10839,10839
230530,2011,0,11489,11489
230530,2012,0,11204,11204
230530,2013,0,10660,10660
230530,2014,0,4418,4418
230530,2015,0,4661,4661
230530,2016,0,5028,5028
230530,2017,0,6826,6826
230530,2018,0,6639,6639
230530,2019,0,6941,6941
230530,2020,0,7126,7126
230530,2021,260,6131,5871
230533,1988,0,0,0
230533,1989,0,6942,6942
230533,1990,0,6552,6552
230533,1991,0,8262,8262
230533,1992,0,7052,7052
230533,1993,0,5432,5432
230533,1994,0,9838,9838
230533,1995,0,5540,5540
230533,1996,0,6569,6569
230533,1997,0,4516,4516
230533,1998,0,4610,4610
230533,1999,0,6018,6018
230533,2000,0,8124,8124
230533,2001,0,4844,4844
230533,2002,0,6114,6114
230533,2003,0,6268,6268
230533,2004,0,5978,5978
230533,2005,0,6513,6513
230533,2006,0,7843,7843
230533,2007,0,5311,5311
230533,2008,0,6911,6911
230533,2009,0,8721,8721
230533,2010,0,5237,5237
230533,2011,0,7785,7785
230533,2012,0,2841,2841
230533,2013,0,5047,5047
230533,2014,0,6985,6985
230533,2015,0,6989,6989
230533,2016,0,3644,3644
230533,2017,0,6544,6544
230533,2018,0,5516,5516
230533,2019,0,5954,5954
230533,2020,0,3793,3793
230533,2021,0,3994,3994
230535,1988,0,23662,23662
230535,1989,0,26112,26112
230535,1990,0,25782,25782
230535,1991,0,25792,25792
230535,1992,0,25612,25612
230535,1993,0,25246,25246
230535,1994,0,26035,26035
230535,1995,0,25681,25681
230535,1996,0,15908,15908
230535,1997,0,16669,16669
230535,1998,0,18375,18375
230535,1999,0,18925,18925
230535,2000,0,19276,19276
230535,2001,0,17917,17917
230535,2002,0,18558,18558
230535,2003,0,18753,18753
230535,2004,0,18768,18768
230535,2005,0,19270,19270
230535,2006,0,20654,20654
230535,2007,0,20912,20912
230535,2008,0,21268,21268
230535,2009,0,20388,20388
230535,2010,0,18675,18675
230535,2011,0,18977,18977
230535,2012,0,19847,19847
230535,2013,0,19390,19390
230535,2014,0,12080,12080
230535,2015,0,18023,18023
230535,2016,0,17220,17220
230535,2017,0,9285,9285
230535,2018,0,9547,9547
230535,2019,0,9484,9484
230535,2020,0,9406,9406
230535,2021,0,9500,9500
230540,1988,4,27372,27368
230540,1989,0,21782,21782
230540,1990,0,23697,23697
230540,1991,0,22770,22770
230540,1992,0,23182,23182
230540,1993,0,23526,23526
230540,1994,0,20747,20747
230540,1995,0,20572,20572
230540,1996,4,18266,18262
230540,1997,4,22754,22750
230540,1998,2,21636,21634
230540,1999,0,22074,22074
230540,2000,0,22045,22045
230540,2001,0,15299,15299
230540,2002,0,17171,17171
230540,2003,0,19319,19319
230540,2004,0,18879,18879
230540,2005,0,18774,18774
230540,2006,0,18419,18419
230540,2007,0,18168,18168
230540,2008,0,20098,20098
230540,2009,0,18253,18253
230540,2010,0,19119,19119
230540,2011,0,15843,15843
230540,2012,0,15461,15461
230540,2013,0,9657,9657
230540,2014,0,13934,13934
230540,2015,0,13859,13859
230540,2016,0,11135,11135
230540,2017,0,11874,11874
230540,2018,0,11639,11639
230540,2019,0,11009,11009
230540,2020,0,11488,11488
230540,2021,0,11694,11694
230550,1988,0,29564,29564
230550,1989,0,28408,28408
230550,1990,0,25073,25073
230550,1991,0,19268,19268
230550,1992,0,23078,23078
230550,1993,0,21443,21443
230550,1994,0,20878,20878
230550,1995,0,18862,18862
230550,1996,6,11918,11912
230550,1997,4,11634,11630
230550,1998,0,12016,12016
230550,1999,0,8388,8388
230550,2000,0,11101,11101
230550,2001,0,10057,10057
230550,2002,0,10669,10669
230550,2003,0,10549,10549
230550,2004,0,13026,13026
230550,2005,0,10290,10290
230550,2006,0,9884,9884
230550,2007,0,11677,11677
230550,2008,0,12097,12097
230550,2009,0,11383,11383
230550,2010,0,10997,10997
230550,2011,0,11852,11852
230550,2012,0,10991,10991
230550,2013,0,5238,5238
230550,2014,0,10584,10584
230550,2015,0,8020,8020
230550,2016,0,7306,7306
230550,2017,0,8073,8073
230550,2018,0,8191,8191
230550,2019,0,7883,7883
230550,2020,0,11373,11373
230550,2021,0,12830,12830
230560,1988,0,28310,28310
230560,1989,0,12883,12883
230560,1990,0,16759,16759
230560,1991,0,19639,19639
230560,1992,0,14912,14912
230560,1993,0,9737,9737
230560,1994,0,15645,15645
230560,1995,0,17660,17660
230560,1996,0,13810,13810
230560,1997,0,11262,11262
230560,1998,0,12593,12593
230560,1999,0,14044,14044
230560,2000,0,14356,14356
230560,2001,0,14012,14012
230560,2002,0,15749,15749
230560,2003,0,15209,15209
230560,2004,0,19460,19460
230560,2005,0,18569,18569
230560,2006,0,20359,20359
230560,2007,0,16976,16976
230560,2008,0,18504,18504
230560,2009,0,23379,23379
230560,2010,0,6654,6654
230560,2011,0,18863,18863
230560,2012,0,10888,10888
230560,2013,0,3789,3789
230560,2014,0,14389,14389
230560,2015,0,12104,12104
230560,2016,0,11117,11117
230560,2017,0,14726,14726
230560,2018,0,14037,14037
230560,2019,0,11650,11650
230560,2020,0,15148,15148
230560,2021,0,15706,15706
230565,1988,0,0,0
230565,1989,0,6694,6694
230565,1990,0,10118,10118
230565,1991,0,9029,9029
230565,1992,0,9787,9787
230565,1993,0,13290,13290
230565,1994,0,15612,15612
230565,1995,0,13649,13649
230565,1996,0,4163,4163
230565,1997,0,4527,4527
230565,1998,0,5532,5532
230565,1999,0,8988,8988
230565,2000,0,11804,11804
230565,2001,0,12730,12730
230565,2002,0,13270,13270
230565,2003,0,14510,14510
230565,2004,0,7082,7082
230565,2005,0,6638,6638
230565,2006,0,6732,6732
230565,2007,0,6111,6111
230565,2008,0,5183,5183
230565,2009,0,5380,5380
230565,2010,0,3775,3775
230565,2011,0,8550,8550
230565,2012,0,5262,5262
230565,2013,0,2373,2373
230565,2014,0,8029,8029
230565,2015,0,7935,7935
230565,2016,0,7830,7830
230565,2017,0,8015,8015
230565,2018,0,8195,8195
230565,2019,0,7288,7288
230565,2020,0,6044,6044
230565,2021,0,6199,6199
230570,1988,0,2774,2774
230570,1989,0,1933,1933
230570,1990,0,2475,2475
230570,1991,0,3290,3290
230570,1992,0,3683,3683
230570,1993,0,1715,1715
230570,1994,0,3622,3622
230570,1995,0,3096,3096
230570,1996,0,3154,3154
230570,1997,0,3648,3648
230570,1998,0,2132,2132
230570,1999,0,3728,3728
230570,2000,0,3842,3842
230570,2001,0,2893,2893
230570,2002,0,3878,3878
230570,2003,0,3998,3998
230570,2004,0,3458,3458
230570,2005,0,2906,2906
230570,2006,0,3383,3383
230570,2007,0,3377,3377
230570,2008,0,3766,3766
230570,2009,0,3611,3611
230570,2010,0,1882,1882
230570,2011,0,2902,2902
230570,2012,0,2948,2948
230570,2013,0,2143,2143
230570,2014,0,2295,2295
230570,2015,0,1808,1808
230570,2016,0,1344,1344
230570,2017,0,1913,1913
230570,2018,0,2998,2998
230570,2019,0,2326,2326
230570,2020,0,2022,2022
230570,2021,0,2056,2056
230580,1988,0,23841,23841
230580,1989,0,11309,11309
230580,1990,0,15329,15329
230580,1991,0,12962,12962
230580,1992,0,15280,15280
230580,1993,0,16952,16952
230580,1994,0,22926,22926
230580,1995,0,21240,21240
230580,1996,0,6987,6987
230580,1997,0,6683,6683
230580,1998,0,4775,4775
230580,1999,0,16244,16244
230580,2000,0,14023,14023
230580,2001,0,15937,15937
230580,2002,0,17717,17717
230580,2003,0,19756,19756
230580,2004,0,17688,17688
230580,2005,0,17036,17036
230580,2006,0,14921,14921
230580,2007,0,18556,18556
230580,2008,0,14685,14685
230580,2009,0,14786,14786
230580,2010,0,14135,14135
230580,2011,0,15974,15974
230580,2012,0,15530,15530
230580,2013,0,13728,13728
230580,2014,0,11610,11610
230580,2015,0,9913,9913
230580,2016,0,9802,9802
230580,2017,0,10169,10169
230580,2018,0,11865,11865
230580,2019,0,8900,8900
230580,2020,0,12538,12538
230580,2021,0,18315,18315
230590,1988,0,13454,13454
230590,1989,0,10914,10914
230590,1990,0,11454,11454
230590,1991,0,10508,10508
230590,1992,0,13675,13675
230590,1993,0,17388,17388
230590,1994,0,19392,19392
230590,1995,0,19410,19410
230590,1996,0,14406,14406
230590,1997,0,14776,14776
230590,1998,0,6560,6560
230590,1999,0,14338,14338
230590,2000,0,15472,15472
230590,2001,0,13158,13158
230590,2002,0,16098,16098
230590,2003,0,12170,12170
230590,2004,0,11140,11140
230590,2005,0,9312,9312
230590,2006,0,11329,11329
230590,2007,0,10088,10088
230590,2008,0,10284,10284
230590,2009,0,10880,10880
230590,2010,0,9793,9793
230590,2011,0,12073,12073
230590,2012,0,8775,8775
230590,2013,0,7313,7313
230590,2014,0,5168,5168
230590,2015,0,5351,5351
230590,2016,0,5919,5919
230590,2017,0,6011,6011
230590,2018,0,6493,6493
230590,2019,0,5922,5922
230590,2020,0,5759,5759
230590,2021,0,5848,5848
230600,1988,0,34747,34747
230600,1989,0,13731,13731
230600,1990,0,16506,16506
230600,1991,0,9012,9012
230600,1992,0,10330,10330
230600,1993,0,517,517
230600,1994,0,9520,9520
230600,1995,0,6357,6357
230600,1996,0,3993,3993
230600,1997,0,4105,4105
230600,1998,0,1714,1714
230600,1999,0,4124,4124
230600,2000,0,4866,4866
230600,2001,0,1587,1587
230600,2002,0,1493,1493
230600,2003,0,1585,1585
230600,2004,0,1771,1771
230600,2005,0,1369,1369
230600,2006,0,1840,1840
230600,2007,0,1768,1768
230600,2008,0,1934,1934
230600,2009,0,3218,3218
230600,2010,0,979,979
230600,2011,0,2067,2067
230600,2012,0,890,890
230600,2013,0,767,767
230600,2014,0,1487,1487
230600,2015,0,1648,1648
230600,2016,0,1689,1689
230600,2017,0,1752,1752
230600,2018,0,1621,1621
230600,2019,0,1136,1136
230600,2020,0,1202,1202
230600,2021,0,1240,1240
230610,1988,0,16033,16033
230610,1989,0,12561,12561
230610,1990,0,15524,15524
230610,1991,0,12045,12045
230610,1992,0,8050,8050
230610,1993,0,8179,8179
230610,1994,0,7848,7848
230610,1995,0,8143,8143
230610,1996,0,4733,4733
230610,1997,0,4764,4764
230610,1998,0,7132,7132
230610,1999,0,6880,6880
230610,2000,0,6331,6331
230610,2001,0,1626,1626
230610,2002,0,7729,7729
230610,2003,0,7804,7804
230610,2004,0,9044,9044
230610,2005,0,7364,7364
230610,2006,0,9530,9530
230610,2007,0,9874,9874
230610,2008,0,10144,10144
230610,2009,0,11496,11496
230610,2010,0,10537,10537
230610,2011,0,11096,11096
230610,2012,0,9171,9171
230610,2013,0,7313,7313
230610,2014,0,6988,6988
230610,2015,0,5281,5281
230610,2016,0,10066,10066
230610,2017,0,11057,11057
230610,2018,0,4428,4428
230610,2019,0,6033,6033
230610,2020,0,6116,6116
230610,2021,0,4922,4922
230620,1988,0,589,589
230620,1989,0,359,359
230620,1990,0,579,579
230620,1991,0,530,530
230620,1992,0,740,740
230620,1993,0,960,960
230620,1994,0,1095,1095
230620,1995,0,1222,1222
230620,1996,0,1522,1522
230620,1997,0,1461,1461
230620,1998,0,1456,1456
230620,1999,0,1429,1429
230620,2000,0,1529,1529
230620,2001,0,1194,1194
230620,2002,0,1499,1499
230620,2003,0,1665,1665
230620,2004,0,1775,1775
230620,2005,0,1892,1892
230620,2006,0,1978,1978
230620,2007,0,2144,2144
230620,2008,0,1717,1717
230620,2009,0,1620,1620
230620,2010,0,1265,1265
230620,2011,0,1708,1708
230620,2012,0,1347,1347
230620,2013,0,1126,1126
230620,2014,0,1529,1529
230620,2015,0,1443,1443
230620,2016,0,1408,1408
230620,2017,0,1093,1093
230620,2018,0,1042,1042
230620,2019,0,802,802
230620,2020,0,1096,1096
230620,2021,0,1105,1105
230630,1988,0,29141,29141
230630,1989,0,13970,13970
230630,1990,0,12848,12848
230630,1991,0,19959,19959
230630,1992,0,15305,15305
230630,1993,0,15804,15804
230630,1994,0,18963,18963
230630,1995,0,17759,17759
230630,1996,0,12388,12388
230630,1997,0,12005,12005
230630,1998,0,9269,9269
230630,1999,0,9325,9325
230630,2000,0,8877,8877
230630,2001,0,7379,7379
230630,2002,0,9581,9581
230630,2003,0,9901,9901
230630,2004,0,10727,10727
230630,2005,0,9983,9983
230630,2006,0,10863,10863
230630,2007,0,10782,10782
230630,2008,0,11467,11467
230630,2009,0,11888,11888
230630,2010,0,11541,11541
230630,2011,0,12247,12247
230630,2012,0,11047,11047
230630,2013,0,10170,10170
230630,2014,0,10151,10151
230630,2015,0,9735,9735
230630,2016,0,9505,9505
230630,2017,0,9788,9788
230630,2018,0,9886,9886
230630,2019,0,9266,9266
230630,2020,0,9318,9318
230630,2021,0,8580,8580
230640,1988,0,59520,59520
230640,1989,0,49030,49030
230640,1990,0,53149,53149
230640,1991,0,49110,49110
230640,1992,0,50920,50920
230640,1993,0,52707,52707
230640,1994,0,54586,54586
230640,1995,0,54272,54272
230640,1996,0,26103,26103
230640,1997,0,31154,31154
230640,1998,0,41745,41745
230640,1999,0,43035,43035
230640,2000,0,42811,42811
230640,2001,0,48057,48057
230640,2002,0,47028,47028
230640,2003,0,47077,47077
230640,2004,0,49149,49149
230640,2005,0,49312,49312
230640,2006,0,49454,49454
230640,2007,0,49643,49643
230640,2008,0,49939,49939
230640,2009,0,50548,50548
230640,2010,0,41945,41945
230640,2011,0,49906,49906
230640,2012,0,48578,48578
230640,2013,0,43847,43847
230640,2014,0,43510,43510
230640,2015,0,44442,44442
230640,2016,0,42664,42664
230640,2017,0,43357,43357
230640,2018,0,45642,45642
230640,2019,0,40749,40749
230640,2020,0,40338,40338
230640,2021,0,36136,36136
230650,1988,0,9405,9405
230650,1989,0,8903,8903
230650,1990,0,8820,8820
230650,1991,0,8162,8162
230650,1992,0,7614,7614
230650,1993,0,9940,9940
230650,1994,0,9634,9634
230650,1995,0,9758,9758
230650,1996,0,4640,4640
230650,1997,0,4496,4496
230650,1998,0,7193,7193
230650,1999,0,7266,7266
230650,2000,0,8852,8852
230650,2001,0,8702,8702
230650,2002,0,9020,9020
230650,2003,0,9355,9355
230650,2004,0,9234,9234
230650,2005,0,10293,10293
230650,2006,0,7662,7662
230650,2007,0,9743,9743
230650,2008,0,10486,10486
230650,2009,0,10455,10455
230650,2010,0,5793,5793
230650,2011,0,10454,10454
230650,2012,0,5192,5192
230650,2013,0,3824,3824
230650,2014,0,7426,7426
230650,2015,0,5327,5327
230650,2016,0,5697,5697
230650,2017,0,5854,5854
230650,2018,0,5557,5557
230650,2019,0,5712,5712
230650,2020,0,5939,5939
230650,2021,0,5457,5457
230655,1988,0,21650,21650
230655,1989,0,22260,22260
230655,1990,0,22660,22660
230655,1991,0,29725,29725
230655,1992,0,27890,27890
230655,1993,0,28740,28740
230655,1994,0,27836,27836
230655,1995,0,25977,25977
230655,1996,0,18809,18809
230655,1997,0,20058,20058
230655,1998,0,24685,24685
230655,1999,0,27514,27514
230655,2000,0,27446,27446
230655,2001,0,26326,26326
230655,2002,0,26809,26809
230655,2003,0,25046,25046
230655,2004,0,25616,25616
230655,2005,0,24977,24977
230655,2006,0,24795,24795
230655,2007,0,25470,25470
230655,2008,0,26690,26690
230655,2009,0,26894,26894
230655,2010,0,26153,26153
230655,2011,0,26134,26134
230655,2012,0,26215,26215
230655,2013,0,22822,22822
230655,2014,0,23906,23906
230655,2015,0,24619,24619
230655,2016,0,24536,24536
230655,2017,0,25056,25056
230655,2018,0,26843,26843
230655,2019,0,25767,25767
230655,2020,0,23065,23065
230655,2021,0,25268,25268
230660,1988,0,17140,17140
230660,1989,0,15589,15589
230660,1990,0,15205,15205
230660,1991,0,14354,14354
230660,1992,0,13581,13581
230660,1993,0,12762,12762
230660,1994,0,13726,13726
230660,1995,0,14583,14583
230660,1996,0,11287,11287
230660,1997,0,14839,14839
230660,1998,0,11989,11989
230660,1999,0,18436,18436
230660,2000,0,14603,14603
230660,2001,0,8924,8924
230660,2002,0,9653,9653
230660,2003,0,14805,14805
230660,2004,0,15073,15073
230660,2005,0,9761,9761
230660,2006,0,9718,9718
230660,2007,0,17450,17450
230660,2008,0,19853,19853
230660,2009,0,20315,20315
230660,2010,0,16435,16435
230660,2011,0,17584,17584
230660,2012,0,10158,10158
230660,2013,0,10042,10042
230660,2014,0,9840,9840
230660,2015,0,8254,8254
230660,2016,0,8013,8013
230660,2017,0,14946,14946
230660,2018,0,15177,15177
230660,2019,0,8587,8587
230660,2020,0,9697,9697
230660,2021,0,10299,10299
230670,1988,10,19020,19010
230670,1989,0,15219,15219
230670,1990,0,19246,19246
230670,1991,0,18886,18886
230670,1992,0,19310,19310
230670,1993,0,3185,3185
230670,1994,0,20215,20215
230670,1995,0,16565,16565
230670,1996,0,8064,8064
230670,1997,0,8609,8609
230670,1998,0,15985,15985
230670,1999,0,19552,19552
230670,2000,0,22225,22225
230670,2001,0,9691,9691
230670,2002,0,11741,11741
230670,2003,0,15390,15390
230670,2004,0,11860,11860
230670,2005,0,6585,6585
230670,2006,0,8547,8547
230670,2007,0,8296,8296
230670,2008,0,9050,9050
230670,2009,0,9307,9307
230670,2010,0,3671,3671
230670,2011,0,9048,9048
230670,2012,0,3641,3641
230670,2013,0,3722,3722
230670,2014,0,3311,3311
230670,2015,0,3613,3613
230670,2016,0,4267,4267
230670,2017,0,2100,2100
230670,2018,0,3611,3611
230670,2019,0,3478,3478
230670,2020,0,2885,2885
230670,2021,0,2610,2610
230680,1988,0,9423,9423
230680,1989,0,8887,8887
230680,1990,0,9183,9183
230680,1991,0,3409,3409
230680,1992,0,4832,4832
230680,1993,0,1707,1707
230680,1994,0,4402,4402
230680,1995,0,3234,3234
230680,1996,0,2754,2754
230680,1997,0,2726,2726
230680,1998,0,1632,1632
230680,1999,0,2889,2889
230680,2000,0,3294,3294
230680,2001,0,2733,2733
230680,2002,0,2723,2723
230680,2003,0,2910,2910
230680,2004,0,2552,2552
230680,2005,0,2036,2036
230680,2006,0,2396,2396
230680,2007,0,2361,2361
230680,2008,0,2600,2600
230680,2009,0,2492,2492
230680,2010,0,1099,1099
230680,2011,0,2386,2386
230680,2012,0,1205,1205
230680,2013,0,953,953
230680,2014,0,1137,1137
230680,2015,0,809,809
230680,2016,0,1030,1030
230680,2017,0,904,904
230680,2018,0,783,783
230680,2019,0,764,764
230680,2020,0,1094,1094
230680,2021,0,1250,1250
230690,1988,0,17734,17734
230690,1989,0,15753,15753
230690,1990,0,18266,18266
230690,1991,0,11544,11544
230690,1992,0,11650,11650
230690,1993,0,2851,2851
230690,1994,0,13228,13228
230690,1995,0,8331,8331
230690,1996,0,8320,8320
230690,1997,0,8660,8660
230690,1998,0,5498,5498
230690,1999,0,7724,7724
230690,2000,0,8616,8616
230690,2001,0,7234,7234
230690,2002,0,8517,8517
230690,2003,0,8958,8958
230690,2004,0,7522,7522
230690,2005,0,5077,5077
230690,2006,0,6284,6284
230690,2007,0,5768,5768
230690,2008,0,6219,6219
230690,2009,0,6317,6317
230690,2010,0,2796,2796
230690,2011,0,6200,6200
230690,2012,0,2696,2696
230690,2013,0,1846,1846
230690,2014,0,2746,2746
230690,2015,0,3244,3244
230690,2016,0,3036,3036
230690,2017,0,2798,2798
230690,2018,0,3187,3187
230690,2019,0,3231,3231
230690,2020,0,3182,3182
230690,2021,0,3245,3245
230700,1988,0,11031,11031
230700,1989,0,5976,5976
230700,1990,0,6249,6249
230700,1991,0,2795,2795
230700,1992,0,3379,3379
230700,1993,0,3550,3550
230700,1994,0,8805,8805
230700,1995,0,8370,8370
230700,1996,0,10693,10693
230700,1997,0,10932,10932
230700,1998,0,6698,6698
230700,1999,0,13293,13293
230700,2000,0,11943,11943
230700,2001,0,7227,7227
230700,2002,0,9026,9026
230700,2003,0,10220,10220
230700,2004,0,11496,11496
230700,2005,0,12059,12059
230700,2006,0,12879,12879
230700,2007,0,11892,11892
230700,2008,0,13497,13497
230700,2009,0,13093,13093
230700,2010,0,10860,10860
230700,2011,0,16185,16185
230700,2012,0,12711,12711
230700,2013,0,10357,10357
230700,2014,0,10464,10464
230700,2015,0,10800,10800
230700,2016,0,9287,9287
230700,2017,0,7027,7027
230700,2018,0,4046,4046
230700,2019,0,3355,3355
230700,2020,0,3903,3903
230700,2021,180,3825,3645
230710,1988,0,6424,6424
230710,1989,0,6632,6632
230710,1990,0,6095,6095
230710,1991,0,5439,5439
230710,1992,0,5780,5780
230710,1993,0,10161,10161
230710,1994,0,6268,6268
230710,1995,0,6835,6835
230710,1996,0,6864,6864
230710,1997,0,6616,6616
230710,1998,0,10700,10700
230710,1999,0,4446,4446
230710,2000,0,4901,4901
230710,2001,0,5267,5267
230710,2002,0,8609,8609
230710,2003,0,8440,8440
230710,2004,0,6460,6460
230710,2005,0,2539,2539
230710,2006,0,5931,5931
230710,2007,0,6536,6536
230710,2008,0,6792,6792
230710,2009,0,6947,6947
230710,2010,0,5657,5657
230710,2011,0,6619,6619
230710,2012,0,7108,7108
230710,2013,0,3370,3370
230710,2014,0,4893,4893
230710,2015,0,4320,4320
230710,2016,0,3069,3069
230710,2017,0,2711,2711
230710,2018,0,4630,4630
230710,2019,0,2378,2378
230710,2020,0,2478,2478
230710,2021,0,3178,3178
230720,1988,0,14108,14108
230720,1989,0,7296,7296
230720,1990,0,7888,7888
230720,1991,0,5575,5575
230720,1992,0,5340,5340
230720,1993,0,8223,8223
230720,1994,0,8779,8779
230720,1995,0,8975,8975
230720,1996,0,6187,6187
230720,1997,0,5944,5944
230720,1998,0,7752,7752
230720,1999,0,8345,8345
230720,2000,0,6340,6340
230720,2001,0,4410,4410
230720,2002,0,4322,4322
230720,2003,0,4409,4409
230720,2004,0,4151,4151
230720,2005,0,2838,2838
230720,2006,0,3803,3803
230720,2007,0,4236,4236
230720,2008,0,4676,4676
230720,2009,0,4869,4869
230720,2010,0,2988,2988
230720,2011,0,3694,3694
230720,2012,0,3127,3127
230720,2013,0,1353,1353
230720,2014,0,2200,2200
230720,2015,0,377,377
230720,2016,0,1079,1079
230720,2017,0,1877,1877
230720,2018,0,2364,2364
230720,2019,0,1174,1174
230720,2020,0,1907,1907
230720,2021,0,2047,2047
230730,1988,0,2604,2604
230730,1989,0,2518,2518
230730,1990,0,2102,2102
230730,1991,0,2277,2277
230730,1992,0,2798,2798
230730,1993,0,2510,2510
230730,1994,0,3304,3304
230730,1995,0,3059,3059
230730,1996,0,1604,1604
230730,1997,0,1616,1616
230730,1998,0,1303,1303
230730,1999,0,1737,1737
230730,2000,0,2810,2810
230730,2001,0,2929,2929
230730,2002,0,3230,3230
230730,2003,0,2132,2132
230730,2004,0,3017,3017
230730,2005,0,1472,1472
230730,2006,0,1712,1712
230730,2007,0,2380,2380
230730,2008,0,2508,2508
230730,2009,0,2436,2436
230730,2010,0,2637,2637
230730,2011,0,2791,2791
230730,2012,0,1809,1809
230730,2013,0,1492,1492
230730,2014,0,1442,1442
230730,2015,0,1394,1394
230730,2016,0,1275,1275
230730,2017,0,1452,1452
230730,2018,0,1401,1401
230730,2019,0,1419,1419
230730,2020,0,1531,1531
230730,2021,0,1442,1442
230740,1988,0,8559,8559
230740,1989,0,7499,7499
230740,1990,0,12105,12105
230740,1991,0,7842,7842
230740,1992,0,8442,8442
230740,1993,0,6950,6950
230740,1994,0,8697,8697
230740,1995,0,7275,7275
230740,1996,0,8909,8909
230740,1997,0,8172,8172
230740,1998,0,7176,7176
230740,1999,0,7220,7220
230740,2000,0,7325,7325
230740,2001,0,6862,6862
230740,2002,0,7222,7222
230740,2003,0,7052,7052
230740,2004,0,6332,6332
230740,2005,0,4595,4595
230740,2006,0,4938,4938
230740,2007,0,5909,5909
230740,2008,0,6016,6016
230740,2009,0,6187,6187
230740,2010,0,5286,5286
230740,2011,0,6027,6027
230740,2012,0,6016,6016
230740,2013,0,2361,2361
230740,2014,0,5937,5937
230740,2015,0,4749,4749
230740,2016,0,3664,3664
230740,2017,0,3478,3478
230740,2018,0,4039,4039
230740,2019,0,3030,3030
230740,2020,0,5143,5143
230740,2021,0,5395,5395
230750,1988,0,8339,8339
230750,1989,0,7463,7463
230750,1990,0,12079,12079
230750,1991,0,10871,10871
230750,1992,0,12515,12515
230750,1993,0,11371,11371
230750,1994,0,12315,12315
230750,1995,0,9698,9698
230750,1996,0,9537,9537
230750,1997,0,10591,10591
230750,1998,0,10639,10639
230750,1999,0,9464,9464
230750,2000,0,11394,11394
230750,2001,0,8802,8802
230750,2002,0,10411,10411
230750,2003,0,10539,10539
230750,2004,0,6601,6601
230750,2005,0,8165,8165
230750,2006,0,9142,9142
230750,2007,0,9274,9274
230750,2008,0,8977,8977
230750,2009,0,9060,9060
230750,2010,0,5644,5644
230750,2011,0,5770,5770
230750,2012,0,5909,5909
230750,2013,0,1961,1961
230750,2014,0,2802,2802
230750,2015,0,3686,3686
230750,2016,0,3514,3514
230750,2017,0,4157,4157
230750,2018,0,4504,4504
230750,2019,0,3687,3687
230750,2020,0,3868,3868
230750,2021,0,3944,3944
230760,1988,0,9991,9991
230760,1989,0,9726,9726
230760,1990,0,12784,12784
230760,1991,0,13356,13356
230760,1992,0,12364,12364
230760,1993,0,9925,9925
230760,1994,0,15269,15269
230760,1995,0,11780,11780
230760,1996,0,9520,9520
230760,1997,0,9833,9833
230760,1998,0,11954,11954
230760,1999,0,14578,14578
230760,2000,0,12151,12151
230760,2001,0,8452,8452
230760,2002,117,8608,8491
230760,2003,650,8831,8181
230760,2004,350,8964,8614
230760,2005,210,9229,9019
230760,2006,300,9880,9580
230760,2007,350,10727,10377
230760,2008,512,9342,8830
230760,2009,975,11175,10200
230760,2010,1020,11250,10230
230760,2011,0,10882,10882
230760,2012,1145,10330,9185
230760,2013,0,10066,10066
230760,2014,0,10637,10637
230760,2015,0,11525,11525
230760,2016,0,7737,7737
230760,2017,0,8592,8592
230760,2018,0,13878,13878
230760,2019,0,8949,8949
230760,2020,450,10734,10284
230760,2021,800,9360,8560
230763,1988,0,0,0
230763,1989,0,6755,6755
230763,1990,0,14854,14854
230763,1991,0,13104,13104
230763,1992,0,12950,12950
230763,1993,0,16127,16127
230763,1994,0,13116,13116
230763,1995,0,15053,15053
230763,1996,0,8045,8045
230763,1997,0,10763,10763
230763,1998,0,9433,9433
230763,1999,0,11915,11915
230763,2000,0,13337,13337
230763,2001,0,16637,16637
230763,2002,0,20637,20637
230763,2003,0,12728,12728
230763,2004,0,9564,9564
230763,2005,0,12892,12892
230763,2006,0,10335,10335
230763,2007,0,8644,8644
230763,2008,0,11451,11451
230763,2009,0,11584,11584
230763,2010,0,13652,13652
230763,2011,0,12917,12917
230763,2012,0,9697,9697
230763,2013,0,4614,4614
230763,2014,0,7176,7176
230763,2015,0,16272,16272
230763,2016,0,7165,7165
230763,2017,0,9699,9699
230763,2018,0,9561,9561
230763,2019,0,11142,11142
230763,2020,0,11766,11766
230763,2021,0,8041,8041
230765,1988,0,1385,1385
230765,1989,0,1586,1586
230765,1990,0,1828,1828
230765,1991,0,2009,2009
230765,1992,0,2286,2286
230765,1993,0,1698,1698
230765,1994,0,2214,2214
230765,1995,0,2123,2123
230765,1996,0,794,794
230765,1997,0,696,696
230765,1998,0,1535,1535
230765,1999,0,1242,1242
230765,2000,0,1056,1056
230765,2001,0,652,652
230765,2002,0,702,702
230765,2003,0,960,960
230765,2004,0,764,764
230765,2005,0,650,650
230765,2006,0,692,692
230765,2007,0,820,820
230765,2008,0,845,845
230765,2009,0,791,791
230765,2010,0,839,839
230765,2011,0,413,413
230765,2012,0,364,364
230765,2013,0,334,334
230765,2014,0,333,333
230765,2015,0,364,364
230765,2016,0,363,363
230765,2017,0,382,382
230765,2018,80,362,282
230765,2019,0,463,463
230765,2020,0,537,537
230765,2021,64,285,221
230770,1988,0,19021,19021
230770,1989,0,21742,21742
230770,1990,0,18815,18815
230770,1991,0,17182,17182
230770,1992,0,20388,20388
230770,1993,0,16430,16430
230770,1994,0,23045,23045
230770,1995,0,25353,25353
230770,1996,0,7403,7403
230770,1997,0,9028,9028
230770,1998,0,7281,7281
230770,1999,0,5549,5549
230770,2000,0,6987,6987
230770,2001,0,5838,5838
230770,2002,0,6965,6965
230770,2003,0,6699,6699
230770,2004,0,6731,6731
230770,2005,0,5902,5902
230770,2006,0,5936,5936
230770,2007,0,7964,7964
230770,2008,0,7718,7718
230770,2009,0,7725,7725
230770,2010,0,8048,8048
230770,2011,0,8852,8852
230770,2012,0,5629,5629
230770,2013,0,5143,5143
230770,2014,0,4231,4231
230770,2015,0,4483,4483
230770,2016,0,3265,3265
230770,2017,0,4243,4243
230770,2018,0,4617,4617
230770,2019,0,3160,3160
230770,2020,0,2002,2002
230770,2021,0,1971,1971
230780,1988,0,17840,17840
230780,1989,0,19640,19640
230780,1990,0,19210,19210
230780,1991,0,21280,21280
230780,1992,0,20720,20720
230780,1993,0,22320,22320
230780,1994,0,16440,16440
230780,1995,0,19492,19492
230780,1996,0,8369,8369
230780,1997,0,10189,10189
230780,1998,0,10246,10246
230780,1999,0,12068,12068
230780,2000,0,13260,13260
230780,2001,0,12382,12382
230780,2002,0,11651,11651
230780,2003,0,11539,11539
230780,2004,0,12035,12035
230780,2005,0,11866,11866
230780,2006,0,11974,11974
230780,2007,0,11977,11977
230780,2008,0,12440,12440
230780,2009,0,13502,13502
230780,2010,0,13633,13633
230780,2011,0,13947,13947
230780,2012,0,15249,15249
230780,2013,0,13420,13420
230780,2014,0,12884,12884
230780,2015,0,12637,12637
230780,2016,0,12564,12564
230780,2017,0,13172,13172
230780,2018,0,12626,12626
230780,2019,0,11390,11390
230780,2020,0,11236,11236
230780,2021,0,11396,11396
230790,1988,0,2465,2465
230790,1989,0,2192,2192
230790,1990,0,3493,3493
230790,1991,0,5081,5081
230790,1992,0,4689,4689
230790,1993,0,2309,2309
230790,1994,0,2627,2627
230790,1995,0,2412,2412
230790,1996,0,2435,2435
230790,1997,0,2575,2575
230790,1998,0,3046,3046
230790,1999,0,3694,3694
230790,2000,0,4203,4203
230790,2001,0,4326,4326
230790,2002,0,4446,4446
230790,2003,0,3503,3503
230790,2004,0,3516,3516
230790,2005,0,3879,3879
230790,2006,0,4119,4119
230790,2007,0,4140,4140
230790,2008,0,4129,4129
230790,2009,0,4185,4185
230790,2010,0,5102,5102
230790,2011,0,5719,5719
230790,2012,0,6849,6849
230790,2013,0,6472,6472
230790,2014,0,6118,6118
230790,2015,0,5912,5912
230790,2016,0,5741,5741
230790,2017,0,5470,5470
230790,2018,0,5686,5686
230790,2019,0,5737,5737
230790,2020,0,5780,5780
230790,2021,0,5790,5790
230800,1988,0,12868,12868
230800,1989,0,12572,12572
230800,1990,0,11862,11862
230800,1991,0,13180,13180
230800,1992,0,14887,14887
230800,1993,0,15118,15118
230800,1994,0,11788,11788
230800,1995,0,15215,15215
230800,1996,0,5858,5858
230800,1997,0,10131,10131
230800,1998,0,7914,7914
230800,1999,0,8939,8939
230800,2000,0,9201,9201
230800,2001,0,11335,11335
230800,2002,0,12935,12935
230800,2003,0,10804,10804
230800,2004,0,12700,12700
230800,2005,0,10794,10794
230800,2006,0,10602,10602
230800,2007,0,10668,10668
230800,2008,0,10477,10477
230800,2009,0,10704,10704
230800,2010,0,8048,8048
230800,2011,0,8437,8437
230800,2012,0,8062,8062
230800,2013,0,6275,6275
230800,2014,0,5545,5545
230800,2015,0,5533,5533
230800,2016,0,4954,4954
230800,2017,0,5330,5330
230800,2018,0,4490,4490
230800,2019,0,4421,4421
230800,2020,0,4228,4228
230800,2021,0,4242,4242
230810,1988,0,42069,42069
230810,1989,0,29380,29380
230810,1990,0,31311,31311
230810,1991,0,30485,30485
230810,1992,0,34706,34706
230810,1993,0,34013,34013
230810,1994,0,37404,37404
230810,1995,0,37249,37249
230810,1996,0,36640,36640
230810,1997,0,37030,37030
230810,1998,0,37534,37534
230810,1999,0,31711,31711
230810,2000,0,31335,31335
230810,2001,0,30669,30669
230810,2002,0,37873,37873
230810,2003,0,35977,35977
230810,2004,0,33520,33520
230810,2005,0,26373,26373
230810,2006,0,35089,35089
230810,2007,0,37249,37249
230810,2008,0,39045,39045
230810,2009,0,40214,40214
230810,2010,0,27986,27986
230810,2011,0,31959,31959
230810,2012,0,23236,23236
230810,2013,0,9180,9180
230810,2014,0,6788,6788
230810,2015,0,10609,10609
230810,2016,0,12585,12585
230810,2017,0,20306,20306
230810,2018,0,21102,21102
230810,2019,0,13603,13603
230810,2020,0,13400,13400
230810,2021,0,16690,16690
230820,1988,0,4696,4696
230820,1989,0,6062,6062
230820,1990,0,6278,6278
230820,1991,0,6493,6493
230820,1992,0,7358,7358
230820,1993,0,7116,7116
230820,1994,0,7977,7977
230820,1995,0,7212,7212
230820,1996,0,3961,3961
230820,1997,0,4245,4245
230820,1998,0,6933,6933
230820,1999,0,7348,7348
230820,2000,0,7601,7601
230820,2001,0,5119,5119
230820,2002,0,5013,5013
230820,2003,0,4954,4954
230820,2004,0,4991,4991
230820,2005,0,4438,4438
230820,2006,0,4454,4454
230820,2007,0,4550,4550
230820,2008,0,4569,4569
230820,2009,0,4598,4598
230820,2010,0,5116,5116
230820,2011,0,5092,5092
230820,2012,0,4770,4770
230820,2013,0,4251,4251
230820,2014,0,795,795
230820,2015,0,617,617
230820,2016,0,655,655
230820,2017,0,868,868
230820,2018,0,943,943
230820,2019,0,957,957
230820,2020,0,954,954
230820,2021,0,959,959
230830,1988,0,50764,50764
230830,1989,0,27791,27791
230830,1990,0,29747,29747
230830,1991,0,28823,28823
230830,1992,0,22716,22716
230830,1993,0,22812,22812
230830,1994,0,28736,28736
230830,1995,0,28921,28921
230830,1996,0,21299,21299
230830,1997,0,19199,19199
230830,1998,0,31102,31102
230830,1999,0,24997,24997
230830,2000,0,25574,25574
230830,2001,0,24190,24190
230830,2002,0,24036,24036
230830,2003,0,24448,24448
230830,2004,0,8621,8621
230830,2005,0,6045,6045
230830,2006,0,15369,15369
230830,2007,0,9799,9799
230830,2008,0,10220,10220
230830,2009,0,10560,10560
230830,2010,0,8468,8468
230830,2011,0,9834,9834
230830,2012,0,6838,6838
230830,2013,0,4143,4143
230830,2014,0,3932,3932
230830,2015,0,3410,3410
230830,2016,0,3079,3079
230830,2017,0,4359,4359
230830,2018,0,4706,4706
230830,2019,0,3373,3373
230830,2020,0,3445,3445
230830,2021,0,3244,3244
230835,1988,0,11512,11512
230835,1989,0,9494,9494
230835,1990,0,11274,11274
230835,1991,0,9062,9062
230835,1992,0,8797,8797
230835,1993,0,10410,10410
230835,1994,0,11605,11605
230835,1995,0,3491,3491
230835,1996,0,8523,8523
230835,1997,0,3617,3617
230835,1998,0,4399,4399
230835,1999,0,4910,4910
230835,2000,0,6934,6934
230835,2001,0,6119,6119
230835,2002,0,8752,8752
230835,2003,0,10369,10369
230835,2004,0,8893,8893
230835,2005,0,7285,7285
230835,2006,0,7982,7982
230835,2007,0,11804,11804
230835,2008,0,11939,11939
230835,2009,0,11308,11308
230835,2010,0,7937,7937
230835,2011,0,9726,9726
230835,2012,0,2739,2739
230835,2013,0,5005,5005
230835,2014,0,5061,5061
230835,2015,0,6453,6453
230835,2016,0,6365,6365
230835,2017,0,6477,6477
230835,2018,0,9050,9050
230835,2019,0,8499,8499
230835,2020,0,6430,6430
230835,2021,0,6636,6636
230837,1988,0,0,0
230837,1989,0,8770,8770
230837,1990,0,8760,8760
230837,1991,0,9128,9128
230837,1992,0,6128,6128
230837,1993,0,4693,4693
230837,1994,0,4938,4938
230837,1995,0,5136,5136
230837,1996,0,2515,2515
230837,1997,0,2586,2586
230837,1998,0,6190,6190
230837,1999,0,3837,3837
230837,2000,0,3902,3902
230837,2001,0,2820,2820
230837,2002,0,4324,4324
230837,2003,0,3925,3925
230837,2004,0,4000,4000
230837,2005,0,3961,3961
230837,2006,0,4084,4084
230837,2007,0,4181,4181
230837,2008,0,3897,3897
230837,2009,0,3928,3928
230837,2010,0,2563,2563
230837,2011,0,2868,2868
230837,2012,0,2918,2918
230837,2013,0,1934,1934
230837,2014,0,1401,1401
230837,2015,0,1346,1346
230837,2016,0,1514,1514
230837,2017,0,1630,1630
230837,2018,0,1733,1733
230837,2019,0,1713,1713
230837,2020,0,1545,1545
230837,2021,0,2009,2009
230840,1988,0,13440,13440
230840,1989,0,14837,14837
230840,1990,0,12791,12791
230840,1991,0,14167,14167
230840,1992,0,14243,14243
230840,1993,0,13738,13738
230840,1994,0,16244,16244
230840,1995,0,14117,14117
230840,1996,0,14466,14466
230840,1997,0,14356,14356
230840,1998,0,13883,13883
230840,1999,0,12377,12377
230840,2000,0,12845,12845
230840,2001,0,11246,11246
230840,2002,0,10386,10386
230840,2003,0,11314,11314
230840,2004,0,11223,11223
230840,2005,0,5572,5572
230840,2006,0,11294,11294
230840,2007,0,11100,11100
230840,2008,0,11868,11868
230840,2009,0,11956,11956
230840,2010,0,9900,9900
230840,2011,0,11214,11214
230840,2012,0,9042,9042
230840,2013,0,6778,6778
230840,2014,0,7961,7961
230840,2015,0,10292,10292
230840,2016,0,8714,8714
230840,2017,0,8810,8810
230840,2018,0,6858,6858
230840,2019,0,5979,5979
230840,2020,0,7057,7057
230840,2021,0,6934,6934
230850,1988,0,32350,32350
230850,1989,0,32675,32675
230850,1990,0,35480,35480
230850,1991,0,30260,30260
230850,1992,0,21350,21350
230850,1993,0,17700,17700
230850,1994,0,25164,25164
230850,1995,0,21944,21944
230850,1996,0,16797,16797
230850,1997,0,16413,16413
230850,1998,0,13133,13133
230850,1999,0,13431,13431
230850,2000,0,16446,16446
230850,2001,0,16720,16720
230850,2002,0,16736,16736
230850,2003,0,17598,17598
230850,2004,0,17647,17647
230850,2005,0,10918,10918
230850,2006,0,16427,16427
230850,2007,0,17595,17595
230850,2008,0,16205,16205
230850,2009,0,16474,16474
230850,2010,0,14652,14652
230850,2011,0,17246,17246
230850,2012,0,14702,14702
230850,2013,0,10527,10527
230850,2014,0,13824,13824
230850,2015,0,12638,12638
230850,2016,0,13109,13109
230850,2017,0,14159,14159
230850,2018,0,14887,14887
230850,2019,0,17504,17504
230850,2020,0,17961,17961
230850,2021,0,22069,22069
230860,1988,0,12432,12432
230860,1989,0,8456,8456
230860,1990,0,11774,11774
230860,1991,0,17600,17600
230860,1992,0,17263,17263
230860,1993,0,6330,6330
230860,1994,0,12800,12800
230860,1995,0,14200,14200
230860,1996,0,6854,6854
230860,1997,0,7281,7281
230860,1998,0,7705,7705
230860,1999,0,8366,8366
230860,2000,0,9710,9710
230860,2001,0,4984,4984
230860,2002,0,8114,8114
230860,2003,0,8335,8335
230860,2004,0,8364,8364
230860,2005,0,8467,8467
230860,2006,0,9245,9245
230860,2007,0,10161,10161
230860,2008,0,10329,10329
230860,2009,0,5987,5987
230860,2010,0,5516,5516
230860,2011,0,13089,13089
230860,2012,0,7954,7954
230860,2013,0,6044,6044
230860,2014,0,10944,10944
230860,2015,0,10700,10700
230860,2016,0,10035,10035
230860,2017,0,9010,9010
230860,2018,0,8709,8709
230860,2019,0,7198,7198
230860,2020,0,7585,7585
230860,2021,0,7285,7285
230870,1988,0,31194,31194
230870,1989,0,28028,28028
230870,1990,0,27128,27128
230870,1991,0,22878,22878
230870,1992,0,27591,27591
230870,1993,0,16042,16042
230870,1994,0,29192,29192
230870,1995,0,27113,27113
230870,1996,0,23923,23923
230870,1997,0,26047,26047
230870,1998,0,16589,16589
230870,1999,0,15055,15055
230870,2000,0,19057,19057
230870,2001,0,14474,14474
230870,2002,0,18571,18571
230870,2003,0,22618,22618
230870,2004,0,21807,21807
230870,2005,0,19672,19672
230870,2006,0,25588,25588
230870,2007,0,18035,18035
230870,2008,0,21701,21701
230870,2009,0,25846,25846
230870,2010,0,18092,18092
230870,2011,0,26508,26508
230870,2012,0,13984,13984
230870,2013,0,22553,22553
230870,2014,0,20673,20673
230870,2015,0,17272,17272
230870,2016,0,14939,14939
230870,2017,0,14899,14899
230870,2018,0,11993,11993
230870,2019,0,11663,11663
230870,2020,0,11483,11483
230870,2021,0,12146,12146
230880,1988,0,1935,1935
230880,1989,0,1588,1588
230880,1990,0,1589,1589
230880,1991,0,1963,1963
230880,1992,0,1655,1655
230880,1993,0,935,935
230880,1994,0,838,838
230880,1995,0,945,945
230880,1996,0,1046,1046
230880,1997,0,1276,1276
230880,1998,0,1238,1238
230880,1999,0,1590,1590
230880,2000,0,1810,1810
230880,2001,0,2121,2121
230880,2002,0,2474,2474
230880,2003,0,2440,2440
230880,2004,0,2511,2511
230880,2005,0,1810,1810
230880,2006,0,1505,1505
230880,2007,0,1438,1438
230880,2008,0,1493,1493
230880,2009,0,1499,1499
230880,2010,0,1549,1549
230880,2011,0,1560,1560
230880,2012,0,1514,1514
230880,2013,0,1032,1032
230880,2014,0,1194,1194
230880,2015,0,1215,1215
230880,2016,0,942,942
230880,2017,0,1343,1343
230880,2018,0,1495,1495
230880,2019,0,1628,1628
230880,2020,0,1632,1632
230880,2021,0,1535,1535
230890,1988,0,19130,19130
230890,1989,0,23330,23330
230890,1990,0,22330,22330
230890,1991,0,22480,22480
230890,1992,0,20810,20810
230890,1993,0,17310,17310
230890,1994,0,15700,15700
230890,1995,0,16962,16962
230890,1996,0,6927,6927
230890,1997,0,14280,14280
230890,1998,0,15998,15998
230890,1999,0,15132,15132
230890,2000,0,15942,15942
230890,2001,0,15105,15105
230890,2002,0,15005,15005
230890,2003,0,14772,14772
230890,2004,0,12478,12478
230890,2005,0,12770,12770
230890,2006,0,13193,13193
230890,2007,0,13830,13830
230890,2008,0,14137,14137
230890,2009,0,15472,15472
230890,2010,0,15499,15499
230890,2011,0,15719,15719
230890,2012,0,17003,17003
230890,2013,0,15103,15103
230890,2014,0,13242,13242
230890,2015,0,13310,13310
230890,2016,0,13922,13922
230890,2017,0,13652,13652
230890,2018,0,8349,8349
230890,2019,0,8521,8521
230890,2020,0,8334,8334
230890,2021,0,8131,8131
230900,1988,0,4494,4494
230900,1989,0,4480,4480
230900,1990,0,3719,3719
230900,1991,0,3816,3816
230900,1992,0,3827,3827
230900,1993,0,3882,3882
230900,1994,0,4287,4287
230900,1995,0,3731,3731
230900,1996,0,2918,2918
230900,1997,0,2889,2889
230900,1998,0,2747,2747
230900,1999,0,3298,3298
230900,2000,0,3690,3690
230900,2001,0,4409,4409
230900,2002,0,5110,5110
230900,2003,0,6215,6215
230900,2004,0,6786,6786
230900,2005,0,4005,4005
230900,2006,0,5888,5888
230900,2007,0,6052,6052
230900,2008,0,6076,6076
230900,2009,0,6139,6139
230900,2010,0,6101,6101
230900,2011,0,6146,6146
230900,2012,0,6361,6361
230900,2013,0,5565,5565
230900,2014,0,3304,3304
230900,2015,0,3285,3285
230900,2016,0,4871,4871
230900,2017,0,4678,4678
230900,2018,0,4638,4638
230900,2019,0,3628,3628
230900,2020,0,3599,3599
230900,2021,0,3641,3641
230910,1988,0,3305,3305
230910,1989,0,3325,3325
230910,1990,0,3335,3335
230910,1991,0,3321,3321
230910,1992,0,3379,3379
230910,1993,0,3208,3208
230910,1994,0,3153,3153
230910,1995,0,3019,3019
230910,1996,0,4409,4409
230910,1997,0,5093,5093
230910,1998,0,4661,4661
230910,1999,0,5420,5420
230910,2000,0,6165,6165
230910,2001,0,6093,6093
230910,2002,0,5970,5970
230910,2003,0,5970,5970
230910,2004,0,6069,6069
230910,2005,0,5977,5977
230910,2006,0,6017,6017
230910,2007,0,6098,6098
230910,2008,0,6176,6176
230910,2009,0,6430,6430
230910,2010,0,5964,5964
230910,2011,0,6769,6769
230910,2012,0,6334,6334
230910,2013,0,5874,5874
230910,2014,0,5947,5947
230910,2015,0,5960,5960
230910,2016,0,5100,5100
230910,2017,0,4797,4797
230910,2018,0,4062,4062
230910,2019,0,3889,3889
230910,2020,0,3848,3848
230910,2021,0,3881,3881
230920,1988,0,9080,9080
230920,1989,0,4218,4218
230920,1990,0,7048,7048
230920,1991,0,8567,8567
230920,1992,0,10130,10130
230920,1993,0,9944,9944
230920,1994,0,7901,7901
230920,1995,0,7596,7596
230920,1996,0,1742,1742
230920,1997,0,1847,1847
230920,1998,0,4809,4809
230920,1999,0,4136,4136
230920,2000,0,4072,4072
230920,2001,0,3915,3915
230920,2002,0,3222,3222
230920,2003,0,2705,2705
230920,2004,0,2597,2597
230920,2005,0,3049,3049
230920,2006,0,3189,3189
230920,2007,0,4054,4054
230920,2008,0,4333,4333
230920,2009,0,4369,4369
230920,2010,0,7368,7368
230920,2011,0,6814,6814
230920,2012,0,3881,3881
230920,2013,0,4114,4114
230920,2014,0,2920,2920
230920,2015,0,2973,2973
230920,2016,0,1985,1985
230920,2017,0,3623,3623
230920,2018,0,2276,2276
230920,2019,0,2813,2813
230920,2020,0,2972,2972
230920,2021,0,2230,2230
230930,1988,0,25610,25610
230930,1989,0,16482,16482
230930,1990,0,26304,26304
230930,1991,0,22763,22763
230930,1992,0,33521,33521
230930,1993,0,39527,39527
230930,1994,0,48184,48184
230930,1995,0,42950,42950
230930,1996,0,11609,11609
230930,1997,0,13352,13352
230930,1998,0,18596,18596
230930,1999,0,34889,34889
230930,2000,0,27182,27182
230930,2001,0,15776,15776
230930,2002,0,13558,13558
230930,2003,0,12489,12489
230930,2004,0,11723,11723
230930,2005,0,10022,10022
230930,2006,0,9994,9994
230930,2007,0,9544,9544
230930,2008,0,9139,9139
230930,2009,0,9043,9043
230930,2010,0,4636,4636
230930,2011,0,8677,8677
230930,2012,0,7460,7460
230930,2013,0,4371,4371
230930,2014,0,3952,3952
230930,2015,0,4284,4284
230930,2016,0,4095,4095
230930,2017,0,4874,4874
230930,2018,0,4478,4478
230930,2019,0,4000,4000
230930,2020,0,4306,4306
230930,2021,0,4183,4183
230940,1988,0,24225,24225
230940,1989,0,20080,20080
230940,1990,0,23178,23178
230940,1991,0,32056,32056
230940,1992,0,25552,25552
230940,1993,0,32116,32116
230940,1994,0,31680,31680
230940,1995,0,34175,34175
230940,1996,0,24927,24927
230940,1997,0,24000,24000
230940,1998,0,27664,27664
230940,1999,0,23679,23679
230940,2000,0,24483,24483
230940,2001,0,29254,29254
230940,2002,0,24432,24432
230940,2003,0,25659,25659
230940,2004,0,16589,16589
230940,2005,0,16464,16464
230940,2006,0,16798,16798
230940,2007,0,16148,16148
230940,2008,0,16736,16736
230940,2009,0,17414,17414
230940,2010,0,13543,13543
230940,2011,0,30959,30959
230940,2012,0,22869,22869
230940,2013,0,11584,11584
230940,2014,0,19270,19270
230940,2015,0,18939,18939
230940,2016,0,19187,19187
230940,2017,0,20209,20209
230940,2018,0,19385,19385
230940,2019,0,18091,18091
230940,2020,0,15504,15504
230940,2021,0,16474,16474
230945,1988,0,0,0
230945,1989,0,12947,12947
230945,1990,0,12679,12679
230945,1991,0,8652,8652
230945,1992,0,8456,8456
230945,1993,0,7030,7030
230945,1994,0,9176,9176
230945,1995,0,9946,9946
230945,1996,0,21403,21403
230945,1997,0,21177,21177
230945,1998,0,21977,21977
230945,1999,0,22993,22993
230945,2000,0,22222,22222
230945,2001,0,20085,20085
230945,2002,0,22695,22695
230945,2003,0,24301,24301
230945,2004,0,20855,20855
230945,2005,0,21828,21828
230945,2006,0,21915,21915
230945,2007,0,22490,22490
230945,2008,0,22956,22956
230945,2009,0,25979,25979
230945,2010,0,22672,22672
230945,2011,0,26549,26549
230945,2012,0,22881,22881
230945,2013,0,22244,22244
230945,2014,0,25037,25037
230945,2015,0,22865,22865
230945,2016,0,22893,22893
230945,2017,0,23041,23041
230945,2018,0,22933,22933
230945,2019,0,23765,23765
230945,2020,0,23633,23633
230945,2021,0,24718,24718
230950,1988,0,4562,4562
230950,1989,0,3113,3113
230950,1990,0,4757,4757
230950,1991,0,3513,3513
230950,1992,0,4017,4017
230950,1993,0,3935,3935
230950,1994,0,4729,4729
230950,1995,0,3584,3584
230950,1996,0,4299,4299
230950,1997,0,4238,4238
230950,1998,0,3858,3858
230950,1999,0,4575,4575
230950,2000,0,4415,4415
230950,2001,0,3150,3150
230950,2002,0,3259,3259
230950,2003,0,3815,3815
230950,2004,0,3775,3775
230950,2005,0,3980,3980
230950,2006,0,4435,4435
230950,2007,0,4344,4344
230950,2008,0,4860,4860
230950,2009,0,5506,5506
230950,2010,0,4529,4529
230950,2011,0,3514,3514
230950,2012,0,3492,3492
230950,2013,0,2606,2606
230950,2014,0,3080,3080
230950,2015,0,2460,2460
230950,2016,0,2485,2485
230950,2017,0,2265,2265
230950,2018,0,2536,2536
230950,2019,0,2526,2526
230950,2020,0,2701,2701
230950,2021,0,3134,3134
230960,1988,0,41680,41680
230960,1989,0,18561,18561
230960,1990,0,18431,18431
230960,1991,0,18471,18471
230960,1992,0,19981,19981
230960,1993,0,17575,17575
230960,1994,0,19791,19791
230960,1995,0,19969,19969
230960,1996,0,10621,10621
230960,1997,0,12544,12544
230960,1998,0,11827,11827
230960,1999,0,12572,12572
230960,2000,0,12555,12555
230960,2001,0,14196,14196
230960,2002,0,13491,13491
230960,2003,0,15502,15502
230960,2004,0,15033,15033
230960,2005,0,15892,15892
230960,2006,0,16135,16135
230960,2007,0,16176,16176
230960,2008,0,15636,15636
230960,2009,0,16283,16283
230960,2010,0,14737,14737
230960,2011,0,14703,14703
230960,2012,0,16554,16554
230960,2013,0,12281,12281
230960,2014,0,12378,12378
230960,2015,0,12214,12214
230960,2016,0,9286,9286
230960,2017,0,9368,9368
230960,2018,0,9257,9257
230960,2019,0,8906,8906
230960,2020,0,7907,7907
230960,2021,0,7011,7011
230970,1988,0,4824,4824
230970,1989,0,1766,1766
230970,1990,0,2348,2348
230970,1991,0,4585,4585
230970,1992,0,5611,5611
230970,1993,0,6044,6044
230970,1994,0,6776,6776
230970,1995,0,7522,7522
230970,1996,0,2099,2099
230970,1997,0,2509,2509
230970,1998,0,2241,2241
230970,1999,0,2021,2021
230970,2000,0,2091,2091
230970,2001,0,2139,2139
230970,2002,0,2136,2136
230970,2003,0,3131,3131
230970,2004,0,2614,2614
230970,2005,0,2419,2419
230970,2006,0,2613,2613
230970,2007,0,2685,2685
230970,2008,0,2511,2511
230970,2009,0,2483,2483
230970,2010,0,1915,1915
230970,2011,0,2380,2380
230970,2012,0,2780,2780
230970,2013,0,2526,2526
230970,2014,0,1193,1193
230970,2015,0,1137,1137
230970,2016,0,1776,1776
230970,2017,0,1559,1559
230970,2018,0,1169,1169
230970,2019,0,1555,1555
230970,2020,0,1314,1314
230970,2021,0,1328,1328
230980,1988,0,4719,4719
230980,1989,0,4736,4736
230980,1990,0,4758,4758
230980,1991,0,4686,4686
230980,1992,0,4695,4695
230980,1993,0,6141,6141
230980,1994,0,5968,5968
230980,1995,0,5401,5401
230980,1996,0,5082,5082
230980,1997,0,4976,4976
230980,1998,0,5130,5130
230980,1999,0,6458,6458
230980,2000,0,6369,6369
230980,2001,0,4598,4598
230980,2002,0,4725,4725
230980,2003,0,4737,4737
230980,2004,0,4770,4770
230980,2005,0,4704,4704
230980,2006,0,4754,4754
230980,2007,0,4759,4759
230980,2008,0,4771,4771
230980,2009,0,5044,5044
230980,2010,0,5889,5889
230980,2011,0,5328,5328
230980,2012,0,4630,4630
230980,2013,0,4426,4426
230980,2014,0,4765,4765
230980,2015,0,4646,4646
230980,2016,0,3932,3932
230980,2017,0,3849,3849
230980,2018,0,2039,2039
230980,2019,0,1885,1885
230980,2020,0,1801,1801
230980,2021,0,1766,1766
230990,1988,0,1075,1075
230990,1989,0,1275,1275
230990,1990,0,1368,1368
230990,1991,0,1058,1058
230990,1992,0,1065,1065
230990,1993,0,1259,1259
230990,1994,0,1313,1313
230990,1995,0,1442,1442
230990,1996,0,834,834
230990,1997,0,870,870
230990,1998,0,1040,1040
230990,1999,0,1471,1471
230990,2000,0,1827,1827
230990,2001,0,3299,3299
230990,2002,0,3479,3479
230990,2003,0,2991,2991
230990,2004,0,2783,2783
230990,2005,0,1791,1791
230990,2006,0,2820,2820
230990,2007,0,2899,2899
230990,2008,0,2919,2919
230990,2009,0,3007,3007
230990,2010,0,2896,2896
230990,2011,0,2457,2457
230990,2012,0,2446,2446
230990,2013,0,2196,2196
230990,2014,0,1156,1156
230990,2015,0,2058,2058
230990,2016,0,1960,1960
230990,2017,0,1978,1978
230990,2018,0,1060,1060
230990,2019,0,963,963
230990,2020,0,983,983
230990,2021,0,984,984
231000,1988,0,7560,7560
231000,1989,0,5680,5680
231000,1990,0,5715,5715
231000,1991,0,5575,5575
231000,1992,0,5605,5605
231000,1993,0,5660,5660
231000,1994,0,5580,5580
231000,1995,0,5355,5355
231000,1996,0,4693,4693
231000,1997,0,4570,4570
231000,1998,0,6787,6787
231000,1999,0,5295,5295
231000,2000,0,4800,4800
231000,2001,0,5290,5290
231000,2002,0,10074,10074
231000,2003,0,6880,6880
231000,2004,0,8430,8430
231000,2005,0,7334,7334
231000,2006,0,8980,8980
231000,2007,0,13158,13158
231000,2008,0,13070,13070
231000,2009,0,16340,16340
231000,2010,0,15771,15771
231000,2011,0,15040,15040
231000,2012,0,15800,15800
231000,2013,0,16035,16035
231000,2014,0,15214,15214
231000,2015,0,14475,14475
231000,2016,0,18468,18468
231000,2017,0,9210,9210
231000,2018,0,7425,7425
231000,2019,0,7145,7145
231000,2020,0,7405,7405
231000,2021,0,7835,7835
231010,1988,0,4044,4044
231010,1989,0,3956,3956
231010,1990,0,5885,5885
231010,1991,0,6616,6616
231010,1992,0,7806,7806
231010,1993,0,8167,8167
231010,1994,0,9362,9362
231010,1995,0,10300,10300
231010,1996,0,2678,2678
231010,1997,0,2566,2566
231010,1998,0,3028,3028
231010,1999,0,3949,3949
231010,2000,0,3787,3787
231010,2001,0,3213,3213
231010,2002,0,3315,3315
231010,2003,0,3431,3431
231010,2004,0,3547,3547
231010,2005,0,3394,3394
231010,2006,0,3362,3362
231010,2007,0,3416,3416
231010,2008,0,3495,3495
231010,2009,0,3615,3615
231010,2010,0,4249,4249
231010,2011,0,3914,3914
231010,2012,0,3456,3456
231010,2013,0,2528,2528
231010,2014,0,3215,3215
231010,2015,0,2600,2600
231010,2016,0,2308,2308
231010,2017,0,2857,2857
231010,2018,0,2593,2593
231010,2019,0,1890,1890
231010,2020,0,2310,2310
231010,2021,0,2134,2134
231020,1988,0,6680,6680
231020,1989,0,7205,7205
231020,1990,0,7172,7172
231020,1991,0,7414,7414
231020,1992,0,26930,26930
231020,1993,0,26820,26820
231020,1994,0,24710,24710
231020,1995,0,26162,26162
231020,1996,0,6829,6829
231020,1997,0,7214,7214
231020,1998,0,14224,14224
231020,1999,0,14745,14745
231020,2000,0,13454,13454
231020,2001,0,12694,12694
231020,2002,0,12416,12416
231020,2003,0,10466,10466
231020,2004,0,10866,10866
231020,2005,0,11386,11386
231020,2006,0,11786,11786
231020,2007,0,11576,11576
231020,2008,0,10938,10938
231020,2009,0,12697,12697
231020,2010,0,9946,9946
231020,2011,0,9603,9603
231020,2012,0,9719,9719
231020,2013,0,4716,4716
231020,2014,0,3875,3875
231020,2015,0,3463,3463
231020,2016,0,2784,2784
231020,2017,0,3934,3934
231020,2018,0,2713,2713
231020,2019,0,2736,2736
231020,2020,0,2883,2883
231020,2021,0,2966,2966
231025,1988,0,6652,6652
231025,1989,0,7350,7350
231025,1990,0,7775,7775
231025,1991,0,10431,10431
231025,1992,0,10145,10145
231025,1993,0,11115,11115
231025,1994,0,9795,9795
231025,1995,0,10935,10935
231025,1996,0,3976,3976
231025,1997,0,3945,3945
231025,1998,0,8673,8673
231025,1999,0,11431,11431
231025,2000,0,10749,10749
231025,2001,0,11688,11688
231025,2002,0,11919,11919
231025,2003,0,11131,11131
231025,2004,0,11561,11561
231025,2005,0,12197,12197
231025,2006,0,12417,12417
231025,2007,0,12654,12654
231025,2008,0,13444,13444
231025,2009,0,15273,15273
231025,2010,0,13922,13922
231025,2011,0,18357,18357
231025,2012,0,17704,17704
231025,2013,0,12058,12058
231025,2014,0,20015,20015
231025,2015,0,18362,18362
231025,2016,0,16194,16194
231025,2017,0,15645,15645
231025,2018,0,14543,14543
231025,2019,0,12204,12204
231025,2020,0,11236,11236
231025,2021,0,11956,11956
231030,1988,0,46920,46920
231030,1989,0,24895,24895
231030,1990,0,25862,25862
231030,1991,0,41242,41242
231030,1992,0,26608,26608
231030,1993,0,17132,17132
231030,1994,0,29012,29012
231030,1995,0,29998,29998
231030,1996,0,26829,26829
231030,1997,0,22607,22607
231030,1998,0,26283,26283
231030,1999,0,24783,24783
231030,2000,0,30147,30147
231030,2001,0,35900,35900
231030,2002,0,40401,40401
231030,2003,0,44478,44478
231030,2004,0,36980,36980
231030,2005,0,28551,28551
231030,2006,0,31751,31751
231030,2007,0,33143,33143
231030,2008,0,33089,33089
231030,2009,0,33831,33831
231030,2010,0,28441,28441
231030,2011,0,31693,31693
231030,2012,0,30581,30581
231030,2013,0,18891,18891
231030,2014,0,20117,20117
231030,2015,0,22778,22778
231030,2016,0,23448,23448
231030,2017,0,23859,23859
231030,2018,0,21804,21804
231030,2019,0,20053,20053
231030,2020,0,20438,20438
231030,2021,0,20548,20548
231040,1988,0,10018,10018
231040,1989,0,9845,9845
231040,1990,0,11972,11972
231040,1991,0,12403,12403
231040,1992,0,11017,11017
231040,1993,0,11515,11515
231040,1994,0,7569,7569
231040,1995,0,8210,8210
231040,1996,0,2566,2566
231040,1997,0,4043,4043
231040,1998,0,3009,3009
231040,1999,0,5123,5123
231040,2000,0,6647,6647
231040,2001,0,3773,3773
231040,2002,0,4173,4173
231040,2003,0,4484,4484
231040,2004,0,5554,5554
231040,2005,0,6708,6708
231040,2006,0,7574,7574
231040,2007,0,7467,7467
231040,2008,0,7896,7896
231040,2009,0,9797,9797
231040,2010,0,9827,9827
231040,2011,0,11832,11832
231040,2012,0,8828,8828
231040,2013,0,2567,2567
231040,2014,0,3417,3417
231040,2015,0,6146,6146
231040,2016,0,5258,5258
231040,2017,0,10072,10072
231040,2018,0,10876,10876
231040,2019,0,15238,15238
231040,2020,0,18060,18060
231040,2021,0,14859,14859
231050,1988,0,34194,34194
231050,1989,0,21671,21671
231050,1990,0,24885,24885
231050,1991,0,25514,25514
231050,1992,0,25374,25374
231050,1993,0,28276,28276
231050,1994,0,29617,29617
231050,1995,0,15368,15368
231050,1996,0,21660,21660
231050,1997,0,19932,19932
231050,1998,0,15317,15317
231050,1999,0,13578,13578
231050,2000,0,15758,15758
231050,2001,0,28403,28403
231050,2002,0,24121,24121
231050,2003,0,23279,23279
231050,2004,0,24354,24354
231050,2005,0,21965,21965
231050,2006,0,19431,19431
231050,2007,0,30627,30627
231050,2008,0,31207,31207
231050,2009,0,29080,29080
231050,2010,0,17072,17072
231050,2011,0,28546,28546
231050,2012,0,14902,14902
231050,2013,0,8965,8965
231050,2014,0,10657,10657
231050,2015,0,13142,13142
231050,2016,0,10746,10746
231050,2017,0,13118,13118
231050,2018,0,14374,14374
231050,2019,0,13534,13534
231050,2020,0,13464,13464
231050,2021,0,13480,13480
231060,1988,0,7356,7356
231060,1989,0,6678,6678
231060,1990,0,7221,7221
231060,1991,0,7123,7123
231060,1992,0,7741,7741
231060,1993,0,8301,8301
231060,1994,0,7694,7694
231060,1995,0,7864,7864
231060,1996,0,5259,5259
231060,1997,0,5258,5258
231060,1998,0,8050,8050
231060,1999,0,8029,8029
231060,2000,0,7158,7158
231060,2001,0,3947,3947
231060,2002,0,4319,4319
231060,2003,0,2510,2510
231060,2004,0,3591,3591
231060,2005,0,1910,1910
231060,2006,0,2329,2329
231060,2007,0,2933,2933
231060,2008,0,3048,3048
231060,2009,0,3143,3143
231060,2010,0,3695,3695
231060,2011,0,3900,3900
231060,2012,0,1933,1933
231060,2013,0,585,585
231060,2014,0,744,744
231060,2015,0,820,820
231060,2016,0,1078,1078
231060,2017,0,2079,2079
231060,2018,0,2122,2122
231060,2019,0,1431,1431
231060,2020,0,1806,1806
231060,2021,0,1519,1519
231070,1988,0,13663,13663
231070,1989,0,13520,13520
231070,1990,0,14026,14026
231070,1991,0,13936,13936
231070,1992,0,6583,6583
231070,1993,0,7002,7002
231070,1994,0,7263,7263
231070,1995,0,7538,7538
231070,1996,0,5252,5252
231070,1997,0,5344,5344
231070,1998,0,6891,6891
231070,1999,0,6367,6367
231070,2000,0,6548,6548
231070,2001,0,5957,5957
231070,2002,0,6538,6538
231070,2003,0,6418,6418
231070,2004,0,3962,3962
231070,2005,0,4264,4264
231070,2006,0,3961,3961
231070,2007,0,4195,4195
231070,2008,0,4635,4635
231070,2009,0,5470,5470
231070,2010,0,5973,5973
231070,2011,0,8000,8000
231070,2012,0,5624,5624
231070,2013,0,4287,4287
231070,2014,0,8503,8503
231070,2015,0,6980,6980
231070,2016,0,4645,4645
231070,2017,0,9284,9284
231070,2018,0,9384,9384
231070,2019,0,4978,4978
231070,2020,0,6408,6408
231070,2021,0,5185,5185
231080,1988,20,30181,30161
231080,1989,0,16219,16219
231080,1990,0,20730,20730
231080,1991,0,21040,21040
231080,1992,0,18806,18806
231080,1993,0,7480,7480
231080,1994,0,22365,22365
231080,1995,0,16855,16855
231080,1996,0,7911,7911
231080,1997,0,9404,9404
231080,1998,0,8679,8679
231080,1999,0,12886,12886
231080,2000,0,13289,13289
231080,2001,0,13079,13079
231080,2002,0,12971,12971
231080,2003,0,13051,13051
231080,2004,0,11353,11353
231080,2005,0,7581,7581
231080,2006,0,5657,5657
231080,2007,0,5474,5474
231080,2008,0,5832,5832
231080,2009,0,5873,5873
231080,2010,0,4110,4110
231080,2011,0,5903,5903
231080,2012,0,4348,4348
231080,2013,0,3024,3024
231080,2014,0,3756,3756
231080,2015,0,3789,3789
231080,2016,0,3802,3802
231080,2017,0,4739,4739
231080,2018,0,5415,5415
231080,2019,0,5370,5370
231080,2020,0,5284,5284
231080,2021,0,5516,5516
231085,1988,0,0,0
231085,1989,0,2304,2304
231085,1990,0,2354,2354
231085,1991,0,2280,2280
231085,1992,0,2578,2578
231085,1993,0,2422,2422
231085,1994,0,1546,1546
231085,1995,0,2827,2827
231085,1996,0,1695,1695
231085,1997,0,1722,1722
231085,1998,0,1984,1984
231085,1999,0,2390,2390
231085,2000,0,2326,2326
231085,2001,0,2677,2677
231085,2002,0,2397,2397
231085,2003,0,2785,2785
231085,2004,0,2537,2537
231085,2005,0,2853,2853
231085,2006,0,2654,2654
231085,2007,0,2891,2891
231085,2008,0,3226,3226
231085,2009,0,3601,3601
231085,2010,0,3279,3279
231085,2011,0,4034,4034
231085,2012,0,4484,4484
231085,2013,0,3217,3217
231085,2014,0,2747,2747
231085,2015,0,2000,2000
231085,2016,0,2080,2080
231085,2017,0,2223,2223
231085,2018,0,1902,1902
231085,2019,0,1961,1961
231085,2020,0,1911,1911
231085,2021,0,845,845
231090,1988,0,12524,12524
231090,1989,0,15805,15805
231090,1990,0,17769,17769
231090,1991,0,8916,8916
231090,1992,0,8290,8290
231090,1993,0,11034,11034
231090,1994,0,5400,5400
231090,1995,0,9003,9003
231090,1996,0,4976,4976
231090,1997,0,5061,5061
231090,1998,0,2852,2852
231090,1999,0,2907,2907
231090,2000,0,4417,4417
231090,2001,0,4152,4152
231090,2002,0,5049,5049
231090,2003,0,5815,5815
231090,2004,0,5950,5950
231090,2005,0,5130,5130
231090,2006,0,4978,4978
231090,2007,0,6353,6353
231090,2008,0,5333,5333
231090,2009,0,5372,5372
231090,2010,0,4095,4095
231090,2011,0,5336,5336
231090,2012,0,5204,5204
231090,2013,0,4904,4904
231090,2014,0,5017,5017
231090,2015,0,5014,5014
231090,2016,0,6586,6586
231090,2017,0,5646,5646
231090,2018,0,6131,6131
231090,2019,0,5453,5453
231090,2020,0,5189,5189
231090,2021,0,4833,4833
231095,1988,0,0,0
231095,1989,0,4632,4632
231095,1990,0,7107,7107
231095,1991,0,7464,7464
231095,1992,0,6879,6879
231095,1993,0,8178,8178
231095,1994,0,9597,9597
231095,1995,0,10823,10823
231095,1996,0,3471,3471
231095,1997,0,3384,3384
231095,1998,0,2378,2378
231095,1999,0,7866,7866
231095,2000,0,5822,5822
231095,2001,0,6170,6170
231095,2002,0,7811,7811
231095,2003,0,7663,7663
231095,2004,0,7454,7454
231095,2005,0,7475,7475
231095,2006,0,7030,7030
231095,2007,0,6918,6918
231095,2008,0,7020,7020
231095,2009,0,6728,6728
231095,2010,0,6975,6975
231095,2011,0,7112,7112
231095,2012,0,7693,7693
231095,2013,0,6935,6935
231095,2014,0,6533,6533
231095,2015,0,2663,2663
231095,2016,0,3305,3305
231095,2017,0,3364,3364
231095,2018,0,4798,4798
231095,2019,0,4970,4970
231095,2020,0,5170,5170
231095,2021,0,4871,4871
231100,1988,0,8195,8195
231100,1989,0,6041,6041
231100,1990,0,9947,9947
231100,1991,0,10673,10673
231100,1992,0,8745,8745
231100,1993,0,10790,10790
231100,1994,0,11668,11668
231100,1995,0,11101,11101
231100,1996,0,2419,2419
231100,1997,0,2741,2741
231100,1998,0,3172,3172
231100,1999,0,4614,4614
231100,2000,0,5004,5004
231100,2001,0,5038,5038
231100,2002,0,4706,4706
231100,2003,0,4111,4111
231100,2004,0,3684,3684
231100,2005,0,3239,3239
231100,2006,0,2928,2928
231100,2007,0,2920,2920
231100,2008,0,3106,3106
231100,2009,0,3147,3147
231100,2010,0,1660,1660
231100,2011,0,3193,3193
231100,2012,0,2998,2998
231100,2013,0,1770,1770
231100,2014,0,1508,1508
231100,2015,0,1560,1560
231100,2016,0,1530,1530
231100,2017,0,1710,1710
231100,2018,0,2714,2714
231100,2019,0,2063,2063
231100,2020,0,2113,2113
231100,2021,0,2053,2053
231110,1988,0,19327,19327
231110,1989,0,17212,17212
231110,1990,0,18569,18569
231110,1991,0,18199,18199
231110,1992,0,8600,8600
231110,1993,0,9796,9796
231110,1994,0,9606,9606
231110,1995,0,9816,9816
231110,1996,0,6917,6917
231110,1997,0,6775,6775
231110,1998,0,6583,6583
231110,1999,0,6265,6265
231110,2000,0,6787,6787
231110,2001,0,8395,8395
231110,2002,0,7410,7410
231110,2003,0,7339,7339
231110,2004,0,5480,5480
231110,2005,0,4388,4388
231110,2006,0,5918,5918
231110,2007,0,7049,7049
231110,2008,0,7192,7192
231110,2009,0,7300,7300
231110,2010,0,4073,4073
231110,2011,0,4321,4321
231110,2012,0,3634,3634
231110,2013,0,3082,3082
231110,2014,0,2191,2191
231110,2015,0,2554,2554
231110,2016,0,3478,3478
231110,2017,0,2302,2302
231110,2018,0,4512,4512
231110,2019,0,3443,3443
231110,2020,0,3484,3484
231110,2021,0,3309,3309
231120,1988,0,7252,7252
231120,1989,0,7593,7593
231120,1990,0,4920,4920
231120,1991,0,5331,5331
231120,1992,0,5863,5863
231120,1993,0,6201,6201
231120,1994,0,6352,6352
231120,1995,0,6193,6193
231120,1996,0,3884,3884
231120,1997,0,3911,3911
231120,1998,0,5897,5897
231120,1999,0,6591,6591
231120,2000,0,6531,6531
231120,2001,0,5294,5294
231120,2002,0,7444,7444
231120,2003,0,7765,7765
231120,2004,0,6192,6192
231120,2005,0,7785,7785
231120,2006,0,4424,4424
231120,2007,0,4287,4287
231120,2008,0,5377,5377
231120,2009,0,4842,4842
231120,2010,0,4569,4569
231120,2011,0,4073,4073
231120,2012,0,2204,2204
231120,2013,0,2105,2105
231120,2014,0,4374,4374
231120,2015,0,3039,3039
231120,2016,0,4161,4161
231120,2017,0,6318,6318
231120,2018,0,3871,3871
231120,2019,0,3353,3353
231120,2020,0,3386,3386
231120,2021,0,3589,3589
231123,1988,0,0,0
231123,1989,0,16509,16509
231123,1990,0,18593,18593
231123,1991,0,15168,15168
231123,1992,0,14955,14955
231123,1993,0,5974,5974
231123,1994,0,15967,15967
231123,1995,0,17350,17350
231123,1996,0,6731,6731
231123,1997,0,7023,7023
231123,1998,0,4724,4724
231123,1999,0,6263,6263
231123,2000,0,8628,8628
231123,2001,0,5728,5728
231123,2002,0,7205,7205
231123,2003,0,6650,6650
231123,2004,0,5701,5701
231123,2005,0,4715,4715
231123,2006,0,5305,5305
231123,2007,0,5218,5218
231123,2008,0,5970,5970
231123,2009,0,7390,7390
231123,2010,0,4497,4497
231123,2011,0,5927,5927
231123,2012,0,4178,4178
231123,2013,0,4077,4077
231123,2014,0,3900,3900
231123,2015,0,5580,5580
231123,2016,0,5450,5450
231123,2017,0,4745,4745
231123,2018,0,4422,4422
231123,2019,0,4625,4625
231123,2020,0,5075,5075
231123,2021,0,5288,5288
231126,1988,0,0,0
231126,1989,0,9688,9688
231126,1990,0,11192,11192
231126,1991,0,13173,13173
231126,1992,0,10230,10230
231126,1993,0,7200,7200
231126,1994,0,12490,12490
231126,1995,0,10691,10691
231126,1996,0,14018,14018
231126,1997,0,10119,10119
231126,1998,0,9287,9287
231126,1999,0,11132,11132
231126,2000,0,11159,11159
231126,2001,0,9986,9986
231126,2002,0,18956,18956
231126,2003,0,12166,12166
231126,2004,0,12244,12244
231126,2005,0,11705,11705
231126,2006,0,11626,11626
231126,2007,0,12667,12667
231126,2008,0,12867,12867
231126,2009,0,13266,13266
231126,2010,0,11823,11823
231126,2011,0,14486,14486
231126,2012,0,10349,10349
231126,2013,0,6934,6934
231126,2014,0,7504,7504
231126,2015,0,8210,8210
231126,2016,0,9605,9605
231126,2017,0,10134,10134
231126,2018,0,10103,10103
231126,2019,0,9347,9347
231126,2020,0,9692,9692
231126,2021,0,9832,9832
231130,1988,0,48966,48966
231130,1989,0,16482,16482
231130,1990,0,35600,35600
231130,1991,0,31381,31381
231130,1992,0,29780,29780
231130,1993,0,33919,33919
231130,1994,0,39971,39971
231130,1995,0,19730,19730
231130,1996,0,16299,16299
231130,1997,0,16312,16312
231130,1998,0,20767,20767
231130,1999,0,26211,26211
231130,2000,0,31188,31188
231130,2001,0,16249,16249
231130,2002,0,25528,25528
231130,2003,0,22245,22245
231130,2004,0,22357,22357
231130,2005,0,17261,17261
231130,2006,0,20209,20209
231130,2007,0,21182,21182
231130,2008,0,18625,18625
231130,2009,0,19543,19543
231130,2010,0,10769,10769
231130,2011,0,19262,19262
231130,2012,0,10297,10297
231130,2013,0,5547,5547
231130,2014,0,7204,7204
231130,2015,0,7257,7257
231130,2016,0,8530,8530
231130,2017,0,10729,10729
231130,2018,0,12355,12355
231130,2019,0,12688,12688
231130,2020,0,11793,11793
231130,2021,0,11936,11936
231135,1988,0,5700,5700
231135,1989,0,6663,6663
231135,1990,0,7617,7617
231135,1991,0,6349,6349
231135,1992,0,5228,5228
231135,1993,0,8195,8195
231135,1994,0,8945,8945
231135,1995,0,8237,8237
231135,1996,0,5822,5822
231135,1997,0,5818,5818
231135,1998,0,4021,4021
231135,1999,0,5943,5943
231135,2000,0,5620,5620
231135,2001,0,5810,5810
231135,2002,0,6580,6580
231135,2003,0,6030,6030
231135,2004,0,6302,6302
231135,2005,0,5085,5085
231135,2006,0,5624,5624
231135,2007,0,5766,5766
231135,2008,0,5936,5936
231135,2009,0,5573,5573
231135,2010,0,4262,4262
231135,2011,0,5651,5651
231135,2012,0,4486,4486
231135,2013,0,2006,2006
231135,2014,0,4507,4507
231135,2015,0,3195,3195
231135,2016,0,3266,3266
231135,2017,0,3579,3579
231135,2018,0,3270,3270
231135,2019,0,2871,2871
231135,2020,0,3379,3379
231135,2021,0,3943,3943
231140,1988,0,38803,38803
231140,1989,0,16643,16643
231140,1990,0,32242,32242
231140,1991,0,26801,26801
231140,1992,0,28337,28337
231140,1993,0,33024,33024
231140,1994,0,39699,39699
231140,1995,0,15121,15121
231140,1996,0,9162,9162
231140,1997,0,10991,10991
231140,1998,0,14279,14279
231140,1999,0,20155,20155
231140,2000,0,21464,21464
231140,2001,0,12333,12333
231140,2002,0,16142,16142
231140,2003,0,20192,20192
231140,2004,0,21667,21667
231140,2005,0,11201,11201
231140,2006,0,15895,15895
231140,2007,0,16292,16292
231140,2008,0,15214,15214
231140,2009,0,17852,17852
231140,2010,0,7585,7585
231140,2011,0,22197,22197
231140,2012,0,2354,2354
231140,2013,0,7905,7905
231140,2014,0,7519,7519
231140,2015,0,16497,16497
231140,2016,0,11548,11548
231140,2017,0,17574,17574
231140,2018,0,18621,18621
231140,2019,0,16765,16765
231140,2020,0,14050,14050
231140,2021,0,19247,19247
231150,1988,0,10574,10574
231150,1989,0,9829,9829
231150,1990,0,11433,11433
231150,1991,0,8251,8251
231150,1992,0,7506,7506
231150,1993,0,3421,3421
231150,1994,0,8311,8311
231150,1995,0,8271,8271
231150,1996,0,5812,5812
231150,1997,0,4647,4647
231150,1998,0,2199,2199
231150,1999,0,4605,4605
231150,2000,0,5260,5260
231150,2001,0,3373,3373
231150,2002,0,6580,6580
231150,2003,0,7267,7267
231150,2004,0,8157,8157
231150,2005,0,4828,4828
231150,2006,0,6574,6574
231150,2007,0,6329,6329
231150,2008,0,5139,5139
231150,2009,0,5041,5041
231150,2010,0,3350,3350
231150,2011,0,5712,5712
231150,2012,0,6167,6167
231150,2013,0,6574,6574
231150,2014,0,4695,4695
231150,2015,0,4496,4496
231150,2016,0,3652,3652
231150,2017,0,4563,4563
231150,2018,0,3489,3489
231150,2019,0,4636,4636
231150,2020,0,4857,4857
231150,2021,0,7150,7150
231160,1988,0,30693,30693
231160,1989,0,14609,14609
231160,1990,0,14328,14328
231160,1991,0,12474,12474
231160,1992,0,12621,12621
231160,1993,0,11583,11583
231160,1994,0,9292,9292
231160,1995,0,9333,9333
231160,1996,0,6277,6277
231160,1997,0,5972,5972
231160,1998,0,5933,5933
231160,1999,0,6636,6636
231160,2000,0,6532,6532
231160,2001,0,6116,6116
231160,2002,0,6275,6275
231160,2003,0,6767,6767
231160,2004,0,6939,6939
231160,2005,0,6496,6496
231160,2006,0,6756,6756
231160,2007,0,7102,7102
231160,2008,0,7645,7645
231160,2009,0,8432,8432
231160,2010,0,8032,8032
231160,2011,0,9330,9330
231160,2012,0,8444,8444
231160,2013,0,8019,8019
231160,2014,0,8397,8397
231160,2015,0,7982,7982
231160,2016,0,7697,7697
231160,2017,0,7429,7429
231160,2018,0,7026,7026
231160,2019,0,6850,6850
231160,2020,0,6933,6933
231160,2021,0,6949,6949
231170,1988,0,6998,6998
231170,1989,0,2417,2417
231170,1990,0,2358,2358
231170,1991,0,2124,2124
231170,1992,0,7842,7842
231170,1993,0,9136,9136
231170,1994,0,9999,9999
231170,1995,0,11321,11321
231170,1996,0,5360,5360
231170,1997,0,6445,6445
231170,1998,0,3197,3197
231170,1999,0,10387,10387
231170,2000,0,11304,11304
231170,2001,0,12968,12968
231170,2002,0,13984,13984
231170,2003,0,14143,14143
231170,2004,0,14371,14371
231170,2005,0,14561,14561
231170,2006,0,14399,14399
231170,2007,0,8842,8842
231170,2008,0,8729,8729
231170,2009,0,9096,9096
231170,2010,0,9514,9514
231170,2011,0,9729,9729
231170,2012,0,13101,13101
231170,2013,0,8951,8951
231170,2014,0,7928,7928
231170,2015,0,7271,7271
231170,2016,0,8052,8052
231170,2017,0,8304,8304
231170,2018,0,8519,8519
231170,2019,0,5726,5726
231170,2020,0,6092,6092
231170,2021,0,4974,4974
231180,1988,0,17651,17651
231180,1989,0,17472,17472
231180,1990,0,18670,18670
231180,1991,0,15920,15920
231180,1992,0,15732,15732
231180,1993,0,12591,12591
231180,1994,0,16208,16208
231180,1995,0,16206,16206
231180,1996,0,14445,14445
231180,1997,0,11072,11072
231180,1998,0,10749,10749
231180,1999,0,9671,9671
231180,2000,0,12330,12330
231180,2001,0,7658,7658
231180,2002,0,9836,9836
231180,2003,0,7984,7984
231180,2004,0,8914,8914
231180,2005,0,9493,9493
231180,2006,0,11454,11454
231180,2007,0,11785,11785
231180,2008,0,13476,13476
231180,2009,0,13306,13306
231180,2010,0,11764,11764
231180,2011,0,14253,14253
231180,2012,0,13773,13773
231180,2013,0,11432,11432
231180,2014,0,10390,10390
231180,2015,0,11215,11215
231180,2016,0,11985,11985
231180,2017,0,9456,9456
231180,2018,0,7461,7461
231180,2019,0,7048,7048
231180,2020,0,6742,6742
231180,2021,0,6237,6237
231190,1988,0,14628,14628
231190,1989,0,20596,20596
231190,1990,0,22163,22163
231190,1991,0,8653,8653
231190,1992,0,9332,9332
231190,1993,0,7640,7640
231190,1994,0,11901,11901
231190,1995,0,9243,9243
231190,1996,0,9078,9078
231190,1997,0,8877,8877
231190,1998,0,7392,7392
231190,1999,0,7513,7513
231190,2000,0,7284,7284
231190,2001,0,6704,6704
231190,2002,0,6445,6445
231190,2003,0,6382,6382
231190,2004,0,5486,5486
231190,2005,0,5252,5252
231190,2006,0,5609,5609
231190,2007,0,5869,5869
231190,2008,0,5670,5670
231190,2009,0,5941,5941
231190,2010,0,4592,4592
231190,2011,0,5888,5888
231190,2012,0,5797,5797
231190,2013,0,1676,1676
231190,2014,0,4130,4130
231190,2015,0,2835,2835
231190,2016,0,3999,3999
231190,2017,0,3731,3731
231190,2018,0,4132,4132
231190,2019,0,3134,3134
231190,2020,0,4177,4177
231190,2021,0,4160,4160
231195,1988,0,0,0
231195,1989,0,3596,3596
231195,1990,0,9666,9666
231195,1991,0,10271,10271
231195,1992,0,10277,10277
231195,1993,0,7321,7321
231195,1994,0,6608,6608
231195,1995,0,7689,7689
231195,1996,0,10958,10958
231195,1997,0,10891,10891
231195,1998,0,5704,5704
231195,1999,0,6934,6934
231195,2000,0,6541,6541
231195,2001,0,13624,13624
231195,2002,0,17276,17276
231195,2003,0,16038,16038
231195,2004,0,12355,12355
231195,2005,0,12242,12242
231195,2006,0,13704,13704
231195,2007,0,15486,15486
231195,2008,0,18849,18849
231195,2009,0,18721,18721
231195,2010,0,15742,15742
231195,2011,0,14000,14000
231195,2012,0,11452,11452
231195,2013,0,11904,11904
231195,2014,0,11487,11487
231195,2015,0,8156,8156
231195,2016,0,7989,7989
231195,2017,0,12905,12905
231195,2018,0,12594,12594
231195,2019,0,10978,10978
231195,2020,0,10494,10494
231195,2021,0,11716,11716
231200,1988,0,11456,11456
231200,1989,0,12125,12125
231200,1990,0,11343,11343
231200,1991,0,7392,7392
231200,1992,0,9056,9056
231200,1993,0,9685,9685
231200,1994,0,10173,10173
231200,1995,0,11271,11271
231200,1996,0,11067,11067
231200,1997,0,11148,11148
231200,1998,0,12808,12808
231200,1999,0,13823,13823
231200,2000,0,14397,14397
231200,2001,0,18295,18295
231200,2002,0,18727,18727
231200,2003,0,14231,14231
231200,2004,0,13931,13931
231200,2005,0,13911,13911
231200,2006,0,14856,14856
231200,2007,0,15153,15153
231200,2008,0,14707,14707
231200,2009,0,14822,14822
231200,2010,0,15929,15929
231200,2011,0,16428,16428
231200,2012,0,16088,16088
231200,2013,0,14430,14430
231200,2014,0,15759,15759
231200,2015,0,15717,15717
231200,2016,0,13698,13698
231200,2017,0,14004,14004
231200,2018,0,8338,8338
231200,2019,0,8547,8547
231200,2020,0,8551,8551
231200,2021,0,8575,8575
231210,1988,0,1564,1564
231210,1989,0,1554,1554
231210,1990,0,1193,1193
231210,1991,0,2208,2208
231210,1992,0,2431,2431
231210,1993,0,2662,2662
231210,1994,0,2698,2698
231210,1995,0,2344,2344
231210,1996,0,4549,4549
231210,1997,0,4552,4552
231210,1998,0,2208,2208
231210,1999,0,5331,5331
231210,2000,0,5271,5271
231210,2001,0,5385,5385
231210,2002,0,4056,4056
231210,2003,0,3801,3801
231210,2004,0,3298,3298
231210,2005,0,5565,5565
231210,2006,0,5429,5429
231210,2007,0,5216,5216
231210,2008,0,5379,5379
231210,2009,0,6424,6424
231210,2010,0,11182,11182
231210,2011,0,8183,8183
231210,2012,0,6489,6489
231210,2013,0,6138,6138
231210,2014,0,5043,5043
231210,2015,0,3613,3613
231210,2016,0,3010,3010
231210,2017,0,3317,3317
231210,2018,0,2283,2283
231210,2019,0,2140,2140
231210,2020,0,2285,2285
231210,2021,0,2852,2852
231220,1988,0,10458,10458
231220,1989,0,11218,11218
231220,1990,0,23061,23061
231220,1991,0,29438,29438
231220,1992,0,26704,26704
231220,1993,0,27848,27848
231220,1994,0,28100,28100
231220,1995,0,27743,27743
231220,1996,0,21935,21935
231220,1997,0,17743,17743
231220,1998,0,26736,26736
231220,1999,0,26087,26087
231220,2000,0,35447,35447
231220,2001,0,35676,35676
231220,2002,0,35326,35326
231220,2003,0,32494,32494
231220,2004,0,41834,41834
231220,2005,0,35181,35181
231220,2006,0,34627,34627
231220,2007,0,36486,36486
231220,2008,0,39435,39435
231220,2009,0,38927,38927
231220,2010,0,37161,37161
231220,2011,0,42831,42831
231220,2012,0,28597,28597
231220,2013,0,9196,9196
231220,2014,0,28958,28958
231220,2015,0,43442,43442
231220,2016,0,37059,37059
231220,2017,0,51193,51193
231220,2018,0,36819,36819
231220,2019,0,51685,51685
231220,2020,0,47423,47423
231220,2021,0,48179,48179
231230,1988,0,8898,8898
231230,1989,0,10286,10286
231230,1990,0,9945,9945
231230,1991,0,10790,10790
231230,1992,0,11838,11838
231230,1993,0,9531,9531
231230,1994,0,9314,9314
231230,1995,0,10891,10891
231230,1996,0,7973,7973
231230,1997,0,8469,8469
231230,1998,0,9018,9018
231230,1999,0,10476,10476
231230,2000,0,10829,10829
231230,2001,0,8790,8790
231230,2002,0,9165,9165
231230,2003,0,9358,9358
231230,2004,0,11653,11653
231230,2005,0,11332,11332
231230,2006,0,12080,12080
231230,2007,0,13220,13220
231230,2008,0,13564,13564
231230,2009,0,14273,14273
231230,2010,0,13438,13438
231230,2011,0,15181,15181
231230,2012,0,13705,13705
231230,2013,0,14211,14211
231230,2014,0,9504,9504
231230,2015,0,8593,8593
231230,2016,0,7598,7598
231230,2017,0,7977,7977
231230,2018,0,8947,8947
231230,2019,0,9522,9522
231230,2020,0,10994,10994
231230,2021,0,11263,11263
231240,1988,0,9520,9520
231240,1989,0,9790,9790
231240,1990,0,9955,9955
231240,1991,0,9828,9828
231240,1992,0,12285,12285
231240,1993,0,13800,13800
231240,1994,0,12600,12600
231240,1995,0,13360,13360
231240,1996,0,7826,7826
231240,1997,0,7920,7920
231240,1998,0,10552,10552
231240,1999,0,15905,15905
231240,2000,0,16430,16430
231240,2001,0,17276,17276
231240,2002,0,17286,17286
231240,2003,0,16416,16416
231240,2004,0,16566,16566
231240,2005,0,16806,16806
231240,2006,0,17761,17761
231240,2007,0,17486,17486
231240,2008,0,17289,17289
231240,2009,0,19174,19174
231240,2010,0,16774,16774
231240,2011,0,16147,16147
231240,2012,0,16034,16034
231240,2013,0,12621,12621
231240,2014,0,9945,9945
231240,2015,0,9745,9745
231240,2016,0,6302,6302
231240,2017,0,7204,7204
231240,2018,0,7818,7818
231240,2019,0,4217,4217
231240,2020,0,4903,4903
231240,2021,0,4975,4975
231250,1988,0,2409,2409
231250,1989,0,1743,1743
231250,1990,0,2447,2447
231250,1991,0,1638,1638
231250,1992,0,2231,2231
231250,1993,0,1709,1709
231250,1994,0,2615,2615
231250,1995,0,2022,2022
231250,1996,0,3330,3330
231250,1997,0,3221,3221
231250,1998,0,2598,2598
231250,1999,0,4054,4054
231250,2000,0,2314,2314
231250,2001,0,2633,2633
231250,2002,0,2676,2676
231250,2003,0,2407,2407
231250,2004,0,2031,2031
231250,2005,0,1586,1586
231250,2006,0,1997,1997
231250,2007,0,2119,2119
231250,2008,0,1981,1981
231250,2009,0,2305,2305
231250,2010,0,1777,1777
231250,2011,0,2277,2277
231250,2012,0,1639,1639
231250,2013,0,1794,1794
231250,2014,0,1888,1888
231250,2015,0,1973,1973
231250,2016,0,1644,1644
231250,2017,0,1594,1594
231250,2018,0,1297,1297
231250,2019,0,1448,1448
231250,2020,0,1365,1365
231250,2021,0,1419,1419
231260,1988,0,7555,7555
231260,1989,0,5662,5662
231260,1990,0,6616,6616
231260,1991,0,5664,5664
231260,1992,0,5499,5499
231260,1993,0,6477,6477
231260,1994,0,5782,5782
231260,1995,0,6507,6507
231260,1996,0,1281,1281
231260,1997,0,1387,1387
231260,1998,0,2768,2768
231260,1999,0,3319,3319
231260,2000,0,2304,2304
231260,2001,0,2724,2724
231260,2002,0,2489,2489
231260,2003,0,2231,2231
231260,2004,0,2867,2867
231260,2005,0,3583,3583
231260,2006,0,3618,3618
231260,2007,0,3663,3663
231260,2008,0,3710,3710
231260,2009,0,2633,2633
231260,2010,0,2269,2269
231260,2011,0,2626,2626
231260,2012,0,3407,3407
231260,2013,0,2703,2703
231260,2014,0,3377,3377
231260,2015,0,1853,1853
231260,2016,0,2226,2226
231260,2017,0,2472,2472
231260,2018,0,1253,1253
231260,2019,0,1733,1733
231260,2020,0,2116,2116
231260,2021,0,1880,1880
231270,1988,0,21792,21792
231270,1989,0,13554,13554
231270,1990,0,21580,21580
231270,1991,0,18078,18078
231270,1992,0,16432,16432
231270,1993,0,16471,16471
231270,1994,0,18453,18453
231270,1995,0,13419,13419
231270,1996,0,4994,4994
231270,1997,0,3835,3835
231270,1998,0,5789,5789
231270,1999,0,9184,9184
231270,2000,0,11009,11009
231270,2001,0,14703,14703
231270,2002,0,17228,17228
231270,2003,0,15269,15269
231270,2004,0,16460,16460
231270,2005,0,11258,11258
231270,2006,0,12385,12385
231270,2007,0,16344,16344
231270,2008,0,18268,18268
231270,2009,0,15608,15608
231270,2010,0,10562,10562
231270,2011,0,16093,16093
231270,2012,0,5125,5125
231270,2013,0,8516,8516
231270,2014,0,14275,14275
231270,2015,0,13882,13882
231270,2016,0,10040,10040
231270,2017,0,15072,15072
231270,2018,0,14620,14620
231270,2019,0,13596,13596
231270,2020,0,10137,10137
231270,2021,0,9528,9528
231280,1988,0,2308,2308
231280,1989,0,2169,2169
231280,1990,0,1959,1959
231280,1991,0,2161,2161
231280,1992,0,3409,3409
231280,1993,0,3567,3567
231280,1994,0,3607,3607
231280,1995,0,3022,3022
231280,1996,0,1833,1833
231280,1997,0,2039,2039
231280,1998,0,2548,2548
231280,1999,0,2281,2281
231280,2000,0,2447,2447
231280,2001,0,3847,3847
231280,2002,0,5271,5271
231280,2003,0,4137,4137
231280,2004,0,3600,3600
231280,2005,0,5130,5130
231280,2006,0,5040,5040
231280,2007,0,4954,4954
231280,2008,0,4948,4948
231280,2009,0,5245,5245
231280,2010,0,3589,3589
231280,2011,0,5377,5377
231280,2012,0,3476,3476
231280,2013,0,2645,2645
231280,2014,0,1455,1455
231280,2015,0,1563,1563
231280,2016,0,1390,1390
231280,2017,0,1331,1331
231280,2018,0,1924,1924
231280,2019,0,1992,1992
231280,2020,0,2102,2102
231280,2021,0,2121,2121
231290,1988,0,24406,24406
231290,1989,0,17151,17151
231290,1990,0,16543,16543
231290,1991,0,13410,13410
231290,1992,0,16000,16000
231290,1993,0,11410,11410
231290,1994,0,12836,12836
231290,1995,0,13060,13060
231290,1996,0,9605,9605
231290,1997,0,10155,10155
231290,1998,0,8110,8110
231290,1999,0,8665,8665
231290,2000,0,10155,10155
231290,2001,0,9383,9383
231290,2002,0,9575,9575
231290,2003,0,13904,13904
231290,2004,0,14773,14773
231290,2005,0,17211,17211
231290,2006,0,17608,17608
231290,2007,0,17997,17997
231290,2008,0,18246,18246
231290,2009,0,18248,18248
231290,2010,0,19640,19640
231290,2011,0,21113,21113
231290,2012,0,17687,17687
231290,2013,0,9358,9358
231290,2014,0,8932,8932
231290,2015,0,8171,8171
231290,2016,0,8135,8135
231290,2017,0,7900,7900
231290,2018,0,8442,8442
231290,2019,0,8561,8561
231290,2020,0,8696,8696
231290,2021,0,8973,8973
231300,1988,0,31545,31545
231300,1989,0,18530,18530
231300,1990,0,20544,20544
231300,1991,0,16926,16926
231300,1992,0,15873,15873
231300,1993,0,17723,17723
231300,1994,0,18419,18419
231300,1995,0,10879,10879
231300,1996,0,4023,4023
231300,1997,0,5912,5912
231300,1998,0,6508,6508
231300,1999,0,8159,8159
231300,2000,0,7674,7674
231300,2001,0,12772,12772
231300,2002,0,8033,8033
231300,2003,0,8744,8744
231300,2004,0,8010,8010
231300,2005,0,5563,5563
231300,2006,0,8049,8049
231300,2007,0,11145,11145
231300,2008,0,13297,13297
231300,2009,0,15747,15747
231300,2010,0,6971,6971
231300,2011,0,14854,14854
231300,2012,0,3624,3624
231300,2013,0,7278,7278
231300,2014,0,11444,11444
231300,2015,0,9804,9804
231300,2016,0,7749,7749
231300,2017,0,8823,8823
231300,2018,0,9317,9317
231300,2019,0,9117,9117
231300,2020,0,8222,8222
231300,2021,0,8579,8579
231310,1988,0,13370,13370
231310,1989,0,9412,9412
231310,1990,0,11331,11331
231310,1991,0,8037,8037
231310,1992,0,7207,7207
231310,1993,0,2513,2513
231310,1994,0,9324,9324
231310,1995,0,7327,7327
231310,1996,0,12608,12608
231310,1997,0,12701,12701
231310,1998,0,7079,7079
231310,1999,0,14630,14630
231310,2000,0,13473,13473
231310,2001,0,7883,7883
231310,2002,0,10642,10642
231310,2003,0,8814,8814
231310,2004,0,7009,7009
231310,2005,0,6731,6731
231310,2006,0,9397,9397
231310,2007,0,8798,8798
231310,2008,0,6711,6711
231310,2009,0,8770,8770
231310,2010,0,5616,5616
231310,2011,0,9473,9473
231310,2012,0,5391,5391
231310,2013,0,3917,3917
231310,2014,0,5117,5117
231310,2015,0,4882,4882
231310,2016,0,5294,5294
231310,2017,0,4005,4005
231310,2018,0,3542,3542
231310,2019,0,2282,2282
231310,2020,0,2127,2127
231310,2021,0,4251,4251
231320,1988,0,11012,11012
231320,1989,0,7606,7606
231320,1990,0,10453,10453
231320,1991,0,18049,18049
231320,1992,0,16680,16680
231320,1993,0,6605,6605
231320,1994,0,13540,13540
231320,1995,0,15150,15150
231320,1996,0,8667,8667
231320,1997,0,9153,9153
231320,1998,0,9500,9500
231320,1999,0,10537,10537
231320,2000,0,11967,11967
231320,2001,0,7776,7776
231320,2002,0,13476,13476
231320,2003,0,15235,15235
231320,2004,0,15092,15092
231320,2005,0,12069,12069
231320,2006,0,13081,13081
231320,2007,0,13095,13095
231320,2008,0,13453,13453
231320,2009,0,8891,8891
231320,2010,0,7331,7331
231320,2011,0,14008,14008
231320,2012,0,10711,10711
231320,2013,0,8711,8711
231320,2014,0,12306,12306
231320,2015,0,20996,20996
231320,2016,0,23304,23304
231320,2017,0,24203,24203
231320,2018,0,21909,21909
231320,2019,0,19999,19999
231320,2020,0,20403,20403
231320,2021,0,19994,19994
231325,1988,0,0,0
231325,1989,0,8040,8040
231325,1990,0,6004,6004
231325,1991,0,6274,6274
231325,1992,0,6387,6387
231325,1993,0,7511,7511
231325,1994,0,7240,7240
231325,1995,0,4923,4923
231325,1996,0,2629,2629
231325,1997,0,2636,2636
231325,1998,0,4195,4195
231325,1999,0,4167,4167
231325,2000,0,4330,4330
231325,2001,0,5052,5052
231325,2002,0,6385,6385
231325,2003,0,6425,6425
231325,2004,0,4727,4727
231325,2005,0,3654,3654
231325,2006,0,4290,4290
231325,2007,0,4619,4619
231325,2008,0,4840,4840
231325,2009,0,5503,5503
231325,2010,0,7139,7139
231325,2011,0,6873,6873
231325,2012,0,4494,4494
231325,2013,0,4509,4509
231325,2014,0,3330,3330
231325,2015,0,2262,2262
231325,2016,0,3178,3178
231325,2017,0,3866,3866
231325,2018,0,2867,2867
231325,2019,0,2620,2620
231325,2020,0,2806,2806
231325,2021,0,2042,2042
231330,1988,0,46111,46111
231330,1989,0,25298,25298
231330,1990,0,30759,30759
231330,1991,0,40093,40093
231330,1992,0,24683,24683
231330,1993,0,16842,16842
231330,1994,0,30036,30036
231330,1995,0,25859,25859
231330,1996,0,24355,24355
231330,1997,0,22188,22188
231330,1998,0,23415,23415
231330,1999,0,26353,26353
231330,2000,0,33818,33818
231330,2001,0,23623,23623
231330,2002,0,27463,27463
231330,2003,0,33891,33891
231330,2004,0,40511,40511
231330,2005,0,32100,32100
231330,2006,0,37059,37059
231330,2007,0,34696,34696
231330,2008,0,35639,35639
231330,2009,0,36985,36985
231330,2010,0,31009,31009
231330,2011,0,38575,38575
231330,2012,0,31322,31322
231330,2013,0,16089,16089
231330,2014,0,20539,20539
231330,2015,0,19544,19544
231330,2016,0,23874,23874
231330,2017,0,24989,24989
231330,2018,0,24324,24324
231330,2019,0,22081,22081
231330,2020,0,22262,22262
231330,2021,0,22720,22720
231335,1988,0,0,0
231335,1989,0,12886,12886
231335,1990,0,15923,15923
231335,1991,0,12069,12069
231335,1992,0,7774,7774
231335,1993,0,9259,9259
231335,1994,0,8717,8717
231335,1995,0,5322,5322
231335,1996,0,2603,2603
231335,1997,0,2245,2245
231335,1998,0,3785,3785
231335,1999,0,4482,4482
231335,2000,0,3600,3600
231335,2001,0,2050,2050
231335,2002,0,5335,5335
231335,2003,0,4473,4473
231335,2004,0,5090,5090
231335,2005,0,3980,3980
231335,2006,0,5081,5081
231335,2007,0,5119,5119
231335,2008,0,5094,5094
231335,2009,0,6378,6378
231335,2010,0,5715,5715
231335,2011,0,5846,5846
231335,2012,0,4886,4886
231335,2013,0,3003,3003
231335,2014,0,3947,3947
231335,2015,0,4217,4217
231335,2016,0,5183,5183
231335,2017,0,10210,10210
231335,2018,0,3508,3508
231335,2019,0,4439,4439
231335,2020,0,4997,4997
231335,2021,0,3902,3902
231340,1988,0,9733,9733
231340,1989,0,8563,8563
231340,1990,0,9957,9957
231340,1991,0,8689,8689
231340,1992,0,8823,8823
231340,1993,0,9222,9222
231340,1994,0,10204,10204
231340,1995,0,11007,11007
231340,1996,6,10209,10203
231340,1997,0,9243,9243
231340,1998,0,8732,8732
231340,1999,0,13577,13577
231340,2000,0,12929,12929
231340,2001,0,9765,9765
231340,2002,0,10118,10118
231340,2003,0,11130,11130
231340,2004,0,12360,12360
231340,2005,0,10593,10593
231340,2006,0,12993,12993
231340,2007,0,12804,12804
231340,2008,0,14363,14363
231340,2009,0,13330,13330
231340,2010,0,11391,11391
231340,2011,0,10933,10933
231340,2012,0,9387,9387
231340,2013,0,8239,8239
231340,2014,0,10059,10059
231340,2015,0,9701,9701
231340,2016,0,10172,10172
231340,2017,0,10545,10545
231340,2018,0,10850,10850
231340,2019,0,8791,8791
231340,2020,0,10640,10640
231340,2021,110,10323,10213
231350,1988,0,23988,23988
231350,1989,0,21535,21535
231350,1990,0,22905,22905
231350,1991,0,43401,43401
231350,1992,0,27498,27498
231350,1993,0,24038,24038
231350,1994,0,26785,26785
231350,1995,0,32180,32180
231350,1996,0,16621,16621
231350,1997,0,21117,21117
231350,1998,0,23307,23307
231350,1999,0,24999,24999
231350,2000,0,27127,27127
231350,2001,0,28809,28809
231350,2002,0,29153,29153
231350,2003,0,29693,29693
231350,2004,0,30177,30177
231350,2005,0,30499,30499
231350,2006,0,30724,30724
231350,2007,0,32237,32237
231350,2008,0,33092,33092
231350,2009,0,33155,33155
231350,2010,0,30532,30532
231350,2011,0,32348,32348
231350,2012,0,33795,33795
231350,2013,0,28237,28237
231350,2014,0,27430,27430
231350,2015,0,29809,29809
231350,2016,0,30117,30117
231350,2017,0,30310,30310
231350,2018,0,31245,31245
231350,2019,0,23399,23399
231350,2020,0,25129,25129
231350,2021,0,25437,25437
231355,1988,0,0,0
231355,1989,0,10320,10320
231355,1990,0,11765,11765
231355,1991,0,10365,10365
231355,1992,0,11546,11546
231355,1993,0,10105,10105
231355,1994,0,13155,13155
231355,1995,0,11989,11989
231355,1996,0,3697,3697
231355,1997,0,3830,3830
231355,1998,0,9391,9391
231355,1999,0,8689,8689
231355,2000,0,7251,7251
231355,2001,0,7651,7651
231355,2002,0,7436,7436
231355,2003,0,7672,7672
231355,2004,0,7716,7716
231355,2005,0,7659,7659
231355,2006,0,7769,7769
231355,2007,0,7873,7873
231355,2008,0,7917,7917
231355,2009,0,8015,8015
231355,2010,0,7082,7082
231355,2011,0,7739,7739
231355,2012,0,7549,7549
231355,2013,0,6893,6893
231355,2014,0,8194,8194
231355,2015,0,8452,8452
231355,2016,0,7979,7979
231355,2017,0,10348,10348
231355,2018,0,11194,11194
231355,2019,0,10961,10961
231355,2020,0,11375,11375
231355,2021,0,10890,10890
231360,1988,0,8173,8173
231360,1989,0,7960,7960
231360,1990,0,8168,8168
231360,1991,0,8852,8852
231360,1992,0,9600,9600
231360,1993,0,7408,7408
231360,1994,0,7305,7305
231360,1995,0,8693,8693
231360,1996,0,6827,6827
231360,1997,0,6784,6784
231360,1998,0,6619,6619
231360,1999,0,9674,9674
231360,2000,0,7918,7918
231360,2001,0,5775,5775
231360,2002,0,6102,6102
231360,2003,0,5727,5727
231360,2004,0,6585,6585
231360,2005,0,6966,6966
231360,2006,0,7659,7659
231360,2007,0,7922,7922
231360,2008,0,7858,7858
231360,2009,0,8511,8511
231360,2010,0,8091,8091
231360,2011,0,9402,9402
231360,2012,0,8930,8930
231360,2013,0,8190,8190
231360,2014,0,4807,4807
231360,2015,0,3819,3819
231360,2016,0,4551,4551
231360,2017,0,4406,4406
231360,2018,0,5250,5250
231360,2019,0,5750,5750
231360,2020,0,5766,5766
231360,2021,0,5378,5378
231370,1988,0,3740,3740
231370,1989,0,3279,3279
231370,1990,0,3008,3008
231370,1991,0,2553,2553
231370,1992,0,2849,2849
231370,1993,0,1535,1535
231370,1994,0,2495,2495
231370,1995,0,2475,2475
231370,1996,0,2908,2908
231370,1997,0,2672,2672
231370,1998,0,1121,1121
231370,1999,0,2761,2761
231370,2000,0,2411,2411
231370,2001,0,2128,2128
231370,2002,0,2120,2120
231370,2003,0,2241,2241
231370,2004,0,1923,1923
231370,2005,0,1763,1763
231370,2006,0,1959,1959
231370,2007,0,2163,2163
231370,2008,0,2371,2371
231370,2009,0,2558,2558
231370,2010,0,1953,1953
231370,2011,0,2093,2093
231370,2012,0,2092,2092
231370,2013,0,1502,1502
231370,2014,0,1504,1504
231370,2015,0,1108,1108
231370,2016,0,1130,1130
231370,2017,0,1660,1660
231370,2018,0,1721,1721
231370,2019,0,1554,1554
231370,2020,0,1794,1794
231370,2021,0,2045,2045
231375,1988,0,6395,6395
231375,1989,0,4322,4322
231375,1990,0,6256,6256
231375,1991,0,4546,4546
231375,1992,0,5381,5381
231375,1993,0,4964,4964
231375,1994,0,5595,5595
231375,1995,0,1279,1279
231375,1996,0,1956,1956
231375,1997,0,2008,2008
231375,1998,0,3812,3812
231375,1999,0,2888,2888
231375,2000,0,3647,3647
231375,2001,0,3598,3598
231375,2002,0,3438,3438
231375,2003,0,3312,3312
231375,2004,0,3423,3423
231375,2005,0,3770,3770
231375,2006,0,3634,3634
231375,2007,0,3972,3972
231375,2008,0,4266,4266
231375,2009,0,4193,4193
231375,2010,0,4256,4256
231375,2011,0,6906,6906
231375,2012,0,4362,4362
231375,2013,0,4041,4041
231375,2014,0,5978,5978
231375,2015,0,4607,4607
231375,2016,0,5756,5756
231375,2017,0,6312,6312
231375,2018,0,5584,5584
231375,2019,0,5675,5675
231375,2020,0,4388,4388
231375,2021,0,4451,4451
231380,1988,0,21048,21048
231380,1989,0,9700,9700
231380,1990,0,9997,9997
231380,1991,0,9142,9142
231380,1992,0,8172,8172
231380,1993,0,7903,7903
231380,1994,0,9432,9432
231380,1995,0,9531,9531
231380,1996,0,4097,4097
231380,1997,0,4351,4351
231380,1998,0,6614,6614
231380,1999,0,6316,6316
231380,2000,0,4243,4243
231380,2001,0,4188,4188
231380,2002,0,4363,4363
231380,2003,0,4383,4383
231380,2004,0,4642,4642
231380,2005,0,4623,4623
231380,2006,0,4684,4684
231380,2007,0,4690,4690
231380,2008,0,4834,4834
231380,2009,0,4948,4948
231380,2010,0,4994,4994
231380,2011,0,5195,5195
231380,2012,0,5021,5021
231380,2013,0,4860,4860
231380,2014,0,4982,4982
231380,2015,0,5181,5181
231380,2016,0,5053,5053
231380,2017,0,5705,5705
231380,2018,0,5457,5457
231380,2019,0,5657,5657
231380,2020,0,5383,5383
231380,2021,0,5534,5534
231390,1988,0,4805,4805
231390,1989,0,4982,4982
231390,1990,0,5172,5172
231390,1991,0,6727,6727
231390,1992,0,8139,8139
231390,1993,0,5315,5315
231390,1994,0,4707,4707
231390,1995,0,4816,4816
231390,1996,0,6248,6248
231390,1997,0,6566,6566
231390,1998,0,5110,5110
231390,1999,0,5400,5400
231390,2000,0,6527,6527
231390,2001,0,6046,6046
231390,2002,0,6210,6210
231390,2003,0,5692,5692
231390,2004,0,6060,6060
231390,2005,0,7125,7125
231390,2006,0,7206,7206
231390,2007,0,7106,7106
231390,2008,0,7087,7087
231390,2009,0,7193,7193
231390,2010,0,9606,9606
231390,2011,0,10192,10192
231390,2012,0,12751,12751
231390,2013,0,11653,11653
231390,2014,0,10275,10275
231390,2015,0,8950,8950
231390,2016,0,8635,8635
231390,2017,0,8204,8204
231390,2018,0,6862,6862
231390,2019,0,6993,6993
231390,2020,0,7017,7017
231390,2021,0,7130,7130
231395,1988,0,1942,1942
231395,1989,0,1078,1078
231395,1990,0,1048,1048
231395,1991,0,1025,1025
231395,1992,0,3676,3676
231395,1993,0,3303,3303
231395,1994,0,3918,3918
231395,1995,0,4596,4596
231395,1996,0,1654,1654
231395,1997,0,1779,1779
231395,1998,0,1112,1112
231395,1999,0,3409,3409
231395,2000,0,5457,5457
231395,2001,0,4070,4070
231395,2002,0,4575,4575
231395,2003,0,4034,4034
231395,2004,0,4351,4351
231395,2005,0,4769,4769
231395,2006,0,4761,4761
231395,2007,0,4746,4746
231395,2008,0,4994,4994
231395,2009,0,5147,5147
231395,2010,0,5020,5020
231395,2011,0,5549,5549
231395,2012,0,7948,7948
231395,2013,0,5106,5106
231395,2014,0,3990,3990
231395,2015,0,4728,4728
231395,2016,0,4773,4773
231395,2017,0,5039,5039
231395,2018,0,5610,5610
231395,2019,0,4977,4977
231395,2020,0,5776,5776
231395,2021,0,4573,4573
231400,1988,0,10498,10498
231400,1989,0,13525,13525
231400,1990,0,17765,17765
231400,1991,0,21478,21478
231400,1992,0,22178,22178
231400,1993,0,13903,13903
231400,1994,0,18781,18781
231400,1995,0,14301,14301
231400,1996,0,9197,9197
231400,1997,0,9378,9378
231400,1998,0,8411,8411
231400,1999,0,9905,9905
231400,2000,0,10331,10331
231400,2001,0,8891,8891
231400,2002,0,9021,9021
231400,2003,0,8835,8835
231400,2004,0,7082,7082
231400,2005,0,9059,9059
231400,2006,0,8111,8111
231400,2007,0,8106,8106
231400,2008,0,8900,8900
231400,2009,0,8890,8890
231400,2010,0,7950,7950
231400,2011,0,8241,8241
231400,2012,0,7086,7086
231400,2013,0,4613,4613
231400,2014,0,4859,4859
231400,2015,0,4141,4141
231400,2016,0,4391,4391
231400,2017,0,4851,4851
231400,2018,0,5390,5390
231400,2019,0,3147,3147
231400,2020,0,4120,4120
231400,2021,0,4168,4168
231410,1988,0,12856,12856
231410,1989,0,10814,10814
231410,1990,0,10184,10184
231410,1991,0,11046,11046
231410,1992,0,12526,12526
231410,1993,0,12008,12008
231410,1994,0,10746,10746
231410,1995,0,13266,13266
231410,1996,3,12596,12593
231410,1997,0,11528,11528
231410,1998,0,8326,8326
231410,1999,0,12837,12837
231410,2000,0,12012,12012
231410,2001,0,13280,13280
231410,2002,0,13364,13364
231410,2003,0,12948,12948
231410,2004,0,14928,14928
231410,2005,0,12693,12693
231410,2006,0,16018,16018
231410,2007,0,16807,16807
231410,2008,0,17073,17073
231410,2009,0,17344,17344
231410,2010,0,13807,13807
231410,2011,0,15951,15951
231410,2012,0,16214,16214
231410,2013,0,15067,15067
231410,2014,0,14618,14618
231410,2015,0,12576,12576
231410,2016,0,13281,13281
231410,2017,0,13049,13049
231410,2018,0,14537,14537
231410,2019,0,13058,13058
231410,2020,0,13343,13343
231410,2021,0,13171,13171
240010,1988,0,4422,4422
240010,1989,0,4149,4149
240010,1990,0,1620,1620
240010,1991,0,1509,1509
240010,1992,0,1381,1381
240010,1993,0,72,72
240010,1994,0,1162,1162
240010,1995,0,1174,1174
240010,1996,0,1295,1295
240010,1997,0,1073,1073
240010,1998,0,1098,1098
240010,1999,0,432,432
240010,2000,0,632,632
240010,2001,0,366,366
240010,2002,0,586,586
240010,2003,0,429,429
240010,2004,0,674,674
240010,2005,0,436,436
240010,2006,0,233,233
240010,2007,0,205,205
240010,2008,0,197,197
240010,2009,0,911,911
240010,2010,0,241,241
240010,2011,0,333,333
240010,2012,0,216,216
240010,2013,0,175,175
240010,2014,0,549,549
240010,2015,0,189,189
240010,2016,0,328,328
240010,2017,0,375,375
240010,2018,0,318,318
240010,2019,0,454,454
240010,2020,0,198,198
240010,2021,0,178,178
240020,1988,0,7402,7402
240020,1989,0,5336,5336
240020,1990,0,4544,4544
240020,1991,0,7593,7593
240020,1992,0,7859,7859
240020,1993,0,2903,2903
240020,1994,0,6968,6968
240020,1995,0,6740,6740
240020,1996,0,5136,5136
240020,1997,0,5062,5062
240020,1998,0,1735,1735
240020,1999,0,2887,2887
240020,2000,0,2518,2518
240020,2001,0,2398,2398
240020,2002,0,3895,3895
240020,2003,0,4081,4081
240020,2004,0,3909,3909
240020,2005,0,2603,2603
240020,2006,0,2540,2540
240020,2007,0,2038,2038
240020,2008,0,1803,1803
240020,2009,0,2174,2174
240020,2010,0,1139,1139
240020,2011,0,2451,2451
240020,2012,0,934,934
240020,2013,0,1291,1291
240020,2014,0,1763,1763
240020,2015,0,1686,1686
240020,2016,0,1777,1777
240020,2017,0,1301,1301
240020,2018,0,1706,1706
240020,2019,0,2452,2452
240020,2020,0,2813,2813
240020,2021,0,2199,2199
240030,1988,0,28035,28035
240030,1989,0,25968,25968
240030,1990,0,8236,8236
240030,1991,0,15060,15060
240030,1992,0,2865,2865
240030,1993,0,523,523
240030,1994,0,3692,3692
240030,1995,0,3206,3206
240030,1996,0,1504,1504
240030,1997,0,968,968
240030,1998,0,285,285
240030,1999,0,534,534
240030,2000,0,2032,2032
240030,2001,0,538,538
240030,2002,0,707,707
240030,2003,0,1155,1155
240030,2004,0,1379,1379
240030,2005,0,553,553
240030,2006,0,624,624
240030,2007,0,709,709
240030,2008,0,584,584
240030,2009,0,1333,1333
240030,2010,0,380,380
240030,2011,0,832,832
240030,2012,0,288,288
240030,2013,0,672,672
240030,2014,0,987,987
240030,2015,0,974,974
240030,2016,0,804,804
240030,2017,0,711,711
240030,2018,0,1854,1854
240030,2019,0,1297,1297
240030,2020,0,1498,1498
240030,2021,0,755,755
240040,1988,0,1500,1500
240040,1989,0,1411,1411
240040,1990,0,902,902
240040,1991,0,888,888
240040,1992,0,766,766
240040,1993,0,18,18
240040,1994,0,682,682
240040,1995,0,409,409
240040,1996,0,479,479
240040,1997,0,386,386
240040,1998,0,344,344
240040,1999,0,507,507
240040,2000,0,519,519
240040,2001,0,532,532
240040,2002,0,582,582
240040,2003,0,601,601
240040,2004,0,473,473
240040,2005,0,410,410
240040,2006,0,486,486
240040,2007,0,524,524
240040,2008,0,529,529
240040,2009,0,558,558
240040,2010,0,395,395
240040,2011,0,562,562
240040,2012,0,472,472
240040,2013,0,441,441
240040,2014,0,469,469
240040,2015,0,399,399
240040,2016,0,488,488
240040,2017,0,416,416
240040,2018,0,356,356
240040,2019,0,348,348
240040,2020,0,377,377
240040,2021,0,377,377
240050,1988,0,2087,2087
240050,1989,0,1938,1938
240050,1990,0,859,859
240050,1991,0,2213,2213
240050,1992,0,2667,2667
240050,1993,0,54,54
240050,1994,0,2439,2439
240050,1995,0,2535,2535
240050,1996,0,2590,2590
240050,1997,0,1280,1280
240050,1998,0,459,459
240050,1999,0,1538,1538
240050,2000,0,1620,1620
240050,2001,0,1559,1559
240050,2002,0,1789,1789
240050,2003,0,1803,1803
240050,2004,0,1633,1633
240050,2005,0,1000,1000
240050,2006,0,1776,1776
240050,2007,0,887,887
240050,2008,0,1731,1731
240050,2009,0,1452,1452
240050,2010,0,557,557
240050,2011,0,609,609
240050,2012,0,601,601
240050,2013,0,535,535
240050,2014,0,1110,1110
240050,2015,0,615,615
240050,2016,0,512,512
240050,2017,0,92,92
240050,2018,0,466,466
240050,2019,0,511,511
240050,2020,0,526,526
240050,2021,0,409,409
240060,1988,0,2780,2780
240060,1989,0,1724,1724
240060,1990,0,183,183
240060,1991,0,943,943
240060,1992,0,1190,1190
240060,1993,0,56,56
240060,1994,0,1999,1999
240060,1995,0,1429,1429
240060,1996,0,1555,1555
240060,1997,0,2132,2132
240060,1998,0,701,701
240060,1999,0,897,897
240060,2000,0,1009,1009
240060,2001,0,1009,1009
240060,2002,0,1096,1096
240060,2003,0,1115,1115
240060,2004,0,989,989
240060,2005,0,1010,1010
240060,2006,0,1126,1126
240060,2007,0,1121,1121
240060,2008,0,1193,1193
240060,2009,0,1212,1212
240060,2010,0,267,267
240060,2011,0,851,851
240060,2012,0,588,588
240060,2013,0,566,566
240060,2014,0,625,625
240060,2015,0,209,209
240060,2016,0,187,187
240060,2017,0,189,189
240060,2018,0,377,377
240060,2019,0,297,297
240060,2020,0,325,325
240060,2021,0,369,369
240070,1988,0,2586,2586
240070,1989,0,2516,2516
240070,1990,0,377,377
240070,1991,0,1242,1242
240070,1992,0,1721,1721
240070,1993,0,79,79
240070,1994,0,1245,1245
240070,1995,0,1093,1093
240070,1996,0,1303,1303
240070,1997,0,934,934
240070,1998,0,523,523
240070,1999,0,1212,1212
240070,2000,0,1868,1868
240070,2001,0,1482,1482
240070,2002,0,2465,2465
240070,2003,0,3303,3303
240070,2004,0,3222,3222
240070,2005,0,2665,2665
240070,2006,0,2322,2322
240070,2007,0,2130,2130
240070,2008,0,1387,1387
240070,2009,0,1409,1409
240070,2010,0,1078,1078
240070,2011,0,1583,1583
240070,2012,0,1032,1032
240070,2013,0,1125,1125
240070,2014,0,1760,1760
240070,2015,0,1824,1824
240070,2016,0,2696,2696
240070,2017,0,1416,1416
240070,2018,0,2079,2079
240070,2019,0,1673,1673
240070,2020,0,1678,1678
240070,2021,0,1518,1518
240080,1988,0,3562,3562
240080,1989,0,3270,3270
240080,1990,0,567,567
240080,1991,0,2602,2602
240080,1992,0,1837,1837
240080,1993,0,364,364
240080,1994,0,2262,2262
240080,1995,0,2061,2061
240080,1996,0,1354,1354
240080,1997,0,871,871
240080,1998,0,432,432
240080,1999,0,1174,1174
240080,2000,0,1094,1094
240080,2001,0,479,479
240080,2002,0,1014,1014
240080,2003,0,1334,1334
240080,2004,0,1303,1303
240080,2005,0,916,916
240080,2006,0,850,850
240080,2007,0,760,760
240080,2008,0,1310,1310
240080,2009,0,1500,1500
240080,2010,0,600,600
240080,2011,0,1010,1010
240080,2012,0,533,533
240080,2013,0,325,325
240080,2014,0,935,935
240080,2015,0,555,555
240080,2016,0,820,820
240080,2017,0,900,900
240080,2018,0,1195,1195
240080,2019,0,910,910
240080,2020,0,640,640
240080,2021,0,548,548
240090,1988,0,1943,1943
240090,1989,0,1837,1837
240090,1990,0,1027,1027
240090,1991,0,1137,1137
240090,1992,0,1256,1256
240090,1993,0,97,97
240090,1994,0,1528,1528
240090,1995,0,1448,1448
240090,1996,0,1370,1370
240090,1997,0,764,764
240090,1998,0,773,773
240090,1999,0,922,922
240090,2000,0,918,918
240090,2001,0,915,915
240090,2002,0,1056,1056
240090,2003,0,1105,1105
240090,2004,0,1648,1648
240090,2005,0,1271,1271
240090,2006,0,1326,1326
240090,2007,0,1498,1498
240090,2008,0,1726,1726
240090,2009,0,1439,1439
240090,2010,0,501,501
240090,2011,0,1002,1002
240090,2012,0,987,987
240090,2013,0,888,888
240090,2014,0,803,803
240090,2015,0,649,649
240090,2016,0,418,418
240090,2017,0,702,702
240090,2018,0,806,806
240090,2019,0,825,825
240090,2020,0,787,787
240090,2021,0,927,927
240100,1988,0,12502,12502
240100,1989,0,12754,12754
240100,1990,0,5287,5287
240100,1991,0,13172,13172
240100,1992,0,12937,12937
240100,1993,0,3567,3567
240100,1994,0,16062,16062
240100,1995,0,19557,19557
240100,1996,0,16535,16535
240100,1997,0,16797,16797
240100,1998,0,16726,16726
240100,1999,0,13673,13673
240100,2000,0,17005,17005
240100,2001,0,17159,17159
240100,2002,0,18363,18363
240100,2003,0,20131,20131
240100,2004,0,20673,20673
240100,2005,0,19135,19135
240100,2006,0,18987,18987
240100,2007,0,22257,22257
240100,2008,0,23471,23471
240100,2009,0,25875,25875
240100,2010,0,9801,9801
240100,2011,0,24120,24120
240100,2012,0,10489,10489
240100,2013,0,12859,12859
240100,2014,0,12808,12808
240100,2015,0,11479,11479
240100,2016,0,8886,8886
240100,2017,0,8711,8711
240100,2018,0,6317,6317
240100,2019,0,4721,4721
240100,2020,0,4836,4836
240100,2021,0,4866,4866
240110,1988,0,10195,10195
240110,1989,0,8715,8715
240110,1990,0,6714,6714
240110,1991,0,7165,7165
240110,1992,0,7167,7167
240110,1993,0,6480,6480
240110,1994,0,7070,7070
240110,1995,0,5794,5794
240110,1996,0,5789,5789
240110,1997,0,5864,5864
240110,1998,0,5824,5824
240110,1999,0,4888,4888
240110,2000,0,5075,5075
240110,2001,0,5070,5070
240110,2002,0,5175,5175
240110,2003,0,5179,5179
240110,2004,0,5286,5286
240110,2005,0,3387,3387
240110,2006,0,3263,3263
240110,2007,0,3163,3163
240110,2008,0,3206,3206
240110,2009,0,3370,3370
240110,2010,0,2660,2660
240110,2011,0,3150,3150
240110,2012,0,3023,3023
240110,2013,0,3140,3140
240110,2014,0,3440,3440
240110,2015,0,2500,2500
240110,2016,0,2540,2540
240110,2017,0,2570,2570
240110,2018,0,1785,1785
240110,2019,0,1845,1845
240110,2020,0,1865,1865
240110,2021,0,1955,1955
240120,1988,0,4970,4970
240120,1989,0,5624,5624
240120,1990,0,4914,4914
240120,1991,0,5053,5053
240120,1992,0,4898,4898
240120,1993,0,6605,6605
240120,1994,0,6692,6692
240120,1995,0,6813,6813
240120,1996,0,6766,6766
240120,1997,0,6787,6787
240120,1998,0,6427,6427
240120,1999,0,9648,9648
240120,2000,0,10190,10190
240120,2001,0,9751,9751
240120,2002,0,9502,9502
240120,2003,0,9745,9745
240120,2004,0,10171,10171
240120,2005,0,6030,6030
240120,2006,0,5964,5964
240120,2007,0,5713,5713
240120,2008,0,5802,5802
240120,2009,0,5752,5752
240120,2010,0,4764,4764
240120,2011,0,4764,4764
240120,2012,0,5438,5438
240120,2013,0,5410,5410
240120,2014,0,5368,5368
240120,2015,0,5413,5413
240120,2016,0,5445,5445
240120,2017,0,5306,5306
240120,2018,0,5446,5446
240120,2019,0,5396,5396
240120,2020,0,8436,8436
240120,2021,0,5631,5631
240130,1988,0,4786,4786
240130,1989,0,4764,4764
240130,1990,0,4739,4739
240130,1991,0,4679,4679
240130,1992,0,4679,4679
240130,1993,0,332,332
240130,1994,0,7302,7302
240130,1995,0,5844,5844
240130,1996,0,5464,5464
240130,1997,0,5100,5100
240130,1998,0,3812,3812
240130,1999,0,3295,3295
240130,2000,0,3095,3095
240130,2001,0,4593,4593
240130,2002,0,5263,5263
240130,2003,0,5257,5257
240130,2004,0,5592,5592
240130,2005,0,2465,2465
240130,2006,0,3276,3276
240130,2007,0,2952,2952
240130,2008,0,3133,3133
240130,2009,0,2467,2467
240130,2010,0,1561,1561
240130,2011,0,2398,2398
240130,2012,0,1228,1228
240130,2013,0,1348,1348
240130,2014,0,1514,1514
240130,2015,0,1738,1738
240130,2016,0,862,862
240130,2017,0,1253,1253
240130,2018,0,850,850
240130,2019,0,908,908
240130,2020,0,1350,1350
240130,2021,0,1037,1037
240140,1988,0,10529,10529
240140,1989,0,10528,10528
240140,1990,0,10618,10618
240140,1991,0,11368,11368
240140,1992,0,7368,7368
240140,1993,0,7298,7298
240140,1994,0,7318,7318
240140,1995,0,7344,7344
240140,1996,0,7480,7480
240140,1997,0,7532,7532
240140,1998,0,7304,7304
240140,1999,0,7923,7923
240140,2000,0,6435,6435
240140,2001,0,5681,5681
240140,2002,0,9131,9131
240140,2003,0,10414,10414
240140,2004,0,9208,9208
240140,2005,0,8954,8954
240140,2006,0,9469,9469
240140,2007,0,12469,12469
240140,2008,0,16505,16505
240140,2009,0,16493,16493
240140,2010,0,18501,18501
240140,2011,0,18655,18655
240140,2012,0,20497,20497
240140,2013,0,20655,20655
240140,2014,0,20500,20500
240140,2015,0,20472,20472
240140,2016,0,19329,19329
240140,2017,0,19339,19339
240140,2018,0,20410,20410
240140,2019,0,20400,20400
240140,2020,0,20400,20400
240140,2021,0,20335,20335
240145,1988,0,32022,32022
240145,1989,0,29845,29845
240145,1990,0,24261,24261
240145,1991,0,22278,22278
240145,1992,0,27579,27579
240145,1993,0,11461,11461
240145,1994,0,27763,27763
240145,1995,0,20111,20111
240145,1996,0,18003,18003
240145,1997,0,18174,18174
240145,1998,0,18954,18954
240145,1999,0,15460,15460
240145,2000,0,16885,16885
240145,2001,0,10325,10325
240145,2002,0,14128,14128
240145,2003,0,18549,18549
240145,2004,0,19204,19204
240145,2005,0,10117,10117
240145,2006,0,16360,16360
240145,2007,0,16013,16013
240145,2008,0,13208,13208
240145,2009,0,13258,13258
240145,2010,0,7040,7040
240145,2011,0,7880,7880
240145,2012,0,8049,8049
240145,2013,0,10162,10162
240145,2014,0,7121,7121
240145,2015,0,5304,5304
240145,2016,0,4451,4451
240145,2017,0,3694,3694
240145,2018,0,7920,7920
240145,2019,0,12020,12020
240145,2020,0,12474,12474
240145,2021,0,11620,11620
240150,1988,0,2869,2869
240150,1989,0,2314,2314
240150,1990,0,690,690
240150,1991,0,1665,1665
240150,1992,0,2985,2985
240150,1993,0,51,51
240150,1994,0,2277,2277
240150,1995,0,2015,2015
240150,1996,0,1979,1979
240150,1997,0,1669,1669
240150,1998,0,476,476
240150,1999,0,608,608
240150,2000,0,833,833
240150,2001,0,752,752
240150,2002,0,908,908
240150,2003,0,905,905
240150,2004,0,973,973
240150,2005,0,383,383
240150,2006,0,691,691
240150,2007,0,363,363
240150,2008,0,781,781
240150,2009,0,579,579
240150,2010,0,293,293
240150,2011,0,494,494
240150,2012,0,62,62
240150,2013,0,519,519
240150,2014,0,234,234
240150,2015,0,426,426
240150,2016,0,377,377
240150,2017,0,172,172
240150,2018,0,418,418
240150,2019,0,619,619
240150,2020,0,625,625
240150,2021,0,186,186
240160,1988,0,1554,1554
240160,1989,0,1554,1554
240160,1990,0,251,251
240160,1991,0,1029,1029
240160,1992,0,822,822
240160,1993,0,214,214
240160,1994,0,972,972
240160,1995,0,952,952
240160,1996,0,1402,1402
240160,1997,0,1297,1297
240160,1998,0,897,897
240160,1999,0,1114,1114
240160,2000,0,1922,1922
240160,2001,0,1922,1922
240160,2002,0,2165,2165
240160,2003,0,2165,2165
240160,2004,0,2572,2572
240160,2005,0,1901,1901
240160,2006,0,2729,2729
240160,2007,0,1844,1844
240160,2008,0,1850,1850
240160,2009,0,1834,1834
240160,2010,0,441,441
240160,2011,0,1427,1427
240160,2012,0,177,177
240160,2013,0,1185,1185
240160,2014,0,259,259
240160,2015,0,337,337
240160,2016,0,253,253
240160,2017,0,253,253
240160,2018,0,296,296
240160,2019,0,327,327
240160,2020,0,316,316
240160,2021,0,185,185
240170,1988,0,2723,2723
240170,1989,0,2889,2889
240170,1990,0,1562,1562
240170,1991,0,3587,3587
240170,1992,0,6495,6495
240170,1993,0,830,830
240170,1994,0,6579,6579
240170,1995,0,6626,6626
240170,1996,0,4526,4526
240170,1997,0,4739,4739
240170,1998,0,2200,2200
240170,1999,0,3031,3031
240170,2000,0,2438,2438
240170,2001,0,2278,2278
240170,2002,0,3349,3349
240170,2003,0,2869,2869
240170,2004,0,4575,4575
240170,2005,0,2363,2363
240170,2006,0,1970,1970
240170,2007,0,1979,1979
240170,2008,0,2553,2553
240170,2009,0,2860,2860
240170,2010,0,1368,1368
240170,2011,0,2681,2681
240170,2012,0,1973,1973
240170,2013,0,2377,2377
240170,2014,0,1927,1927
240170,2015,0,2275,2275
240170,2016,0,1475,1475
240170,2017,0,1105,1105
240170,2018,0,1554,1554
240170,2019,0,2105,2105
240170,2020,0,2211,2211
240170,2021,0,1509,1509
240180,1988,0,2891,2891
240180,1989,0,3141,3141
240180,1990,0,3141,3141
240180,1991,0,2528,2528
240180,1992,0,2551,2551
240180,1993,0,2198,2198
240180,1994,0,3100,3100
240180,1995,0,3338,3338
240180,1996,0,3359,3359
240180,1997,0,4104,4104
240180,1998,0,2689,2689
240180,1999,0,2132,2132
240180,2000,0,3152,3152
240180,2001,0,3172,3172
240180,2002,0,5650,5650
240180,2003,0,5793,5793
240180,2004,0,6316,6316
240180,2005,0,5233,5233
240180,2006,0,5288,5288
240180,2007,0,5292,5292
240180,2008,0,5311,5311
240180,2009,0,5159,5159
240180,2010,0,2998,2998
240180,2011,0,3158,3158
240180,2012,0,6480,6480
240180,2013,0,6403,6403
240180,2014,0,6418,6418
240180,2015,0,535,535
240180,2016,0,645,645
240180,2017,0,635,635
240180,2018,0,330,330
240180,2019,0,375,375
240180,2020,0,375,375
240180,2021,0,275,275
240190,1988,0,1326,1326
240190,1989,0,1326,1326
240190,1990,0,824,824
240190,1991,0,926,926
240190,1992,0,696,696
240190,1993,0,26,26
240190,1994,0,796,796
240190,1995,0,1143,1143
240190,1996,0,723,723
240190,1997,0,243,243
240190,1998,0,31,31
240190,1999,0,187,187
240190,2000,0,644,644
240190,2001,0,186,186
240190,2002,0,296,296
240190,2003,0,848,848
240190,2004,0,856,856
240190,2005,0,447,447
240190,2006,0,580,580
240190,2007,0,380,380
240190,2008,0,430,430
240190,2009,0,400,400
240190,2010,0,75,75
240190,2011,0,334,334
240190,2012,0,40,40
240190,2013,0,122,122
240190,2014,0,270,270
240190,2015,0,211,211
240190,2016,0,270,270
240190,2017,0,15,15
240190,2018,0,225,225
240190,2019,0,325,325
240190,2020,0,345,345
240190,2021,0,15,15
240200,1988,0,4389,4389
240200,1989,0,4651,4651
240200,1990,0,2167,2167
240200,1991,0,3354,3354
240200,1992,0,3334,3334
240200,1993,0,261,261
240200,1994,0,2701,2701
240200,1995,0,1796,1796
240200,1996,0,1814,1814
240200,1997,0,1702,1702
240200,1998,0,1077,1077
240200,1999,0,765,765
240200,2000,0,661,661
240200,2001,0,836,836
240200,2002,0,1231,1231
240200,2003,0,530,530
240200,2004,0,711,711
240200,2005,0,639,639
240200,2006,0,413,413
240200,2007,0,874,874
240200,2008,0,1048,1048
240200,2009,0,151,151
240200,2010,0,235,235
240200,2011,0,1017,1017
240200,2012,0,614,614
240200,2013,0,641,641
240200,2014,0,446,446
240200,2015,0,224,224
240200,2016,0,342,342
240200,2017,0,195,195
240200,2018,0,149,149
240200,2019,0,118,118
240200,2020,0,100,100
240200,2021,0,47,47
240210,1988,0,9473,9473
240210,1989,0,9219,9219
240210,1990,0,3089,3089
240210,1991,0,8473,8473
240210,1992,0,10313,10313
240210,1993,0,682,682
240210,1994,0,10838,10838
240210,1995,0,10498,10498
240210,1996,0,10082,10082
240210,1997,0,10155,10155
240210,1998,0,3024,3024
240210,1999,0,3890,3890
240210,2000,0,6798,6798
240210,2001,0,4633,4633
240210,2002,0,7009,7009
240210,2003,0,4311,4311
240210,2004,0,5661,5661
240210,2005,0,3209,3209
240210,2006,0,3271,3271
240210,2007,0,3502,3502
240210,2008,0,1813,1813
240210,2009,0,1804,1804
240210,2010,0,363,363
240210,2011,0,1553,1553
240210,2012,0,108,108
240210,2013,0,396,396
240210,2014,0,964,964
240210,2015,0,1560,1560
240210,2016,0,909,909
240210,2017,0,490,490
240210,2018,0,923,923
240210,2019,0,1074,1074
240210,2020,0,1105,1105
240210,2021,0,1020,1020
240220,1988,0,10690,10690
240220,1989,0,10750,10750
240220,1990,0,11043,11043
240220,1991,0,11261,11261
240220,1992,0,8153,8153
240220,1993,0,8153,8153
240220,1994,0,8725,8725
240220,1995,0,8798,8798
240220,1996,0,8712,8712
240220,1997,0,8862,8862
240220,1998,0,8502,8502
240220,1999,0,7857,7857
240220,2000,0,4884,4884
240220,2001,0,3792,3792
240220,2002,0,6958,6958
240220,2003,0,7123,7123
240220,2004,0,7056,7056
240220,2005,0,8599,8599
240220,2006,0,8719,8719
240220,2007,0,8719,8719
240220,2008,0,9218,9218
240220,2009,0,9265,9265
240220,2010,0,9017,9017
240220,2011,0,9175,9175
240220,2012,0,15911,15911
240220,2013,0,15806,15806
240220,2014,0,15751,15751
240220,2015,0,15786,15786
240220,2016,0,15731,15731
240220,2017,0,15751,15751
240220,2018,0,15746,15746
240220,2019,0,15806,15806
240220,2020,0,15746,15746
240220,2021,0,15726,15726
240230,1988,0,8535,8535
240230,1989,0,14140,14140
240230,1990,0,12140,12140
240230,1991,0,10695,10695
240230,1992,0,10195,10195
240230,1993,0,5662,5662
240230,1994,0,11270,11270
240230,1995,0,8676,8676
240230,1996,0,8276,8276
240230,1997,0,7840,7840
240230,1998,0,7669,7669
240230,1999,0,5682,5682
240230,2000,0,7072,7072
240230,2001,0,10129,10129
240230,2002,0,9320,9320
240230,2003,0,9127,9127
240230,2004,0,11581,11581
240230,2005,0,7498,7498
240230,2006,0,7925,7925
240230,2007,0,8747,8747
240230,2008,0,8987,8987
240230,2009,0,6964,6964
240230,2010,0,5089,5089
240230,2011,0,7184,7184
240230,2012,0,5475,5475
240230,2013,0,5940,5940
240230,2014,0,4670,4670
240230,2015,0,4360,4360
240230,2016,0,2745,2745
240230,2017,0,2826,2826
240230,2018,0,1216,1216
240230,2019,0,1685,1685
240230,2020,0,2125,2125
240230,2021,0,1925,1925
240240,1988,0,3097,3097
240240,1989,0,3049,3049
240240,1990,0,627,627
240240,1991,0,1540,1540
240240,1992,0,961,961
240240,1993,0,41,41
240240,1994,0,1330,1330
240240,1995,0,317,317
240240,1996,0,797,797
240240,1997,0,580,580
240240,1998,0,636,636
240240,1999,0,356,356
240240,2000,0,439,439
240240,2001,0,335,335
240240,2002,0,577,577
240240,2003,0,408,408
240240,2004,0,552,552
240240,2005,0,301,301
240240,2006,0,896,896
240240,2007,0,110,110
240240,2008,0,129,129
240240,2009,0,447,447
240240,2010,0,132,132
240240,2011,0,476,476
240240,2012,0,121,121
240240,2013,0,50,50
240240,2014,0,248,248
240240,2015,0,420,420
240240,2016,0,618,618
240240,2017,0,528,528
240240,2018,0,626,626
240240,2019,0,363,363
240240,2020,0,98,98
240240,2021,0,112,112
240250,1988,0,10892,10892
240250,1989,0,11023,11023
240250,1990,0,9201,9201
240250,1991,0,3494,3494
240250,1992,0,4759,4759
240250,1993,0,2600,2600
240250,1994,0,4513,4513
240250,1995,0,3747,3747
240250,1996,0,2896,2896
240250,1997,0,2347,2347
240250,1998,0,1427,1427
240250,1999,0,2618,2618
240250,2000,0,2575,2575
240250,2001,0,1665,1665
240250,2002,0,2252,2252
240250,2003,0,2422,2422
240250,2004,0,3329,3329
240250,2005,0,3230,3230
240250,2006,0,4368,4368
240250,2007,0,3307,3307
240250,2008,0,3460,3460
240250,2009,0,4444,4444
240250,2010,0,2969,2969
240250,2011,0,4001,4001
240250,2012,0,1989,1989
240250,2013,0,2369,2369
240250,2014,0,4253,4253
240250,2015,0,2960,2960
240250,2016,0,1985,1985
240250,2017,0,2399,2399
240250,2018,0,3001,3001
240250,2019,0,4905,4905
240250,2020,0,3805,3805
240250,2021,0,2633,2633
240260,1988,0,22378,22378
240260,1989,0,22133,22133
240260,1990,0,19090,19090
240260,1991,0,19622,19622
240260,1992,0,20184,20184
240260,1993,0,19884,19884
240260,1994,0,18900,18900
240260,1995,0,18976,18976
240260,1996,0,18904,18904
240260,1997,0,19003,19003
240260,1998,0,15759,15759
240260,1999,0,15077,15077
240260,2000,0,11677,11677
240260,2001,0,10091,10091
240260,2002,0,11745,11745
240260,2003,0,11745,11745
240260,2004,0,12099,12099
240260,2005,0,11331,11331
240260,2006,0,11197,11197
240260,2007,0,12052,12052
240260,2008,0,12233,12233
240260,2009,0,13223,13223
240260,2010,0,11360,11360
240260,2011,0,10014,10014
240260,2012,0,9972,9972
240260,2013,0,4907,4907
240260,2014,0,7127,7127
240260,2015,0,7620,7620
240260,2016,0,7520,7520
240260,2017,0,7200,7200
240260,2018,0,7620,7620
240260,2019,0,8060,8060
240260,2020,0,8460,8460
240260,2021,0,8700,8700
240270,1988,0,9412,9412
240270,1989,0,9341,9341
240270,1990,0,6557,6557
240270,1991,0,4186,4186
240270,1992,0,2536,2536
240270,1993,0,1716,1716
240270,1994,0,3273,3273
240270,1995,0,3288,3288
240270,1996,0,5559,5559
240270,1997,0,3598,3598
240270,1998,0,3305,3305
240270,1999,0,2205,2205
240270,2000,0,2265,2265
240270,2001,0,3499,3499
240270,2002,0,5364,5364
240270,2003,0,5348,5348
240270,2004,0,5758,5758
240270,2005,0,7555,7555
240270,2006,0,7702,7702
240270,2007,0,9055,9055
240270,2008,0,9267,9267
240270,2009,0,9814,9814
240270,2010,0,8030,8030
240270,2011,0,8995,8995
240270,2012,0,9864,9864
240270,2013,0,3480,3480
240270,2014,0,7151,7151
240270,2015,0,6186,6186
240270,2016,0,5021,5021
240270,2017,0,6882,6882
240270,2018,0,7916,7916
240270,2019,0,9030,9030
240270,2020,0,8765,8765
240270,2021,0,8353,8353
240280,1988,0,7909,7909
240280,1989,0,7511,7511
240280,1990,0,4463,4463
240280,1991,0,6893,6893
240280,1992,0,7265,7265
240280,1993,0,2846,2846
240280,1994,0,6294,6294
240280,1995,0,6354,6354
240280,1996,0,5709,5709
240280,1997,0,5183,5183
240280,1998,0,2069,2069
240280,1999,0,2364,2364
240280,2000,0,3738,3738
240280,2001,0,2839,2839
240280,2002,0,2888,2888
240280,2003,0,3829,3829
240280,2004,0,4271,4271
240280,2005,0,4134,4134
240280,2006,0,3947,3947
240280,2007,0,3714,3714
240280,2008,0,3784,3784
240280,2009,0,3542,3542
240280,2010,0,1503,1503
240280,2011,0,1521,1521
240280,2012,0,964,964
240280,2013,0,1629,1629
240280,2014,0,1222,1222
240280,2015,0,1594,1594
240280,2016,0,1253,1253
240280,2017,0,838,838
240280,2018,0,1243,1243
240280,2019,0,1185,1185
240280,2020,0,836,836
240280,2021,0,819,819
240290,1988,0,3945,3945
240290,1989,0,3209,3209
240290,1990,0,1818,1818
240290,1991,0,2256,2256
240290,1992,0,2762,2762
240290,1993,0,74,74
240290,1994,0,2527,2527
240290,1995,0,1989,1989
240290,1996,0,2027,2027
240290,1997,0,1891,1891
240290,1998,0,1081,1081
240290,1999,0,1356,1356
240290,2000,0,769,769
240290,2001,0,793,793
240290,2002,0,1058,1058
240290,2003,0,1542,1542
240290,2004,0,1402,1402
240290,2005,0,1034,1034
240290,2006,0,1157,1157
240290,2007,0,1217,1217
240290,2008,0,1452,1452
240290,2009,0,1504,1504
240290,2010,0,1165,1165
240290,2011,0,1138,1138
240290,2012,0,822,822
240290,2013,0,697,697
240290,2014,0,930,930
240290,2015,0,757,757
240290,2016,0,741,741
240290,2017,0,723,723
240290,2018,0,862,862
240290,2019,0,632,632
240290,2020,0,671,671
240290,2021,0,717,717
240300,1988,0,3131,3131
240300,1989,0,2859,2859
240300,1990,0,1228,1228
240300,1991,0,1434,1434
240300,1992,0,528,528
240300,1993,0,4,4
240300,1994,0,1176,1176
240300,1995,0,1188,1188
240300,1996,0,886,886
240300,1997,0,315,315
240300,1998,0,806,806
240300,1999,0,655,655
240300,2000,0,620,620
240300,2001,0,394,394
240300,2002,0,914,914
240300,2003,0,657,657
240300,2004,0,716,716
240300,2005,0,230,230
240300,2006,0,544,544
240300,2007,0,486,486
240300,2008,0,483,483
240300,2009,0,219,219
240300,2010,0,125,125
240300,2011,0,224,224
240300,2012,0,184,184
240300,2013,0,93,93
240300,2014,0,247,247
240300,2015,0,247,247
240300,2016,0,327,327
240300,2017,0,448,448
240300,2018,0,458,458
240300,2019,0,239,239
240300,2020,0,60,60
240300,2021,0,96,96
240310,1988,0,7236,7236
240310,1989,0,7958,7958
240310,1990,0,4114,4114
240310,1991,0,2305,2305
240310,1992,0,2370,2370
240310,1993,0,442,442
240310,1994,0,3520,3520
240310,1995,0,3556,3556
240310,1996,0,3654,3654
240310,1997,0,3562,3562
240310,1998,0,3411,3411
240310,1999,0,2888,2888
240310,2000,0,3040,3040
240310,2001,0,2927,2927
240310,2002,0,2541,2541
240310,2003,0,1781,1781
240310,2004,0,1801,1801
240310,2005,0,572,572
240310,2006,0,1682,1682
240310,2007,0,1110,1110
240310,2008,0,1526,1526
240310,2009,0,1975,1975
240310,2010,0,623,623
240310,2011,0,865,865
240310,2012,0,257,257
240310,2013,0,302,302
240310,2014,0,1444,1444
240310,2015,0,584,584
240310,2016,0,584,584
240310,2017,0,546,546
240310,2018,0,346,346
240310,2019,0,344,344
240310,2020,0,269,269
240310,2021,0,269,269
240320,1988,0,3922,3922
240320,1989,0,2476,2476
240320,1990,0,1344,1344
240320,1991,0,1486,1486
240320,1992,0,1137,1137
240320,1993,0,138,138
240320,1994,0,1023,1023
240320,1995,0,2194,2194
240320,1996,0,1640,1640
240320,1997,0,1180,1180
240320,1998,0,667,667
240320,1999,0,769,769
240320,2000,0,854,854
240320,2001,0,853,853
240320,2002,0,980,980
240320,2003,0,948,948
240320,2004,0,3414,3414
240320,2005,0,2996,2996
240320,2006,0,3237,3237
240320,2007,0,1354,1354
240320,2008,0,1305,1305
240320,2009,0,1396,1396
240320,2010,0,948,948
240320,2011,0,991,991
240320,2012,0,861,861
240320,2013,0,745,745
240320,2014,0,1031,1031
240320,2015,0,739,739
240320,2016,0,844,844
240320,2017,0,761,761
240320,2018,0,959,959
240320,2019,0,954,954
240320,2020,0,960,960
240320,2021,0,966,966
240325,1988,0,915,915
240325,1989,0,1111,1111
240325,1990,0,815,815
240325,1991,0,760,760
240325,1992,0,680,680
240325,1993,0,700,700
240325,1994,0,780,780
240325,1995,0,974,974
240325,1996,0,822,822
240325,1997,0,830,830
240325,1998,0,755,755
240325,1999,0,855,855
240325,2000,0,911,911
240325,2001,0,851,851
240325,2002,0,926,926
240325,2003,0,1073,1073
240325,2004,0,1078,1078
240325,2005,0,1261,1261
240325,2006,0,1486,1486
240325,2007,0,1519,1519
240325,2008,0,1529,1529
240325,2009,0,1405,1405
240325,2010,0,1409,1409
240325,2011,0,1280,1280
240325,2012,0,1455,1455
240325,2013,0,808,808
240325,2014,0,678,678
240325,2015,0,598,598
240325,2016,0,270,270
240325,2017,0,252,252
240325,2018,0,230,230
240325,2019,0,220,220
240325,2020,0,230,230
240325,2021,0,230,230
240330,1988,0,2813,2813
240330,1989,0,2118,2118
240330,1990,0,1254,1254
240330,1991,0,1316,1316
240330,1992,0,1499,1499
240330,1993,0,20,20
240330,1994,0,1633,1633
240330,1995,0,1388,1388
240330,1996,0,1303,1303
240330,1997,0,1195,1195
240330,1998,0,453,453
240330,1999,0,901,901
240330,2000,0,691,691
240330,2001,0,736,736
240330,2002,0,756,756
240330,2003,0,712,712
240330,2004,0,1270,1270
240330,2005,0,865,865
240330,2006,0,917,917
240330,2007,0,728,728
240330,2008,0,812,812
240330,2009,0,794,794
240330,2010,0,225,225
240330,2011,0,821,821
240330,2012,0,634,634
240330,2013,0,694,694
240330,2014,0,792,792
240330,2015,0,57,57
240330,2016,0,211,211
240330,2017,0,325,325
240330,2018,0,341,341
240330,2019,0,387,387
240330,2020,0,402,402
240330,2021,0,239,239
240340,1988,0,1163,1163
240340,1989,0,1135,1135
240340,1990,0,630,630
240340,1991,0,391,391
240340,1992,0,1148,1148
240340,1993,0,523,523
240340,1994,0,807,807
240340,1995,0,892,892
240340,1996,0,1187,1187
240340,1997,0,997,997
240340,1998,0,640,640
240340,1999,0,472,472
240340,2000,0,429,429
240340,2001,0,376,376
240340,2002,0,502,502
240340,2003,0,238,238
240340,2004,0,370,370
240340,2005,0,305,305
240340,2006,0,252,252
240340,2007,0,307,307
240340,2008,0,649,649
240340,2009,0,504,504
240340,2010,0,377,377
240340,2011,0,384,384
240340,2012,0,339,339
240340,2013,0,250,250
240340,2014,0,195,195
240340,2015,0,152,152
240340,2016,0,210,210
240340,2017,0,139,139
240340,2018,0,349,349
240340,2019,0,336,336
240340,2020,0,302,302
240340,2021,0,279,279
240350,1988,0,2382,2382
240350,1989,0,2412,2412
240350,1990,0,2742,2742
240350,1991,0,1633,1633
240350,1992,0,1681,1681
240350,1993,0,1664,1664
240350,1994,0,1882,1882
240350,1995,0,2307,2307
240350,1996,0,2734,2734
240350,1997,0,2952,2952
240350,1998,0,1682,1682
240350,1999,0,815,815
240350,2000,0,1403,1403
240350,2001,0,1302,1302
240350,2002,0,2316,2316
240350,2003,0,2315,2315
240350,2004,0,2400,2400
240350,2005,0,2165,2165
240350,2006,0,2165,2165
240350,2007,0,2366,2366
240350,2008,0,2466,2466
240350,2009,0,2389,2389
240350,2010,0,326,326
240350,2011,0,398,398
240350,2012,0,347,347
240350,2013,0,227,227
240350,2014,0,372,372
240350,2015,0,367,367
240350,2016,0,300,300
240350,2017,0,178,178
240350,2018,0,187,187
240350,2019,0,167,167
240350,2020,0,172,172
240350,2021,0,172,172
240360,1988,0,3898,3898
240360,1989,0,2668,2668
240360,1990,0,2738,2738
240360,1991,0,2100,2100
240360,1992,0,2100,2100
240360,1993,0,1910,1910
240360,1994,0,2120,2120
240360,1995,0,2122,2122
240360,1996,0,2125,2125
240360,1997,0,2178,2178
240360,1998,0,1778,1778
240360,1999,0,2211,2211
240360,2000,0,2371,2371
240360,2001,0,2216,2216
240360,2002,0,2510,2510
240360,2003,0,2729,2729
240360,2004,0,2746,2746
240360,2005,0,2488,2488
240360,2006,0,2856,2856
240360,2007,0,2082,2082
240360,2008,0,2232,2232
240360,2009,0,2106,2106
240360,2010,0,1478,1478
240360,2011,0,1585,1585
240360,2012,0,1395,1395
240360,2013,0,1370,1370
240360,2014,0,646,646
240360,2015,0,538,538
240360,2016,0,552,552
240360,2017,0,565,565
240360,2018,0,614,614
240360,2019,0,630,630
240360,2020,0,583,583
240360,2021,0,553,553
240370,1988,0,1197,1197
240370,1989,0,1447,1447
240370,1990,0,690,690
240370,1991,0,839,839
240370,1992,0,883,883
240370,1993,0,150,150
240370,1994,0,963,963
240370,1995,0,1050,1050
240370,1996,0,920,920
240370,1997,0,997,997
240370,1998,0,767,767
240370,1999,0,1060,1060
240370,2000,0,1540,1540
240370,2001,0,1525,1525
240370,2002,0,1203,1203
240370,2003,0,1320,1320
240370,2004,0,1315,1315
240370,2005,0,1269,1269
240370,2006,0,1356,1356
240370,2007,0,876,876
240370,2008,0,1144,1144
240370,2009,0,998,998
240370,2010,0,228,228
240370,2011,0,840,840
240370,2012,0,368,368
240370,2013,0,548,548
240370,2014,0,583,583
240370,2015,0,373,373
240370,2016,0,419,419
240370,2017,0,441,441
240370,2018,0,633,633
240370,2019,0,503,503
240370,2020,0,492,492
240370,2021,0,493,493
240380,1988,0,10093,10093
240380,1989,0,8911,8911
240380,1990,0,7225,7225
240380,1991,0,4821,4821
240380,1992,0,3150,3150
240380,1993,0,2736,2736
240380,1994,0,5249,5249
240380,1995,0,5273,5273
240380,1996,0,3544,3544
240380,1997,0,3924,3924
240380,1998,0,3638,3638
240380,1999,0,5462,5462
240380,2000,0,6195,6195
240380,2001,0,5865,5865
240380,2002,0,7080,7080
240380,2003,0,5637,5637
240380,2004,0,6163,6163
240380,2005,0,5163,5163
240380,2006,0,5093,5093
240380,2007,0,4886,4886
240380,2008,0,4599,4599
240380,2009,0,4843,4843
240380,2010,0,3137,3137
240380,2011,0,4029,4029
240380,2012,0,3902,3902
240380,2013,0,2614,2614
240380,2014,0,6144,6144
240380,2015,0,4302,4302
240380,2016,0,4012,4012
240380,2017,0,4287,4287
240380,2018,0,4078,4078
240380,2019,0,4427,4427
240380,2020,0,4604,4604
240380,2021,0,4069,4069
240390,1988,0,2389,2389
240390,1989,0,2199,2199
240390,1990,0,1376,1376
240390,1991,0,1563,1563
240390,1992,0,583,583
240390,1993,0,126,126
240390,1994,0,842,842
240390,1995,0,829,829
240390,1996,0,741,741
240390,1997,0,527,527
240390,1998,0,249,249
240390,1999,0,640,640
240390,2000,0,648,648
240390,2001,0,646,646
240390,2002,0,786,786
240390,2003,0,749,749
240390,2004,0,757,757
240390,2005,0,565,565
240390,2006,0,603,603
240390,2007,0,761,761
240390,2008,0,890,890
240390,2009,0,684,684
240390,2010,0,188,188
240390,2011,0,597,597
240390,2012,0,566,566
240390,2013,0,566,566
240390,2014,0,552,552
240390,2015,0,455,455
240390,2016,0,314,314
240390,2017,0,281,281
240390,2018,0,221,221
240390,2019,0,471,471
240390,2020,0,461,461
240390,2021,0,411,411
240400,1988,0,1477,1477
240400,1989,0,2037,2037
240400,1990,0,330,330
240400,1991,0,1236,1236
240400,1992,0,1195,1195
240400,1993,0,73,73
240400,1994,0,792,792
240400,1995,0,785,785
240400,1996,0,799,799
240400,1997,0,823,823
240400,1998,0,441,441
240400,1999,0,630,630
240400,2000,0,837,837
240400,2001,0,852,852
240400,2002,0,871,871
240400,2003,0,952,952
240400,2004,0,1439,1439
240400,2005,0,769,769
240400,2006,0,874,874
240400,2007,0,839,839
240400,2008,0,822,822
240400,2009,0,904,904
240400,2010,0,474,474
240400,2011,0,545,545
240400,2012,0,422,422
240400,2013,0,404,404
240400,2014,0,535,535
240400,2015,0,388,388
240400,2016,0,245,245
240400,2017,0,309,309
240400,2018,0,384,384
240400,2019,0,459,459
240400,2020,0,491,491
240400,2021,0,525,525
240410,1988,0,1525,1525
240410,1989,0,1495,1495
240410,1990,0,175,175
240410,1991,0,1495,1495
240410,1992,0,1985,1985
240410,1993,0,145,145
240410,1994,0,770,770
240410,1995,0,835,835
240410,1996,0,2961,2961
240410,1997,0,175,175
240410,1998,0,2565,2565
240410,1999,0,2235,2235
240410,2000,0,2386,2386
240410,2001,0,2196,2196
240410,2002,0,2120,2120
240410,2003,0,2147,2147
240410,2004,0,2147,2147
240410,2005,0,2109,2109
240410,2006,0,2092,2092
240410,2007,0,2095,2095
240410,2008,0,2095,2095
240410,2009,0,2067,2067
240410,2010,0,2200,2200
240410,2011,0,2292,2292
240410,2012,0,2022,2022
240410,2013,0,1942,1942
240410,2014,0,1314,1314
240410,2015,0,1637,1637
240410,2016,0,806,806
240410,2017,0,817,817
240410,2018,0,812,812
240410,2019,0,534,534
240410,2020,0,511,511
240410,2021,0,224,224
240420,1988,0,8234,8234
240420,1989,0,6548,6548
240420,1990,0,6406,6406
240420,1991,0,6843,6843
240420,1992,0,6332,6332
240420,1993,0,6310,6310
240420,1994,0,6996,6996
240420,1995,0,7058,7058
240420,1996,0,7261,7261
240420,1997,0,7427,7427
240420,1998,0,7006,7006
240420,1999,0,5431,5431
240420,2000,0,5305,5305
240420,2001,0,4661,4661
240420,2002,0,5946,5946
240420,2003,0,5948,5948
240420,2004,0,6604,6604
240420,2005,0,6712,6712
240420,2006,0,6712,6712
240420,2007,0,6709,6709
240420,2008,0,6784,6784
240420,2009,0,6672,6672
240420,2010,0,6958,6958
240420,2011,0,6993,6993
240420,2012,0,6658,6658
240420,2013,0,6295,6295
240420,2014,0,6455,6455
240420,2015,0,6405,6405
240420,2016,0,6365,6365
240420,2017,0,6433,6433
240420,2018,0,6563,6563
240420,2019,0,6513,6513
240420,2020,0,6473,6473
240420,2021,0,6353,6353
240430,1988,0,7907,7907
240430,1989,0,6002,6002
240430,1990,0,6035,6035
240430,1991,0,4135,4135
240430,1992,0,4398,4398
240430,1993,0,266,266
240430,1994,0,4269,4269
240430,1995,0,2438,2438
240430,1996,0,2143,2143
240430,1997,0,2030,2030
240430,1998,0,1847,1847
240430,1999,0,1949,1949
240430,2000,0,2278,2278
240430,2001,0,2843,2843
240430,2002,0,818,818
240430,2003,0,1768,1768
240430,2004,0,2323,2323
240430,2005,0,2039,2039
240430,2006,0,2486,2486
240430,2007,0,1551,1551
240430,2008,0,1686,1686
240430,2009,0,1686,1686
240430,2010,0,408,408
240430,2011,0,2254,2254
240430,2012,0,562,562
240430,2013,0,1793,1793
240430,2014,0,2091,2091
240430,2015,0,1806,1806
240430,2016,0,1826,1826
240430,2017,0,1982,1982
240430,2018,0,1887,1887
240430,2019,0,3981,3981
240430,2020,0,4271,4271
240430,2021,0,3951,3951
240440,1988,0,1593,1593
240440,1989,0,1454,1454
240440,1990,0,1584,1584
240440,1991,0,1400,1400
240440,1992,0,1393,1393
240440,1993,0,511,511
240440,1994,0,1511,1511
240440,1995,0,1581,1581
240440,1996,0,1431,1431
240440,1997,0,1700,1700
240440,1998,0,1560,1560
240440,1999,0,1307,1307
240440,2000,0,1448,1448
240440,2001,0,1770,1770
240440,2002,0,2786,2786
240440,2003,0,2710,2710
240440,2004,0,2365,2365
240440,2005,0,2132,2132
240440,2006,0,2206,2206
240440,2007,0,2556,2556
240440,2008,0,1341,1341
240440,2009,0,1341,1341
240440,2010,0,234,234
240440,2011,0,1194,1194
240440,2012,0,467,467
240440,2013,0,902,902
240440,2014,0,1185,1185
240440,2015,0,3324,3324
240440,2016,0,3125,3125
240440,2017,0,3125,3125
240440,2018,0,3405,3405
240440,2019,0,3255,3255
240440,2020,0,3635,3635
240440,2021,0,3555,3555
240450,1988,0,3057,3057
240450,1989,0,3039,3039
240450,1990,0,167,167
240450,1991,0,2297,2297
240450,1992,0,2279,2279
240450,1993,0,164,164
240450,1994,0,1136,1136
240450,1995,0,905,905
240450,1996,0,593,593
240450,1997,0,268,268
240450,1998,0,335,335
240450,1999,0,335,335
240450,2000,0,1013,1013
240450,2001,0,593,593
240450,2002,0,623,623
240450,2003,0,779,779
240450,2004,0,1887,1887
240450,2005,0,1309,1309
240450,2006,0,1059,1059
240450,2007,0,630,630
240450,2008,0,1496,1496
240450,2009,0,1323,1323
240450,2010,0,1495,1495
240450,2011,0,1626,1626
240450,2012,0,1192,1192
240450,2013,0,127,127
240450,2014,0,611,611
240450,2015,0,830,830
240450,2016,0,736,736
240450,2017,0,726,726
240450,2018,0,366,366
240450,2019,0,1316,1316
240450,2020,0,1163,1163
240450,2021,0,3224,3224
240460,1988,0,3845,3845
240460,1989,0,4306,4306
240460,1990,0,1226,1226
240460,1991,0,5840,5840
240460,1992,0,6087,6087
240460,1993,0,4832,4832
240460,1994,0,6240,6240
240460,1995,0,5227,5227
240460,1996,0,6244,6244
240460,1997,0,5748,5748
240460,1998,0,3398,3398
240460,1999,0,2810,2810
240460,2000,0,3670,3670
240460,2001,0,2665,2665
240460,2002,0,3226,3226
240460,2003,0,3181,3181
240460,2004,0,4200,4200
240460,2005,0,3260,3260
240460,2006,0,3280,3280
240460,2007,0,2786,2786
240460,2008,0,3136,3136
240460,2009,0,2922,2922
240460,2010,0,1902,1902
240460,2011,0,2523,2523
240460,2012,0,724,724
240460,2013,0,1228,1228
240460,2014,0,1615,1615
240460,2015,0,1594,1594
240460,2016,0,1836,1836
240460,2017,0,2141,2141
240460,2018,0,2202,2202
240460,2019,0,2255,2255
240460,2020,0,2255,2255
240460,2021,0,2255,2255
240470,1988,0,5586,5586
240470,1989,0,4324,4324
240470,1990,0,4698,4698
240470,1991,0,6433,6433
240470,1992,0,5634,5634
240470,1993,0,3242,3242
240470,1994,0,3113,3113
240470,1995,0,2681,2681
240470,1996,0,3390,3390
240470,1997,0,2756,2756
240470,1998,0,1492,1492
240470,1999,0,2394,2394
240470,2000,0,2903,2903
240470,2001,0,2444,2444
240470,2002,0,3324,3324
240470,2003,0,3659,3659
240470,2004,0,3886,3886
240470,2005,0,3019,3019
240470,2006,0,3081,3081
240470,2007,0,2969,2969
240470,2008,0,2819,2819
240470,2009,0,2906,2906
240470,2010,0,3168,3168
240470,2011,0,3345,3345
240470,2012,0,1591,1591
240470,2013,0,1608,1608
240470,2014,0,2786,2786
240470,2015,0,2236,2236
240470,2016,0,2775,2775
240470,2017,0,2237,2237
240470,2018,0,2504,2504
240470,2019,0,2102,2102
240470,2020,0,2175,2175
240470,2021,0,2147,2147
240480,1988,0,730,730
240480,1989,0,765,765
240480,1990,0,167,167
240480,1991,0,593,593
240480,1992,0,496,496
240480,1993,0,3,3
240480,1994,0,275,275
240480,1995,0,246,246
240480,1996,0,356,356
240480,1997,0,468,468
240480,1998,0,348,348
240480,1999,0,218,218
240480,2000,0,176,176
240480,2001,0,196,196
240480,2002,0,237,237
240480,2003,0,163,163
240480,2004,0,138,138
240480,2005,0,134,134
240480,2006,0,202,202
240480,2007,0,129,129
240480,2008,0,76,76
240480,2009,0,174,174
240480,2010,0,34,34
240480,2011,0,161,161
240480,2012,0,37,37
240480,2013,0,233,233
240480,2014,0,140,140
240480,2015,0,96,96
240480,2016,0,131,131
240480,2017,0,559,559
240480,2018,0,549,549
240480,2019,0,316,316
240480,2020,0,202,202
240480,2021,0,31,31
240490,1988,0,1838,1838
240490,1989,0,1635,1635
240490,1990,0,623,623
240490,1991,0,1595,1595
240490,1992,0,1595,1595
240490,1993,0,280,280
240490,1994,0,1582,1582
240490,1995,0,1767,1767
240490,1996,0,1592,1592
240490,1997,0,1512,1512
240490,1998,0,1482,1482
240490,1999,0,1117,1117
240490,2000,0,1660,1660
240490,2001,0,1000,1000
240490,2002,0,3309,3309
240490,2003,0,3265,3265
240490,2004,0,3421,3421
240490,2005,0,3097,3097
240490,2006,0,3106,3106
240490,2007,0,2950,2950
240490,2008,0,2265,2265
240490,2009,0,2385,2385
240490,2010,0,385,385
240490,2011,0,1375,1375
240490,2012,0,645,645
240490,2013,0,1385,1385
240490,2014,0,1705,1705
240490,2015,0,526,526
240490,2016,0,1371,1371
240490,2017,0,1616,1616
240490,2018,0,1236,1236
240490,2019,0,1393,1393
240490,2020,0,1443,1443
240490,2021,0,1163,1163
240500,1988,0,6413,6413
240500,1989,0,6643,6643
240500,1990,0,3545,3545
240500,1991,0,6074,6074
240500,1992,0,8389,8389
240500,1993,0,4860,4860
240500,1994,0,8237,8237
240500,1995,0,8524,8524
240500,1996,0,7133,7133
240500,1997,0,7828,7828
240500,1998,0,5282,5282
240500,1999,0,2971,2971
240500,2000,0,3583,3583
240500,2001,0,2496,2496
240500,2002,0,2853,2853
240500,2003,0,4094,4094
240500,2004,0,4049,4049
240500,2005,0,1706,1706
240500,2006,0,1665,1665
240500,2007,0,1843,1843
240500,2008,0,1652,1652
240500,2009,0,1902,1902
240500,2010,0,1713,1713
240500,2011,0,1639,1639
240500,2012,0,1121,1121
240500,2013,0,1116,1116
240500,2014,0,1451,1451
240500,2015,0,1032,1032
240500,2016,0,941,941
240500,2017,0,809,809
240500,2018,0,1159,1159
240500,2019,0,1217,1217
240500,2020,0,979,979
240500,2021,0,927,927
240510,1988,0,3720,3720
240510,1989,0,3099,3099
240510,1990,0,85,85
240510,1991,0,2695,2695
240510,1992,0,3347,3347
240510,1993,0,108,108
240510,1994,0,1576,1576
240510,1995,0,2016,2016
240510,1996,0,1155,1155
240510,1997,0,466,466
240510,1998,0,738,738
240510,1999,0,738,738
240510,2000,0,1038,1038
240510,2001,0,663,663
240510,2002,0,681,681
240510,2003,0,2396,2396
240510,2004,0,1918,1918
240510,2005,0,1514,1514
240510,2006,0,1684,1684
240510,2007,0,1171,1171
240510,2008,0,1302,1302
240510,2009,0,1412,1412
240510,2010,0,729,729
240510,2011,0,1263,1263
240510,2012,0,1246,1246
240510,2013,0,569,569
240510,2014,0,447,447
240510,2015,0,494,494
240510,2016,0,583,583
240510,2017,0,378,378
240510,2018,0,668,668
240510,2019,0,850,850
240510,2020,0,810,810
240510,2021,0,1480,1480
240520,1988,0,3083,3083
240520,1989,0,3081,3081
240520,1990,0,2721,2721
240520,1991,0,1301,1301
240520,1992,0,1141,1141
240520,1993,0,2,2
240520,1994,0,2137,2137
240520,1995,0,1132,1132
240520,1996,0,987,987
240520,1997,0,812,812
240520,1998,0,807,807
240520,1999,0,630,630
240520,2000,0,950,950
240520,2001,0,848,848
240520,2002,0,624,624
240520,2003,0,669,669
240520,2004,0,661,661
240520,2005,0,196,196
240520,2006,0,400,400
240520,2007,0,386,386
240520,2008,0,261,261
240520,2009,0,211,211
240520,2010,0,24,24
240520,2011,0,507,507
240520,2012,0,315,315
240520,2013,0,486,486
240520,2014,0,453,453
240520,2015,0,253,253
240520,2016,0,293,293
240520,2017,0,306,306
240520,2018,0,296,296
240520,2019,0,331,331
240520,2020,0,406,406
240520,2021,0,376,376
240530,1988,0,7994,7994
240530,1989,0,7994,7994
240530,1990,0,6416,6416
240530,1991,0,6905,6905
240530,1992,0,6607,6607
240530,1993,0,2538,2538
240530,1994,0,4365,4365
240530,1995,0,5044,5044
240530,1996,0,3846,3846
240530,1997,0,4212,4212
240530,1998,0,2297,2297
240530,1999,0,3970,3970
240530,2000,0,6216,6216
240530,2001,0,3205,3205
240530,2002,0,4113,4113
240530,2003,0,4115,4115
240530,2004,0,7006,7006
240530,2005,0,4602,4602
240530,2006,0,4977,4977
240530,2007,0,4987,4987
240530,2008,0,5092,5092
240530,2009,0,5753,5753
240530,2010,0,5492,5492
240530,2011,0,4124,4124
240530,2012,0,4208,4208
240530,2013,0,1310,1310
240530,2014,0,4188,4188
240530,2015,0,2438,2438
240530,2016,0,1341,1341
240530,2017,0,1041,1041
240530,2018,0,2170,2170
240530,2019,0,2380,2380
240530,2020,0,2591,2591
240530,2021,0,1491,1491
240540,1988,0,11852,11852
240540,1989,0,11680,11680
240540,1990,0,5304,5304
240540,1991,0,5816,5816
240540,1992,0,6445,6445
240540,1993,0,69,69
240540,1994,0,8133,8133
240540,1995,0,6762,6762
240540,1996,0,3177,3177
240540,1997,0,2409,2409
240540,1998,0,666,666
240540,1999,0,1409,1409
240540,2000,0,2587,2587
240540,2001,0,1627,1627
240540,2002,0,1593,1593
240540,2003,0,2064,2064
240540,2004,0,1885,1885
240540,2005,0,2038,2038
240540,2006,0,2356,2356
240540,2007,0,2342,2342
240540,2008,0,2949,2949
240540,2009,0,2243,2243
240540,2010,0,2647,2647
240540,2011,0,2438,2438
240540,2012,0,149,149
240540,2013,0,1440,1440
240540,2014,0,6,6
240540,2015,0,610,610
240540,2016,0,912,912
240540,2017,0,310,310
240540,2018,0,708,708
240540,2019,0,503,503
240540,2020,0,442,442
240540,2021,0,550,550
240550,1988,0,4110,4110
240550,1989,0,4110,4110
240550,1990,0,2074,2074
240550,1991,0,2180,2180
240550,1992,0,3793,3793
240550,1993,0,95,95
240550,1994,0,2095,2095
240550,1995,0,1670,1670
240550,1996,0,2470,2470
240550,1997,0,315,315
240550,1998,0,372,372
240550,1999,0,462,462
240550,2000,0,732,732
240550,2001,0,412,412
240550,2002,0,552,552
240550,2003,0,1182,1182
240550,2004,0,1162,1162
240550,2005,0,824,824
240550,2006,0,1100,1100
240550,2007,0,750,750
240550,2008,0,652,652
240550,2009,0,840,840
240550,2010,0,440,440
240550,2011,0,560,560
240550,2012,0,770,770
240550,2013,0,920,920
240550,2014,0,720,720
240550,2015,0,600,600
240550,2016,0,565,565
240550,2017,0,529,529
240550,2018,0,365,365
240550,2019,0,365,365
240550,2020,0,385,385
240550,2021,0,377,377
240560,1988,0,2561,2561
240560,1989,0,1820,1820
240560,1990,0,1504,1504
240560,1991,0,1693,1693
240560,1992,0,1589,1589
240560,1993,0,752,752
240560,1994,0,1147,1147
240560,1995,0,839,839
240560,1996,0,718,718
240560,1997,0,428,428
240560,1998,0,458,458
240560,1999,0,330,330
240560,2000,0,234,234
240560,2001,0,417,417
240560,2002,0,848,848
240560,2003,0,424,424
240560,2004,0,788,788
240560,2005,0,629,629
240560,2006,0,421,421
240560,2007,0,324,324
240560,2008,0,438,438
240560,2009,0,333,333
240560,2010,0,159,159
240560,2011,0,220,220
240560,2012,0,449,449
240560,2013,0,151,151
240560,2014,0,215,215
240560,2015,0,220,220
240560,2016,0,244,244
240560,2017,0,117,117
240560,2018,0,262,262
240560,2019,0,218,218
240560,2020,0,83,83
240560,2021,0,59,59
240570,1988,0,6426,6426
240570,1989,0,5766,5766
240570,1990,0,585,585
240570,1991,0,3408,3408
240570,1992,0,3045,3045
240570,1993,0,12,12
240570,1994,0,3123,3123
240570,1995,0,1880,1880
240570,1996,0,1766,1766
240570,1997,0,1848,1848
240570,1998,0,1286,1286
240570,1999,0,918,918
240570,2000,0,414,414
240570,2001,0,553,553
240570,2002,0,1534,1534
240570,2003,0,394,394
240570,2004,0,460,460
240570,2005,0,560,560
240570,2006,0,344,344
240570,2007,0,285,285
240570,2008,0,606,606
240570,2009,0,957,957
240570,2010,0,332,332
240570,2011,0,404,404
240570,2012,0,182,182
240570,2013,0,78,78
240570,2014,0,353,353
240570,2015,0,310,310
240570,2016,0,430,430
240570,2017,0,259,259
240570,2018,0,192,192
240570,2019,0,242,242
240570,2020,0,266,266
240570,2021,0,259,259
240580,1988,0,12320,12320
240580,1989,0,6169,6169
240580,1990,0,2907,2907
240580,1991,0,7860,7860
240580,1992,0,7027,7027
240580,1993,0,5451,5451
240580,1994,0,7732,7732
240580,1995,0,7602,7602
240580,1996,0,7667,7667
240580,1997,0,7607,7607
240580,1998,0,5834,5834
240580,1999,0,4543,4543
240580,2000,0,5834,5834
240580,2001,0,6424,6424
240580,2002,0,7924,7924
240580,2003,0,8054,8054
240580,2004,0,14912,14912
240580,2005,0,11799,11799
240580,2006,0,11357,11357
240580,2007,0,8106,8106
240580,2008,0,8538,8538
240580,2009,0,8188,8188
240580,2010,0,5208,5208
240580,2011,0,5333,5333
240580,2012,0,3500,3500
240580,2013,0,4085,4085
240580,2014,0,2765,2765
240580,2015,0,2065,2065
240580,2016,0,1590,1590
240580,2017,0,1360,1360
240580,2018,0,1126,1126
240580,2019,0,1041,1041
240580,2020,0,1156,1156
240580,2021,0,1220,1220
240590,1988,0,1000,1000
240590,1989,0,927,927
240590,1990,0,465,465
240590,1991,0,544,544
240590,1992,0,540,540
240590,1993,0,13,13
240590,1994,0,593,593
240590,1995,0,725,725
240590,1996,0,573,573
240590,1997,0,401,401
240590,1998,0,268,268
240590,1999,0,670,670
240590,2000,0,823,823
240590,2001,0,817,817
240590,2002,0,887,887
240590,2003,0,910,910
240590,2004,0,737,737
240590,2005,0,406,406
240590,2006,0,394,394
240590,2007,0,426,426
240590,2008,0,409,409
240590,2009,0,434,434
240590,2010,0,484,484
240590,2011,0,415,415
240590,2012,0,323,323
240590,2013,0,314,314
240590,2014,0,709,709
240590,2015,0,700,700
240590,2016,0,706,706
240590,2017,0,346,346
240590,2018,0,387,387
240590,2019,0,336,336
240590,2020,0,395,395
240590,2021,0,575,575
240600,1988,0,1502,1502
240600,1989,0,1255,1255
240600,1990,0,949,949
240600,1991,0,1142,1142
240600,1992,0,3222,3222
240600,1993,0,39,39
240600,1994,0,1115,1115
240600,1995,0,1604,1604
240600,1996,0,1060,1060
240600,1997,0,933,933
240600,1998,0,903,903
240600,1999,0,1297,1297
240600,2000,0,873,873
240600,2001,0,879,879
240600,2002,0,923,923
240600,2003,0,875,875
240600,2004,0,1897,1897
240600,2005,0,1530,1530
240600,2006,0,1431,1431
240600,2007,0,1617,1617
240600,2008,0,1739,1739
240600,2009,0,1565,1565
240600,2010,0,647,647
240600,2011,0,1140,1140
240600,2012,0,721,721
240600,2013,0,994,994
240600,2014,0,1065,1065
240600,2015,0,749,749
240600,2016,0,631,631
240600,2017,0,177,177
240600,2018,0,1405,1405
240600,2019,0,1158,1158
240600,2020,0,1152,1152
240600,2021,0,729,729
240610,1988,0,3078,3078
240610,1989,0,2324,2324
240610,1990,0,2217,2217
240610,1991,0,1924,1924
240610,1992,0,928,928
240610,1993,0,144,144
240610,1994,0,1424,1424
240610,1995,0,2082,2082
240610,1996,0,2547,2547
240610,1997,0,1460,1460
240610,1998,0,1392,1392
240610,1999,0,1000,1000
240610,2000,0,702,702
240610,2001,0,898,898
240610,2002,0,1532,1532
240610,2003,0,698,698
240610,2004,0,962,962
240610,2005,0,743,743
240610,2006,0,644,644
240610,2007,0,1267,1267
240610,2008,0,1097,1097
240610,2009,0,1163,1163
240610,2010,0,500,500
240610,2011,0,582,582
240610,2012,0,355,355
240610,2013,0,292,292
240610,2014,0,582,582
240610,2015,0,582,582
240610,2016,0,422,422
240610,2017,0,612,612
240610,2018,0,670,670
240610,2019,0,535,535
240610,2020,0,325,325
240610,2021,0,292,292
240620,1988,0,2994,2994
240620,1989,0,2994,2994
240620,1990,0,2914,2914
240620,1991,0,3188,3188
240620,1992,0,3396,3396
240620,1993,0,1298,1298
240620,1994,0,5157,5157
240620,1995,0,4831,4831
240620,1996,0,4840,4840
240620,1997,0,5019,5019
240620,1998,0,2571,2571
240620,1999,0,3164,3164
240620,2000,0,3438,3438
240620,2001,0,4624,4624
240620,2002,0,1932,1932
240620,2003,0,3597,3597
240620,2004,0,6062,6062
240620,2005,0,6917,6917
240620,2006,0,2482,2482
240620,2007,0,2868,2868
240620,2008,0,1972,1972
240620,2009,0,2768,2768
240620,2010,0,1092,1092
240620,2011,0,3002,3002
240620,2012,0,4197,4197
240620,2013,0,604,604
240620,2014,0,974,974
240620,2015,0,1194,1194
240620,2016,0,547,547
240620,2017,0,797,797
240620,2018,0,1352,1352
240620,2019,0,1746,1746
240620,2020,0,1754,1754
240620,2021,0,1154,1154
240630,1988,0,3943,3943
240630,1989,0,3943,3943
240630,1990,0,3693,3693
240630,1991,0,3861,3861
240630,1992,0,3605,3605
240630,1993,0,2461,2461
240630,1994,0,4245,4245
240630,1995,0,3506,3506
240630,1996,0,4250,4250
240630,1997,0,4329,4329
240630,1998,0,2541,2541
240630,1999,0,3045,3045
240630,2000,0,3493,3493
240630,2001,0,2870,2870
240630,2002,0,2895,2895
240630,2003,0,2870,2870
240630,2004,0,2060,2060
240630,2005,0,3115,3115
240630,2006,0,2628,2628
240630,2007,0,2879,2879
240630,2008,0,1896,1896
240630,2009,0,2504,2504
240630,2010,0,1601,1601
240630,2011,0,2082,2082
240630,2012,0,1255,1255
240630,2013,0,770,770
240630,2014,0,740,740
240630,2015,0,655,655
240630,2016,0,574,574
240630,2017,0,724,724
240630,2018,0,654,654
240630,2019,0,474,474
240630,2020,0,474,474
240630,2021,0,664,664
240640,1988,0,4420,4420
240640,1989,0,4131,4131
240640,1990,0,1361,1361
240640,1991,0,3395,3395
240640,1992,0,4070,4070
240640,1993,0,65,65
240640,1994,0,3142,3142
240640,1995,0,2833,2833
240640,1996,0,2799,2799
240640,1997,0,3351,3351
240640,1998,0,866,866
240640,1999,0,1192,1192
240640,2000,0,2658,2658
240640,2001,0,2200,2200
240640,2002,0,2456,2456
240640,2003,0,1973,1973
240640,2004,0,776,776
240640,2005,0,832,832
240640,2006,0,728,728
240640,2007,0,452,452
240640,2008,0,815,815
240640,2009,0,1100,1100
240640,2010,0,1186,1186
240640,2011,0,1052,1052
240640,2012,0,94,94
240640,2013,0,307,307
240640,2014,0,71,71
240640,2015,0,429,429
240640,2016,0,332,332
240640,2017,0,232,232
240640,2018,0,319,319
240640,2019,0,522,522
240640,2020,0,532,532
240640,2021,0,102,102
240650,1988,0,9756,9756
240650,1989,0,11532,11532
240650,1990,0,6412,6412
240650,1991,0,7054,7054
240650,1992,0,6107,6107
240650,1993,0,4643,4643
240650,1994,0,7721,7721
240650,1995,0,7721,7721
240650,1996,0,7903,7903
240650,1997,0,7712,7712
240650,1998,0,7716,7716
240650,1999,0,7350,7350
240650,2000,0,7350,7350
240650,2001,0,8330,8330
240650,2002,0,10611,10611
240650,2003,0,10207,10207
240650,2004,0,11730,11730
240650,2005,0,6932,6932
240650,2006,0,8131,8131
240650,2007,0,6247,6247
240650,2008,0,7021,7021
240650,2009,0,8041,8041
240650,2010,0,6131,6131
240650,2011,0,5831,5831
240650,2012,0,5511,5511
240650,2013,0,3341,3341
240650,2014,0,5471,5471
240650,2015,0,3861,3861
240650,2016,0,3565,3565
240650,2017,0,4895,4895
240650,2018,0,4715,4715
240650,2019,0,5916,5916
240650,2020,0,5210,5210
240650,2021,0,4520,4520
240660,1988,0,3433,3433
240660,1989,0,2141,2141
240660,1990,0,2551,2551
240660,1991,0,2913,2913
240660,1992,0,3379,3379
240660,1993,0,2324,2324
240660,1994,0,4479,4479
240660,1995,0,3870,3870
240660,1996,0,4940,4940
240660,1997,0,6620,6620
240660,1998,0,4140,4140
240660,1999,0,4885,4885
240660,2000,0,5365,5365
240660,2001,0,3303,3303
240660,2002,0,3283,3283
240660,2003,0,4023,4023
240660,2004,0,5214,5214
240660,2005,0,3494,3494
240660,2006,0,4854,4854
240660,2007,0,5125,5125
240660,2008,0,4587,4587
240660,2009,0,3224,3224
240660,2010,0,3209,3209
240660,2011,0,3454,3454
240660,2012,0,2234,2234
240660,2013,0,2549,2549
240660,2014,0,2602,2602
240660,2015,0,2505,2505
240660,2016,0,2034,2034
240660,2017,0,1887,1887
240660,2018,0,1302,1302
240660,2019,0,824,824
240660,2020,0,524,524
240660,2021,0,949,949
240670,1988,0,6994,6994
240670,1989,0,6994,6994
240670,1990,0,2540,2540
240670,1991,0,5826,5826
240670,1992,0,6126,6126
240670,1993,0,341,341
240670,1994,0,2446,2446
240670,1995,0,2656,2656
240670,1996,0,1537,1537
240670,1997,0,376,376
240670,1998,0,132,132
240670,1999,0,534,534
240670,2000,0,664,664
240670,2001,0,224,224
240670,2002,0,1054,1054
240670,2003,0,894,894
240670,2004,0,857,857
240670,2005,0,280,280
240670,2006,0,830,830
240670,2007,0,265,265
240670,2008,0,225,225
240670,2009,0,225,225
240670,2010,0,210,210
240670,2011,0,418,418
240670,2012,0,35,35
240670,2013,0,125,125
240670,2014,0,400,400
240670,2015,0,360,360
240670,2016,0,1430,1430
240670,2017,0,950,950
240670,2018,0,1680,1680
240670,2019,0,1150,1150
240670,2020,0,480,480
240670,2021,0,1090,1090
240680,1988,0,4697,4697
240680,1989,0,4605,4605
240680,1990,0,1288,1288
240680,1991,0,3880,3880
240680,1992,0,3575,3575
240680,1993,0,91,91
240680,1994,0,3586,3586
240680,1995,0,3677,3677
240680,1996,0,3431,3431
240680,1997,0,4717,4717
240680,1998,0,1185,1185
240680,1999,0,1617,1617
240680,2000,0,2760,2760
240680,2001,0,1801,1801
240680,2002,0,1916,1916
240680,2003,0,1857,1857
240680,2004,0,2637,2637
240680,2005,0,1672,1672
240680,2006,0,1252,1252
240680,2007,0,1040,1040
240680,2008,0,1636,1636
240680,2009,0,1334,1334
240680,2010,0,1276,1276
240680,2011,0,930,930
240680,2012,0,68,68
240680,2013,0,210,210
240680,2014,0,982,982
240680,2015,0,857,857
240680,2016,0,312,312
240680,2017,0,472,472
240680,2018,0,462,462
240680,2019,0,571,571
240680,2020,0,448,448
240680,2021,0,130,130
240690,1988,0,1448,1448
240690,1989,0,952,952
240690,1990,0,263,263
240690,1991,0,730,730
240690,1992,0,776,776
240690,1993,0,69,69
240690,1994,0,995,995
240690,1995,0,1150,1150
240690,1996,0,564,564
240690,1997,0,872,872
240690,1998,0,214,214
240690,1999,0,567,567
240690,2000,0,608,608
240690,2001,0,591,591
240690,2002,0,649,649
240690,2003,0,624,624
240690,2004,0,1145,1145
240690,2005,0,699,699
240690,2006,0,682,682
240690,2007,0,931,931
240690,2008,0,1011,1011
240690,2009,0,1010,1010
240690,2010,0,348,348
240690,2011,0,452,452
240690,2012,0,545,545
240690,2013,0,505,505
240690,2014,0,478,478
240690,2015,0,142,142
240690,2016,0,241,241
240690,2017,0,527,527
240690,2018,0,506,506
240690,2019,0,483,483
240690,2020,0,501,501
240690,2021,0,496,496
240700,1988,0,4250,4250
240700,1989,0,4015,4015
240700,1990,0,1968,1968
240700,1991,0,2215,2215
240700,1992,0,6855,6855
240700,1993,0,530,530
240700,1994,0,2051,2051
240700,1995,0,3494,3494
240700,1996,0,3965,3965
240700,1997,0,4227,4227
240700,1998,0,3367,3367
240700,1999,0,2733,2733
240700,2000,0,2116,2116
240700,2001,0,2330,2330
240700,2002,0,2505,2505
240700,2003,0,2408,2408
240700,2004,0,2452,2452
240700,2005,0,2371,2371
240700,2006,0,2711,2711
240700,2007,0,2687,2687
240700,2008,0,3582,3582
240700,2009,0,2536,2536
240700,2010,0,2414,2414
240700,2011,0,2589,2589
240700,2012,0,2277,2277
240700,2013,0,1879,1879
240700,2014,0,2492,2492
240700,2015,0,590,590
240700,2016,0,470,470
240700,2017,0,1116,1116
240700,2018,0,1813,1813
240700,2019,0,1072,1072
240700,2020,0,1110,1110
240700,2021,0,899,899
240710,1988,0,7397,7397
240710,1989,0,20663,20663
240710,1990,0,18720,18720
240710,1991,0,18447,18447
240710,1992,0,30994,30994
240710,1993,0,21428,21428
240710,1994,0,21545,21545
240710,1995,0,21545,21545
240710,1996,0,21513,21513
240710,1997,0,21493,21493
240710,1998,0,18928,18928
240710,1999,0,18175,18175
240710,2000,0,19475,19475
240710,2001,0,9597,9597
240710,2002,0,19617,19617
240710,2003,0,19988,19988
240710,2004,0,19991,19991
240710,2005,0,19375,19375
240710,2006,0,19376,19376
240710,2007,0,19127,19127
240710,2008,0,18284,18284
240710,2009,0,18820,18820
240710,2010,0,15819,15819
240710,2011,0,16191,16191
240710,2012,0,15446,15446
240710,2013,0,14288,14288
240710,2014,0,12992,12992
240710,2015,0,10016,10016
240710,2016,0,10667,10667
240710,2017,0,9807,9807
240710,2018,0,4017,4017
240710,2019,0,3767,3767
240710,2020,0,3957,3957
240710,2021,0,3807,3807
240720,1988,0,1807,1807
240720,1989,0,3407,3407
240720,1990,0,1737,1737
240720,1991,0,2929,2929
240720,1992,0,2537,2537
240720,1993,0,897,897
240720,1994,0,998,998
240720,1995,0,898,898
240720,1996,0,1083,1083
240720,1997,0,1084,1084
240720,1998,0,660,660
240720,1999,0,660,660
240720,2000,0,740,740
240720,2001,0,580,580
240720,2002,0,533,533
240720,2003,0,942,942
240720,2004,0,1562,1562
240720,2005,0,472,472
240720,2006,0,1356,1356
240720,2007,0,766,766
240720,2008,0,856,856
240720,2009,0,905,905
240720,2010,0,515,515
240720,2011,0,1125,1125
240720,2012,0,388,388
240720,2013,0,323,323
240720,2014,0,790,790
240720,2015,0,855,855
240720,2016,0,690,690
240720,2017,0,773,773
240720,2018,0,580,580
240720,2019,0,525,525
240720,2020,0,622,622
240720,2021,0,282,282
240730,1988,0,1931,1931
240730,1989,0,1643,1643
240730,1990,0,663,663
240730,1991,0,823,823
240730,1992,0,1732,1732
240730,1993,0,83,83
240730,1994,0,1603,1603
240730,1995,0,1768,1768
240730,1996,0,1675,1675
240730,1997,0,1077,1077
240730,1998,0,713,713
240730,1999,0,1369,1369
240730,2000,0,1180,1180
240730,2001,0,1143,1143
240730,2002,0,1265,1265
240730,2003,0,1327,1327
240730,2004,0,1886,1886
240730,2005,0,1432,1432
240730,2006,0,1750,1750
240730,2007,0,1190,1190
240730,2008,0,1190,1190
240730,2009,0,1105,1105
240730,2010,0,882,882
240730,2011,0,1189,1189
240730,2012,0,888,888
240730,2013,0,900,900
240730,2014,0,1070,1070
240730,2015,0,826,826
240730,2016,0,412,412
240730,2017,0,840,840
240730,2018,0,811,811
240730,2019,0,817,817
240730,2020,0,788,788
240730,2021,0,874,874
240740,1988,0,7972,7972
240740,1989,0,10463,10463
240740,1990,0,5407,5407
240740,1991,0,9723,9723
240740,1992,0,9896,9896
240740,1993,0,3970,3970
240740,1994,0,9299,9299
240740,1995,0,9308,9308
240740,1996,0,6723,6723
240740,1997,0,11498,11498
240740,1998,0,2758,2758
240740,1999,0,4141,4141
240740,2000,0,4272,4272
240740,2001,0,4326,4326
240740,2002,0,4544,4544
240740,2003,0,4513,4513
240740,2004,0,4759,4759
240740,2005,0,3791,3791
240740,2006,0,5308,5308
240740,2007,0,4861,4861
240740,2008,0,4851,4851
240740,2009,0,5118,5118
240740,2010,0,2731,2731
240740,2011,0,3186,3186
240740,2012,0,2928,2928
240740,2013,0,2642,2642
240740,2014,0,2972,2972
240740,2015,0,2419,2419
240740,2016,0,1172,1172
240740,2017,0,833,833
240740,2018,0,1070,1070
240740,2019,0,816,816
240740,2020,0,830,830
240740,2021,0,869,869
240750,1988,0,3294,3294
240750,1989,0,2584,2584
240750,1990,0,2327,2327
240750,1991,0,2405,2405
240750,1992,0,2809,2809
240750,1993,0,2473,2473
240750,1994,0,3559,3559
240750,1995,0,3561,3561
240750,1996,0,3566,3566
240750,1997,0,3754,3754
240750,1998,0,2257,2257
240750,1999,0,2592,2592
240750,2000,0,2712,2712
240750,2001,0,2904,2904
240750,2002,0,3119,3119
240750,2003,0,3237,3237
240750,2004,0,3353,3353
240750,2005,0,3011,3011
240750,2006,0,3221,3221
240750,2007,0,3190,3190
240750,2008,0,3227,3227
240750,2009,0,3126,3126
240750,2010,0,3249,3249
240750,2011,0,2924,2924
240750,2012,0,1973,1973
240750,2013,0,2364,2364
240750,2014,0,2435,2435
240750,2015,0,2133,2133
240750,2016,0,1852,1852
240750,2017,0,5121,5121
240750,2018,0,5035,5035
240750,2019,0,4618,4618
240750,2020,0,4631,4631
240750,2021,0,4267,4267
240760,1988,0,2536,2536
240760,1989,0,2466,2466
240760,1990,0,2317,2317
240760,1991,0,1075,1075
240760,1992,0,1431,1431
240760,1993,0,3,3
240760,1994,0,1605,1605
240760,1995,0,2405,2405
240760,1996,0,1730,1730
240760,1997,0,1490,1490
240760,1998,0,1465,1465
240760,1999,0,1120,1120
240760,2000,0,598,598
240760,2001,0,587,587
240760,2002,0,703,703
240760,2003,0,854,854
240760,2004,0,666,666
240760,2005,0,124,124
240760,2006,0,235,235
240760,2007,0,156,156
240760,2008,0,241,241
240760,2009,0,187,187
240760,2010,0,12,12
240760,2011,0,216,216
240760,2012,0,30,30
240760,2013,0,204,204
240760,2014,0,206,206
240760,2015,0,231,231
240760,2016,0,251,251
240760,2017,0,288,288
240760,2018,0,268,268
240760,2019,0,308,308
240760,2020,0,348,348
240760,2021,0,328,328
240770,1988,0,1062,1062
240770,1989,0,1132,1132
240770,1990,0,1232,1232
240770,1991,0,1372,1372
240770,1992,0,1464,1464
240770,1993,0,1443,1443
240770,1994,0,1588,1588
240770,1995,0,1695,1695
240770,1996,0,1690,1690
240770,1997,0,1824,1824
240770,1998,0,1249,1249
240770,1999,0,912,912
240770,2000,0,972,972
240770,2001,0,939,939
240770,2002,0,1076,1076
240770,2003,0,981,981
240770,2004,0,1449,1449
240770,2005,0,729,729
240770,2006,0,734,734
240770,2007,0,710,710
240770,2008,0,817,817
240770,2009,0,657,657
240770,2010,0,644,644
240770,2011,0,706,706
240770,2012,0,498,498
240770,2013,0,653,653
240770,2014,0,524,524
240770,2015,0,518,518
240770,2016,0,522,522
240770,2017,0,540,540
240770,2018,0,405,405
240770,2019,0,205,205
240770,2020,0,180,180
240770,2021,0,190,190
240780,1988,0,1033,1033
240780,1989,0,1220,1220
240780,1990,0,1765,1765
240780,1991,0,2329,2329
240780,1992,0,2076,2076
240780,1993,0,1936,1936
240780,1994,0,2901,2901
240780,1995,0,3115,3115
240780,1996,0,2999,2999
240780,1997,0,2949,2949
240780,1998,0,1574,1574
240780,1999,0,1497,1497
240780,2000,0,1687,1687
240780,2001,0,1669,1669
240780,2002,0,1814,1814
240780,2003,0,1853,1853
240780,2004,0,2189,2189
240780,2005,0,1923,1923
240780,2006,0,1816,1816
240780,2007,0,1421,1421
240780,2008,0,1526,1526
240780,2009,0,1417,1417
240780,2010,0,1149,1149
240780,2011,0,1297,1297
240780,2012,0,1566,1566
240780,2013,0,796,796
240780,2014,0,771,771
240780,2015,0,815,815
240780,2016,0,705,705
240780,2017,0,805,805
240780,2018,0,755,755
240780,2019,0,655,655
240780,2020,0,705,705
240780,2021,0,575,575
240790,1988,0,3400,3400
240790,1989,0,3400,3400
240790,1990,0,3440,3440
240790,1991,0,3674,3674
240790,1992,0,4326,4326
240790,1993,0,100,100
240790,1994,0,4431,4431
240790,1995,0,3912,3912
240790,1996,0,4507,4507
240790,1997,0,3427,3427
240790,1998,0,1037,1037
240790,1999,0,4126,4126
240790,2000,0,4121,4121
240790,2001,0,1201,1201
240790,2002,0,1189,1189
240790,2003,0,1971,1971
240790,2004,0,1760,1760
240790,2005,0,955,955
240790,2006,0,559,559
240790,2007,0,885,885
240790,2008,0,992,992
240790,2009,0,1335,1335
240790,2010,0,180,180
240790,2011,0,1355,1355
240790,2012,0,142,142
240790,2013,0,306,306
240790,2014,0,499,499
240790,2015,0,902,902
240790,2016,0,701,701
240790,2017,0,601,601
240790,2018,0,668,668
240790,2019,0,896,896
240790,2020,0,962,962
240790,2021,0,364,364
240800,1988,0,29806,29806
240800,1989,0,26628,26628
240800,1990,0,31101,31101
240800,1991,0,27170,27170
240800,1992,0,28283,28283
240800,1993,0,12571,12571
240800,1994,0,26319,26319
240800,1995,0,25193,25193
240800,1996,0,21755,21755
240800,1997,0,22732,22732
240800,1998,0,21365,21365
240800,1999,0,15467,15467
240800,2000,0,17454,17454
240800,2001,0,20862,20862
240800,2002,0,21479,21479
240800,2003,0,24004,24004
240800,2004,0,23842,23842
240800,2005,0,14783,14783
240800,2006,0,24326,24326
240800,2007,0,32326,32326
240800,2008,0,25146,25146
240800,2009,0,29366,29366
240800,2010,0,15799,15799
240800,2011,0,26900,26900
240800,2012,0,17426,17426
240800,2013,0,19193,19193
240800,2014,0,18178,18178
240800,2015,0,21778,21778
240800,2016,0,15394,15394
240800,2017,0,16099,16099
240800,2018,0,17679,17679
240800,2019,0,18029,18029
240800,2020,0,19469,19469
240800,2021,0,18979,18979
240810,1988,0,151,151
240810,1989,0,149,149
240810,1990,0,154,154
240810,1991,0,139,139
240810,1992,0,149,149
240810,1993,0,156,156
240810,1994,0,176,176
240810,1995,0,177,177
240810,1996,0,176,176
240810,1997,0,176,176
240810,1998,0,176,176
240810,1999,0,172,172
240810,2000,0,172,172
240810,2001,0,177,177
240810,2002,0,177,177
240810,2003,0,175,175
240810,2004,0,99,99
240810,2005,0,98,98
240810,2006,0,76,76
240810,2007,0,0,0
240810,2008,0,0,0
240810,2009,0,0,0
240810,2010,0,0,0
240810,2011,0,0,0
240810,2012,0,0,0
240810,2013,0,0,0
240810,2014,0,0,0
240810,2015,0,0,0
240810,2016,0,0,0
240810,2017,0,0,0
240810,2018,0,0,0
240810,2019,0,0,0
240810,2020,0,0,0
240810,2021,0,0,0
240820,1988,0,3540,3540
240820,1989,0,3490,3490
240820,1990,0,2905,2905
240820,1991,0,4020,4020
240820,1992,0,4145,4145
240820,1993,0,4062,4062
240820,1994,0,4307,4307
240820,1995,0,4342,4342
240820,1996,0,4422,4422
240820,1997,0,4456,4456
240820,1998,0,4260,4260
240820,1999,0,3630,3630
240820,2000,0,3790,3790
240820,2001,0,3648,3648
240820,2002,0,3748,3748
240820,2003,0,4037,4037
240820,2004,0,4370,4370
240820,2005,0,4207,4207
240820,2006,0,4327,4327
240820,2007,0,4237,4237
240820,2008,0,4332,4332
240820,2009,0,4278,4278
240820,2010,0,4263,4263
240820,2011,0,4370,4370
240820,2012,0,3383,3383
240820,2013,0,3373,3373
240820,2014,0,3273,3273
240820,2015,0,3123,3123
240820,2016,0,3303,3303
240820,2017,0,3363,3363
240820,2018,0,3403,3403
240820,2019,0,3423,3423
240820,2020,0,3423,3423
240820,2021,0,3193,3193
240830,1988,0,7972,7972
240830,1989,0,8156,8156
240830,1990,0,8256,8256
240830,1991,0,7099,7099
240830,1992,0,8073,8073
240830,1993,0,7993,7993
240830,1994,0,8643,8643
240830,1995,0,9585,9585
240830,1996,0,8125,8125
240830,1997,0,8045,8045
240830,1998,0,5515,5515
240830,1999,0,4076,4076
240830,2000,0,4856,4856
240830,2001,0,4712,4712
240830,2002,0,5706,5706
240830,2003,0,6001,6001
240830,2004,0,7646,7646
240830,2005,0,5016,5016
240830,2006,0,2833,2833
240830,2007,0,2973,2973
240830,2008,0,3758,3758
240830,2009,0,2276,2276
240830,2010,0,2021,2021
240830,2011,0,2021,2021
240830,2012,0,1436,1436
240830,2013,0,1543,1543
240830,2014,0,1433,1433
240830,2015,0,1147,1147
240830,2016,0,987,987
240830,2017,0,737,737
240830,2018,0,962,962
240830,2019,0,847,847
240830,2020,0,847,847
240830,2021,0,777,777
240840,1988,0,1508,1508
240840,1989,0,1271,1271
240840,1990,0,49,49
240840,1991,0,1157,1157
240840,1992,0,821,821
240840,1993,0,10,10
240840,1994,0,1195,1195
240840,1995,0,1134,1134
240840,1996,0,984,984
240840,1997,0,916,916
240840,1998,0,912,912
240840,1999,0,736,736
240840,2000,0,906,906
240840,2001,0,1007,1007
240840,2002,0,1180,1180
240840,2003,0,1210,1210
240840,2004,0,900,900
240840,2005,0,374,374
240840,2006,0,329,329
240840,2007,0,249,249
240840,2008,0,269,269
240840,2009,0,364,364
240840,2010,0,58,58
240840,2011,0,791,791
240840,2012,0,157,157
240840,2013,0,221,221
240840,2014,0,230,230
240840,2015,0,457,457
240840,2016,0,212,212
240840,2017,0,272,272
240840,2018,0,1020,1020
240840,2019,0,1112,1112
240840,2020,0,1212,1212
240840,2021,0,972,972
240850,1988,0,6560,6560
240850,1989,0,2950,2950
240850,1990,0,1248,1248
240850,1991,0,1235,1235
240850,1992,0,769,769
240850,1993,0,31,31
240850,1994,0,1336,1336
240850,1995,0,1037,1037
240850,1996,0,1866,1866
240850,1997,0,1181,1181
240850,1998,0,1465,1465
240850,1999,0,397,397
240850,2000,0,364,364
240850,2001,0,501,501
240850,2002,0,999,999
240850,2003,0,357,357
240850,2004,0,365,365
240850,2005,0,322,322
240850,2006,0,544,544
240850,2007,0,565,565
240850,2008,0,612,612
240850,2009,0,870,870
240850,2010,0,262,262
240850,2011,0,571,571
240850,2012,0,82,82
240850,2013,0,88,88
240850,2014,0,152,152
240850,2015,0,142,142
240850,2016,0,238,238
240850,2017,0,197,197
240850,2018,0,197,197
240850,2019,0,182,182
240850,2020,0,176,176
240850,2021,0,123,123
240860,1988,0,1272,1272
240860,1989,0,1096,1096
240860,1990,0,660,660
240860,1991,0,778,778
240860,1992,0,591,591
240860,1993,0,13,13
240860,1994,0,758,758
240860,1995,0,571,571
240860,1996,0,372,372
240860,1997,0,346,346
240860,1998,0,310,310
240860,1999,0,705,705
240860,2000,0,521,521
240860,2001,0,535,535
240860,2002,0,801,801
240860,2003,0,766,766
240860,2004,0,1015,1015
240860,2005,0,764,764
240860,2006,0,837,837
240860,2007,0,833,833
240860,2008,0,1005,1005
240860,2009,0,717,717
240860,2010,0,460,460
240860,2011,0,661,661
240860,2012,0,449,449
240860,2013,0,515,515
240860,2014,0,713,713
240860,2015,0,230,230
240860,2016,0,127,127
240860,2017,0,550,550
240860,2018,0,600,600
240860,2019,0,625,625
240860,2020,0,665,665
240860,2021,0,646,646
240870,1988,0,542,542
240870,1989,0,542,542
240870,1990,0,527,527
240870,1991,0,507,507
240870,1992,0,507,507
240870,1993,0,12,12
240870,1994,0,547,547
240870,1995,0,567,567
240870,1996,0,527,527
240870,1997,0,467,467
240870,1998,0,468,468
240870,1999,0,367,367
240870,2000,0,557,557
240870,2001,0,541,541
240870,2002,0,1172,1172
240870,2003,0,1172,1172
240870,2004,0,1022,1022
240870,2005,0,492,492
240870,2006,0,258,258
240870,2007,0,140,140
240870,2008,0,200,200
240870,2009,0,180,180
240870,2010,0,80,80
240870,2011,0,200,200
240870,2012,0,10,10
240870,2013,0,15,15
240870,2014,0,200,200
240870,2015,0,120,120
240870,2016,0,160,160
240870,2017,0,200,200
240870,2018,0,180,180
240870,2019,0,300,300
240870,2020,0,180,180
240870,2021,0,181,181
240880,1988,0,6164,6164
240880,1989,0,2456,2456
240880,1990,0,901,901
240880,1991,0,3100,3100
240880,1992,0,3990,3990
240880,1993,0,560,560
240880,1994,0,4400,4400
240880,1995,0,3400,3400
240880,1996,0,3000,3000
240880,1997,0,480,480
240880,1998,0,160,160
240880,1999,0,746,746
240880,2000,0,880,880
240880,2001,0,310,310
240880,2002,0,509,509
240880,2003,0,1533,1533
240880,2004,0,3375,3375
240880,2005,0,3561,3561
240880,2006,0,2046,2046
240880,2007,0,734,734
240880,2008,0,1038,1038
240880,2009,0,2055,2055
240880,2010,0,806,806
240880,2011,0,1024,1024
240880,2012,0,341,341
240880,2013,0,707,707
240880,2014,0,442,442
240880,2015,0,620,620
240880,2016,0,620,620
240880,2017,0,405,405
240880,2018,0,497,497
240880,2019,0,517,517
240880,2020,0,637,637
240880,2021,0,507,507
240890,1988,0,7408,7408
240890,1989,0,7806,7806
240890,1990,0,6755,6755
240890,1991,0,3506,3506
240890,1992,0,2595,2595
240890,1993,0,935,935
240890,1994,0,1935,1935
240890,1995,0,1443,1443
240890,1996,0,1039,1039
240890,1997,0,1611,1611
240890,1998,0,1199,1199
240890,1999,0,584,584
240890,2000,0,585,585
240890,2001,0,855,855
240890,2002,0,1087,1087
240890,2003,0,391,391
240890,2004,0,414,414
240890,2005,0,375,375
240890,2006,0,569,569
240890,2007,0,691,691
240890,2008,0,743,743
240890,2009,0,1131,1131
240890,2010,0,306,306
240890,2011,0,791,791
240890,2012,0,793,793
240890,2013,0,88,88
240890,2014,0,720,720
240890,2015,0,643,643
240890,2016,0,450,450
240890,2017,0,546,546
240890,2018,0,750,750
240890,2019,0,679,679
240890,2020,0,429,429
240890,2021,0,434,434
240910,1988,0,6977,6977
240910,1989,0,3552,3552
240910,1990,0,3552,3552
240910,1991,0,3688,3688
240910,1992,0,4542,4542
240910,1993,0,741,741
240910,1994,0,6007,6007
240910,1995,0,5603,5603
240910,1996,0,5557,5557
240910,1997,0,3446,3446
240910,1998,0,2921,2921
240910,1999,0,4112,4112
240910,2000,0,3094,3094
240910,2001,0,3200,3200
240910,2002,0,2750,2750
240910,2003,0,3231,3231
240910,2004,0,3600,3600
240910,2005,0,2975,2975
240910,2006,0,2249,2249
240910,2007,0,2501,2501
240910,2008,0,2261,2261
240910,2009,0,2954,2954
240910,2010,0,1029,1029
240910,2011,0,3147,3147
240910,2012,0,1932,1932
240910,2013,0,1635,1635
240910,2014,0,1024,1024
240910,2015,0,1258,1258
240910,2016,0,1063,1063
240910,2017,0,837,837
240910,2018,0,1701,1701
240910,2019,0,1801,1801
240910,2020,0,1698,1698
240910,2021,0,943,943
240920,1988,0,1824,1824
240920,1989,0,1884,1884
240920,1990,0,1869,1869
240920,1991,0,2011,2011
240920,1992,0,1109,1109
240920,1993,0,1111,1111
240920,1994,0,1215,1215
240920,1995,0,1325,1325
240920,1996,0,1315,1315
240920,1997,0,1367,1367
240920,1998,0,707,707
240920,1999,0,654,654
240920,2000,0,654,654
240920,2001,0,594,594
240920,2002,0,732,732
240920,2003,0,759,759
240920,2004,0,789,789
240920,2005,0,493,493
240920,2006,0,493,493
240920,2007,0,538,538
240920,2008,0,619,619
240920,2009,0,604,604
240920,2010,0,602,602
240920,2011,0,690,690
240920,2012,0,750,750
240920,2013,0,195,195
240920,2014,0,211,211
240920,2015,0,292,292
240920,2016,0,267,267
240920,2017,0,245,245
240920,2018,0,285,285
240920,2019,0,180,180
240920,2020,0,210,210
240920,2021,0,210,210
240930,1988,0,6946,6946
240930,1989,0,5720,5720
240930,1990,0,5498,5498
240930,1991,0,2664,2664
240930,1992,0,1438,1438
240930,1993,0,45,45
240930,1994,0,2785,2785
240930,1995,0,5165,5165
240930,1996,0,3535,3535
240930,1997,0,2763,2763
240930,1998,0,2790,2790
240930,1999,0,2115,2115
240930,2000,0,1342,1342
240930,2001,0,1242,1242
240930,2002,0,1476,1476
240930,2003,0,1441,1441
240930,2004,0,1070,1070
240930,2005,0,360,360
240930,2006,0,496,496
240930,2007,0,486,486
240930,2008,0,493,493
240930,2009,0,431,431
240930,2010,0,20,20
240930,2011,0,837,837
240930,2012,0,173,173
240930,2013,0,779,779
240930,2014,0,867,867
240930,2015,0,414,414
240930,2016,0,329,329
240930,2017,0,413,413
240930,2018,0,518,518
240930,2019,0,798,798
240930,2020,0,768,768
240930,2021,0,678,678
240940,1988,0,3296,3296
240940,1989,0,3179,3179
240940,1990,0,1981,1981
240940,1991,0,1616,1616
240940,1992,0,1297,1297
240940,1993,0,131,131
240940,1994,0,1129,1129
240940,1995,0,1295,1295
240940,1996,0,931,931
240940,1997,0,1009,1009
240940,1998,0,949,949
240940,1999,0,1120,1120
240940,2000,0,1174,1174
240940,2001,0,1099,1099
240940,2002,0,2250,2250
240940,2003,0,1322,1322
240940,2004,0,1403,1403
240940,2005,0,1183,1183
240940,2006,0,1146,1146
240940,2007,0,1196,1196
240940,2008,0,1622,1622
240940,2009,0,1164,1164
240940,2010,0,557,557
240940,2011,0,522,522
240940,2012,0,465,465
240940,2013,0,267,267
240940,2014,0,688,688
240940,2015,0,308,308
240940,2016,0,1019,1019
240940,2017,0,879,879
240940,2018,0,583,583
240940,2019,0,919,919
240940,2020,0,1014,1014
240940,2021,0,1136,1136
240950,1988,0,4111,4111
240950,1989,0,1742,1742
240950,1990,0,529,529
240950,1991,0,1900,1900
240950,1992,0,2380,2380
240950,1993,0,460,460
240950,1994,0,1670,1670
240950,1995,0,1820,1820
240950,1996,0,2093,2093
240950,1997,0,599,599
240950,1998,0,272,272
240950,1999,0,772,772
240950,2000,0,1513,1513
240950,2001,0,633,633
240950,2002,0,511,511
240950,2003,0,1694,1694
240950,2004,0,1384,1384
240950,2005,0,1966,1966
240950,2006,0,1841,1841
240950,2007,0,476,476
240950,2008,0,777,777
240950,2009,0,1234,1234
240950,2010,0,214,214
240950,2011,0,575,575
240950,2012,0,174,174
240950,2013,0,238,238
240950,2014,0,315,315
240950,2015,0,325,325
240950,2016,0,145,145
240950,2017,0,180,180
240950,2018,0,385,385
240950,2019,0,395,395
240950,2020,0,285,285
240950,2021,0,265,265
240960,1988,0,4346,4346
240960,1989,0,5346,5346
240960,1990,0,3080,3080
240960,1991,0,5110,5110
240960,1992,0,6461,6461
240960,1993,0,1905,1905
240960,1994,0,4545,4545
240960,1995,0,3945,3945
240960,1996,0,3696,3696
240960,1997,0,2295,2295
240960,1998,0,1845,1845
240960,1999,0,2205,2205
240960,2000,0,2725,2725
240960,2001,0,1945,1945
240960,2002,0,1690,1690
240960,2003,0,1825,1825
240960,2004,0,1514,1514
240960,2005,0,750,750
240960,2006,0,1680,1680
240960,2007,0,720,720
240960,2008,0,730,730
240960,2009,0,880,880
240960,2010,0,630,630
240960,2011,0,1200,1200
240960,2012,0,445,445
240960,2013,0,1000,1000
240960,2014,0,1700,1700
240960,2015,0,820,820
240960,2016,0,1700,1700
240960,2017,0,710,710
240960,2018,0,1100,1100
240960,2019,0,1110,1110
240960,2020,0,950,950
240960,2021,0,300,300
240970,1988,0,48476,48476
240970,1989,0,46589,46589
240970,1990,0,20042,20042
240970,1991,0,16546,16546
240970,1992,0,10356,10356
240970,1993,0,346,346
240970,1994,0,5446,5446
240970,1995,0,6546,6546
240970,1996,0,2820,2820
240970,1997,0,980,980
240970,1998,0,162,162
240970,1999,0,824,824
240970,2000,0,1512,1512
240970,2001,0,722,722
240970,2002,0,1144,1144
240970,2003,0,1374,1374
240970,2004,0,4448,4448
240970,2005,0,830,830
240970,2006,0,1660,1660
240970,2007,0,820,820
240970,2008,0,723,723
240970,2009,0,970,970
240970,2010,0,420,420
240970,2011,0,1510,1510
240970,2012,0,70,70
240970,2013,0,255,255
240970,2014,0,387,387
240970,2015,0,506,506
240970,2016,0,600,600
240970,2017,0,300,300
240970,2018,0,430,430
240970,2019,0,750,750
240970,2020,0,650,650
240970,2021,0,197,197
240980,1988,0,4110,4110
240980,1989,0,4110,4110
240980,1990,0,4348,4348
240980,1991,0,3800,3800
240980,1992,0,3430,3430
240980,1993,0,3420,3420
240980,1994,0,4350,4350
240980,1995,0,5732,5732
240980,1996,0,4133,4133
240980,1997,0,4322,4322
240980,1998,0,3627,3627
240980,1999,0,3573,3573
240980,2000,0,5120,5120
240980,2001,0,1610,1610
240980,2002,0,2241,2241
240980,2003,0,2438,2438
240980,2004,0,3804,3804
240980,2005,0,3507,3507
240980,2006,0,3615,3615
240980,2007,0,3475,3475
240980,2008,0,3690,3690
240980,2009,0,3582,3582
240980,2010,0,4066,4066
240980,2011,0,3786,3786
240980,2012,0,3397,3397
240980,2013,0,3416,3416
240980,2014,0,3488,3488
240980,2015,0,3082,3082
240980,2016,0,3108,3108
240980,2017,0,3103,3103
240980,2018,0,3205,3205
240980,2019,0,3155,3155
240980,2020,0,3195,3195
240980,2021,0,3205,3205
240990,1988,0,2292,2292
240990,1989,0,2325,2325
240990,1990,0,210,210
240990,1991,0,1096,1096
240990,1992,0,1271,1271
240990,1993,0,55,55
240990,1994,0,1011,1011
240990,1995,0,775,775
240990,1996,0,838,838
240990,1997,0,479,479
240990,1998,0,39,39
240990,1999,0,393,393
240990,2000,0,863,863
240990,2001,0,353,353
240990,2002,0,609,609
240990,2003,0,709,709
240990,2004,0,724,724
240990,2005,0,513,513
240990,2006,0,430,430
240990,2007,0,320,320
240990,2008,0,297,297
240990,2009,0,617,617
240990,2010,0,327,327
240990,2011,0,729,729
240990,2012,0,65,65
240990,2013,0,255,255
240990,2014,0,180,180
240990,2015,0,252,252
240990,2016,0,332,332
240990,2017,0,583,583
240990,2018,0,768,768
240990,2019,0,1054,1054
240990,2020,0,1208,1208
240990,2021,0,667,667
241000,1988,0,1076,1076
241000,1989,0,986,986
241000,1990,0,581,581
241000,1991,0,623,623
241000,1992,0,745,745
241000,1993,0,8,8
241000,1994,0,427,427
241000,1995,0,490,490
241000,1996,0,722,722
241000,1997,0,390,390
241000,1998,0,163,163
241000,1999,0,614,614
241000,2000,0,651,651
241000,2001,0,666,666
241000,2002,0,1235,1235
241000,2003,0,1358,1358
241000,2004,0,1744,1744
241000,2005,0,946,946
241000,2006,0,1315,1315
241000,2007,0,1070,1070
241000,2008,0,1586,1586
241000,2009,0,1805,1805
241000,2010,0,735,735
241000,2011,0,498,498
241000,2012,0,281,281
241000,2013,0,261,261
241000,2014,0,603,603
241000,2015,0,91,91
241000,2016,0,381,381
241000,2017,0,725,725
241000,2018,0,627,627
241000,2019,0,402,402
241000,2020,0,422,422
241000,2021,0,344,344
241010,1988,0,1627,1627
241010,1989,0,1840,1840
241010,1990,0,1430,1430
241010,1991,0,1831,1831
241010,1992,0,2051,2051
241010,1993,0,1727,1727
241010,1994,0,2011,2011
241010,1995,0,2013,2013
241010,1996,0,1890,1890
241010,1997,0,1871,1871
241010,1998,0,2179,2179
241010,1999,0,1492,1492
241010,2000,0,1812,1812
241010,2001,0,1689,1689
241010,2002,0,2075,2075
241010,2003,0,1724,1724
241010,2004,0,1884,1884
241010,2005,0,1697,1697
241010,2006,0,2723,2723
241010,2007,0,2517,2517
241010,2008,0,2498,2498
241010,2009,0,2286,2286
241010,2010,0,1416,1416
241010,2011,0,1301,1301
241010,2012,0,961,961
241010,2013,0,1206,1206
241010,2014,0,1259,1259
241010,2015,0,1036,1036
241010,2016,0,1250,1250
241010,2017,0,1153,1153
241010,2018,0,1347,1347
241010,2019,0,1647,1647
241010,2020,0,1685,1685
241010,2021,0,1692,1692
241020,1988,0,3142,3142
241020,1989,0,2952,2952
241020,1990,0,1620,1620
241020,1991,0,3062,3062
241020,1992,0,3057,3057
241020,1993,0,1313,1313
241020,1994,0,2819,2819
241020,1995,0,2871,2871
241020,1996,0,2397,2397
241020,1997,0,3359,3359
241020,1998,0,3038,3038
241020,1999,0,3296,3296
241020,2000,0,3386,3386
241020,2001,0,3428,3428
241020,2002,0,3583,3583
241020,2003,0,3396,3396
241020,2004,0,3518,3518
241020,2005,0,3156,3156
241020,2006,0,2990,2990
241020,2007,0,3314,3314
241020,2008,0,3514,3514
241020,2009,0,3385,3385
241020,2010,0,2694,2694
241020,2011,0,3028,3028
241020,2012,0,3013,3013
241020,2013,0,2651,2651
241020,2014,0,2913,2913
241020,2015,0,1996,1996
241020,2016,0,894,894
241020,2017,0,912,912
241020,2018,0,800,800
241020,2019,0,749,749
241020,2020,0,801,801
241020,2021,0,832,832
241030,1988,0,2912,2912
241030,1989,0,2914,2914
241030,1990,0,1068,1068
241030,1991,0,2964,2964
241030,1992,0,6908,6908
241030,1993,0,1661,1661
241030,1994,0,6778,6778
241030,1995,0,6257,6257
241030,1996,0,6575,6575
241030,1997,0,5464,5464
241030,1998,0,2219,2219
241030,1999,0,3970,3970
241030,2000,0,3955,3955
241030,2001,0,2660,2660
241030,2002,0,3135,3135
241030,2003,0,3965,3965
241030,2004,0,4805,4805
241030,2005,0,2405,2405
241030,2006,0,3799,3799
241030,2007,0,2281,2281
241030,2008,0,3532,3532
241030,2009,0,4735,4735
241030,2010,0,2569,2569
241030,2011,0,2502,2502
241030,2012,0,1924,1924
241030,2013,0,1500,1500
241030,2014,0,925,925
241030,2015,0,1767,1767
241030,2016,0,1067,1067
241030,2017,0,817,817
241030,2018,0,1325,1325
241030,2019,0,2194,2194
241030,2020,0,2802,2802
241030,2021,0,1882,1882
241040,1988,0,8061,8061
241040,1989,0,7277,7277
241040,1990,0,6772,6772
241040,1991,0,10072,10072
241040,1992,0,9848,9848
241040,1993,0,9205,9205
241040,1994,0,9618,9618
241040,1995,0,9618,9618
241040,1996,0,9673,9673
241040,1997,0,9909,9909
241040,1998,0,10113,10113
241040,1999,0,9895,9895
241040,2000,0,10473,10473
241040,2001,0,9727,9727
241040,2002,0,10402,10402
241040,2003,0,10672,10672
241040,2004,0,9820,9820
241040,2005,0,8960,8960
241040,2006,0,10169,10169
241040,2007,0,10286,10286
241040,2008,0,10380,10380
241040,2009,0,10282,10282
241040,2010,0,3530,3530
241040,2011,0,3707,3707
241040,2012,0,2885,2885
241040,2013,0,3707,3707
241040,2014,0,2924,2924
241040,2015,0,2905,2905
241040,2016,0,3494,3494
241040,2017,0,6957,6957
241040,2018,0,7648,7648
241040,2019,0,6938,6938
241040,2020,0,7446,7446
241040,2021,0,7560,7560
241050,1988,0,1695,1695
241050,1989,0,1209,1209
241050,1990,0,820,820
241050,1991,0,898,898
241050,1992,0,1111,1111
241050,1993,0,33,33
241050,1994,0,677,677
241050,1995,0,456,456
241050,1996,0,673,673
241050,1997,0,439,439
241050,1998,0,535,535
241050,1999,0,672,672
241050,2000,0,644,644
241050,2001,0,643,643
241050,2002,0,765,765
241050,2003,0,762,762
241050,2004,0,628,628
241050,2005,0,532,532
241050,2006,0,600,600
241050,2007,0,496,496
241050,2008,0,743,743
241050,2009,0,1247,1247
241050,2010,0,524,524
241050,2011,0,801,801
241050,2012,0,656,656
241050,2013,0,664,664
241050,2014,0,347,347
241050,2015,0,129,129
241050,2016,0,76,76
241050,2017,0,206,206
241050,2018,0,301,301
241050,2019,0,211,211
241050,2020,0,198,198
241050,2021,0,435,435
241060,1988,0,1469,1469
241060,1989,0,941,941
241060,1990,0,127,127
241060,1991,0,535,535
241060,1992,0,840,840
241060,1993,0,48,48
241060,1994,0,970,970
241060,1995,0,1107,1107
241060,1996,0,902,902
241060,1997,0,715,715
241060,1998,0,712,712
241060,1999,0,644,644
241060,2000,0,784,784
241060,2001,0,779,779
241060,2002,0,920,920
241060,2003,0,917,917
241060,2004,0,946,946
241060,2005,0,687,687
241060,2006,0,793,793
241060,2007,0,397,397
241060,2008,0,678,678
241060,2009,0,692,692
241060,2010,0,203,203
241060,2011,0,327,327
241060,2012,0,481,481
241060,2013,0,483,483
241060,2014,0,334,334
241060,2015,0,222,222
241060,2016,0,322,322
241060,2017,0,422,422
241060,2018,0,272,272
241060,2019,0,468,468
241060,2020,0,581,581
241060,2021,0,583,583
241070,1988,0,1141,1141
241070,1989,0,1162,1162
241070,1990,0,42,42
241070,1991,0,1210,1210
241070,1992,0,1100,1100
241070,1993,0,56,56
241070,1994,0,750,750
241070,1995,0,749,749
241070,1996,0,599,599
241070,1997,0,433,433
241070,1998,0,383,383
241070,1999,0,464,464
241070,2000,0,536,536
241070,2001,0,536,536
241070,2002,0,626,626
241070,2003,0,618,618
241070,2004,0,616,616
241070,2005,0,488,488
241070,2006,0,483,483
241070,2007,0,498,498
241070,2008,0,714,714
241070,2009,0,738,738
241070,2010,0,291,291
241070,2011,0,482,482
241070,2012,0,472,472
241070,2013,0,440,440
241070,2014,0,432,432
241070,2015,0,419,419
241070,2016,0,347,347
241070,2017,0,140,140
241070,2018,0,320,320
241070,2019,0,295,295
241070,2020,0,305,305
241070,2021,0,292,292
241080,1988,0,2000,2000
241080,1989,0,1744,1744
241080,1990,0,1047,1047
241080,1991,0,1283,1283
241080,1992,0,1672,1672
241080,1993,0,35,35
241080,1994,0,1177,1177
241080,1995,0,893,893
241080,1996,0,793,793
241080,1997,0,719,719
241080,1998,0,673,673
241080,1999,0,954,954
241080,2000,0,973,973
241080,2001,0,978,978
241080,2002,0,1045,1045
241080,2003,0,1005,1005
241080,2004,0,857,857
241080,2005,0,815,815
241080,2006,0,848,848
241080,2007,0,691,691
241080,2008,0,1008,1008
241080,2009,0,637,637
241080,2010,0,400,400
241080,2011,0,594,594
241080,2012,0,385,385
241080,2013,0,511,511
241080,2014,0,797,797
241080,2015,0,495,495
241080,2016,0,419,419
241080,2017,0,347,347
241080,2018,0,546,546
241080,2019,0,457,457
241080,2020,0,476,476
241080,2021,0,516,516
241090,1988,0,1607,1607
241090,1989,0,2182,2182
241090,1990,0,184,184
241090,1991,0,1485,1485
241090,1992,0,1780,1780
241090,1993,0,92,92
241090,1994,0,2766,2766
241090,1995,0,2434,2434
241090,1996,0,2849,2849
241090,1997,0,2337,2337
241090,1998,0,692,692
241090,1999,0,921,921
241090,2000,0,942,942
241090,2001,0,1292,1292
241090,2002,0,1478,1478
241090,2003,0,1775,1775
241090,2004,0,2137,2137
241090,2005,0,1266,1266
241090,2006,0,667,667
241090,2007,0,873,873
241090,2008,0,1282,1282
241090,2009,0,1126,1126
241090,2010,0,740,740
241090,2011,0,999,999
241090,2012,0,211,211
241090,2013,0,1726,1726
241090,2014,0,247,247
241090,2015,0,946,946
241090,2016,0,551,551
241090,2017,0,501,501
241090,2018,0,576,576
241090,2019,0,946,946
241090,2020,0,951,951
241090,2021,0,1030,1030
241100,1988,0,2470,2470
241100,1989,0,2591,2591
241100,1990,0,1383,1383
241100,1991,0,4038,4038
241100,1992,0,4122,4122
241100,1993,0,1153,1153
241100,1994,0,3776,3776
241100,1995,0,3894,3894
241100,1996,0,3322,3322
241100,1997,0,3211,3211
241100,1998,0,1916,1916
241100,1999,0,2195,2195
241100,2000,0,2331,2331
241100,2001,0,2320,2320
241100,2002,0,2524,2524
241100,2003,0,2496,2496
241100,2004,0,1836,1836
241100,2005,0,656,656
241100,2006,0,1066,1066
241100,2007,0,1063,1063
241100,2008,0,1089,1089
241100,2009,0,1109,1109
241100,2010,0,551,551
241100,2011,0,979,979
241100,2012,0,587,587
241100,2013,0,816,816
241100,2014,0,765,765
241100,2015,0,209,209
241100,2016,0,491,491
241100,2017,0,550,550
241100,2018,0,558,558
241100,2019,0,464,464
241100,2020,0,509,509
241100,2021,0,472,472
241110,1988,0,2312,2312
241110,1989,0,1879,1879
241110,1990,0,382,382
241110,1991,0,1630,1630
241110,1992,0,1896,1896
241110,1993,0,97,97
241110,1994,0,1988,1988
241110,1995,0,1787,1787
241110,1996,0,1994,1994
241110,1997,0,2160,2160
241110,1998,0,604,604
241110,1999,0,802,802
241110,2000,0,323,323
241110,2001,0,828,828
241110,2002,0,888,888
241110,2003,0,1341,1341
241110,2004,0,1268,1268
241110,2005,0,452,452
241110,2006,0,794,794
241110,2007,0,1145,1145
241110,2008,0,1313,1313
241110,2009,0,856,856
241110,2010,0,432,432
241110,2011,0,1526,1526
241110,2012,0,198,198
241110,2013,0,868,868
241110,2014,0,406,406
241110,2015,0,842,842
241110,2016,0,594,594
241110,2017,0,314,314
241110,2018,0,338,338
241110,2019,0,638,638
241110,2020,0,644,644
241110,2021,0,124,124
241120,1988,0,14481,14481
241120,1989,0,13362,13362
241120,1990,0,3573,3573
241120,1991,0,9604,9604
241120,1992,0,11504,11504
241120,1993,0,107,107
241120,1994,0,11216,11216
241120,1995,0,9828,9828
241120,1996,0,5551,5551
241120,1997,0,4137,4137
241120,1998,0,965,965
241120,1999,0,1321,1321
241120,2000,0,2368,2368
241120,2001,0,1234,1234
241120,2002,0,988,988
241120,2003,0,1888,1888
241120,2004,0,7380,7380
241120,2005,0,4469,4469
241120,2006,0,3046,3046
241120,2007,0,4156,4156
241120,2008,0,3716,3716
241120,2009,0,4577,4577
241120,2010,0,4364,4364
241120,2011,0,4469,4469
241120,2012,0,534,534
241120,2013,0,1811,1811
241120,2014,0,697,697
241120,2015,0,3093,3093
241120,2016,0,1948,1948
241120,2017,0,928,928
241120,2018,0,2017,2017
241120,2019,0,2572,2572
241120,2020,0,2393,2393
241120,2021,0,94,94
241140,1988,0,5331,5331
241140,1989,0,5359,5359
241140,1990,0,1366,1366
241140,1991,0,3900,3900
241140,1992,0,2024,2024
241140,1993,0,584,584
241140,1994,0,5974,5974
241140,1995,0,5184,5184
241140,1996,0,9496,9496
241140,1997,0,6901,6901
241140,1998,0,5218,5218
241140,1999,0,5067,5067
241140,2000,0,6047,6047
241140,2001,0,2680,2680
241140,2002,0,3722,3722
241140,2003,0,3883,3883
241140,2004,0,7119,7119
241140,2005,0,7160,7160
241140,2006,0,7237,7237
241140,2007,0,6319,6319
241140,2008,0,6324,6324
241140,2009,0,7610,7610
241140,2010,0,5873,5873
241140,2011,0,6419,6419
241140,2012,0,4944,4944
241140,2013,0,4863,4863
241140,2014,0,6240,6240
241140,2015,0,7270,7270
241140,2016,0,6308,6308
241140,2017,0,7724,7724
241140,2018,0,8332,8332
241140,2019,0,8092,8092
241140,2020,0,6638,6638
241140,2021,0,6285,6285
241142,1988,0,1320,1320
241142,1989,0,1567,1567
241142,1990,0,1022,1022
241142,1991,0,1744,1744
241142,1992,0,1777,1777
241142,1993,0,1205,1205
241142,1994,0,1035,1035
241142,1995,0,831,831
241142,1996,0,1107,1107
241142,1997,0,938,938
241142,1998,0,389,389
241142,1999,0,70,70
241142,2000,0,101,101
241142,2001,0,83,83
241142,2002,0,162,162
241142,2003,0,160,160
241142,2004,0,206,206
241142,2005,0,83,83
241142,2006,0,126,126
241142,2007,0,108,108
241142,2008,0,95,95
241142,2009,0,311,311
241142,2010,0,139,139
241142,2011,0,146,146
241142,2012,0,115,115
241142,2013,0,8,8
241142,2014,0,152,152
241142,2015,0,152,152
241142,2016,0,208,208
241142,2017,0,261,261
241142,2018,0,192,192
241142,2019,0,311,311
241142,2020,0,117,117
241142,2021,0,104,104
241150,1988,0,6719,6719
241150,1989,0,6719,6719
241150,1990,0,6809,6809
241150,1991,0,7399,7399
241150,1992,0,7006,7006
241150,1993,0,6796,6796
241150,1994,0,6800,6800
241150,1995,0,7336,7336
241150,1996,0,7174,7174
241150,1997,0,7042,7042
241150,1998,0,5627,5627
241150,1999,0,2075,2075
241150,2000,0,1810,1810
241150,2001,0,2089,2089
241150,2002,0,2381,2381
241150,2003,0,2393,2393
241150,2004,0,2653,2653
241150,2005,0,1553,1553
241150,2006,0,1951,1951
241150,2007,0,2111,2111
241150,2008,0,3981,3981
241150,2009,0,3538,3538
241150,2010,0,2011,2011
241150,2011,0,2725,2725
241150,2012,0,1021,1021
241150,2013,0,1631,1631
241150,2014,0,956,956
241150,2015,0,662,662
241150,2016,0,1337,1337
241150,2017,0,987,987
241150,2018,0,3737,3737
241150,2019,0,3737,3737
241150,2020,0,3737,3737
241150,2021,0,3307,3307
241160,1988,0,2941,2941
241160,1989,0,3378,3378
241160,1990,0,2387,2387
241160,1991,0,11775,11775
241160,1992,0,6756,6756
241160,1993,0,5249,5249
241160,1994,0,6010,6010
241160,1995,0,6090,6090
241160,1996,0,6062,6062
241160,1997,0,5485,5485
241160,1998,0,6405,6405
241160,1999,0,6845,6845
241160,2000,0,7583,7583
241160,2001,0,5431,5431
241160,2002,0,5739,5739
241160,2003,0,5809,5809
241160,2004,0,6789,6789
241160,2005,0,5660,5660
241160,2006,0,4426,4426
241160,2007,0,3769,3769
241160,2008,0,3947,3947
241160,2009,0,4047,4047
241160,2010,0,2710,2710
241160,2011,0,3050,3050
241160,2012,0,2404,2404
241160,2013,0,2927,2927
241160,2014,0,2838,2838
241160,2015,0,3206,3206
241160,2016,0,2964,2964
241160,2017,0,3201,3201
241160,2018,0,2900,2900
241160,2019,0,3464,3464
241160,2020,0,3321,3321
241160,2021,0,2688,2688
241170,1988,0,6530,6530
241170,1989,0,6503,6503
241170,1990,0,1382,1382
241170,1991,0,5941,5941
241170,1992,0,3852,3852
241170,1993,0,67,67
241170,1994,0,4679,4679
241170,1995,0,4611,4611
241170,1996,0,4478,4478
241170,1997,0,4580,4580
241170,1998,0,1481,1481
241170,1999,0,1904,1904
241170,2000,0,2500,2500
241170,2001,0,905,905
241170,2002,0,1081,1081
241170,2003,0,1128,1128
241170,2004,0,1416,1416
241170,2005,0,1113,1113
241170,2006,0,1721,1721
241170,2007,0,1563,1563
241170,2008,0,1223,1223
241170,2009,0,1279,1279
241170,2010,0,156,156
241170,2011,0,1278,1278
241170,2012,0,109,109
241170,2013,0,208,208
241170,2014,0,456,456
241170,2015,0,855,855
241170,2016,0,558,558
241170,2017,0,456,456
241170,2018,0,654,654
241170,2019,0,1034,1034
241170,2020,0,668,668
241170,2021,0,60,60
241180,1988,0,1783,1783
241180,1989,0,1584,1584
241180,1990,0,1451,1451
241180,1991,0,1137,1137
241180,1992,0,801,801
241180,1993,0,15,15
241180,1994,0,805,805
241180,1995,0,800,800
241180,1996,0,703,703
241180,1997,0,237,237
241180,1998,0,286,286
241180,1999,0,213,213
241180,2000,0,165,165
241180,2001,0,171,171
241180,2002,0,231,231
241180,2003,0,199,199
241180,2004,0,277,277
241180,2005,0,262,262
241180,2006,0,203,203
241180,2007,0,170,170
241180,2008,0,232,232
241180,2009,0,351,351
241180,2010,0,111,111
241180,2011,0,288,288
241180,2012,0,153,153
241180,2013,0,166,166
241180,2014,0,245,245
241180,2015,0,194,194
241180,2016,0,321,321
241180,2017,0,321,321
241180,2018,0,329,329
241180,2019,0,159,159
241180,2020,0,203,203
241180,2021,0,187,187
241190,1988,0,1773,1773
241190,1989,0,1361,1361
241190,1990,0,826,826
241190,1991,0,773,773
241190,1992,0,427,427
241190,1993,0,10,10
241190,1994,0,707,707
241190,1995,0,595,595
241190,1996,0,852,852
241190,1997,0,469,469
241190,1998,0,294,294
241190,1999,0,515,515
241190,2000,0,548,548
241190,2001,0,547,547
241190,2002,0,626,626
241190,2003,0,663,663
241190,2004,0,760,760
241190,2005,0,529,529
241190,2006,0,503,503
241190,2007,0,547,547
241190,2008,0,789,789
241190,2009,0,547,547
241190,2010,0,98,98
241190,2011,0,600,600
241190,2012,0,446,446
241190,2013,0,437,437
241190,2014,0,414,414
241190,2015,0,240,240
241190,2016,0,255,255
241190,2017,0,734,734
241190,2018,0,314,314
241190,2019,0,412,412
241190,2020,0,396,396
241190,2021,0,376,376
241200,1988,0,3760,3760
241200,1989,0,3604,3604
241200,1990,0,1629,1629
241200,1991,0,2924,2924
241200,1992,0,2579,2579
241200,1993,0,2593,2593
241200,1994,0,3019,3019
241200,1995,0,3046,3046
241200,1996,0,3009,3009
241200,1997,0,2916,2916
241200,1998,0,2265,2265
241200,1999,0,2710,2710
241200,2000,0,4810,4810
241200,2001,0,4301,4301
241200,2002,0,4516,4516
241200,2003,0,4501,4501
241200,2004,0,4564,4564
241200,2005,0,4355,4355
241200,2006,0,5002,5002
241200,2007,0,4879,4879
241200,2008,0,4888,4888
241200,2009,0,4599,4599
241200,2010,0,4597,4597
241200,2011,0,2977,2977
241200,2012,0,1486,1486
241200,2013,0,2406,2406
241200,2014,0,1621,1621
241200,2015,0,1519,1519
241200,2016,0,1501,1501
241200,2017,0,1939,1939
241200,2018,0,1739,1739
241200,2019,0,1739,1739
241200,2020,0,1739,1739
241200,2021,0,1239,1239
241210,1988,0,1016,1016
241210,1989,0,1538,1538
241210,1990,0,321,321
241210,1991,0,1257,1257
241210,1992,0,990,990
241210,1993,0,9,9
241210,1994,0,1069,1069
241210,1995,0,628,628
241210,1996,0,711,711
241210,1997,0,869,869
241210,1998,0,554,554
241210,1999,0,84,84
241210,2000,0,147,147
241210,2001,0,282,282
241210,2002,0,514,514
241210,2003,0,317,317
241210,2004,0,408,408
241210,2005,0,325,325
241210,2006,0,434,434
241210,2007,0,333,333
241210,2008,0,472,472
241210,2009,0,351,351
241210,2010,0,76,76
241210,2011,0,736,736
241210,2012,0,95,95
241210,2013,0,73,73
241210,2014,0,304,304
241210,2015,0,281,281
241210,2016,0,284,284
241210,2017,0,249,249
241210,2018,0,286,286
241210,2019,0,252,252
241210,2020,0,243,243
241210,2021,0,229,229
241220,1988,0,7363,7363
241220,1989,0,6626,6626
241220,1990,0,6560,6560
241220,1991,0,6676,6676
241220,1992,0,7211,7211
241220,1993,0,8384,8384
241220,1994,0,8187,8187
241220,1995,0,8416,8416
241220,1996,0,8717,8717
241220,1997,0,8860,8860
241220,1998,0,6925,6925
241220,1999,0,4797,4797
241220,2000,0,4729,4729
241220,2001,0,4318,4318
241220,2002,0,5847,5847
241220,2003,0,6333,6333
241220,2004,0,6348,6348
241220,2005,0,7680,7680
241220,2006,0,7589,7589
241220,2007,0,7430,7430
241220,2008,0,7619,7619
241220,2009,0,7193,7193
241220,2010,0,7275,7275
241220,2011,0,7683,7683
241220,2012,0,7005,7005
241220,2013,0,6755,6755
241220,2014,0,5954,5954
241220,2015,0,5895,5895
241220,2016,0,5819,5819
241220,2017,0,5854,5854
241220,2018,0,5880,5880
241220,2019,0,5880,5880
241220,2020,0,5870,5870
241220,2021,0,5860,5860
241230,1988,0,4913,4913
241230,1989,0,4913,4913
241230,1990,0,5403,5403
241230,1991,0,6081,6081
241230,1992,0,7278,7278
241230,1993,0,27,27
241230,1994,0,8854,8854
241230,1995,0,9629,9629
241230,1996,0,8197,8197
241230,1997,0,6597,6597
241230,1998,0,1688,1688
241230,1999,0,2261,2261
241230,2000,0,3085,3085
241230,2001,0,1548,1548
241230,2002,0,1818,1818
241230,2003,0,2172,2172
241230,2004,0,975,975
241230,2005,0,2500,2500
241230,2006,0,2434,2434
241230,2007,0,3768,3768
241230,2008,0,2879,2879
241230,2009,0,2070,2070
241230,2010,0,347,347
241230,2011,0,2086,2086
241230,2012,0,894,894
241230,2013,0,1036,1036
241230,2014,0,836,836
241230,2015,0,3031,3031
241230,2016,0,1735,1735
241230,2017,0,733,733
241230,2018,0,920,920
241230,2019,0,4146,4146
241230,2020,0,4155,4155
241230,2021,0,1506,1506
241240,1988,0,2892,2892
241240,1989,0,2929,2929
241240,1990,0,816,816
241240,1991,0,2477,2477
241240,1992,0,1711,1711
241240,1993,0,528,528
241240,1994,0,1667,1667
241240,1995,0,1408,1408
241240,1996,0,772,772
241240,1997,0,1426,1426
241240,1998,0,1411,1411
241240,1999,0,474,474
241240,2000,0,395,395
241240,2001,0,512,512
241240,2002,0,689,689
241240,2003,0,330,330
241240,2004,0,231,231
241240,2005,0,177,177
241240,2006,0,532,532
241240,2007,0,280,280
241240,2008,0,285,285
241240,2009,0,334,334
241240,2010,0,233,233
241240,2011,0,384,384
241240,2012,0,99,99
241240,2013,0,69,69
241240,2014,0,233,233
241240,2015,0,364,364
241240,2016,0,211,211
241240,2017,0,211,211
241240,2018,0,129,129
241240,2019,0,440,440
241240,2020,0,360,360
241240,2021,0,276,276
241250,1988,0,17055,17055
241250,1989,0,25382,25382
241250,1990,0,17142,17142
241250,1991,0,14015,14015
241250,1992,0,14230,14230
241250,1993,0,564,564
241250,1994,0,9075,9075
241250,1995,0,7738,7738
241250,1996,0,6337,6337
241250,1997,0,8674,8674
241250,1998,0,3456,3456
241250,1999,0,3576,3576
241250,2000,0,3897,3897
241250,2001,0,3953,3953
241250,2002,0,4336,4336
241250,2003,0,5952,5952
241250,2004,0,6672,6672
241250,2005,0,5900,5900
241250,2006,0,6331,6331
241250,2007,0,5545,5545
241250,2008,0,5834,5834
241250,2009,0,5845,5845
241250,2010,0,4969,4969
241250,2011,0,3849,3849
241250,2012,0,3958,3958
241250,2013,0,3331,3331
241250,2014,0,2830,2830
241250,2015,0,2972,2972
241250,2016,0,2724,2724
241250,2017,0,3137,3137
241250,2018,0,4739,4739
241250,2019,0,2957,2957
241250,2020,0,2998,2998
241250,2021,0,3448,3448
241260,1988,0,7711,7711
241260,1989,0,8546,8546
241260,1990,0,1510,1510
241260,1991,0,2933,2933
241260,1992,0,4620,4620
241260,1993,0,1004,1004
241260,1994,0,4873,4873
241260,1995,0,4466,4466
241260,1996,0,4552,4552
241260,1997,0,3142,3142
241260,1998,0,1724,1724
241260,1999,0,2115,2115
241260,2000,0,3134,3134
241260,2001,0,2471,2471
241260,2002,0,2364,2364
241260,2003,0,3071,3071
241260,2004,0,4261,4261
241260,2005,0,2873,2873
241260,2006,0,3035,3035
241260,2007,0,2457,2457
241260,2008,0,4856,4856
241260,2009,0,4053,4053
241260,2010,0,3441,3441
241260,2011,0,2833,2833
241260,2012,0,944,944
241260,2013,0,2604,2604
241260,2014,0,966,966
241260,2015,0,1816,1816
241260,2016,0,1724,1724
241260,2017,0,972,972
241260,2018,0,1461,1461
241260,2019,0,2459,2459
241260,2020,0,2320,2320
241260,2021,0,675,675
241270,1988,0,3102,3102
241270,1989,0,3507,3507
241270,1990,0,3006,3006
241270,1991,0,3543,3543
241270,1992,0,3495,3495
241270,1993,0,622,622
241270,1994,0,2672,2672
241270,1995,0,2646,2646
241270,1996,0,2538,2538
241270,1997,0,1855,1855
241270,1998,0,782,782
241270,1999,0,977,977
241270,2000,0,1674,1674
241270,2001,0,2598,2598
241270,2002,0,2268,2268
241270,2003,0,2680,2680
241270,2004,0,2769,2769
241270,2005,0,1047,1047
241270,2006,0,580,580
241270,2007,0,923,923
241270,2008,0,2799,2799
241270,2009,0,2298,2298
241270,2010,0,411,411
241270,2011,0,1916,1916
241270,2012,0,991,991
241270,2013,0,1108,1108
241270,2014,0,1053,1053
241270,2015,0,1072,1072
241270,2016,0,909,909
241270,2017,0,986,986
241270,2018,0,1397,1397
241270,2019,0,1402,1402
241270,2020,0,1406,1406
241270,2021,0,796,796
241280,1988,0,360,360
241280,1989,0,314,314
241280,1990,0,45,45
241280,1991,0,604,604
241280,1992,0,294,294
241280,1993,0,4,4
241280,1994,0,613,613
241280,1995,0,613,613
241280,1996,0,585,585
241280,1997,0,582,582
241280,1998,0,554,554
241280,1999,0,554,554
241280,2000,0,564,564
241280,2001,0,174,174
241280,2002,0,309,309
241280,2003,0,352,352
241280,2004,0,352,352
241280,2005,0,190,190
241280,2006,0,190,190
241280,2007,0,140,140
241280,2008,0,140,140
241280,2009,0,180,180
241280,2010,0,100,100
241280,2011,0,200,200
241280,2012,0,210,210
241280,2013,0,8,8
241280,2014,0,170,170
241280,2015,0,180,180
241280,2016,0,110,110
241280,2017,0,325,325
241280,2018,0,180,180
241280,2019,0,500,500
241280,2020,0,270,270
241280,2021,0,50,50
241290,1988,0,2639,2639
241290,1989,0,2561,2561
241290,1990,0,970,970
241290,1991,0,3669,3669
241290,1992,0,4727,4727
241290,1993,0,81,81
241290,1994,0,4473,4473
241290,1995,0,4102,4102
241290,1996,0,4498,4498
241290,1997,0,3779,3779
241290,1998,0,839,839
241290,1999,0,1350,1350
241290,2000,0,4211,4211
241290,2001,0,2224,2224
241290,2002,0,3110,3110
241290,2003,0,1500,1500
241290,2004,0,1790,1790
241290,2005,0,883,883
241290,2006,0,1654,1654
241290,2007,0,1821,1821
241290,2008,0,1604,1604
241290,2009,0,2265,2265
241290,2010,0,547,547
241290,2011,0,1263,1263
241290,2012,0,202,202
241290,2013,0,1119,1119
241290,2014,0,729,729
241290,2015,0,1865,1865
241290,2016,0,1021,1021
241290,2017,0,571,571
241290,2018,0,655,655
241290,2019,0,1121,1121
241290,2020,0,1141,1141
241290,2021,0,254,254
241300,1988,0,4020,4020
241300,1989,0,5502,5502
241300,1990,0,3913,3913
241300,1991,0,2470,2470
241300,1992,0,2535,2535
241300,1993,0,1085,1085
241300,1994,0,1735,1735
241300,1995,0,1740,1740
241300,1996,0,2308,2308
241300,1997,0,3901,3901
241300,1998,0,2768,2768
241300,1999,0,1924,1924
241300,2000,0,2174,2174
241300,2001,0,1664,1664
241300,2002,0,3234,3234
241300,2003,0,2626,2626
241300,2004,0,3291,3291
241300,2005,0,695,695
241300,2006,0,912,912
241300,2007,0,855,855
241300,2008,0,1416,1416
241300,2009,0,1379,1379
241300,2010,0,655,655
241300,2011,0,1276,1276
241300,2012,0,831,831
241300,2013,0,816,816
241300,2014,0,1582,1582
241300,2015,0,1122,1122
241300,2016,0,1242,1242
241300,2017,0,1351,1351
241300,2018,0,1223,1223
241300,2019,0,737,737
241300,2020,0,696,696
241300,2021,0,691,691
241310,1988,0,2433,2433
241310,1989,0,2431,2431
241310,1990,0,1075,1075
241310,1991,0,2637,2637
241310,1992,0,7519,7519
241310,1993,0,1822,1822
241310,1994,0,4626,4626
241310,1995,0,3634,3634
241310,1996,0,4144,4144
241310,1997,0,4003,4003
241310,1998,0,2256,2256
241310,1999,0,2715,2715
241310,2000,0,2901,2901
241310,2001,0,3122,3122
241310,2002,0,3312,3312
241310,2003,0,2072,2072
241310,2004,0,5032,5032
241310,2005,0,3321,3321
241310,2006,0,930,930
241310,2007,0,1313,1313
241310,2008,0,1907,1907
241310,2009,0,2485,2485
241310,2010,0,1735,1735
241310,2011,0,1850,1850
241310,2012,0,1673,1673
241310,2013,0,1406,1406
241310,2014,0,1481,1481
241310,2015,0,1306,1306
241310,2016,0,960,960
241310,2017,0,650,650
241310,2018,0,1426,1426
241310,2019,0,1403,1403
241310,2020,0,1964,1964
241310,2021,0,1064,1064
241320,1988,0,1077,1077
241320,1989,0,1077,1077
241320,1990,0,1352,1352
241320,1991,0,1110,1110
241320,1992,0,1112,1112
241320,1993,0,1115,1115
241320,1994,0,1577,1577
241320,1995,0,1623,1623
241320,1996,0,1986,1986
241320,1997,0,1908,1908
241320,1998,0,1643,1643
241320,1999,0,1327,1327
241320,2000,0,1327,1327
241320,2001,0,1297,1297
241320,2002,0,1368,1368
241320,2003,0,1368,1368
241320,2004,0,1462,1462
241320,2005,0,3967,3967
241320,2006,0,2264,2264
241320,2007,0,2241,2241
241320,2008,0,2291,2291
241320,2009,0,2226,2226
241320,2010,0,416,416
241320,2011,0,414,414
241320,2012,0,404,404
241320,2013,0,191,191
241320,2014,0,211,211
241320,2015,0,232,232
241320,2016,0,264,264
241320,2017,0,264,264
241320,2018,0,334,334
241320,2019,0,304,304
241320,2020,0,284,284
241320,2021,0,274,274
241330,1988,0,3770,3770
241330,1989,0,3905,3905
241330,1990,0,4155,4155
241330,1991,0,4599,4599
241330,1992,0,5166,5166
241330,1993,0,517,517
241330,1994,0,6050,6050
241330,1995,0,5332,5332
241330,1996,0,6851,6851
241330,1997,0,5061,5061
241330,1998,0,1564,1564
241330,1999,0,1557,1557
241330,2000,0,1141,1141
241330,2001,0,1349,1349
241330,2002,0,1518,1518
241330,2003,0,1878,1878
241330,2004,0,2180,2180
241330,2005,0,416,416
241330,2006,0,826,826
241330,2007,0,852,852
241330,2008,0,832,832
241330,2009,0,827,827
241330,2010,0,385,385
241330,2011,0,473,473
241330,2012,0,180,180
241330,2013,0,411,411
241330,2014,0,841,841
241330,2015,0,755,755
241330,2016,0,522,522
241330,2017,0,472,472
241330,2018,0,865,865
241330,2019,0,937,937
241330,2020,0,913,913
241330,2021,0,363,363
241335,1988,0,0,0
241335,1989,0,0,0
241335,1990,0,22647,22647
241335,1991,0,29300,29300
241335,1992,0,26250,26250
241335,1993,0,21100,21100
241335,1994,0,23010,23010
241335,1995,0,21600,21600
241335,1996,0,20600,20600
241335,1997,0,19700,19700
241335,1998,0,18215,18215
241335,1999,0,18550,18550
241335,2000,0,22730,22730
241335,2001,0,20920,20920
241335,2002,0,23670,23670
241335,2003,0,22800,22800
241335,2004,0,25280,25280
241335,2005,0,25970,25970
241335,2006,0,24400,24400
241335,2007,0,23380,23380
241335,2008,0,23140,23140
241335,2009,0,28340,28340
241335,2010,0,28550,28550
241335,2011,0,33560,33560
241335,2012,0,36756,36756
241335,2013,0,36620,36620
241335,2014,0,36700,36700
241335,2015,0,31300,31300
241335,2016,0,31100,31100
241335,2017,0,39380,39380
241335,2018,0,34920,34920
241335,2019,0,32420,32420
241335,2020,0,32500,32500
241335,2021,0,31800,31800
241340,1988,0,2919,2919
241340,1989,0,2161,2161
241340,1990,0,1222,1222
241340,1991,0,1979,1979
241340,1992,0,559,559
241340,1993,0,21,21
241340,1994,0,1091,1091
241340,1995,0,927,927
241340,1996,0,1344,1344
241340,1997,0,992,992
241340,1998,0,699,699
241340,1999,0,421,421
241340,2000,0,404,404
241340,2001,0,563,563
241340,2002,0,728,728
241340,2003,0,591,591
241340,2004,0,520,520
241340,2005,0,253,253
241340,2006,0,618,618
241340,2007,0,233,233
241340,2008,0,432,432
241340,2009,0,394,394
241340,2010,0,192,192
241340,2011,0,609,609
241340,2012,0,639,639
241340,2013,0,71,71
241340,2014,0,229,229
241340,2015,0,179,179
241340,2016,0,278,278
241340,2017,0,225,225
241340,2018,0,183,183
241340,2019,0,787,787
241340,2020,0,274,274
241340,2021,0,96,96
241350,1988,0,6094,6094
241350,1989,0,6094,6094
241350,1990,0,5984,5984
241350,1991,0,6674,6674
241350,1992,0,5859,5859
241350,1993,0,5646,5646
241350,1994,0,5673,5673
241350,1995,0,6216,6216
241350,1996,0,6048,6048
241350,1997,0,6164,6164
241350,1998,0,2799,2799
241350,1999,0,2139,2139
241350,2000,0,2869,2869
241350,2001,0,1829,1829
241350,2002,0,3003,3003
241350,2003,0,3013,3013
241350,2004,0,3768,3768
241350,2005,0,2897,2897
241350,2006,0,4741,4741
241350,2007,0,3919,3919
241350,2008,0,3913,3913
241350,2009,0,3124,3124
241350,2010,0,495,495
241350,2011,0,843,843
241350,2012,0,453,453
241350,2013,0,398,398
241350,2014,0,308,308
241350,2015,0,328,328
241350,2016,0,215,215
241350,2017,0,145,145
241350,2018,0,135,135
241350,2019,0,135,135
241350,2020,0,400,400
241350,2021,0,400,400
241360,1988,0,8070,8070
241360,1989,0,7737,7737
241360,1990,0,4965,4965
241360,1991,0,7992,7992
241360,1992,0,10959,10959
241360,1993,0,2952,2952
241360,1994,0,9337,9337
241360,1995,0,12443,12443
241360,1996,0,8837,8837
241360,1997,0,6587,6587
241360,1998,0,5477,5477
241360,1999,0,4414,4414
241360,2000,0,3813,3813
241360,2001,0,5333,5333
241360,2002,0,5494,5494
241360,2003,0,5526,5526
241360,2004,0,5642,5642
241360,2005,0,5232,5232
241360,2006,0,5957,5957
241360,2007,0,5564,5564
241360,2008,0,5599,5599
241360,2009,0,5817,5817
241360,2010,0,3505,3505
241360,2011,0,5282,5282
241360,2012,0,3867,3867
241360,2013,0,5220,5220
241360,2014,0,5560,5560
241360,2015,0,1600,1600
241360,2016,0,1816,1816
241360,2017,0,1806,1806
241360,2018,0,1056,1056
241360,2019,0,947,947
241360,2020,0,987,987
241360,2021,0,1457,1457
241370,1988,0,4799,4799
241370,1989,0,4579,4579
241370,1990,0,1504,1504
241370,1991,0,3866,3866
241370,1992,0,5603,5603
241370,1993,0,93,93
241370,1994,0,5379,5379
241370,1995,0,5614,5614
241370,1996,0,4277,4277
241370,1997,0,3273,3273
241370,1998,0,897,897
241370,1999,0,1135,1135
241370,2000,0,1401,1401
241370,2001,0,616,616
241370,2002,0,676,676
241370,2003,0,921,921
241370,2004,0,596,596
241370,2005,0,810,810
241370,2006,0,256,256
241370,2007,0,870,870
241370,2008,0,1248,1248
241370,2009,0,1534,1534
241370,2010,0,412,412
241370,2011,0,769,769
241370,2012,0,123,123
241370,2013,0,130,130
241370,2014,0,445,445
241370,2015,0,545,545
241370,2016,0,445,445
241370,2017,0,323,323
241370,2018,0,433,433
241370,2019,0,640,640
241370,2020,0,542,542
241370,2021,0,543,543
241380,1988,0,1161,1161
241380,1989,0,1192,1192
241380,1990,0,172,172
241380,1991,0,1090,1090
241380,1992,0,1142,1142
241380,1993,0,4,4
241380,1994,0,985,985
241380,1995,0,938,938
241380,1996,0,526,526
241380,1997,0,651,651
241380,1998,0,272,272
241380,1999,0,503,503
241380,2000,0,1173,1173
241380,2001,0,1222,1222
241380,2002,0,1314,1314
241380,2003,0,1292,1292
241380,2004,0,674,674
241380,2005,0,518,518
241380,2006,0,521,521
241380,2007,0,666,666
241380,2008,0,789,789
241380,2009,0,766,766
241380,2010,0,291,291
241380,2011,0,480,480
241380,2012,0,293,293
241380,2013,0,271,271
241380,2014,0,379,379
241380,2015,0,375,375
241380,2016,0,371,371
241380,2017,0,361,361
241380,2018,0,332,332
241380,2019,0,285,285
241380,2020,0,287,287
241380,2021,0,293,293
241390,1988,0,4761,4761
241390,1989,0,6341,6341
241390,1990,0,5061,5061
241390,1991,0,6461,6461
241390,1992,0,6573,6573
241390,1993,0,5746,5746
241390,1994,0,5938,5938
241390,1995,0,5936,5936
241390,1996,0,6776,6776
241390,1997,0,6860,6860
241390,1998,0,4728,4728
241390,1999,0,4682,4682
241390,2000,0,5492,5492
241390,2001,0,4018,4018
241390,2002,0,5840,5840
241390,2003,0,5815,5815
241390,2004,0,6327,6327
241390,2005,0,6005,6005
241390,2006,0,6318,6318
241390,2007,0,6400,6400
241390,2008,0,6454,6454
241390,2009,0,6246,6246
241390,2010,0,4974,4974
241390,2011,0,2830,2830
241390,2012,0,1567,1567
241390,2013,0,2377,2377
241390,2014,0,2989,2989
241390,2015,0,2200,2200
241390,2016,0,1956,1956
241390,2017,0,3195,3195
241390,2018,0,2656,2656
241390,2019,0,2730,2730
241390,2020,0,4012,4012
241390,2021,0,4412,4412
241400,1988,0,4495,4495
241400,1989,0,4414,4414
241400,1990,0,970,970
241400,1991,0,5214,5214
241400,1992,0,6086,6086
241400,1993,0,499,499
241400,1994,0,6442,6442
241400,1995,0,5129,5129
241400,1996,0,3263,3263
241400,1997,0,2380,2380
241400,1998,0,759,759
241400,1999,0,891,891
241400,2000,0,1674,1674
241400,2001,0,544,544
241400,2002,0,703,703
241400,2003,0,1036,1036
241400,2004,0,979,979
241400,2005,0,1745,1745
241400,2006,0,1264,1264
241400,2007,0,1648,1648
241400,2008,0,2330,2330
241400,2009,0,2025,2025
241400,2010,0,1321,1321
241400,2011,0,434,434
241400,2012,0,640,640
241400,2013,0,601,601
241400,2014,0,528,528
241400,2015,0,1066,1066
241400,2016,0,618,618
241400,2017,0,516,516
241400,2018,0,679,679
241400,2019,0,1072,1072
241400,2020,0,1080,1080
241400,2021,0,480,480
241410,1988,0,1530,1530
241410,1989,0,1375,1375
241410,1990,0,693,693
241410,1991,0,776,776
241410,1992,0,996,996
241410,1993,0,29,29
241410,1994,0,1239,1239
241410,1995,0,1624,1624
241410,1996,0,1514,1514
241410,1997,0,1151,1151
241410,1998,0,412,412
241410,1999,0,1128,1128
241410,2000,0,1173,1173
241410,2001,0,1175,1175
241410,2002,0,1271,1271
241410,2003,0,1215,1215
241410,2004,0,1505,1505
241410,2005,0,1145,1145
241410,2006,0,1159,1159
241410,2007,0,1489,1489
241410,2008,0,1428,1428
241410,2009,0,989,989
241410,2010,0,587,587
241410,2011,0,1188,1188
241410,2012,0,1027,1027
241410,2013,0,952,952
241410,2014,0,842,842
241410,2015,0,306,306
241410,2016,0,305,305
241410,2017,0,211,211
241410,2018,0,411,411
241410,2019,0,404,404
241410,2020,0,440,440
241410,2021,0,212,212
241420,1988,0,2268,2268
241420,1989,0,1868,1868
241420,1990,0,1850,1850
241420,1991,0,2098,2098
241420,1992,0,1840,1840
241420,1993,0,1840,1840
241420,1994,0,1885,1885
241420,1995,0,1912,1912
241420,1996,0,2117,2117
241420,1997,0,2097,2097
241420,1998,0,1717,1717
241420,1999,0,2269,2269
241420,2000,0,2540,2540
241420,2001,0,2059,2059
241420,2002,0,2120,2120
241420,2003,0,2119,2119
241420,2004,0,2666,2666
241420,2005,0,2697,2697
241420,2006,0,2697,2697
241420,2007,0,2727,2727
241420,2008,0,2727,2727
241420,2009,0,2732,2732
241420,2010,0,2703,2703
241420,2011,0,2697,2697
241420,2012,0,2644,2644
241420,2013,0,2821,2821
241420,2014,0,2726,2726
241420,2015,0,2601,2601
241420,2016,0,2610,2610
241420,2017,0,2595,2595
241420,2018,0,2620,2620
241420,2019,0,2600,2600
241420,2020,0,2600,2600
241420,2021,0,2580,2580
241430,1988,0,513,513
241430,1989,0,293,293
241430,1990,0,130,130
241430,1991,0,383,383
241430,1992,0,161,161
241430,1993,0,5,5
241430,1994,0,677,677
241430,1995,0,288,288
241430,1996,0,219,219
241430,1997,0,160,160
241430,1998,0,137,137
241430,1999,0,94,94
241430,2000,0,94,94
241430,2001,0,85,85
241430,2002,0,302,302
241430,2003,0,152,152
241430,2004,0,213,213
241430,2005,0,140,140
241430,2006,0,126,126
241430,2007,0,65,65
241430,2008,0,98,98
241430,2009,0,160,160
241430,2010,0,30,30
241430,2011,0,78,78
241430,2012,0,50,50
241430,2013,0,80,80
241430,2014,0,87,87
241430,2015,0,73,73
241430,2016,0,118,118
241430,2017,0,221,221
241430,2018,0,318,318
241430,2019,0,125,125
241430,2020,0,70,70
241430,2021,0,107,107
241440,1988,0,33925,33925
241440,1989,0,30541,30541
241440,1990,0,24537,24537
241440,1991,0,31312,31312
241440,1992,0,34905,34905
241440,1993,0,31155,31155
241440,1994,0,34510,34510
241440,1995,0,34660,34660
241440,1996,0,35810,35810
241440,1997,0,38200,38200
241440,1998,0,35940,35940
241440,1999,0,32853,32853
241440,2000,0,34280,34280
241440,2001,0,30641,30641
241440,2002,0,34272,34272
241440,2003,0,36122,36122
241440,2004,0,37300,37300
241440,2005,0,34203,34203
241440,2006,0,34293,34293
241440,2007,0,28605,28605
241440,2008,0,28880,28880
241440,2009,0,28594,28594
241440,2010,0,28086,28086
241440,2011,0,27116,27116
241440,2012,0,22810,22810
241440,2013,0,14715,14715
241440,2014,0,16364,16364
241440,2015,0,13546,13546
241440,2016,0,12263,12263
241440,2017,0,11894,11894
241440,2018,0,14664,14664
241440,2019,0,14104,14104
241440,2020,0,14278,14278
241440,2021,0,12513,12513
241450,1988,0,2896,2896
241450,1989,0,2794,2794
241450,1990,0,109,109
241450,1991,0,731,731
241450,1992,0,1821,1821
241450,1993,0,33,33
241450,1994,0,2958,2958
241450,1995,0,4064,4064
241450,1996,0,3393,3393
241450,1997,0,2605,2605
241450,1998,0,2593,2593
241450,1999,0,1996,1996
241450,2000,0,2292,2292
241450,2001,0,2476,2476
241450,2002,0,2533,2533
241450,2003,0,2475,2475
241450,2004,0,2722,2722
241450,2005,0,1327,1327
241450,2006,0,2275,2275
241450,2007,0,2191,2191
241450,2008,0,1878,1878
241450,2009,0,1642,1642
241450,2010,0,167,167
241450,2011,0,1166,1166
241450,2012,0,233,233
241450,2013,0,628,628
241450,2014,0,1038,1038
241450,2015,0,728,728
241450,2016,0,298,298
241450,2017,0,383,383
241450,2018,0,666,666
241450,2019,0,681,681
241450,2020,0,711,711
241450,2021,0,721,721
241460,1988,0,2851,2851
241460,1989,0,2727,2727
241460,1990,0,2737,2737
241460,1991,0,2727,2727
241460,1992,0,2866,2866
241460,1993,0,321,321
241460,1994,0,3111,3111
241460,1995,0,3195,3195
241460,1996,0,2865,2865
241460,1997,0,2275,2275
241460,1998,0,2261,2261
241460,1999,0,2632,2632
241460,2000,0,2812,2812
241460,2001,0,3019,3019
241460,2002,0,2803,2803
241460,2003,0,2999,2999
241460,2004,0,3204,3204
241460,2005,0,1878,1878
241460,2006,0,3428,3428
241460,2007,0,3528,3528
241460,2008,0,4308,4308
241460,2009,0,4994,4994
241460,2010,0,1190,1190
241460,2011,0,3520,3520
241460,2012,0,2605,2605
241460,2013,0,499,499
241460,2014,0,745,745
241460,2015,0,325,325
241460,2016,0,760,760
241460,2017,0,3460,3460
241460,2018,0,1315,1315
241460,2019,0,1900,1900
241460,2020,0,1970,1970
241460,2021,0,1970,1970
241470,1988,0,2190,2190
241470,1989,0,2190,2190
241470,1990,0,2778,2778
241470,1991,0,3063,3063
241470,1992,0,2578,2578
241470,1993,0,2577,2577
241470,1994,0,2837,2837
241470,1995,0,3115,3115
241470,1996,0,3457,3457
241470,1997,0,3297,3297
241470,1998,0,1747,1747
241470,1999,0,1030,1030
241470,2000,0,1070,1070
241470,2001,0,1621,1621
241470,2002,0,1465,1465
241470,2003,0,1505,1505
241470,2004,0,1688,1688
241470,2005,0,1854,1854
241470,2006,0,1854,1854
241470,2007,0,1571,1571
241470,2008,0,2787,2787
241470,2009,0,2461,2461
241470,2010,0,1108,1108
241470,2011,0,1210,1210
241470,2012,0,690,690
241470,2013,0,1187,1187
241470,2014,0,1127,1127
241470,2015,0,842,842
241470,2016,0,652,652
241470,2017,0,567,567
241470,2018,0,567,567
241470,2019,0,710,710
241470,2020,0,710,710
241470,2021,0,710,710
241480,1988,0,3013,3013
241480,1989,0,3065,3065
241480,1990,0,4354,4354
241480,1991,0,3778,3778
241480,1992,0,3960,3960
241480,1993,0,3890,3890
241480,1994,0,5420,5420
241480,1995,0,6525,6525
241480,1996,0,5707,5707
241480,1997,0,5777,5777
241480,1998,0,3619,3619
241480,1999,0,2730,2730
241480,2000,0,3355,3355
241480,2001,0,2378,2378
241480,2002,0,3795,3795
241480,2003,0,4965,4965
241480,2004,0,4945,4945
241480,2005,0,4195,4195
241480,2006,0,4223,4223
241480,2007,0,3912,3912
241480,2008,0,4177,4177
241480,2009,0,3611,3611
241480,2010,0,2790,2790
241480,2011,0,4175,4175
241480,2012,0,2380,2380
241480,2013,0,2680,2680
241480,2014,0,2760,2760
241480,2015,0,2671,2671
241480,2016,0,900,900
241480,2017,0,2400,2400
241480,2018,0,2400,2400
241480,2019,0,2400,2400
241480,2020,0,2400,2400
241480,2021,0,2405,2405
241490,1988,0,871,871
241490,1989,0,799,799
241490,1990,0,47,47
241490,1991,0,788,788
241490,1992,0,853,853
241490,1993,0,51,51
241490,1994,0,762,762
241490,1995,0,774,774
241490,1996,0,944,944
241490,1997,0,287,287
241490,1998,0,157,157
241490,1999,0,385,385
241490,2000,0,369,369
241490,2001,0,375,375
241490,2002,0,411,411
241490,2003,0,349,349
241490,2004,0,264,264
241490,2005,0,265,265
241490,2006,0,319,319
241490,2007,0,214,214
241490,2008,0,367,367
241490,2009,0,371,371
241490,2010,0,236,236
241490,2011,0,288,288
241490,2012,0,215,215
241490,2013,0,182,182
241490,2014,0,362,362
241490,2015,0,360,360
241490,2016,0,358,358
241490,2017,0,454,454
241490,2018,0,471,471
241490,2019,0,151,151
241490,2020,0,160,160
241490,2021,0,179,179
241500,1988,0,1394,1394
241500,1989,0,1394,1394
241500,1990,0,1467,1467
241500,1991,0,1358,1358
241500,1992,0,1038,1038
241500,1993,0,1035,1035
241500,1994,0,1185,1185
241500,1995,0,1201,1201
241500,1996,0,1227,1227
241500,1997,0,1237,1237
241500,1998,0,1127,1127
241500,1999,0,1567,1567
241500,2000,0,1654,1654
241500,2001,0,1532,1532
241500,2002,0,1496,1496
241500,2003,0,1493,1493
241500,2004,0,1938,1938
241500,2005,0,1911,1911
241500,2006,0,1926,1926
241500,2007,0,1926,1926
241500,2008,0,1926,1926
241500,2009,0,1904,1904
241500,2010,0,925,925
241500,2011,0,985,985
241500,2012,0,885,885
241500,2013,0,961,961
241500,2014,0,921,921
241500,2015,0,879,879
241500,2016,0,410,410
241500,2017,0,415,415
241500,2018,0,420,420
241500,2019,0,425,425
241500,2020,0,425,425
241500,2021,0,430,430
250010,1988,0,13548,13548
250010,1989,0,13492,13492
250010,1990,0,13550,13550
250010,1991,0,11253,11253
250010,1992,0,12925,12925
250010,1993,0,158,158
250010,1994,0,8216,8216
250010,1995,0,8585,8585
250010,1996,0,5548,5548
250010,1997,0,4848,4848
250010,1998,0,4449,4449
250010,1999,0,2624,2624
250010,2000,0,4412,4412
250010,2001,0,1297,1297
250010,2002,0,3727,3727
250010,2003,0,4446,4446
250010,2004,0,4422,4422
250010,2005,0,2562,2562
250010,2006,0,4266,4266
250010,2007,0,3951,3951
250010,2008,0,4266,4266
250010,2009,0,4266,4266
250010,2010,0,3665,3665
250010,2011,0,3200,3200
250010,2012,0,922,922
250010,2013,0,69,69
250010,2014,0,1253,1253
250010,2015,0,1060,1060
250010,2016,0,2155,2155
250010,2017,0,1707,1707
250010,2018,0,1587,1587
250010,2019,0,1615,1615
250010,2020,0,1859,1859
250010,2021,0,1806,1806
250020,1988,0,3476,3476
250020,1989,0,4187,4187
250020,1990,0,4462,4462
250020,1991,0,4462,4462
250020,1992,0,4139,4139
250020,1993,0,376,376
250020,1994,0,2316,2316
250020,1995,0,3074,3074
250020,1996,0,3041,3041
250020,1997,0,3067,3067
250020,1998,0,2452,2452
250020,1999,0,2676,2676
250020,2000,0,2943,2943
250020,2001,0,2362,2362
250020,2002,0,2327,2327
250020,2003,0,2499,2499
250020,2004,0,2714,2714
250020,2005,0,2259,2259
250020,2006,0,2634,2634
250020,2007,0,2591,2591
250020,2008,0,2373,2373
250020,2009,0,2283,2283
250020,2010,0,2013,2013
250020,2011,0,1285,1285
250020,2012,0,1067,1067
250020,2013,0,246,246
250020,2014,0,482,482
250020,2015,0,492,492
250020,2016,0,505,505
250020,2017,0,448,448
250020,2018,0,938,938
250020,2019,0,953,953
250020,2020,0,897,897
250020,2021,0,299,299
250030,1988,0,13661,13661
250030,1989,0,13186,13186
250030,1990,0,14186,14186
250030,1991,0,14340,14340
250030,1992,0,14342,14342
250030,1993,0,9787,9787
250030,1994,0,15852,15852
250030,1995,0,15330,15330
250030,1996,0,5622,5622
250030,1997,0,13629,13629
250030,1998,0,12625,12625
250030,1999,0,8865,8865
250030,2000,0,9365,9365
250030,2001,0,8965,8965
250030,2002,0,5665,5665
250030,2003,0,9615,9615
250030,2004,0,9479,9479
250030,2005,0,8097,8097
250030,2006,0,8552,8552
250030,2007,0,9637,9637
250030,2008,0,10003,10003
250030,2009,0,8922,8922
250030,2010,0,8722,8722
250030,2011,0,8862,8862
250030,2012,0,4462,4462
250030,2013,0,3302,3302
250030,2014,0,4374,4374
250030,2015,0,4368,4368
250030,2016,0,5438,5438
250030,2017,0,4984,4984
250030,2018,0,6695,6695
250030,2019,0,5898,5898
250030,2020,0,6281,6281
250030,2021,0,5448,5448
250040,1988,0,8957,8957
250040,1989,0,11202,11202
250040,1990,0,12467,12467
250040,1991,0,12462,12462
250040,1992,0,12709,12709
250040,1993,0,12302,12302
250040,1994,0,14677,14677
250040,1995,0,15479,15479
250040,1996,0,5278,5278
250040,1997,0,11171,11171
250040,1998,0,10290,10290
250040,1999,0,9080,9080
250040,2000,0,11536,11536
250040,2001,0,10177,10177
250040,2002,0,10684,10684
250040,2003,0,11064,11064
250040,2004,0,12252,12252
250040,2005,0,12522,12522
250040,2006,0,13573,13573
250040,2007,0,12688,12688
250040,2008,0,13821,13821
250040,2009,0,15133,15133
250040,2010,0,13868,13868
250040,2011,0,12017,12017
250040,2012,0,10458,10458
250040,2013,0,10593,10593
250040,2014,0,10362,10362
250040,2015,0,9782,9782
250040,2016,0,9579,9579
250040,2017,0,8027,8027
250040,2018,0,9440,9440
250040,2019,0,8903,8903
250040,2020,0,8683,8683
250040,2021,0,7266,7266
250050,1988,0,4566,4566
250050,1989,0,4214,4214
250050,1990,0,4219,4219
250050,1991,0,3294,3294
250050,1992,0,3084,3084
250050,1993,0,1522,1522
250050,1994,0,2655,2655
250050,1995,0,3435,3435
250050,1996,0,2647,2647
250050,1997,0,3543,3543
250050,1998,0,1423,1423
250050,1999,0,1581,1581
250050,2000,0,1493,1493
250050,2001,0,1574,1574
250050,2002,0,1804,1804
250050,2003,0,2078,2078
250050,2004,0,2078,2078
250050,2005,0,1588,1588
250050,2006,0,1510,1510
250050,2007,0,1647,1647
250050,2008,0,1737,1737
250050,2009,0,1862,1862
250050,2010,0,1209,1209
250050,2011,0,1822,1822
250050,2012,0,1314,1314
250050,2013,0,1848,1848
250050,2014,0,1616,1616
250050,2015,0,1583,1583
250050,2016,0,1391,1391
250050,2017,0,1424,1424
250050,2018,0,1287,1287
250050,2019,0,1210,1210
250050,2020,0,1239,1239
250050,2021,0,1328,1328
250060,1988,0,2604,2604
250060,1989,0,2303,2303
250060,1990,0,2302,2302
250060,1991,0,2302,2302
250060,1992,0,2312,2312
250060,1993,0,2072,2072
250060,1994,0,8054,8054
250060,1995,0,7796,7796
250060,1996,0,2153,2153
250060,1997,0,2129,2129
250060,1998,0,5135,5135
250060,1999,0,4019,4019
250060,2000,0,4014,4014
250060,2001,0,4932,4932
250060,2002,0,4912,4912
250060,2003,0,4919,4919
250060,2004,0,5457,5457
250060,2005,0,5360,5360
250060,2006,0,5350,5350
250060,2007,0,5355,5355
250060,2008,0,5213,5213
250060,2009,0,4108,4108
250060,2010,0,5008,5008
250060,2011,0,3983,3983
250060,2012,0,3968,3968
250060,2013,0,3953,3953
250060,2014,0,4041,4041
250060,2015,0,4032,4032
250060,2016,0,4377,4377
250060,2017,0,4633,4633
250060,2018,0,4350,4350
250060,2019,0,4030,4030
250060,2020,0,3514,3514
250060,2021,0,3193,3193
250070,1988,0,8507,8507
250070,1989,0,8514,8514
250070,1990,0,8285,8285
250070,1991,0,9505,9505
250070,1992,0,8476,8476
250070,1993,0,371,371
250070,1994,0,4298,4298
250070,1995,0,3438,3438
250070,1996,0,4627,4627
250070,1997,0,4295,4295
250070,1998,0,1813,1813
250070,1999,0,2225,2225
250070,2000,0,2415,2415
250070,2001,0,2254,2254
250070,2002,0,2587,2587
250070,2003,0,2754,2754
250070,2004,0,4587,4587
250070,2005,0,3823,3823
250070,2006,0,4051,4051
250070,2007,0,1691,1691
250070,2008,0,2381,2381
250070,2009,0,2690,2690
250070,2010,0,1014,1014
250070,2011,0,2567,2567
250070,2012,0,1386,1386
250070,2013,0,524,524
250070,2014,0,1468,1468
250070,2015,0,1473,1473
250070,2016,0,1294,1294
250070,2017,0,1730,1730
250070,2018,0,2159,2159
250070,2019,0,1599,1599
250070,2020,0,2092,2092
250070,2021,0,2853,2853
250080,1988,0,6887,6887
250080,1989,0,5348,5348
250080,1990,0,5758,5758
250080,1991,0,5362,5362
250080,1992,0,5342,5342
250080,1993,0,2021,2021
250080,1994,0,4511,4511
250080,1995,0,5361,5361
250080,1996,0,5207,5207
250080,1997,0,4100,4100
250080,1998,0,3975,3975
250080,1999,0,3892,3892
250080,2000,0,5246,5246
250080,2001,0,4515,4515
250080,2002,0,5006,5006
250080,2003,0,5614,5614
250080,2004,0,6702,6702
250080,2005,0,8492,8492
250080,2006,0,8332,8332
250080,2007,0,7182,7182
250080,2008,0,7406,7406
250080,2009,0,6916,6916
250080,2010,0,4004,4004
250080,2011,0,5815,5815
250080,2012,0,6435,6435
250080,2013,0,5717,5717
250080,2014,0,5702,5702
250080,2015,0,6047,6047
250080,2016,0,4659,4659
250080,2017,0,7319,7319
250080,2018,0,4612,4612
250080,2019,0,4477,4477
250080,2020,0,4760,4760
250080,2021,0,4263,4263
250090,1988,0,4067,4067
250090,1989,0,3271,3271
250090,1990,0,3621,3621
250090,1991,0,2740,2740
250090,1992,0,3503,3503
250090,1993,0,858,858
250090,1994,0,3150,3150
250090,1995,0,4565,4565
250090,1996,0,2597,2597
250090,1997,0,4276,4276
250090,1998,0,4246,4246
250090,1999,0,3521,3521
250090,2000,0,5106,5106
250090,2001,0,2556,2556
250090,2002,0,3605,3605
250090,2003,0,4016,4016
250090,2004,0,4971,4971
250090,2005,0,3711,3711
250090,2006,0,3436,3436
250090,2007,0,4381,4381
250090,2008,0,4436,4436
250090,2009,0,4471,4471
250090,2010,0,2171,2171
250090,2011,0,4641,4641
250090,2012,0,579,579
250090,2013,0,1935,1935
250090,2014,0,2452,2452
250090,2015,0,2069,2069
250090,2016,0,2622,2622
250090,2017,0,2955,2955
250090,2018,0,2600,2600
250090,2019,0,3040,3040
250090,2020,0,3015,3015
250090,2021,0,1484,1484
250100,1988,0,12775,12775
250100,1989,0,12745,12745
250100,1990,0,10300,10300
250100,1991,0,11679,11679
250100,1992,0,11659,11659
250100,1993,0,3952,3952
250100,1994,0,4450,4450
250100,1995,0,9057,9057
250100,1996,0,7530,7530
250100,1997,0,7657,7657
250100,1998,0,7600,7600
250100,1999,0,7783,7783
250100,2000,0,10309,10309
250100,2001,0,7236,7236
250100,2002,0,8057,8057
250100,2003,0,9222,9222
250100,2004,0,9589,9589
250100,2005,0,9600,9600
250100,2006,0,8560,8560
250100,2007,0,16570,16570
250100,2008,0,10520,10520
250100,2009,0,11115,11115
250100,2010,0,6273,6273
250100,2011,0,10651,10651
250100,2012,0,4617,4617
250100,2013,0,3627,3627
250100,2014,0,2209,2209
250100,2015,0,5279,5279
250100,2016,0,6343,6343
250100,2017,0,4980,4980
250100,2018,0,4805,4805
250100,2019,0,4542,4542
250100,2020,0,5081,5081
250100,2021,0,2787,2787
250110,1988,0,11928,11928
250110,1989,0,12867,12867
250110,1990,0,12874,12874
250110,1991,0,13263,13263
250110,1992,0,16132,16132
250110,1993,0,8627,8627
250110,1994,0,13153,13153
250110,1995,0,14453,14453
250110,1996,0,5787,5787
250110,1997,0,13294,13294
250110,1998,0,6501,6501
250110,1999,0,5714,5714
250110,2000,0,9028,9028
250110,2001,0,8948,8948
250110,2002,0,6891,6891
250110,2003,0,7693,7693
250110,2004,0,8762,8762
250110,2005,0,5704,5704
250110,2006,0,6358,6358
250110,2007,0,6270,6270
250110,2008,0,4010,4010
250110,2009,0,3635,3635
250110,2010,0,4351,4351
250110,2011,0,4252,4252
250110,2012,0,2961,2961
250110,2013,0,3458,3458
250110,2014,0,3880,3880
250110,2015,0,3400,3400
250110,2016,0,4682,4682
250110,2017,0,4363,4363
250110,2018,0,3833,3833
250110,2019,0,3114,3114
250110,2020,0,3207,3207
250110,2021,0,2754,2754
250120,1988,0,2886,2886
250120,1989,0,2754,2754
250120,1990,0,2686,2686
250120,1991,0,2364,2364
250120,1992,0,2414,2414
250120,1993,0,864,864
250120,1994,0,1215,1215
250120,1995,0,1182,1182
250120,1996,0,1632,1632
250120,1997,0,1840,1840
250120,1998,0,1455,1455
250120,1999,0,1155,1155
250120,2000,0,1920,1920
250120,2001,0,1510,1510
250120,2002,0,1330,1330
250120,2003,0,1670,1670
250120,2004,0,2185,2185
250120,2005,0,2150,2150
250120,2006,0,2270,2270
250120,2007,0,2313,2313
250120,2008,0,2290,2290
250120,2009,0,2510,2510
250120,2010,0,1375,1375
250120,2011,0,2225,2225
250120,2012,0,1050,1050
250120,2013,0,1128,1128
250120,2014,0,1295,1295
250120,2015,0,1000,1000
250120,2016,0,1076,1076
250120,2017,0,1525,1525
250120,2018,0,1200,1200
250120,2019,0,1180,1180
250120,2020,0,1530,1530
250120,2021,0,1525,1525
250130,1988,0,11588,11588
250130,1989,0,11189,11189
250130,1990,0,11189,11189
250130,1991,0,11189,11189
250130,1992,0,9837,9837
250130,1993,0,268,268
250130,1994,0,7576,7576
250130,1995,0,9055,9055
250130,1996,0,7151,7151
250130,1997,0,7990,7990
250130,1998,0,520,520
250130,1999,0,3207,3207
250130,2000,0,3339,3339
250130,2001,0,3383,3383
250130,2002,0,2478,2478
250130,2003,0,3964,3964
250130,2004,0,3836,3836
250130,2005,0,3853,3853
250130,2006,0,3925,3925
250130,2007,0,2225,2225
250130,2008,0,3953,3953
250130,2009,0,3975,3975
250130,2010,0,1617,1617
250130,2011,0,5710,5710
250130,2012,0,3667,3667
250130,2013,0,2673,2673
250130,2014,0,2611,2611
250130,2015,0,2190,2190
250130,2016,0,2433,2433
250130,2017,0,4614,4614
250130,2018,0,3433,3433
250130,2019,0,2156,2156
250130,2020,0,2036,2036
250130,2021,0,1014,1014
250140,1988,0,1254,1254
250140,1989,0,1255,1255
250140,1990,0,1255,1255
250140,1991,0,1250,1250
250140,1992,0,785,785
250140,1993,0,705,705
250140,1994,0,705,705
250140,1995,0,710,710
250140,1996,0,535,535
250140,1997,0,506,506
250140,1998,0,496,496
250140,1999,0,346,346
250140,2000,0,342,342
250140,2001,0,583,583
250140,2002,0,704,704
250140,2003,0,875,875
250140,2004,0,1165,1165
250140,2005,0,1338,1338
250140,2006,0,2483,2483
250140,2007,0,2523,2523
250140,2008,0,2114,2114
250140,2009,0,2059,2059
250140,2010,0,2034,2034
250140,2011,0,1973,1973
250140,2012,0,1918,1918
250140,2013,0,1902,1902
250140,2014,0,1966,1966
250140,2015,0,1664,1664
250140,2016,0,1886,1886
250140,2017,0,1856,1856
250140,2018,0,1979,1979
250140,2019,0,1986,1986
250140,2020,0,1898,1898
250140,2021,0,1862,1862
250150,1988,0,10105,10105
250150,1989,0,16550,16550
250150,1990,0,12695,12695
250150,1991,0,16705,16705
250150,1992,0,19417,19417
250150,1993,0,8459,8459
250150,1994,0,10319,10319
250150,1995,0,13109,13109
250150,1996,0,8119,8119
250150,1997,0,13792,13792
250150,1998,0,4753,4753
250150,1999,0,6405,6405
250150,2000,0,6533,6533
250150,2001,0,6055,6055
250150,2002,0,5029,5029
250150,2003,0,5679,5679
250150,2004,0,5929,5929
250150,2005,0,5057,5057
250150,2006,0,5854,5854
250150,2007,0,4879,4879
250150,2008,0,5737,5737
250150,2009,0,5701,5701
250150,2010,0,4067,4067
250150,2011,0,5331,5331
250150,2012,0,3398,3398
250150,2013,0,4356,4356
250150,2014,0,3170,3170
250150,2015,0,3600,3600
250150,2016,0,3340,3340
250150,2017,0,3276,3276
250150,2018,0,3266,3266
250150,2019,0,3338,3338
250150,2020,0,3371,3371
250150,2021,0,3460,3460
250160,1988,0,24007,24007
250160,1989,0,23307,23307
250160,1990,0,23307,23307
250160,1991,0,14257,14257
250160,1992,0,17227,17227
250160,1993,0,9246,9246
250160,1994,0,23555,23555
250160,1995,0,21835,21835
250160,1996,0,10862,10862
250160,1997,0,8896,8896
250160,1998,0,10656,10656
250160,1999,0,6441,6441
250160,2000,0,8954,8954
250160,2001,0,4605,4605
250160,2002,0,5786,5786
250160,2003,0,8461,8461
250160,2004,0,9353,9353
250160,2005,0,10001,10001
250160,2006,0,10121,10121
250160,2007,0,9399,9399
250160,2008,0,10165,10165
250160,2009,0,9103,9103
250160,2010,0,7183,7183
250160,2011,0,6953,6953
250160,2012,0,4638,4638
250160,2013,0,6442,6442
250160,2014,0,3895,3895
250160,2015,0,3384,3384
250160,2016,0,5478,5478
250160,2017,0,6632,6632
250160,2018,0,6925,6925
250160,2019,0,6879,6879
250160,2020,0,6615,6615
250160,2021,0,2845,2845
250170,1988,0,978,978
250170,1989,0,850,850
250170,1990,0,849,849
250170,1991,0,531,531
250170,1992,0,652,652
250170,1993,0,102,102
250170,1994,0,654,654
250170,1995,0,1178,1178
250170,1996,0,360,360
250170,1997,0,781,781
250170,1998,0,98,98
250170,1999,0,465,465
250170,2000,0,1758,1758
250170,2001,0,1168,1168
250170,2002,0,703,703
250170,2003,0,1141,1141
250170,2004,0,1074,1074
250170,2005,0,1137,1137
250170,2006,0,342,342
250170,2007,0,761,761
250170,2008,0,1298,1298
250170,2009,0,1384,1384
250170,2010,0,692,692
250170,2011,0,1018,1018
250170,2012,0,363,363
250170,2013,0,188,188
250170,2014,0,1044,1044
250170,2015,0,172,172
250170,2016,0,511,511
250170,2017,0,183,183
250170,2018,0,1101,1101
250170,2019,0,775,775
250170,2020,0,684,684
250170,2021,0,479,479
250180,1988,0,18,18
250180,1989,0,18,18
250180,1990,0,18,18
250180,1991,0,27,27
250180,1992,0,27,27
250180,1993,0,23,23
250180,1994,0,23,23
250180,1995,0,24,24
250180,1996,0,63,63
250180,1997,0,59,59
250180,1998,0,32,32
250180,1999,0,28,28
250180,2000,0,28,28
250180,2001,0,15,15
250180,2002,0,15,15
250180,2003,0,14,14
250180,2004,0,15,15
250180,2005,0,15,15
250180,2006,0,15,15
250180,2007,0,15,15
250180,2008,0,15,15
250180,2009,0,15,15
250180,2010,0,12,12
250180,2011,0,124,124
250180,2012,0,119,119
250180,2013,0,133,133
250180,2014,0,59,59
250180,2015,0,44,44
250180,2016,0,39,39
250180,2017,0,9,9
250180,2018,0,13,13
250180,2019,0,13,13
250180,2020,0,14,14
250180,2021,0,16,16
250190,1988,0,3393,3393
250190,1989,0,4214,4214
250190,1990,0,4474,4474
250190,1991,0,3714,3714
250190,1992,0,3699,3699
250190,1993,0,1232,1232
250190,1994,0,2780,2780
250190,1995,0,6892,6892
250190,1996,0,2110,2110
250190,1997,0,2595,2595
250190,1998,0,2326,2326
250190,1999,0,1871,1871
250190,2000,0,2878,2878
250190,2001,0,2001,2001
250190,2002,0,2397,2397
250190,2003,0,2585,2585
250190,2004,0,2705,2705
250190,2005,0,1545,1545
250190,2006,0,1440,1440
250190,2007,0,1310,1310
250190,2008,0,1410,1410
250190,2009,0,1421,1421
250190,2010,0,975,975
250190,2011,0,1349,1349
250190,2012,0,1499,1499
250190,2013,0,1568,1568
250190,2014,0,1449,1449
250190,2015,0,1387,1387
250190,2016,0,1551,1551
250190,2017,0,1474,1474
250190,2018,0,1258,1258
250190,2019,0,1161,1161
250190,2020,0,1221,1221
250190,2021,0,1240,1240
250200,1988,0,1217,1217
250200,1989,0,1272,1272
250200,1990,0,1275,1275
250200,1991,0,925,925
250200,1992,0,680,680
250200,1993,0,0,0
250200,1994,0,468,468
250200,1995,0,868,868
250200,1996,0,1332,1332
250200,1997,0,28,28
250200,1998,0,109,109
250200,1999,0,200,200
250200,2000,0,275,275
250200,2001,0,133,133
250200,2002,0,257,257
250200,2003,0,480,480
250200,2004,0,511,511
250200,2005,0,321,321
250200,2006,0,376,376
250200,2007,0,542,542
250200,2008,0,491,491
250200,2009,0,498,498
250200,2010,0,442,442
250200,2011,0,376,376
250200,2012,0,395,395
250200,2013,0,0,0
250200,2014,0,128,128
250200,2015,0,186,186
250200,2016,0,120,120
250200,2017,0,195,195
250200,2018,0,200,200
250200,2019,0,226,226
250200,2020,0,333,333
250200,2021,0,182,182
250210,1988,0,3849,3849
250210,1989,0,4193,4193
250210,1990,0,4504,4504
250210,1991,0,4503,4503
250210,1992,0,4371,4371
250210,1993,0,438,438
250210,1994,0,2210,2210
250210,1995,0,2321,2321
250210,1996,0,2698,2698
250210,1997,0,2989,2989
250210,1998,0,2474,2474
250210,1999,0,2079,2079
250210,2000,0,2460,2460
250210,2001,0,1804,1804
250210,2002,0,1992,1992
250210,2003,0,2137,2137
250210,2004,0,2280,2280
250210,2005,0,1984,1984
250210,2006,0,2310,2310
250210,2007,0,1770,1770
250210,2008,0,2266,2266
250210,2009,0,2271,2271
250210,2010,0,661,661
250210,2011,0,1435,1435
250210,2012,0,988,988
250210,2013,0,302,302
250210,2014,0,375,375
250210,2015,0,343,343
250210,2016,0,370,370
250210,2017,0,360,360
250210,2018,0,585,585
250210,2019,0,600,600
250210,2020,0,615,615
250210,2021,0,1645,1645
250220,1988,0,573,573
250220,1989,0,907,907
250220,1990,0,1035,1035
250220,1991,0,733,733
250220,1992,0,617,617
250220,1993,0,9,9
250220,1994,0,864,864
250220,1995,0,881,881
250220,1996,0,783,783
250220,1997,0,749,749
250220,1998,0,526,526
250220,1999,0,600,600
250220,2000,0,524,524
250220,2001,0,378,378
250220,2002,0,495,495
250220,2003,0,596,596
250220,2004,0,512,512
250220,2005,0,641,641
250220,2006,0,453,453
250220,2007,0,301,301
250220,2008,0,311,311
250220,2009,0,309,309
250220,2010,0,560,560
250220,2011,0,309,309
250220,2012,0,134,134
250220,2013,0,271,271
250220,2014,0,245,245
250220,2015,0,199,199
250220,2016,0,214,214
250220,2017,0,185,185
250220,2018,0,264,264
250220,2019,0,203,203
250220,2020,0,267,267
250220,2021,0,265,265
250230,1988,0,526,526
250230,1989,0,644,644
250230,1990,0,690,690
250230,1991,0,663,663
250230,1992,0,637,637
250230,1993,0,72,72
250230,1994,0,1810,1810
250230,1995,0,1595,1595
250230,1996,0,2297,2297
250230,1997,0,1126,1126
250230,1998,0,198,198
250230,1999,0,450,450
250230,2000,0,717,717
250230,2001,0,197,197
250230,2002,0,642,642
250230,2003,0,1160,1160
250230,2004,0,1291,1291
250230,2005,0,546,546
250230,2006,0,1414,1414
250230,2007,0,1526,1526
250230,2008,0,1232,1232
250230,2009,0,1143,1143
250230,2010,0,1369,1369
250230,2011,0,508,508
250230,2012,0,288,288
250230,2013,0,5,5
250230,2014,0,648,648
250230,2015,0,683,683
250230,2016,0,946,946
250230,2017,0,1200,1200
250230,2018,0,1002,1002
250230,2019,0,791,791
250230,2020,0,723,723
250230,2021,0,827,827
250240,1988,0,3091,3091
250240,1989,0,2959,2959
250240,1990,0,2156,2156
250240,1991,0,3462,3462
250240,1992,0,4114,4114
250240,1993,0,562,562
250240,1994,0,3064,3064
250240,1995,0,3482,3482
250240,1996,0,4291,4291
250240,1997,0,3848,3848
250240,1998,0,3589,3589
250240,1999,0,3139,3139
250240,2000,0,4224,4224
250240,2001,0,3399,3399
250240,2002,0,4509,4509
250240,2003,0,5548,5548
250240,2004,0,5297,5297
250240,2005,0,4567,4567
250240,2006,0,5316,5316
250240,2007,0,4231,4231
250240,2008,0,4859,4859
250240,2009,0,4689,4689
250240,2010,0,2734,2734
250240,2011,0,4496,4496
250240,2012,0,3145,3145
250240,2013,0,2133,2133
250240,2014,0,3094,3094
250240,2015,0,884,884
250240,2016,0,849,849
250240,2017,0,1422,1422
250240,2018,0,1312,1312
250240,2019,0,1477,1477
250240,2020,0,1217,1217
250240,2021,0,1359,1359
250250,1988,0,16997,16997
250250,1989,0,16176,16176
250250,1990,0,16996,16996
250250,1991,0,16966,16966
250250,1992,0,16826,16826
250250,1993,0,358,358
250250,1994,0,14400,14400
250250,1995,0,11665,11665
250250,1996,0,1835,1835
250250,1997,0,7309,7309
250250,1998,0,1303,1303
250250,1999,0,3322,3322
250250,2000,0,4977,4977
250250,2001,0,4332,4332
250250,2002,0,4569,4569
250250,2003,0,6510,6510
250250,2004,0,6835,6835
250250,2005,0,6917,6917
250250,2006,0,6545,6545
250250,2007,0,3496,3496
250250,2008,0,7190,7190
250250,2009,0,6965,6965
250250,2010,0,2867,2867
250250,2011,0,7320,7320
250250,2012,0,3615,3615
250250,2013,0,2577,2577
250250,2014,0,4623,4623
250250,2015,0,1100,1100
250250,2016,0,2961,2961
250250,2017,0,1325,1325
250250,2018,0,3763,3763
250250,2019,0,2403,2403
250250,2020,0,2569,2569
250250,2021,0,2758,2758
250260,1988,0,2828,2828
250260,1989,0,3160,3160
250260,1990,0,3384,3384
250260,1991,0,3384,3384
250260,1992,0,3537,3537
250260,1993,0,305,305
250260,1994,0,2310,2310
250260,1995,0,2091,2091
250260,1996,0,1256,1256
250260,1997,0,1254,1254
250260,1998,0,1294,1294
250260,1999,0,1337,1337
250260,2000,0,1524,1524
250260,2001,0,1348,1348
250260,2002,0,1440,1440
250260,2003,0,1634,1634
250260,2004,0,1667,1667
250260,2005,0,1747,1747
250260,2006,0,1849,1849
250260,2007,0,1762,1762
250260,2008,0,1652,1652
250260,2009,0,1732,1732
250260,2010,0,1192,1192
250260,2011,0,1269,1269
250260,2012,0,842,842
250260,2013,0,190,190
250260,2014,0,1036,1036
250260,2015,0,618,618
250260,2016,0,535,535
250260,2017,0,515,515
250260,2018,0,807,807
250260,2019,0,807,807
250260,2020,0,727,727
250260,2021,0,485,485
250270,1988,0,1575,1575
250270,1989,0,1502,1502
250270,1990,0,1502,1502
250270,1991,0,1672,1672
250270,1992,0,1672,1672
250270,1993,0,1230,1230
250270,1994,0,2055,2055
250270,1995,0,3055,3055
250270,1996,0,814,814
250270,1997,0,1184,1184
250270,1998,0,1585,1585
250270,1999,0,1976,1976
250270,2000,0,2046,2046
250270,2001,0,1732,1732
250270,2002,0,1992,1992
250270,2003,0,2278,2278
250270,2004,0,2495,2495
250270,2005,0,2296,2296
250270,2006,0,2397,2397
250270,2007,0,2686,2686
250270,2008,0,2716,2716
250270,2009,0,2666,2666
250270,2010,0,2254,2254
250270,2011,0,1686,1686
250270,2012,0,1310,1310
250270,2013,0,1669,1669
250270,2014,0,1270,1270
250270,2015,0,1289,1289
250270,2016,0,1497,1497
250270,2017,0,1378,1378
250270,2018,0,1327,1327
250270,2019,0,1348,1348
250270,2020,0,1344,1344
250270,2021,0,1314,1314
250280,1988,0,2090,2090
250280,1989,0,1912,1912
250280,1990,0,1913,1913
250280,1991,0,1285,1285
250280,1992,0,957,957
250280,1993,0,4,4
250280,1994,0,1285,1285
250280,1995,0,992,992
250280,1996,0,2082,2082
250280,1997,0,1090,1090
250280,1998,0,457,457
250280,1999,0,665,665
250280,2000,0,632,632
250280,2001,0,351,351
250280,2002,0,667,667
250280,2003,0,973,973
250280,2004,0,781,781
250280,2005,0,416,416
250280,2006,0,596,596
250280,2007,0,995,995
250280,2008,0,824,824
250280,2009,0,1048,1048
250280,2010,0,795,795
250280,2011,0,785,785
250280,2012,0,316,316
250280,2013,0,0,0
250280,2014,0,599,599
250280,2015,0,403,403
250280,2016,0,300,300
250280,2017,0,372,372
250280,2018,0,967,967
250280,2019,0,805,805
250280,2020,0,678,678
250280,2021,0,389,389
250290,1988,0,376,376
250290,1989,0,356,356
250290,1990,0,348,348
250290,1991,0,333,333
250290,1992,0,272,272
250290,1993,0,8,8
250290,1994,0,621,621
250290,1995,0,506,506
250290,1996,0,1744,1744
250290,1997,0,812,812
250290,1998,0,155,155
250290,1999,0,369,369
250290,2000,0,469,469
250290,2001,0,303,303
250290,2002,0,353,353
250290,2003,0,411,411
250290,2004,0,705,705
250290,2005,0,292,292
250290,2006,0,289,289
250290,2007,0,395,395
250290,2008,0,281,281
250290,2009,0,426,426
250290,2010,0,327,327
250290,2011,0,265,265
250290,2012,0,43,43
250290,2013,0,0,0
250290,2014,0,142,142
250290,2015,0,182,182
250290,2016,0,270,270
250290,2017,0,275,275
250290,2018,0,330,330
250290,2019,0,284,284
250290,2020,0,300,300
250290,2021,0,85,85
250300,1988,0,7560,7560
250300,1989,0,7460,7460
250300,1990,0,7460,7460
250300,1991,0,7460,7460
250300,1992,0,7482,7482
250300,1993,0,5082,5082
250300,1994,0,5082,5082
250300,1995,0,11415,11415
250300,1996,0,11001,11001
250300,1997,0,11847,11847
250300,1998,0,13407,13407
250300,1999,0,13412,13412
250300,2000,0,8909,8909
250300,2001,0,8025,8025
250300,2002,0,7988,7988
250300,2003,0,5993,5993
250300,2004,0,6101,6101
250300,2005,0,4940,4940
250300,2006,0,4941,4941
250300,2007,0,4951,4951
250300,2008,0,4985,4985
250300,2009,0,4981,4981
250300,2010,0,4977,4977
250300,2011,0,4925,4925
250300,2012,0,4902,4902
250300,2013,0,4917,4917
250300,2014,0,4816,4816
250300,2015,0,4603,4603
250300,2016,0,4744,4744
250300,2017,0,1424,1424
250300,2018,0,1402,1402
250300,2019,0,1668,1668
250300,2020,0,1588,1588
250300,2021,0,1309,1309
250310,1988,0,2444,2444
250310,1989,0,2221,2221
250310,1990,0,4716,4716
250310,1991,0,510,510
250310,1992,0,461,461
250310,1993,0,117,117
250310,1994,0,1471,1471
250310,1995,0,2197,2197
250310,1996,0,173,173
250310,1997,0,1147,1147
250310,1998,0,82,82
250310,1999,0,1014,1014
250310,2000,0,2108,2108
250310,2001,0,2024,2024
250310,2002,0,1483,1483
250310,2003,0,2149,2149
250310,2004,0,2172,2172
250310,2005,0,2246,2246
250310,2006,0,919,919
250310,2007,0,854,854
250310,2008,0,2450,2450
250310,2009,0,2539,2539
250310,2010,0,501,501
250310,2011,0,2603,2603
250310,2012,0,1041,1041
250310,2013,0,264,264
250310,2014,0,1214,1214
250310,2015,0,161,161
250310,2016,0,635,635
250310,2017,0,176,176
250310,2018,0,963,963
250310,2019,0,627,627
250310,2020,0,729,729
250310,2021,0,313,313
250320,1988,0,5,5
250320,1989,0,5,5
250320,1990,0,0,0
250320,1991,0,0,0
250320,1992,0,0,0
250320,1993,0,0,0
250320,1994,0,0,0
250320,1995,0,0,0
250320,1996,0,0,0
250320,1997,0,0,0
250320,1998,0,0,0
250320,1999,0,0,0
250320,2000,0,0,0
250320,2001,0,0,0
250320,2002,0,0,0
250320,2003,0,0,0
250320,2004,0,0,0
250320,2005,0,0,0
250320,2006,0,0,0
250320,2007,0,0,0
250320,2008,0,0,0
250320,2009,0,0,0
250320,2010,0,0,0
250320,2011,0,0,0
250320,2012,0,0,0
250320,2013,0,0,0
250320,2014,0,0,0
250320,2015,0,0,0
250320,2016,0,0,0
250320,2017,0,0,0
250320,2018,0,0,0
250320,2019,0,0,0
250320,2020,0,0,0
250320,2021,0,0,0
250330,1988,0,2557,2557
250330,1989,0,4585,4585
250330,1990,0,4598,4598
250330,1991,0,4851,4851
250330,1992,0,2737,2737
250330,1993,0,45,45
250330,1994,0,3009,3009
250330,1995,0,3033,3033
250330,1996,0,2996,2996
250330,1997,0,2840,2840
250330,1998,0,965,965
250330,1999,0,2522,2522
250330,2000,0,2351,2351
250330,2001,0,1335,1335
250330,2002,0,2468,2468
250330,2003,0,2184,2184
250330,2004,0,2046,2046
250330,2005,0,1777,1777
250330,2006,0,1886,1886
250330,2007,0,701,701
250330,2008,0,905,905
250330,2009,0,944,944
250330,2010,0,686,686
250330,2011,0,1099,1099
250330,2012,0,500,500
250330,2013,0,394,394
250330,2014,0,427,427
250330,2015,0,579,579
250330,2016,0,670,670
250330,2017,0,774,774
250330,2018,0,648,648
250330,2019,0,593,593
250330,2020,0,666,666
250330,2021,0,605,605
250340,1988,0,3976,3976
250340,1989,0,2654,2654
250340,1990,0,1777,1777
250340,1991,0,1356,1356
250340,1992,0,1550,1550
250340,1993,0,190,190
250340,1994,0,953,953
250340,1995,0,1099,1099
250340,1996,0,1180,1180
250340,1997,0,1157,1157
250340,1998,0,929,929
250340,1999,0,539,539
250340,2000,0,822,822
250340,2001,0,424,424
250340,2002,0,750,750
250340,2003,0,739,739
250340,2004,0,599,599
250340,2005,0,341,341
250340,2006,0,911,911
250340,2007,0,865,865
250340,2008,0,366,366
250340,2009,0,865,865
250340,2010,0,347,347
250340,2011,0,870,870
250340,2012,0,80,80
250340,2013,0,0,0
250340,2014,0,735,735
250340,2015,0,640,640
250340,2016,0,837,837
250340,2017,0,421,421
250340,2018,0,660,660
250340,2019,0,834,834
250340,2020,0,569,569
250340,2021,0,695,695
250350,1988,0,5458,5458
250350,1989,0,5458,5458
250350,1990,0,4265,4265
250350,1991,0,5325,5325
250350,1992,0,5220,5220
250350,1993,0,1150,1150
250350,1994,0,1863,1863
250350,1995,0,2933,2933
250350,1996,0,9743,9743
250350,1997,0,5517,5517
250350,1998,0,5683,5683
250350,1999,0,5134,5134
250350,2000,0,5703,5703
250350,2001,0,4118,4118
250350,2002,0,4928,4928
250350,2003,0,4448,4448
250350,2004,0,5925,5925
250350,2005,0,4545,4545
250350,2006,0,4078,4078
250350,2007,0,5945,5945
250350,2008,0,6625,6625
250350,2009,0,5730,5730
250350,2010,0,5373,5373
250350,2011,0,5240,5240
250350,2012,0,1187,1187
250350,2013,0,2080,2080
250350,2014,0,2940,2940
250350,2015,0,989,989
250350,2016,0,1910,1910
250350,2017,0,4816,4816
250350,2018,0,4055,4055
250350,2019,0,3577,3577
250350,2020,0,3360,3360
250350,2021,0,4003,4003
250360,1988,0,4154,4154
250360,1989,0,6009,6009
250360,1990,0,6320,6320
250360,1991,0,5100,5100
250360,1992,0,5100,5100
250360,1993,0,1456,1456
250360,1994,0,3071,3071
250360,1995,0,2621,2621
250360,1996,0,3385,3385
250360,1997,0,3750,3750
250360,1998,0,866,866
250360,1999,0,1959,1959
250360,2000,0,3112,3112
250360,2001,0,1486,1486
250360,2002,0,1436,1436
250360,2003,0,2003,2003
250360,2004,0,2103,2103
250360,2005,0,1763,1763
250360,2006,0,1453,1453
250360,2007,0,1318,1318
250360,2008,0,1717,1717
250360,2009,0,1763,1763
250360,2010,0,569,569
250360,2011,0,1617,1617
250360,2012,0,833,833
250360,2013,0,1858,1858
250360,2014,0,1253,1253
250360,2015,0,1215,1215
250360,2016,0,1103,1103
250360,2017,0,814,814
250360,2018,0,973,973
250360,2019,0,805,805
250360,2020,0,844,844
250360,2021,0,853,853
250370,1988,0,7897,7897
250370,1989,0,7900,7900
250370,1990,0,7895,7895
250370,1991,0,9684,9684
250370,1992,0,8352,8352
250370,1993,0,235,235
250370,1994,0,10568,10568
250370,1995,0,10600,10600
250370,1996,0,3352,3352
250370,1997,0,7239,7239
250370,1998,0,5595,5595
250370,1999,0,5652,5652
250370,2000,0,4986,4986
250370,2001,0,6427,6427
250370,2002,0,5448,5448
250370,2003,0,4322,4322
250370,2004,0,4161,4161
250370,2005,0,2843,2843
250370,2006,0,2493,2493
250370,2007,0,1513,1513
250370,2008,0,2297,2297
250370,2009,0,2023,2023
250370,2010,0,1394,1394
250370,2011,0,3477,3477
250370,2012,0,1394,1394
250370,2013,0,1471,1471
250370,2014,0,1085,1085
250370,2015,0,1125,1125
250370,2016,0,1746,1746
250370,2017,0,985,985
250370,2018,0,1247,1247
250370,2019,0,506,506
250370,2020,0,516,516
250370,2021,0,514,514
250390,1988,0,6750,6750
250390,1989,0,6570,6570
250390,1990,0,6570,6570
250390,1991,0,3263,3263
250390,1992,0,2718,2718
250390,1993,0,115,115
250390,1994,0,1116,1116
250390,1995,0,1781,1781
250390,1996,0,1034,1034
250390,1997,0,742,742
250390,1998,0,64,64
250390,1999,0,830,830
250390,2000,0,1255,1255
250390,2001,0,968,968
250390,2002,0,993,993
250390,2003,0,1014,1014
250390,2004,0,1249,1249
250390,2005,0,1322,1322
250390,2006,0,1661,1661
250390,2007,0,689,689
250390,2008,0,1503,1503
250390,2009,0,1119,1119
250390,2010,0,676,676
250390,2011,0,1262,1262
250390,2012,0,299,299
250390,2013,0,20,20
250390,2014,0,422,422
250390,2015,0,96,96
250390,2016,0,812,812
250390,2017,0,8,8
250390,2018,0,823,823
250390,2019,0,319,319
250390,2020,0,329,329
250390,2021,0,520,520
250400,1988,0,12285,12285
250400,1989,0,11274,11274
250400,1990,0,11273,11273
250400,1991,0,10141,10141
250400,1992,0,11138,11138
250400,1993,0,10822,10822
250400,1994,0,14856,14856
250400,1995,0,13225,13225
250400,1996,0,8964,8964
250400,1997,0,12330,12330
250400,1998,0,748,748
250400,1999,0,5182,5182
250400,2000,0,8637,8637
250400,2001,0,8386,8386
250400,2002,0,7661,7661
250400,2003,0,9529,9529
250400,2004,0,9240,9240
250400,2005,0,7873,7873
250400,2006,0,7947,7947
250400,2007,0,4957,4957
250400,2008,0,8793,8793
250400,2009,0,8694,8694
250400,2010,0,4841,4841
250400,2011,0,8448,8448
250400,2012,0,6547,6547
250400,2013,0,5861,5861
250400,2014,0,6440,6440
250400,2015,0,4852,4852
250400,2016,0,4349,4349
250400,2017,0,2536,2536
250400,2018,0,6572,6572
250400,2019,0,3497,3497
250400,2020,0,4000,4000
250400,2021,0,4662,4662
250410,1988,0,429,429
250410,1989,0,439,439
250410,1990,0,440,440
250410,1991,0,404,404
250410,1992,0,414,414
250410,1993,0,39,39
250410,1994,0,269,269
250410,1995,0,317,317
250410,1996,0,312,312
250410,1997,0,335,335
250410,1998,0,328,328
250410,1999,0,323,323
250410,2000,0,296,296
250410,2001,0,472,472
250410,2002,0,266,266
250410,2003,0,247,247
250410,2004,0,385,385
250410,2005,0,364,364
250410,2006,0,292,292
250410,2007,0,191,191
250410,2008,0,359,359
250410,2009,0,359,359
250410,2010,0,134,134
250410,2011,0,137,137
250410,2012,0,222,222
250410,2013,0,120,120
250410,2014,0,270,270
250410,2015,0,270,270
250410,2016,0,70,70
250410,2017,0,150,150
250410,2018,0,335,335
250410,2019,0,158,158
250410,2020,0,244,244
250410,2021,0,247,247
250420,1988,0,3981,3981
250420,1989,0,4812,4812
250420,1990,0,5612,5612
250420,1991,0,2722,2722
250420,1992,0,2953,2953
250420,1993,0,7,7
250420,1994,0,736,736
250420,1995,0,1278,1278
250420,1996,0,1044,1044
250420,1997,0,969,969
250420,1998,0,477,477
250420,1999,0,327,327
250420,2000,0,610,610
250420,2001,0,1222,1222
250420,2002,0,1708,1708
250420,2003,0,1935,1935
250420,2004,0,2188,2188
250420,2005,0,1806,1806
250420,2006,0,2116,2116
250420,2007,0,1786,1786
250420,2008,0,1814,1814
250420,2009,0,2116,2116
250420,2010,0,1713,1713
250420,2011,0,1926,1926
250420,2012,0,597,597
250420,2013,0,23,23
250420,2014,0,460,460
250420,2015,0,494,494
250420,2016,0,277,277
250420,2017,0,497,497
250420,2018,0,605,605
250420,2019,0,834,834
250420,2020,0,834,834
250420,2021,0,838,838
250430,1988,0,2748,2748
250430,1989,0,2867,2867
250430,1990,0,2903,2903
250430,1991,0,2079,2079
250430,1992,0,1662,1662
250430,1993,0,36,36
250430,1994,0,2961,2961
250430,1995,0,3222,3222
250430,1996,0,4342,4342
250430,1997,0,1835,1835
250430,1998,0,300,300
250430,1999,0,1385,1385
250430,2000,0,1645,1645
250430,2001,0,865,865
250430,2002,0,1247,1247
250430,2003,0,1638,1638
250430,2004,0,1198,1198
250430,2005,0,780,780
250430,2006,0,1382,1382
250430,2007,0,1597,1597
250430,2008,0,1357,1357
250430,2009,0,1568,1568
250430,2010,0,1420,1420
250430,2011,0,751,751
250430,2012,0,179,179
250430,2013,0,18,18
250430,2014,0,319,319
250430,2015,0,528,528
250430,2016,0,413,413
250430,2017,0,708,708
250430,2018,0,609,609
250430,2019,0,617,617
250430,2020,0,615,615
250430,2021,0,618,618
250440,1988,0,12085,12085
250440,1989,0,11813,11813
250440,1990,0,12792,12792
250440,1991,0,12792,12792
250440,1992,0,15802,15802
250440,1993,0,1421,1421
250440,1994,0,9745,9745
250440,1995,0,10321,10321
250440,1996,0,10643,10643
250440,1997,0,10937,10937
250440,1998,0,8693,8693
250440,1999,0,7737,7737
250440,2000,0,10171,10171
250440,2001,0,11494,11494
250440,2002,0,13673,13673
250440,2003,0,13385,13385
250440,2004,0,14221,14221
250440,2005,0,10712,10712
250440,2006,0,14030,14030
250440,2007,0,12452,12452
250440,2008,0,16495,16495
250440,2009,0,15286,15286
250440,2010,0,7498,7498
250440,2011,0,9549,9549
250440,2012,0,6812,6812
250440,2013,0,3274,3274
250440,2014,0,4003,4003
250440,2015,0,2449,2449
250440,2016,0,2760,2760
250440,2017,0,2930,2930
250440,2018,0,2924,2924
250440,2019,0,3000,3000
250440,2020,0,2506,2506
250440,2021,0,2421,2421
250450,1988,0,3044,3044
250450,1989,0,2643,2643
250450,1990,0,2690,2690
250450,1991,0,2247,2247
250450,1992,0,2122,2122
250450,1993,0,112,112
250450,1994,0,2257,2257
250450,1995,0,1218,1218
250450,1996,0,1630,1630
250450,1997,0,892,892
250450,1998,0,549,549
250450,1999,0,596,596
250450,2000,0,1357,1357
250450,2001,0,377,377
250450,2002,0,784,784
250450,2003,0,919,919
250450,2004,0,1256,1256
250450,2005,0,493,493
250450,2006,0,640,640
250450,2007,0,773,773
250450,2008,0,592,592
250450,2009,0,653,653
250450,2010,0,637,637
250450,2011,0,393,393
250450,2012,0,383,383
250450,2013,0,45,45
250450,2014,0,504,504
250450,2015,0,317,317
250450,2016,0,367,367
250450,2017,0,470,470
250450,2018,0,566,566
250450,2019,0,515,515
250450,2020,0,505,505
250450,2021,0,352,352
250460,1988,0,1955,1955
250460,1989,0,1955,1955
250460,1990,0,1955,1955
250460,1991,0,1955,1955
250460,1992,0,1959,1959
250460,1993,0,1755,1755
250460,1994,0,1751,1751
250460,1995,0,1751,1751
250460,1996,0,1471,1471
250460,1997,0,1324,1324
250460,1998,0,1657,1657
250460,1999,0,1761,1761
250460,2000,0,1981,1981
250460,2001,0,1941,1941
250460,2002,0,1937,1937
250460,2003,0,1902,1902
250460,2004,0,1876,1876
250460,2005,0,2018,2018
250460,2006,0,1989,1989
250460,2007,0,1987,1987
250460,2008,0,1872,1872
250460,2009,0,1829,1829
250460,2010,0,1828,1828
250460,2011,0,1556,1556
250460,2012,0,1798,1798
250460,2013,0,1647,1647
250460,2014,0,1610,1610
250460,2015,0,1625,1625
250460,2016,0,1881,1881
250460,2017,0,1238,1238
250460,2018,0,1606,1606
250460,2019,0,1619,1619
250460,2020,0,1590,1590
250460,2021,0,1650,1650
250470,1988,0,2340,2340
250470,1989,0,2300,2300
250470,1990,0,2310,2310
250470,1991,0,1110,1110
250470,1992,0,1130,1130
250470,1993,0,165,165
250470,1994,0,2448,2448
250470,1995,0,2531,2531
250470,1996,0,918,918
250470,1997,0,998,998
250470,1998,0,128,128
250470,1999,0,557,557
250470,2000,0,1310,1310
250470,2001,0,1238,1238
250470,2002,0,1224,1224
250470,2003,0,1303,1303
250470,2004,0,1569,1569
250470,2005,0,915,915
250470,2006,0,921,921
250470,2007,0,584,584
250470,2008,0,1376,1376
250470,2009,0,1402,1402
250470,2010,0,591,591
250470,2011,0,697,697
250470,2012,0,410,410
250470,2013,0,287,287
250470,2014,0,583,583
250470,2015,0,193,193
250470,2016,0,640,640
250470,2017,0,471,471
250470,2018,0,550,550
250470,2019,0,476,476
250470,2020,0,978,978
250470,2021,0,498,498
250480,1988,0,3374,3374
250480,1989,0,3204,3204
250480,1990,0,3425,3425
250480,1991,0,2952,2952
250480,1992,0,3392,3392
250480,1993,0,88,88
250480,1994,0,1411,1411
250480,1995,0,733,733
250480,1996,0,2698,2698
250480,1997,0,1388,1388
250480,1998,0,837,837
250480,1999,0,833,833
250480,2000,0,763,763
250480,2001,0,229,229
250480,2002,0,410,410
250480,2003,0,489,489
250480,2004,0,660,660
250480,2005,0,380,380
250480,2006,0,608,608
250480,2007,0,848,848
250480,2008,0,1101,1101
250480,2009,0,1053,1053
250480,2010,0,763,763
250480,2011,0,507,507
250480,2012,0,182,182
250480,2013,0,38,38
250480,2014,0,341,341
250480,2015,0,446,446
250480,2016,0,540,540
250480,2017,0,761,761
250480,2018,0,591,591
250480,2019,0,646,646
250480,2020,0,877,877
250480,2021,0,927,927
250490,1988,0,11763,11763
250490,1989,0,11580,11580
250490,1990,0,11590,11590
250490,1991,0,11590,11590
250490,1992,0,11520,11520
250490,1993,0,7160,7160
250490,1994,0,7160,7160
250490,1995,0,7166,7166
250490,1996,0,7160,7160
250490,1997,0,8018,8018
250490,1998,0,9226,9226
250490,1999,0,5192,5192
250490,2000,0,5083,5083
250490,2001,0,5985,5985
250490,2002,0,6162,6162
250490,2003,0,9104,9104
250490,2004,0,9065,9065
250490,2005,0,7658,7658
250490,2006,0,7520,7520
250490,2007,0,7520,7520
250490,2008,0,7550,7550
250490,2009,0,7514,7514
250490,2010,0,7447,7447
250490,2011,0,7330,7330
250490,2012,0,7201,7201
250490,2013,0,7106,7106
250490,2014,0,6995,6995
250490,2015,0,6980,6980
250490,2016,0,6893,6893
250490,2017,0,5095,5095
250490,2018,0,5547,5547
250490,2019,0,6753,6753
250490,2020,0,6725,6725
250490,2021,0,6781,6781
250500,1988,0,11943,11943
250500,1989,0,11915,11915
250500,1990,0,11915,11915
250500,1991,0,11259,11259
250500,1992,0,11042,11042
250500,1993,0,4,4
250500,1994,0,6265,6265
250500,1995,0,6158,6158
250500,1996,0,3826,3826
250500,1997,0,5151,5151
250500,1998,0,567,567
250500,1999,0,567,567
250500,2000,0,532,532
250500,2001,0,2232,2232
250500,2002,0,2672,2672
250500,2003,0,2677,2677
250500,2004,0,3484,3484
250500,2005,0,1227,1227
250500,2006,0,2696,2696
250500,2007,0,2471,2471
250500,2008,0,3471,3471
250500,2009,0,3371,3371
250500,2010,0,650,650
250500,2011,0,3370,3370
250500,2012,0,535,535
250500,2013,0,436,436
250500,2014,0,1635,1635
250500,2015,0,930,930
250500,2016,0,1180,1180
250500,2017,0,1090,1090
250500,2018,0,2380,2380
250500,2019,0,1465,1465
250500,2020,0,2339,2339
250500,2021,0,1986,1986
250510,1988,0,39825,39825
250510,1989,0,36320,36320
250510,1990,0,36320,36320
250510,1991,0,20145,20145
250510,1992,0,17640,17640
250510,1993,0,9934,9934
250510,1994,0,18975,18975
250510,1995,0,18420,18420
250510,1996,0,15778,15778
250510,1997,0,10469,10469
250510,1998,0,10459,10459
250510,1999,0,6888,6888
250510,2000,0,8888,8888
250510,2001,0,7236,7236
250510,2002,0,6345,6345
250510,2003,0,7042,7042
250510,2004,0,7430,7430
250510,2005,0,7541,7541
250510,2006,0,7654,7654
250510,2007,0,8589,8589
250510,2008,0,7218,7218
250510,2009,0,7521,7521
250510,2010,0,4813,4813
250510,2011,0,6923,6923
250510,2012,0,3065,3065
250510,2013,0,1723,1723
250510,2014,0,2433,2433
250510,2015,0,2157,2157
250510,2016,0,4305,4305
250510,2017,0,1797,1797
250510,2018,0,4055,4055
250510,2019,0,3944,3944
250510,2020,0,3825,3825
250510,2021,0,2008,2008
250520,1988,0,2366,2366
250520,1989,0,1339,1339
250520,1990,0,1799,1799
250520,1991,0,1775,1775
250520,1992,0,1540,1540
250520,1993,0,667,667
250520,1994,0,1701,1701
250520,1995,0,1541,1541
250520,1996,0,504,504
250520,1997,0,707,707
250520,1998,0,538,538
250520,1999,0,611,611
250520,2000,0,546,546
250520,2001,0,498,498
250520,2002,0,511,511
250520,2003,0,560,560
250520,2004,0,656,656
250520,2005,0,596,596
250520,2006,0,601,601
250520,2007,0,621,621
250520,2008,0,893,893
250520,2009,0,822,822
250520,2010,0,633,633
250520,2011,0,746,746
250520,2012,0,563,563
250520,2013,0,685,685
250520,2014,0,602,602
250520,2015,0,644,644
250520,2016,0,649,649
250520,2017,0,668,668
250520,2018,0,655,655
250520,2019,0,515,515
250520,2020,0,525,525
250520,2021,0,555,555
250530,1988,0,2491,2491
250530,1989,0,2561,2561
250530,1990,0,2777,2777
250530,1991,0,2777,2777
250530,1992,0,2693,2693
250530,1993,0,297,297
250530,1994,0,2254,2254
250530,1995,0,2314,2314
250530,1996,0,1314,1314
250530,1997,0,1404,1404
250530,1998,0,1310,1310
250530,1999,0,1210,1210
250530,2000,0,1357,1357
250530,2001,0,1180,1180
250530,2002,0,1115,1115
250530,2003,0,1236,1236
250530,2004,0,1347,1347
250530,2005,0,1092,1092
250530,2006,0,1282,1282
250530,2007,0,937,937
250530,2008,0,1493,1493
250530,2009,0,1438,1438
250530,2010,0,623,623
250530,2011,0,1108,1108
250530,2012,0,563,563
250530,2013,0,200,200
250530,2014,0,333,333
250530,2015,0,288,288
250530,2016,0,330,330
250530,2017,0,350,350
250530,2018,0,388,388
250530,2019,0,520,520
250530,2020,0,456,456
250530,2021,0,259,259
250540,1988,0,9801,9801
250540,1989,0,9842,9842
250540,1990,0,7112,7112
250540,1991,0,5947,5947
250540,1992,0,4197,4197
250540,1993,0,1629,1629
250540,1994,0,3834,3834
250540,1995,0,3139,3139
250540,1996,0,4975,4975
250540,1997,0,3997,3997
250540,1998,0,1958,1958
250540,1999,0,1616,1616
250540,2000,0,1658,1658
250540,2001,0,1770,1770
250540,2002,0,2065,2065
250540,2003,0,2141,2141
250540,2004,0,2688,2688
250540,2005,0,2309,2309
250540,2006,0,2808,2808
250540,2007,0,2907,2907
250540,2008,0,3795,3795
250540,2009,0,2930,2930
250540,2010,0,2411,2411
250540,2011,0,3082,3082
250540,2012,0,1214,1214
250540,2013,0,444,444
250540,2014,0,529,529
250540,2015,0,1261,1261
250540,2016,0,2599,2599
250540,2017,0,3052,3052
250540,2018,0,3277,3277
250540,2019,0,2491,2491
250540,2020,0,3213,3213
250540,2021,0,3313,3313
250550,1988,0,819,819
250550,1989,0,936,936
250550,1990,0,936,936
250550,1991,0,513,513
250550,1992,0,492,492
250550,1993,0,3,3
250550,1994,0,383,383
250550,1995,0,286,286
250550,1996,0,492,492
250550,1997,0,255,255
250550,1998,0,31,31
250550,1999,0,94,94
250550,2000,0,126,126
250550,2001,0,66,66
250550,2002,0,140,140
250550,2003,0,254,254
250550,2004,0,228,228
250550,2005,0,296,296
250550,2006,0,361,361
250550,2007,0,461,461
250550,2008,0,366,366
250550,2009,0,371,371
250550,2010,0,406,406
250550,2011,0,445,445
250550,2012,0,170,170
250550,2013,0,0,0
250550,2014,0,322,322
250550,2015,0,170,170
250550,2016,0,120,120
250550,2017,0,162,162
250550,2018,0,140,140
250550,2019,0,135,135
250550,2020,0,155,155
250550,2021,0,155,155
250560,1988,0,3764,3764
250560,1989,0,4087,4087
250560,1990,0,4380,4380
250560,1991,0,4380,4380
250560,1992,0,4339,4339
250560,1993,0,461,461
250560,1994,0,2763,2763
250560,1995,0,2960,2960
250560,1996,0,3443,3443
250560,1997,0,3403,3403
250560,1998,0,2343,2343
250560,1999,0,2279,2279
250560,2000,0,3309,3309
250560,2001,0,3445,3445
250560,2002,0,3257,3257
250560,2003,0,3719,3719
250560,2004,0,3951,3951
250560,2005,0,2989,2989
250560,2006,0,3634,3634
250560,2007,0,3159,3159
250560,2008,0,3315,3315
250560,2009,0,3450,3450
250560,2010,0,1330,1330
250560,2011,0,2097,2097
250560,2012,0,1115,1115
250560,2013,0,298,298
250560,2014,0,454,454
250560,2015,0,427,427
250560,2016,0,367,367
250560,2017,0,393,393
250560,2018,0,880,880
250560,2019,0,910,910
250560,2020,0,517,517
250560,2021,0,322,322
250570,1988,0,4926,4926
250570,1989,0,4324,4324
250570,1990,0,4323,4323
250570,1991,0,3513,3513
250570,1992,0,3486,3486
250570,1993,0,805,805
250570,1994,0,1575,1575
250570,1995,0,2683,2683
250570,1996,0,1958,1958
250570,1997,0,4322,4322
250570,1998,0,2679,2679
250570,1999,0,2993,2993
250570,2000,0,2453,2453
250570,2001,0,1451,1451
250570,2002,0,2941,2941
250570,2003,0,3589,3589
250570,2004,0,3589,3589
250570,2005,0,2169,2169
250570,2006,0,1939,1939
250570,2007,0,2802,2802
250570,2008,0,2719,2719
250570,2009,0,2639,2639
250570,2010,0,1598,1598
250570,2011,0,1925,1925
250570,2012,0,1203,1203
250570,2013,0,1745,1745
250570,2014,0,1339,1339
250570,2015,0,1380,1380
250570,2016,0,3944,3944
250570,2017,0,1334,1334
250570,2018,0,1172,1172
250570,2019,0,2122,2122
250570,2020,0,2807,2807
250570,2021,0,2297,2297
250580,1988,0,7237,7237
250580,1989,0,5909,5909
250580,1990,0,6049,6049
250580,1991,0,5039,5039
250580,1992,0,5069,5069
250580,1993,0,1622,1622
250580,1994,0,1803,1803
250580,1995,0,3788,3788
250580,1996,0,1101,1101
250580,1997,0,3634,3634
250580,1998,0,819,819
250580,1999,0,671,671
250580,2000,0,687,687
250580,2001,0,667,667
250580,2002,0,898,898
250580,2003,0,1032,1032
250580,2004,0,1082,1082
250580,2005,0,1171,1171
250580,2006,0,1065,1065
250580,2007,0,1137,1137
250580,2008,0,1298,1298
250580,2009,0,1278,1278
250580,2010,0,976,976
250580,2011,0,1375,1375
250580,2012,0,1148,1148
250580,2013,0,1530,1530
250580,2014,0,1256,1256
250580,2015,0,1095,1095
250580,2016,0,1400,1400
250580,2017,0,1134,1134
250580,2018,0,1078,1078
250580,2019,0,998,998
250580,2020,0,1108,1108
250580,2021,0,1099,1099
250590,1988,0,1631,1631
250590,1989,0,1920,1920
250590,1990,0,2019,2019
250590,1991,0,1765,1765
250590,1992,0,1919,1919
250590,1993,0,12,12
250590,1994,0,1032,1032
250590,1995,0,936,936
250590,1996,0,1225,1225
250590,1997,0,1190,1190
250590,1998,0,858,858
250590,1999,0,785,785
250590,2000,0,796,796
250590,2001,0,320,320
250590,2002,0,798,798
250590,2003,0,930,930
250590,2004,0,830,830
250590,2005,0,710,710
250590,2006,0,1240,1240
250590,2007,0,1299,1299
250590,2008,0,1030,1030
250590,2009,0,1214,1214
250590,2010,0,1197,1197
250590,2011,0,1112,1112
250590,2012,0,393,393
250590,2013,0,83,83
250590,2014,0,181,181
250590,2015,0,402,402
250590,2016,0,322,322
250590,2017,0,299,299
250590,2018,0,511,511
250590,2019,0,612,612
250590,2020,0,780,780
250590,2021,0,753,753
250600,1988,0,5680,5680
250600,1989,0,5900,5900
250600,1990,0,6539,6539
250600,1991,0,6180,6180
250600,1992,0,5925,5925
250600,1993,0,3668,3668
250600,1994,0,4093,4093
250600,1995,0,3544,3544
250600,1996,0,4623,4623
250600,1997,0,4699,4699
250600,1998,0,3917,3917
250600,1999,0,4009,4009
250600,2000,0,5078,5078
250600,2001,0,3416,3416
250600,2002,0,4736,4736
250600,2003,0,3685,3685
250600,2004,0,5743,5743
250600,2005,0,7722,7722
250600,2006,0,5836,5836
250600,2007,0,7183,7183
250600,2008,0,6997,6997
250600,2009,0,6077,6077
250600,2010,0,2297,2297
250600,2011,0,4798,4798
250600,2012,0,1819,1819
250600,2013,0,1492,1492
250600,2014,0,2798,2798
250600,2015,0,1944,1944
250600,2016,0,2982,2982
250600,2017,0,3407,3407
250600,2018,0,3072,3072
250600,2019,0,2036,2036
250600,2020,0,3020,3020
250600,2021,0,3026,3026
250610,1988,0,6204,6204
250610,1989,0,6059,6059
250610,1990,0,5138,5138
250610,1991,0,5138,5138
250610,1992,0,4603,4603
250610,1993,0,4406,4406
250610,1994,0,8026,8026
250610,1995,0,5116,5116
250610,1996,0,2931,2931
250610,1997,0,2703,2703
250610,1998,0,5286,5286
250610,1999,0,3661,3661
250610,2000,0,5807,5807
250610,2001,0,6177,6177
250610,2002,0,5917,5917
250610,2003,0,5360,5360
250610,2004,0,6107,6107
250610,2005,0,5946,5946
250610,2006,0,6136,6136
250610,2007,0,3222,3222
250610,2008,0,6146,6146
250610,2009,0,6081,6081
250610,2010,0,6146,6146
250610,2011,0,4507,4507
250610,2012,0,2824,2824
250610,2013,0,3864,3864
250610,2014,0,2918,2918
250610,2015,0,1315,1315
250610,2016,0,1500,1500
250610,2017,0,2379,2379
250610,2018,0,2214,2214
250610,2019,0,1329,1329
250610,2020,0,1971,1971
250610,2021,0,1682,1682
250620,1988,0,5186,5186
250620,1989,0,4757,4757
250620,1990,0,755,755
250620,1991,0,545,545
250620,1992,0,1769,1769
250620,1993,0,499,499
250620,1994,0,1687,1687
250620,1995,0,1434,1434
250620,1996,0,1256,1256
250620,1997,0,1453,1453
250620,1998,0,914,914
250620,1999,0,1110,1110
250620,2000,0,1940,1940
250620,2001,0,457,457
250620,2002,0,1510,1510
250620,2003,0,1486,1486
250620,2004,0,1475,1475
250620,2005,0,1013,1013
250620,2006,0,966,966
250620,2007,0,855,855
250620,2008,0,850,850
250620,2009,0,850,850
250620,2010,0,430,430
250620,2011,0,832,832
250620,2012,0,795,795
250620,2013,0,13,13
250620,2014,0,265,265
250620,2015,0,140,140
250620,2016,0,106,106
250620,2017,0,170,170
250620,2018,0,325,325
250620,2019,0,248,248
250620,2020,0,760,760
250620,2021,0,354,354
250630,1988,0,3173,3173
250630,1989,0,2544,2544
250630,1990,0,2544,2544
250630,1991,0,2254,2254
250630,1992,0,2179,2179
250630,1993,0,976,976
250630,1994,0,1718,1718
250630,1995,0,1803,1803
250630,1996,0,1649,1649
250630,1997,0,2778,2778
250630,1998,0,890,890
250630,1999,0,900,900
250630,2000,0,922,922
250630,2001,0,738,738
250630,2002,0,912,912
250630,2003,0,952,952
250630,2004,0,1032,1032
250630,2005,0,912,912
250630,2006,0,862,862
250630,2007,0,952,952
250630,2008,0,1152,1152
250630,2009,0,1142,1142
250630,2010,0,662,662
250630,2011,0,1454,1454
250630,2012,0,621,621
250630,2013,0,1156,1156
250630,2014,0,1111,1111
250630,2015,0,1171,1171
250630,2016,0,1071,1071
250630,2017,0,951,951
250630,2018,0,1031,1031
250630,2019,0,935,935
250630,2020,0,1069,1069
250630,2021,0,1091,1091
250650,1988,0,5352,5352
250650,1989,0,5342,5342
250650,1990,0,5334,5334
250650,1991,0,2633,2633
250650,1992,0,2794,2794
250650,1993,0,19,19
250650,1994,0,5246,5246
250650,1995,0,6133,6133
250650,1996,0,2422,2422
250650,1997,0,4086,4086
250650,1998,0,500,500
250650,1999,0,1760,1760
250650,2000,0,2193,2193
250650,2001,0,2315,2315
250650,2002,0,2326,2326
250650,2003,0,4020,4020
250650,2004,0,3728,3728
250650,2005,0,3413,3413
250650,2006,0,3526,3526
250650,2007,0,1672,1672
250650,2008,0,3478,3478
250650,2009,0,3502,3502
250650,2010,0,2262,2262
250650,2011,0,3362,3362
250650,2012,0,473,473
250650,2013,0,69,69
250650,2014,0,1131,1131
250650,2015,0,57,57
250650,2016,0,2020,2020
250650,2017,0,31,31
250650,2018,0,1448,1448
250650,2019,0,1849,1849
250650,2020,0,1515,1515
250650,2021,0,672,672
250660,1988,0,3324,3324
250660,1989,0,3870,3870
250660,1990,0,4144,4144
250660,1991,0,4144,4144
250660,1992,0,4102,4102
250660,1993,0,400,400
250660,1994,0,4168,4168
250660,1995,0,6374,6374
250660,1996,0,4611,4611
250660,1997,0,4796,4796
250660,1998,0,3855,3855
250660,1999,0,3352,3352
250660,2000,0,4511,4511
250660,2001,0,3880,3880
250660,2002,0,3829,3829
250660,2003,0,4212,4212
250660,2004,0,4329,4329
250660,2005,0,3615,3615
250660,2006,0,4134,4134
250660,2007,0,3429,3429
250660,2008,0,3826,3826
250660,2009,0,3868,3868
250660,2010,0,3818,3818
250660,2011,0,3071,3071
250660,2012,0,1466,1466
250660,2013,0,424,424
250660,2014,0,352,352
250660,2015,0,455,455
250660,2016,0,923,923
250660,2017,0,1509,1509
250660,2018,0,884,884
250660,2019,0,1104,1104
250660,2020,0,1499,1499
250660,2021,0,1239,1239
250670,1988,0,8290,8290
250670,1989,0,8286,8286
250670,1990,0,7916,7916
250670,1991,0,6818,6818
250670,1992,0,5686,5686
250670,1993,0,1007,1007
250670,1994,0,4701,4701
250670,1995,0,4469,4469
250670,1996,0,6632,6632
250670,1997,0,6213,6213
250670,1998,0,4164,4164
250670,1999,0,2590,2590
250670,2000,0,3668,3668
250670,2001,0,1203,1203
250670,2002,0,1873,1873
250670,2003,0,3147,3147
250670,2004,0,3577,3577
250670,2005,0,3482,3482
250670,2006,0,4002,4002
250670,2007,0,4005,4005
250670,2008,0,4005,4005
250670,2009,0,4007,4007
250670,2010,0,3997,3997
250670,2011,0,3957,3957
250670,2012,0,1113,1113
250670,2013,0,160,160
250670,2014,0,2307,2307
250670,2015,0,1964,1964
250670,2016,0,1547,1547
250670,2017,0,1978,1978
250670,2018,0,1888,1888
250670,2019,0,1990,1990
250670,2020,0,2002,2002
250670,2021,0,2024,2024
250680,1988,0,7514,7514
250680,1989,0,9204,9204
250680,1990,0,9234,9234
250680,1991,0,8854,8854
250680,1992,0,8904,8904
250680,1993,0,4404,4404
250680,1994,0,5849,5849
250680,1995,0,7499,7499
250680,1996,0,3448,3448
250680,1997,0,7081,7081
250680,1998,0,1139,1139
250680,1999,0,4002,4002
250680,2000,0,6035,6035
250680,2001,0,3074,3074
250680,2002,0,2221,2221
250680,2003,0,3475,3475
250680,2004,0,4227,4227
250680,2005,0,4071,4071
250680,2006,0,4015,4015
250680,2007,0,3695,3695
250680,2008,0,4656,4656
250680,2009,0,4660,4660
250680,2010,0,1858,1858
250680,2011,0,4290,4290
250680,2012,0,2536,2536
250680,2013,0,2594,2594
250680,2014,0,1686,1686
250680,2015,0,2408,2408
250680,2016,0,2892,2892
250680,2017,0,2747,2747
250680,2018,0,2358,2358
250680,2019,0,1825,1825
250680,2020,0,2111,2111
250680,2021,0,2133,2133
250690,1988,0,4803,4803
250690,1989,0,4325,4325
250690,1990,0,4325,4325
250690,1991,0,4255,4255
250690,1992,0,4097,4097
250690,1993,0,2595,2595
250690,1994,0,3167,3167
250690,1995,0,4446,4446
250690,1996,0,4195,4195
250690,1997,0,6785,6785
250690,1998,0,574,574
250690,1999,0,1554,1554
250690,2000,0,2836,2836
250690,2001,0,2153,2153
250690,2002,0,2129,2129
250690,2003,0,2148,2148
250690,2004,0,2924,2924
250690,2005,0,3017,3017
250690,2006,0,2391,2391
250690,2007,0,2777,2777
250690,2008,0,3315,3315
250690,2009,0,3226,3226
250690,2010,0,1498,1498
250690,2011,0,2891,2891
250690,2012,0,896,896
250690,2013,0,2151,2151
250690,2014,0,2479,2479
250690,2015,0,2944,2944
250690,2016,0,2304,2304
250690,2017,0,2248,2248
250690,2018,0,2032,2032
250690,2019,0,1989,1989
250690,2020,0,2260,2260
250690,2021,0,1680,1680
250700,1988,0,9129,9129
250700,1989,0,9856,9856
250700,1990,0,10736,10736
250700,1991,0,10736,10736
250700,1992,0,11661,11661
250700,1993,0,1062,1062
250700,1994,0,7123,7123
250700,1995,0,8463,8463
250700,1996,0,6635,6635
250700,1997,0,7994,7994
250700,1998,0,7818,7818
250700,1999,0,7756,7756
250700,2000,0,10262,10262
250700,2001,0,9768,9768
250700,2002,0,11096,11096
250700,2003,0,12028,12028
250700,2004,0,14070,14070
250700,2005,0,10363,10363
250700,2006,0,12789,12789
250700,2007,0,11950,11950
250700,2008,0,10395,10395
250700,2009,0,10690,10690
250700,2010,0,5080,5080
250700,2011,0,6597,6597
250700,2012,0,4385,4385
250700,2013,0,465,465
250700,2014,0,613,613
250700,2015,0,587,587
250700,2016,0,659,659
250700,2017,0,767,767
250700,2018,0,1970,1970
250700,2019,0,2025,2025
250700,2020,0,2120,2120
250700,2021,0,892,892
250710,1988,0,6424,6424
250710,1989,0,6424,6424
250710,1990,0,6424,6424
250710,1991,0,4462,4462
250710,1992,0,4442,4442
250710,1993,0,3443,3443
250710,1994,0,3261,3261
250710,1995,0,3205,3205
250710,1996,0,3769,3769
250710,1997,0,4411,4411
250710,1998,0,3823,3823
250710,1999,0,4423,4423
250710,2000,0,5728,5728
250710,2001,0,6446,6446
250710,2002,0,5528,5528
250710,2003,0,5728,5728
250710,2004,0,5958,5958
250710,2005,0,5596,5596
250710,2006,0,5966,5966
250710,2007,0,6221,6221
250710,2008,0,6436,6436
250710,2009,0,5796,5796
250710,2010,0,5171,5171
250710,2011,0,5515,5515
250710,2012,0,5430,5430
250710,2013,0,5655,5655
250710,2014,0,5765,5765
250710,2015,0,6305,6305
250710,2016,0,5705,5705
250710,2017,0,6791,6791
250710,2018,0,5178,5178
250710,2019,0,5148,5148
250710,2020,0,4931,4931
250710,2021,0,4963,4963
250720,1988,0,7150,7150
250720,1989,0,7600,7600
250720,1990,0,7600,7600
250720,1991,0,8002,8002
250720,1992,0,7802,7802
250720,1993,0,2867,2867
250720,1994,0,5680,5680
250720,1995,0,5482,5482
250720,1996,0,3765,3765
250720,1997,0,5887,5887
250720,1998,0,316,316
250720,1999,0,1765,1765
250720,2000,0,5470,5470
250720,2001,0,1113,1113
250720,2002,0,901,901
250720,2003,0,2114,2114
250720,2004,0,2891,2891
250720,2005,0,2809,2809
250720,2006,0,1524,1524
250720,2007,0,2414,2414
250720,2008,0,2512,2512
250720,2009,0,2541,2541
250720,2010,0,894,894
250720,2011,0,2116,2116
250720,2012,0,137,137
250720,2013,0,1580,1580
250720,2014,0,466,466
250720,2015,0,1431,1431
250720,2016,0,1880,1880
250720,2017,0,1820,1820
250720,2018,0,1458,1458
250720,2019,0,1744,1744
250720,2020,0,1483,1483
250720,2021,0,1651,1651
250730,1988,0,8682,8682
250730,1989,0,8682,8682
250730,1990,0,8682,8682
250730,1991,0,8612,8612
250730,1992,0,8597,8597
250730,1993,0,6837,6837
250730,1994,0,6858,6858
250730,1995,0,6403,6403
250730,1996,0,5732,5732
250730,1997,0,6099,6099
250730,1998,0,4318,4318
250730,1999,0,2282,2282
250730,2000,0,2490,2490
250730,2001,0,2334,2334
250730,2002,0,2160,2160
250730,2003,0,2339,2339
250730,2004,0,3718,3718
250730,2005,0,3751,3751
250730,2006,0,4568,4568
250730,2007,0,4568,4568
250730,2008,0,4635,4635
250730,2009,0,4571,4571
250730,2010,0,4321,4321
250730,2011,0,4253,4253
250730,2012,0,3832,3832
250730,2013,0,3860,3860
250730,2014,0,3447,3447
250730,2015,0,3449,3449
250730,2016,0,3548,3548
250730,2017,0,2955,2955
250730,2018,0,3915,3915
250730,2019,0,3901,3901
250730,2020,0,4018,4018
250730,2021,0,3873,3873
250740,1988,0,1172,1172
250740,1989,0,1218,1218
250740,1990,0,1221,1221
250740,1991,0,968,968
250740,1992,0,758,758
250740,1993,0,32,32
250740,1994,0,1563,1563
250740,1995,0,1586,1586
250740,1996,0,2746,2746
250740,1997,0,1717,1717
250740,1998,0,937,937
250740,1999,0,776,776
250740,2000,0,1625,1625
250740,2001,0,1006,1006
250740,2002,0,1109,1109
250740,2003,0,1283,1283
250740,2004,0,1985,1985
250740,2005,0,1264,1264
250740,2006,0,1737,1737
250740,2007,0,1944,1944
250740,2008,0,1838,1838
250740,2009,0,1786,1786
250740,2010,0,1991,1991
250740,2011,0,1324,1324
250740,2012,0,608,608
250740,2013,0,36,36
250740,2014,0,1010,1010
250740,2015,0,374,374
250740,2016,0,483,483
250740,2017,0,471,471
250740,2018,0,1297,1297
250740,2019,0,736,736
250740,2020,0,579,579
250740,2021,0,615,615
250750,1988,0,342,342
250750,1989,0,342,342
250750,1990,0,392,392
250750,1991,0,657,657
250750,1992,0,657,657
250750,1993,0,637,637
250750,1994,0,637,637
250750,1995,0,637,637
250750,1996,0,619,619
250750,1997,0,604,604
250750,1998,0,434,434
250750,1999,0,425,425
250750,2000,0,329,329
250750,2001,0,292,292
250750,2002,0,291,291
250750,2003,0,235,235
250750,2004,0,235,235
250750,2005,0,235,235
250750,2006,0,238,238
250750,2007,0,238,238
250750,2008,0,238,238
250750,2009,0,238,238
250750,2010,0,245,245
250750,2011,0,168,168
250750,2012,0,176,176
250750,2013,0,261,261
250750,2014,0,251,251
250750,2015,0,177,177
250750,2016,0,178,178
250750,2017,0,240,240
250750,2018,0,190,190
250750,2019,0,180,180
250750,2020,0,225,225
250750,2021,0,200,200
250760,1988,0,3002,3002
250760,1989,0,4071,4071
250760,1990,0,4071,4071
250760,1991,0,4401,4401
250760,1992,0,4669,4669
250760,1993,0,2069,2069
250760,1994,0,2510,2510
250760,1995,0,3262,3262
250760,1996,0,2479,2479
250760,1997,0,3097,3097
250760,1998,0,2759,2759
250760,1999,0,1936,1936
250760,2000,0,2716,2716
250760,2001,0,2167,2167
250760,2002,0,736,736
250760,2003,0,1509,1509
250760,2004,0,2436,2436
250760,2005,0,1757,1757
250760,2006,0,2206,2206
250760,2007,0,1981,1981
250760,2008,0,2191,2191
250760,2009,0,2332,2332
250760,2010,0,1711,1711
250760,2011,0,2231,2231
250760,2012,0,920,920
250760,2013,0,1301,1301
250760,2014,0,1376,1376
250760,2015,0,1144,1144
250760,2016,0,670,670
250760,2017,0,1300,1300
250760,2018,0,1275,1275
250760,2019,0,648,648
250760,2020,0,1194,1194
250760,2021,0,911,911
250780,1988,0,1929,1929
250780,1989,0,1905,1905
250780,1990,0,2951,2951
250780,1991,0,2052,2052
250780,1992,0,2377,2377
250780,1993,0,308,308
250780,1994,0,1713,1713
250780,1995,0,2532,2532
250780,1996,0,1767,1767
250780,1997,0,2034,2034
250780,1998,0,253,253
250780,1999,0,453,453
250780,2000,0,1403,1403
250780,2001,0,2588,2588
250780,2002,0,1964,1964
250780,2003,0,1524,1524
250780,2004,0,1929,1929
250780,2005,0,1984,1984
250780,2006,0,1588,1588
250780,2007,0,1931,1931
250780,2008,0,1951,1951
250780,2009,0,1806,1806
250780,2010,0,1296,1296
250780,2011,0,1684,1684
250780,2012,0,217,217
250780,2013,0,194,194
250780,2014,0,1074,1074
250780,2015,0,944,944
250780,2016,0,969,969
250780,2017,0,932,932
250780,2018,0,943,943
250780,2019,0,1244,1244
250780,2020,0,1344,1344
250780,2021,0,1199,1199
250790,1988,0,6490,6490
250790,1989,0,5990,5990
250790,1990,0,6130,6130
250790,1991,0,6580,6580
250790,1992,0,6580,6580
250790,1993,0,5441,5441
250790,1994,0,5465,5465
250790,1995,0,4873,4873
250790,1996,0,4939,4939
250790,1997,0,5689,5689
250790,1998,0,4536,4536
250790,1999,0,4790,4790
250790,2000,0,2372,2372
250790,2001,0,1827,1827
250790,2002,0,3985,3985
250790,2003,0,5327,5327
250790,2004,0,7427,7427
250790,2005,0,7412,7412
250790,2006,0,5310,5310
250790,2007,0,5424,5424
250790,2008,0,5482,5482
250790,2009,0,5494,5494
250790,2010,0,5249,5249
250790,2011,0,5416,5416
250790,2012,0,5114,5114
250790,2013,0,5434,5434
250790,2014,0,5115,5115
250790,2015,0,5055,5055
250790,2016,0,5026,5026
250790,2017,0,5043,5043
250790,2018,0,4966,4966
250790,2019,0,4886,4886
250790,2020,0,4516,4516
250790,2021,0,4056,4056
250800,1988,0,23968,23968
250800,1989,0,23983,23983
250800,1990,0,23996,23996
250800,1991,0,19996,19996
250800,1992,0,22806,22806
250800,1993,0,498,498
250800,1994,0,17124,17124
250800,1995,0,17995,17995
250800,1996,0,6096,6096
250800,1997,0,6156,6156
250800,1998,0,3806,3806
250800,1999,0,3636,3636
250800,2000,0,3701,3701
250800,2001,0,3520,3520
250800,2002,0,8782,8782
250800,2003,0,14564,14564
250800,2004,0,10947,10947
250800,2005,0,9965,9965
250800,2006,0,10295,10295
250800,2007,0,10314,10314
250800,2008,0,9879,9879
250800,2009,0,9262,9262
250800,2010,0,9219,9219
250800,2011,0,7627,7627
250800,2012,0,2651,2651
250800,2013,0,121,121
250800,2014,0,1583,1583
250800,2015,0,1615,1615
250800,2016,0,1365,1365
250800,2017,0,2730,2730
250800,2018,0,2329,2329
250800,2019,0,1842,1842
250800,2020,0,2626,2626
250800,2021,0,1743,1743
250810,1988,0,4245,4245
250810,1989,0,3000,3000
250810,1990,0,3021,3021
250810,1991,0,1318,1318
250810,1992,0,836,836
250810,1993,0,53,53
250810,1994,0,934,934
250810,1995,0,766,766
250810,1996,0,2923,2923
250810,1997,0,1599,1599
250810,1998,0,381,381
250810,1999,0,453,453
250810,2000,0,492,492
250810,2001,0,251,251
250810,2002,0,375,375
250810,2003,0,532,532
250810,2004,0,670,670
250810,2005,0,415,415
250810,2006,0,405,405
250810,2007,0,537,537
250810,2008,0,768,768
250810,2009,0,497,497
250810,2010,0,528,528
250810,2011,0,429,429
250810,2012,0,409,409
250810,2013,0,3,3
250810,2014,0,90,90
250810,2015,0,91,91
250810,2016,0,203,203
250810,2017,0,154,154
250810,2018,0,134,134
250810,2019,0,124,124
250810,2020,0,144,144
250810,2021,0,145,145
250820,1988,0,7492,7492
250820,1989,0,7939,7939
250820,1990,0,8154,8154
250820,1991,0,6179,6179
250820,1992,0,6029,6029
250820,1993,0,2151,2151
250820,1994,0,2411,2411
250820,1995,0,3763,3763
250820,1996,0,1482,1482
250820,1997,0,3113,3113
250820,1998,0,773,773
250820,1999,0,831,831
250820,2000,0,931,931
250820,2001,0,935,935
250820,2002,0,1870,1870
250820,2003,0,1938,1938
250820,2004,0,1998,1998
250820,2005,0,1698,1698
250820,2006,0,1488,1488
250820,2007,0,1758,1758
250820,2008,0,1558,1558
250820,2009,0,1458,1458
250820,2010,0,1138,1138
250820,2011,0,1216,1216
250820,2012,0,977,977
250820,2013,0,1126,1126
250820,2014,0,1069,1069
250820,2015,0,1074,1074
250820,2016,0,1084,1084
250820,2017,0,919,919
250820,2018,0,939,939
250820,2019,0,794,794
250820,2020,0,874,874
250820,2021,0,791,791
250830,1988,0,2788,2788
250830,1989,0,2469,2469
250830,1990,0,2484,2484
250830,1991,0,1834,1834
250830,1992,0,2700,2700
250830,1993,0,2478,2478
250830,1994,0,2268,2268
250830,1995,0,2235,2235
250830,1996,0,4402,4402
250830,1997,0,2470,2470
250830,1998,0,1282,1282
250830,1999,0,1226,1226
250830,2000,0,1706,1706
250830,2001,0,1807,1807
250830,2002,0,1812,1812
250830,2003,0,2063,2063
250830,2004,0,2732,2732
250830,2005,0,2184,2184
250830,2006,0,2384,2384
250830,2007,0,2634,2634
250830,2008,0,2934,2934
250830,2009,0,2934,2934
250830,2010,0,2639,2639
250830,2011,0,2644,2644
250830,2012,0,2595,2595
250830,2013,0,2649,2649
250830,2014,0,2383,2383
250830,2015,0,2417,2417
250830,2016,0,2173,2173
250830,2017,0,1749,1749
250830,2018,0,2115,2115
250830,2019,0,2044,2044
250830,2020,0,1994,1994
250830,2021,0,1685,1685
250840,1988,0,1496,1496
250840,1989,0,1205,1205
250840,1990,0,1418,1418
250840,1991,0,1348,1348
250840,1992,0,1333,1333
250840,1993,0,58,58
250840,1994,0,416,416
250840,1995,0,415,415
250840,1996,0,757,757
250840,1997,0,643,643
250840,1998,0,412,412
250840,1999,0,599,599
250840,2000,0,409,409
250840,2001,0,410,410
250840,2002,0,511,511
250840,2003,0,708,708
250840,2004,0,587,587
250840,2005,0,438,438
250840,2006,0,365,365
250840,2007,0,325,325
250840,2008,0,458,458
250840,2009,0,427,427
250840,2010,0,224,224
250840,2011,0,281,281
250840,2012,0,413,413
250840,2013,0,156,156
250840,2014,0,248,248
250840,2015,0,168,168
250840,2016,0,301,301
250840,2017,0,280,280
250840,2018,0,292,292
250840,2019,0,175,175
250840,2020,0,227,227
250840,2021,0,338,338
250850,1988,0,7372,7372
250850,1989,0,4172,4172
250850,1990,0,164,164
250850,1991,0,2632,2632
250850,1992,0,3439,3439
250850,1993,0,7,7
250850,1994,0,3107,3107
250850,1995,0,3147,3147
250850,1996,0,9904,9904
250850,1997,0,8713,8713
250850,1998,0,37,37
250850,1999,0,2092,2092
250850,2000,0,2090,2090
250850,2001,0,2268,2268
250850,2002,0,3099,3099
250850,2003,0,2979,2979
250850,2004,0,3103,3103
250850,2005,0,1853,1853
250850,2006,0,5666,5666
250850,2007,0,2071,2071
250850,2008,0,4071,4071
250850,2009,0,4054,4054
250850,2010,0,823,823
250850,2011,0,4071,4071
250850,2012,0,255,255
250850,2013,0,171,171
250850,2014,0,730,730
250850,2015,0,1189,1189
250850,2016,0,816,816
250850,2017,0,1329,1329
250850,2018,0,1676,1676
250850,2019,0,1658,1658
250850,2020,0,1679,1679
250850,2021,0,1577,1577
250860,1988,0,4091,4091
250860,1989,0,4015,4015
250860,1990,0,4015,4015
250860,1991,0,4015,4015
250860,1992,0,4021,4021
250860,1993,0,3261,3261
250860,1994,0,3531,3531
250860,1995,0,4040,4040
250860,1996,0,483,483
250860,1997,0,481,481
250860,1998,0,4233,4233
250860,1999,0,4637,4637
250860,2000,0,4477,4477
250860,2001,0,4035,4035
250860,2002,0,4306,4306
250860,2003,0,4249,4249
250860,2004,0,4234,4234
250860,2005,0,4149,4149
250860,2006,0,4282,4282
250860,2007,0,4282,4282
250860,2008,0,3541,3541
250860,2009,0,3448,3448
250860,2010,0,3445,3445
250860,2011,0,2997,2997
250860,2012,0,2991,2991
250860,2013,0,2987,2987
250860,2014,0,3102,3102
250860,2015,0,3152,3152
250860,2016,0,3104,3104
250860,2017,0,3404,3404
250860,2018,0,2911,2911
250860,2019,0,2935,2935
250860,2020,0,2981,2981
250860,2021,0,3054,3054
250870,1988,0,8943,8943
250870,1989,0,8937,8937
250870,1990,0,6867,6867
250870,1991,0,5767,5767
250870,1992,0,6579,6579
250870,1993,0,2014,2014
250870,1994,0,3051,3051
250870,1995,0,2649,2649
250870,1996,0,2300,2300
250870,1997,0,2410,2410
250870,1998,0,910,910
250870,1999,0,869,869
250870,2000,0,1098,1098
250870,2001,0,567,567
250870,2002,0,980,980
250870,2003,0,1065,1065
250870,2004,0,1229,1229
250870,2005,0,801,801
250870,2006,0,1368,1368
250870,2007,0,1363,1363
250870,2008,0,1218,1218
250870,2009,0,1234,1234
250870,2010,0,789,789
250870,2011,0,882,882
250870,2012,0,575,575
250870,2013,0,84,84
250870,2014,0,602,602
250870,2015,0,448,448
250870,2016,0,469,469
250870,2017,0,354,354
250870,2018,0,542,542
250870,2019,0,521,521
250870,2020,0,650,650
250870,2021,0,643,643
250880,1988,0,837,837
250880,1989,0,2466,2466
250880,1990,0,2466,2466
250880,1991,0,2661,2661
250880,1992,0,2712,2712
250880,1993,0,10,10
250880,1994,0,576,576
250880,1995,0,689,689
250880,1996,0,1449,1449
250880,1997,0,833,833
250880,1998,0,46,46
250880,1999,0,146,146
250880,2000,0,203,203
250880,2001,0,145,145
250880,2002,0,209,209
250880,2003,0,186,186
250880,2004,0,209,209
250880,2005,0,141,141
250880,2006,0,172,172
250880,2007,0,262,262
250880,2008,0,192,192
250880,2009,0,146,146
250880,2010,0,216,216
250880,2011,0,138,138
250880,2012,0,74,74
250880,2013,0,0,0
250880,2014,0,148,148
250880,2015,0,238,238
250880,2016,0,200,200
250880,2017,0,130,130
250880,2018,0,225,225
250880,2019,0,246,246
250880,2020,0,238,238
250880,2021,0,201,201
250890,1988,0,16249,16249
250890,1989,0,17644,17644
250890,1990,0,17644,17644
250890,1991,0,17644,17644
250890,1992,0,17624,17624
250890,1993,0,12024,12024
250890,1994,0,11310,11310
250890,1995,0,14990,14990
250890,1996,0,11859,11859
250890,1997,0,13187,13187
250890,1998,0,13081,13081
250890,1999,0,11982,11982
250890,2000,0,12078,12078
250890,2001,0,12656,12656
250890,2002,0,13325,13325
250890,2003,0,13088,13088
250890,2004,0,13110,13110
250890,2005,0,12168,12168
250890,2006,0,16061,16061
250890,2007,0,16300,16300
250890,2008,0,15333,15333
250890,2009,0,15142,15142
250890,2010,0,14202,14202
250890,2011,0,14840,14840
250890,2012,0,14793,14793
250890,2013,0,15094,15094
250890,2014,0,15200,15200
250890,2015,0,14454,14454
250890,2016,0,14864,14864
250890,2017,0,13917,13917
250890,2018,0,14854,14854
250890,2019,0,13407,13407
250890,2020,0,13766,13766
250890,2021,0,15269,15269
250900,1988,0,28700,28700
250900,1989,0,26579,26579
250900,1990,0,24876,24876
250900,1991,0,20841,20841
250900,1992,0,21781,21781
250900,1993,0,122,122
250900,1994,0,18437,18437
250900,1995,0,18932,18932
250900,1996,0,8624,8624
250900,1997,0,8795,8795
250900,1998,0,8244,8244
250900,1999,0,7857,7857
250900,2000,0,7760,7760
250900,2001,0,2309,2309
250900,2002,0,4192,4192
250900,2003,0,4519,4519
250900,2004,0,5239,5239
250900,2005,0,3117,3117
250900,2006,0,5294,5294
250900,2007,0,5268,5268
250900,2008,0,4603,4603
250900,2009,0,5235,5235
250900,2010,0,5280,5280
250900,2011,0,4075,4075
250900,2012,0,1669,1669
250900,2013,0,30,30
250900,2014,0,2325,2325
250900,2015,0,1735,1735
250900,2016,0,1952,1952
250900,2017,0,2347,2347
250900,2018,0,1612,1612
250900,2019,0,2508,2508
250900,2020,0,2513,2513
250900,2021,0,2612,2612
250910,1988,0,5345,5345
250910,1989,0,5366,5366
250910,1990,0,6399,6399
250910,1991,0,5904,5904
250910,1992,0,5904,5904
250910,1993,0,4504,4504
250910,1994,0,6845,6845
250910,1995,0,5381,5381
250910,1996,0,3368,3368
250910,1997,0,3636,3636
250910,1998,0,3534,3534
250910,1999,0,3409,3409
250910,2000,0,4349,4349
250910,2001,0,1022,1022
250910,2002,0,1050,1050
250910,2003,0,1792,1792
250910,2004,0,2767,2767
250910,2005,0,3636,3636
250910,2006,0,4008,4008
250910,2007,0,4843,4843
250910,2008,0,4841,4841
250910,2009,0,4780,4780
250910,2010,0,4847,4847
250910,2011,0,4055,4055
250910,2012,0,4040,4040
250910,2013,0,4032,4032
250910,2014,0,3715,3715
250910,2015,0,3998,3998
250910,2016,0,3839,3839
250910,2017,0,4124,4124
250910,2018,0,3727,3727
250910,2019,0,4332,4332
250910,2020,0,3610,3610
250910,2021,0,3846,3846
250920,1988,0,6736,6736
250920,1989,0,6551,6551
250920,1990,0,8082,8082
250920,1991,0,8082,8082
250920,1992,0,7507,7507
250920,1993,0,6088,6088
250920,1994,0,9697,9697
250920,1995,0,7497,7497
250920,1996,0,4541,4541
250920,1997,0,2982,2982
250920,1998,0,3943,3943
250920,1999,0,5935,5935
250920,2000,0,9152,9152
250920,2001,0,11247,11247
250920,2002,0,5197,5197
250920,2003,0,5812,5812
250920,2004,0,5246,5246
250920,2005,0,6137,6137
250920,2006,0,6125,6125
250920,2007,0,5126,5126
250920,2008,0,6171,6171
250920,2009,0,6121,6121
250920,2010,0,5436,5436
250920,2011,0,5904,5904
250920,2012,0,4871,4871
250920,2013,0,4879,4879
250920,2014,0,4401,4401
250920,2015,0,3024,3024
250920,2016,0,2394,2394
250920,2017,0,1754,1754
250920,2018,0,2903,2903
250920,2019,0,2381,2381
250920,2020,0,2513,2513
250920,2021,0,2307,2307
250930,1988,0,8844,8844
250930,1989,0,8844,8844
250930,1990,0,8844,8844
250930,1991,0,8919,8919
250930,1992,0,9035,9035
250930,1993,0,5738,5738
250930,1994,0,7186,7186
250930,1995,0,7474,7474
250930,1996,0,2080,2080
250930,1997,0,2077,2077
250930,1998,0,2119,2119
250930,1999,0,1683,1683
250930,2000,0,1705,1705
250930,2001,0,1775,1775
250930,2002,0,3126,3126
250930,2003,0,2429,2429
250930,2004,0,3285,3285
250930,2005,0,2693,2693
250930,2006,0,3297,3297
250930,2007,0,3299,3299
250930,2008,0,3286,3286
250930,2009,0,3284,3284
250930,2010,0,3269,3269
250930,2011,0,3261,3261
250930,2012,0,3244,3244
250930,2013,0,3252,3252
250930,2014,0,3347,3347
250930,2015,0,3310,3310
250930,2016,0,3332,3332
250930,2017,0,3293,3293
250930,2018,0,4246,4246
250930,2019,0,4259,4259
250930,2020,0,4138,4138
250930,2021,0,4144,4144
250940,1988,0,15915,15915
250940,1989,0,16278,16278
250940,1990,0,16468,16468
250940,1991,0,16771,16771
250940,1992,0,16371,16371
250940,1993,0,3931,3931
250940,1994,0,10803,10803
250940,1995,0,9700,9700
250940,1996,0,6189,6189
250940,1997,0,11003,11003
250940,1998,0,1275,1275
250940,1999,0,3966,3966
250940,2000,0,9628,9628
250940,2001,0,2078,2078
250940,2002,0,3583,3583
250940,2003,0,4282,4282
250940,2004,0,4800,4800
250940,2005,0,5350,5350
250940,2006,0,4300,4300
250940,2007,0,4710,4710
250940,2008,0,5767,5767
250940,2009,0,5085,5085
250940,2010,0,2970,2970
250940,2011,0,4415,4415
250940,2012,0,1391,1391
250940,2013,0,3413,3413
250940,2014,0,3632,3632
250940,2015,0,3414,3414
250940,2016,0,2280,2280
250940,2017,0,2779,2779
250940,2018,0,3015,3015
250940,2019,0,3229,3229
250940,2020,0,3100,3100
250940,2021,0,2311,2311
250950,1988,0,1911,1911
250950,1989,0,2065,2065
250950,1990,0,2365,2365
250950,1991,0,2229,2229
250950,1992,0,2077,2077
250950,1993,0,2078,2078
250950,1994,0,2669,2669
250950,1995,0,2114,2114
250950,1996,0,1532,1532
250950,1997,0,2257,2257
250950,1998,0,2527,2527
250950,1999,0,2442,2442
250950,2000,0,3907,3907
250950,2001,0,1989,1989
250950,2002,0,2504,2504
250950,2003,0,2072,2072
250950,2004,0,2882,2882
250950,2005,0,2570,2570
250950,2006,0,2660,2660
250950,2007,0,2435,2435
250950,2008,0,2375,2375
250950,2009,0,2325,2325
250950,2010,0,1079,1079
250950,2011,0,3055,3055
250950,2012,0,1570,1570
250950,2013,0,1116,1116
250950,2014,0,1285,1285
250950,2015,0,1060,1060
250950,2016,0,1243,1243
250950,2017,0,1457,1457
250950,2018,0,1456,1456
250950,2019,0,1220,1220
250950,2020,0,1253,1253
250950,2021,0,1212,1212
250960,1988,0,792,792
250960,1989,0,840,840
250960,1990,0,1093,1093
250960,1991,0,1108,1108
250960,1992,0,1594,1594
250960,1993,0,271,271
250960,1994,0,1613,1613
250960,1995,0,1842,1842
250960,1996,0,1638,1638
250960,1997,0,1836,1836
250960,1998,0,1720,1720
250960,1999,0,1912,1912
250960,2000,0,2074,2074
250960,2001,0,2160,2160
250960,2002,0,2051,2051
250960,2003,0,1786,1786
250960,2004,0,1768,1768
250960,2005,0,1021,1021
250960,2006,0,1027,1027
250960,2007,0,493,493
250960,2008,0,1737,1737
250960,2009,0,1215,1215
250960,2010,0,689,689
250960,2011,0,1020,1020
250960,2012,0,502,502
250960,2013,0,387,387
250960,2014,0,848,848
250960,2015,0,498,498
250960,2016,0,441,441
250960,2017,0,483,483
250960,2018,0,597,597
250960,2019,0,536,536
250960,2020,0,596,596
250960,2021,0,654,654
250970,1988,0,18980,18980
250970,1989,0,18595,18595
250970,1990,0,18549,18549
250970,1991,0,8797,8797
250970,1992,0,7075,7075
250970,1993,0,339,339
250970,1994,0,7681,7681
250970,1995,0,5280,5280
250970,1996,0,8781,8781
250970,1997,0,8194,8194
250970,1998,0,175,175
250970,1999,0,3928,3928
250970,2000,0,4181,4181
250970,2001,0,1967,1967
250970,2002,0,2340,2340
250970,2003,0,4302,4302
250970,2004,0,4214,4214
250970,2005,0,4627,4627
250970,2006,0,4551,4551
250970,2007,0,2103,2103
250970,2008,0,4561,4561
250970,2009,0,4551,4551
250970,2010,0,3051,3051
250970,2011,0,4308,4308
250970,2012,0,1047,1047
250970,2013,0,137,137
250970,2014,0,1323,1323
250970,2015,0,203,203
250970,2016,0,1371,1371
250970,2017,0,3151,3151
250970,2018,0,3221,3221
250970,2019,0,5183,5183
250970,2020,0,4156,4156
250970,2021,0,5179,5179
250980,1988,0,4439,4439
250980,1989,0,4041,4041
250980,1990,0,4041,4041
250980,1991,0,1782,1782
250980,1992,0,1802,1802
250980,1993,0,1782,1782
250980,1994,0,1761,1761
250980,1995,0,1711,1711
250980,1996,0,1522,1522
250980,1997,0,1576,1576
250980,1998,0,872,872
250980,1999,0,1287,1287
250980,2000,0,2315,2315
250980,2001,0,1433,1433
250980,2002,0,1176,1176
250980,2003,0,1307,1307
250980,2004,0,1437,1437
250980,2005,0,787,787
250980,2006,0,677,677
250980,2007,0,943,943
250980,2008,0,1067,1067
250980,2009,0,1047,1047
250980,2010,0,581,581
250980,2011,0,2688,2688
250980,2012,0,1286,1286
250980,2013,0,2164,2164
250980,2014,0,1834,1834
250980,2015,0,924,924
250980,2016,0,1598,1598
250980,2017,0,1163,1163
250980,2018,0,777,777
250980,2019,0,1227,1227
250980,2020,0,1499,1499
250980,2021,0,1972,1972
250990,1988,0,4267,4267
250990,1989,0,4079,4079
250990,1990,0,4079,4079
250990,1991,0,4144,4144
250990,1992,0,4103,4103
250990,1993,0,2908,2908
250990,1994,0,2663,2663
250990,1995,0,2659,2659
250990,1996,0,2616,2616
250990,1997,0,2816,2816
250990,1998,0,1716,1716
250990,1999,0,1774,1774
250990,2000,0,2421,2421
250990,2001,0,1715,1715
250990,2002,0,1747,1747
250990,2003,0,1486,1486
250990,2004,0,1736,1736
250990,2005,0,1453,1453
250990,2006,0,1768,1768
250990,2007,0,1768,1768
250990,2008,0,2467,2467
250990,2009,0,2469,2469
250990,2010,0,1540,1540
250990,2011,0,2428,2428
250990,2012,0,1308,1308
250990,2013,0,1126,1126
250990,2014,0,1222,1222
250990,2015,0,1369,1369
250990,2016,0,1208,1208
250990,2017,0,1271,1271
250990,2018,0,1121,1121
250990,2019,0,1408,1408
250990,2020,0,1439,1439
250990,2021,0,1117,1117
251000,1988,0,3527,3527
251000,1989,0,2506,2506
251000,1990,0,2620,2620
251000,1991,0,2413,2413
251000,1992,0,2294,2294
251000,1993,0,170,170
251000,1994,0,885,885
251000,1995,0,799,799
251000,1996,0,1550,1550
251000,1997,0,1210,1210
251000,1998,0,1031,1031
251000,1999,0,1328,1328
251000,2000,0,1567,1567
251000,2001,0,1315,1315
251000,2002,0,1466,1466
251000,2003,0,1263,1263
251000,2004,0,1697,1697
251000,2005,0,820,820
251000,2006,0,991,991
251000,2007,0,541,541
251000,2008,0,1333,1333
251000,2009,0,1346,1346
251000,2010,0,896,896
251000,2011,0,1191,1191
251000,2012,0,930,930
251000,2013,0,593,593
251000,2014,0,1041,1041
251000,2015,0,775,775
251000,2016,0,772,772
251000,2017,0,847,847
251000,2018,0,784,784
251000,2019,0,588,588
251000,2020,0,609,609
251000,2021,0,621,621
251010,1988,0,5960,5960
251010,1989,0,5840,5840
251010,1990,0,5840,5840
251010,1991,0,4115,4115
251010,1992,0,4150,4150
251010,1993,0,3303,3303
251010,1994,0,2908,2908
251010,1995,0,2745,2745
251010,1996,0,2128,2128
251010,1997,0,2843,2843
251010,1998,0,2659,2659
251010,1999,0,1895,1895
251010,2000,0,3250,3250
251010,2001,0,1995,1995
251010,2002,0,1365,1365
251010,2003,0,1565,1565
251010,2004,0,1637,1637
251010,2005,0,1337,1337
251010,2006,0,1455,1455
251010,2007,0,1351,1351
251010,2008,0,1472,1472
251010,2009,0,1325,1325
251010,2010,0,580,580
251010,2011,0,790,790
251010,2012,0,505,505
251010,2013,0,470,470
251010,2014,0,295,295
251010,2015,0,671,671
251010,2016,0,424,424
251010,2017,0,490,490
251010,2018,0,647,647
251010,2019,0,805,805
251010,2020,0,681,681
251010,2021,0,451,451
251020,1988,0,3579,3579
251020,1989,0,4202,4202
251020,1990,0,4515,4515
251020,1991,0,4515,4515
251020,1992,0,4616,4616
251020,1993,0,559,559
251020,1994,0,2532,2532
251020,1995,0,2163,2163
251020,1996,0,2255,2255
251020,1997,0,2431,2431
251020,1998,0,1748,1748
251020,1999,0,1807,1807
251020,2000,0,2076,2076
251020,2001,0,1974,1974
251020,2002,0,1400,1400
251020,2003,0,1714,1714
251020,2004,0,1763,1763
251020,2005,0,1288,1288
251020,2006,0,1585,1585
251020,2007,0,1430,1430
251020,2008,0,1896,1896
251020,2009,0,1963,1963
251020,2010,0,746,746
251020,2011,0,1142,1142
251020,2012,0,652,652
251020,2013,0,222,222
251020,2014,0,429,429
251020,2015,0,401,401
251020,2016,0,312,312
251020,2017,0,426,426
251020,2018,0,328,328
251020,2019,0,618,618
251020,2020,0,647,647
251020,2021,0,479,479
251030,1988,0,5980,5980
251030,1989,0,6230,6230
251030,1990,0,4130,4130
251030,1991,0,865,865
251030,1992,0,994,994
251030,1993,0,24,24
251030,1994,0,2385,2385
251030,1995,0,2029,2029
251030,1996,0,2241,2241
251030,1997,0,2212,2212
251030,1998,0,168,168
251030,1999,0,168,168
251030,2000,0,1271,1271
251030,2001,0,2489,2489
251030,2002,0,2071,2071
251030,2003,0,3038,3038
251030,2004,0,2141,2141
251030,2005,0,1121,1121
251030,2006,0,1431,1431
251030,2007,0,831,831
251030,2008,0,1431,1431
251030,2009,0,1431,1431
251030,2010,0,318,318
251030,2011,0,1428,1428
251030,2012,0,113,113
251030,2013,0,303,303
251030,2014,0,840,840
251030,2015,0,125,125
251030,2016,0,35,35
251030,2017,0,1212,1212
251030,2018,0,1017,1017
251030,2019,0,829,829
251030,2020,0,708,708
251030,2021,0,654,654
251040,1988,0,5740,5740
251040,1989,0,6100,6100
251040,1990,0,6493,6493
251040,1991,0,3515,3515
251040,1992,0,3573,3573
251040,1993,0,67,67
251040,1994,0,1349,1349
251040,1995,0,2475,2475
251040,1996,0,4186,4186
251040,1997,0,4029,4029
251040,1998,0,1805,1805
251040,1999,0,1262,1262
251040,2000,0,1362,1362
251040,2001,0,1322,1322
251040,2002,0,1838,1838
251040,2003,0,2171,2171
251040,2004,0,2274,2274
251040,2005,0,2274,2274
251040,2006,0,2439,2439
251040,2007,0,3003,3003
251040,2008,0,2473,2473
251040,2009,0,2024,2024
251040,2010,0,2029,2029
251040,2011,0,1847,1847
251040,2012,0,951,951
251040,2013,0,152,152
251040,2014,0,1046,1046
251040,2015,0,873,873
251040,2016,0,684,684
251040,2017,0,678,678
251040,2018,0,820,820
251040,2019,0,1335,1335
251040,2020,0,1167,1167
251040,2021,0,657,657
251050,1988,0,10220,10220
251050,1989,0,10216,10216
251050,1990,0,7812,7812
251050,1991,0,7687,7687
251050,1992,0,7957,7957
251050,1993,0,2,2
251050,1994,0,5515,5515
251050,1995,0,5341,5341
251050,1996,0,2959,2959
251050,1997,0,3106,3106
251050,1998,0,2723,2723
251050,1999,0,2723,2723
251050,2000,0,2602,2602
251050,2001,0,3083,3083
251050,2002,0,3464,3464
251050,2003,0,2373,2373
251050,2004,0,3542,3542
251050,2005,0,2302,2302
251050,2006,0,4052,4052
251050,2007,0,2452,2452
251050,2008,0,2652,2652
251050,2009,0,2452,2452
251050,2010,0,775,775
251050,2011,0,2507,2507
251050,2012,0,640,640
251050,2013,0,200,200
251050,2014,0,1280,1280
251050,2015,0,80,80
251050,2016,0,880,880
251050,2017,0,150,150
251050,2018,0,1590,1590
251050,2019,0,530,530
251050,2020,0,985,985
251050,2021,0,910,910
251060,1988,0,3985,3985
251060,1989,0,3727,3727
251060,1990,0,3657,3657
251060,1991,0,1856,1856
251060,1992,0,1766,1766
251060,1993,0,142,142
251060,1994,0,2480,2480
251060,1995,0,2372,2372
251060,1996,0,1130,1130
251060,1997,0,1234,1234
251060,1998,0,920,920
251060,1999,0,1528,1528
251060,2000,0,1440,1440
251060,2001,0,1073,1073
251060,2002,0,1463,1463
251060,2003,0,1540,1540
251060,2004,0,2450,2450
251060,2005,0,2460,2460
251060,2006,0,2453,2453
251060,2007,0,1000,1000
251060,2008,0,2442,2442
251060,2009,0,2468,2468
251060,2010,0,955,955
251060,2011,0,2257,2257
251060,2012,0,337,337
251060,2013,0,39,39
251060,2014,0,378,378
251060,2015,0,97,97
251060,2016,0,385,385
251060,2017,0,455,455
251060,2018,0,476,476
251060,2019,0,478,478
251060,2020,0,488,488
251060,2021,0,489,489
251070,1988,0,3033,3033
251070,1989,0,2832,2832
251070,1990,0,2834,2834
251070,1991,0,1650,1650
251070,1992,0,1889,1889
251070,1993,0,7,7
251070,1994,0,1010,1010
251070,1995,0,813,813
251070,1996,0,965,965
251070,1997,0,1004,1004
251070,1998,0,319,319
251070,1999,0,670,670
251070,2000,0,712,712
251070,2001,0,541,541
251070,2002,0,663,663
251070,2003,0,764,764
251070,2004,0,1035,1035
251070,2005,0,1077,1077
251070,2006,0,978,978
251070,2007,0,958,958
251070,2008,0,757,757
251070,2009,0,857,857
251070,2010,0,862,862
251070,2011,0,970,970
251070,2012,0,320,320
251070,2013,0,8,8
251070,2014,0,734,734
251070,2015,0,546,546
251070,2016,0,836,836
251070,2017,0,386,386
251070,2018,0,687,687
251070,2019,0,704,704
251070,2020,0,454,454
251070,2021,0,534,534
251080,1988,0,8354,8354
251080,1989,0,5609,5609
251080,1990,0,5526,5526
251080,1991,0,2895,2895
251080,1992,0,3320,3320
251080,1993,0,983,983
251080,1994,0,2188,2188
251080,1995,0,1465,1465
251080,1996,0,2387,2387
251080,1997,0,2094,2094
251080,1998,0,800,800
251080,1999,0,71,71
251080,2000,0,1053,1053
251080,2001,0,840,840
251080,2002,0,1710,1710
251080,2003,0,1808,1808
251080,2004,0,1643,1643
251080,2005,0,552,552
251080,2006,0,1311,1311
251080,2007,0,1209,1209
251080,2008,0,576,576
251080,2009,0,1219,1219
251080,2010,0,1223,1223
251080,2011,0,511,511
251080,2012,0,490,490
251080,2013,0,17,17
251080,2014,0,740,740
251080,2015,0,567,567
251080,2016,0,684,684
251080,2017,0,957,957
251080,2018,0,503,503
251080,2019,0,871,871
251080,2020,0,432,432
251080,2021,0,447,447
251090,1988,0,3272,3272
251090,1989,0,4259,4259
251090,1990,0,4264,4264
251090,1991,0,2937,2937
251090,1992,0,3303,3303
251090,1993,0,606,606
251090,1994,0,1902,1902
251090,1995,0,1236,1236
251090,1996,0,1958,1958
251090,1997,0,1343,1343
251090,1998,0,693,693
251090,1999,0,654,654
251090,2000,0,878,878
251090,2001,0,708,708
251090,2002,0,815,815
251090,2003,0,1045,1045
251090,2004,0,1321,1321
251090,2005,0,693,693
251090,2006,0,967,967
251090,2007,0,1257,1257
251090,2008,0,889,889
251090,2009,0,1176,1176
251090,2010,0,1064,1064
251090,2011,0,612,612
251090,2012,0,182,182
251090,2013,0,53,53
251090,2014,0,577,577
251090,2015,0,344,344
251090,2016,0,246,246
251090,2017,0,544,544
251090,2018,0,614,614
251090,2019,0,292,292
251090,2020,0,293,293
251090,2021,0,392,392
251100,1988,0,2965,2965
251100,1989,0,4251,4251
251100,1990,0,4532,4532
251100,1991,0,4532,4532
251100,1992,0,3288,3288
251100,1993,0,337,337
251100,1994,0,2148,2148
251100,1995,0,1868,1868
251100,1996,0,1550,1550
251100,1997,0,2180,2180
251100,1998,0,1833,1833
251100,1999,0,1832,1832
251100,2000,0,2041,2041
251100,2001,0,1960,1960
251100,2002,0,1536,1536
251100,2003,0,1848,1848
251100,2004,0,1786,1786
251100,2005,0,1322,1322
251100,2006,0,1860,1860
251100,2007,0,1550,1550
251100,2008,0,1430,1430
251100,2009,0,1460,1460
251100,2010,0,587,587
251100,2011,0,1069,1069
251100,2012,0,662,662
251100,2013,0,160,160
251100,2014,0,782,782
251100,2015,0,649,649
251100,2016,0,639,639
251100,2017,0,735,735
251100,2018,0,752,752
251100,2019,0,702,702
251100,2020,0,643,643
251100,2021,0,411,411
251110,1988,0,11624,11624
251110,1989,0,10636,10636
251110,1990,0,8236,8236
251110,1991,0,6412,6412
251110,1992,0,6411,6411
251110,1993,0,256,256
251110,1994,0,4325,4325
251110,1995,0,5206,5206
251110,1996,0,4362,4362
251110,1997,0,4197,4197
251110,1998,0,2328,2328
251110,1999,0,2223,2223
251110,2000,0,3410,3410
251110,2001,0,3820,3820
251110,2002,0,5575,5575
251110,2003,0,3425,3425
251110,2004,0,2825,2825
251110,2005,0,3425,3425
251110,2006,0,3830,3830
251110,2007,0,3280,3280
251110,2008,0,3330,3330
251110,2009,0,3270,3270
251110,2010,0,505,505
251110,2011,0,3270,3270
251110,2012,0,90,90
251110,2013,0,820,820
251110,2014,0,1800,1800
251110,2015,0,3040,3040
251110,2016,0,780,780
251110,2017,0,1427,1427
251110,2018,0,3087,3087
251110,2019,0,2572,2572
251110,2020,0,3080,3080
251110,2021,0,1357,1357
251120,1988,0,33703,33703
251120,1989,0,32596,32596
251120,1990,0,32852,32852
251120,1991,0,32524,32524
251120,1992,0,32280,32280
251120,1993,0,20280,20280
251120,1994,0,24409,24409
251120,1995,0,28439,28439
251120,1996,0,27345,27345
251120,1997,0,28955,28955
251120,1998,0,27465,27465
251120,1999,0,28537,28537
251120,2000,0,28689,28689
251120,2001,0,26542,26542
251120,2002,0,25144,25144
251120,2003,0,32152,32152
251120,2004,0,31476,31476
251120,2005,0,32802,32802
251120,2006,0,31803,31803
251120,2007,0,31876,31876
251120,2008,0,32613,32613
251120,2009,0,32583,32583
251120,2010,0,31623,31623
251120,2011,0,27164,27164
251120,2012,0,21944,21944
251120,2013,0,20544,20544
251120,2014,0,21878,21878
251120,2015,0,19837,19837
251120,2016,0,22911,22911
251120,2017,0,22078,22078
251120,2018,0,22797,22797
251120,2019,0,18261,18261
251120,2020,0,22827,22827
251120,2021,0,22450,22450
251130,1988,0,3085,3085
251130,1989,0,4066,4066
251130,1990,0,4372,4372
251130,1991,0,2565,2565
251130,1992,0,3196,3196
251130,1993,0,66,66
251130,1994,0,4308,4308
251130,1995,0,1616,1616
251130,1996,0,4111,4111
251130,1997,0,3507,3507
251130,1998,0,3735,3735
251130,1999,0,3206,3206
251130,2000,0,4076,4076
251130,2001,0,4360,4360
251130,2002,0,4506,4506
251130,2003,0,5390,5390
251130,2004,0,5913,5913
251130,2005,0,3871,3871
251130,2006,0,5594,5594
251130,2007,0,4869,4869
251130,2008,0,4801,4801
251130,2009,0,5221,5221
251130,2010,0,1035,1035
251130,2011,0,1559,1559
251130,2012,0,911,911
251130,2013,0,190,190
251130,2014,0,1437,1437
251130,2015,0,1074,1074
251130,2016,0,379,379
251130,2017,0,1040,1040
251130,2018,0,1234,1234
251130,2019,0,1257,1257
251130,2020,0,1403,1403
251130,2021,0,856,856
251140,1988,0,26269,26269
251140,1989,0,26878,26878
251140,1990,0,25878,25878
251140,1991,0,18219,18219
251140,1992,0,18070,18070
251140,1993,0,9614,9614
251140,1994,0,17458,17458
251140,1995,0,14825,14825
251140,1996,0,9916,9916
251140,1997,0,6783,6783
251140,1998,0,8383,8383
251140,1999,0,7009,7009
251140,2000,0,11979,11979
251140,2001,0,8189,8189
251140,2002,0,10397,10397
251140,2003,0,10069,10069
251140,2004,0,10670,10670
251140,2005,0,10557,10557
251140,2006,0,10392,10392
251140,2007,0,10269,10269
251140,2008,0,9889,9889
251140,2009,0,9357,9357
251140,2010,0,5019,5019
251140,2011,0,7312,7312
251140,2012,0,2840,2840
251140,2013,0,2152,2152
251140,2014,0,1161,1161
251140,2015,0,2965,2965
251140,2016,0,2553,2553
251140,2017,0,3432,3432
251140,2018,0,3407,3407
251140,2019,0,3696,3696
251140,2020,0,3779,3779
251140,2021,0,3218,3218
251150,1988,0,15950,15950
251150,1989,0,16391,16391
251150,1990,0,16803,16803
251150,1991,0,16289,16289
251150,1992,0,19025,19025
251150,1993,0,9912,9912
251150,1994,0,15505,15505
251150,1995,0,12325,12325
251150,1996,0,13409,13409
251150,1997,0,15853,15853
251150,1998,0,3219,3219
251150,1999,0,7671,7671
251150,2000,0,9921,9921
251150,2001,0,4797,4797
251150,2002,0,3668,3668
251150,2003,0,4879,4879
251150,2004,0,5471,5471
251150,2005,0,5301,5301
251150,2006,0,5127,5127
251150,2007,0,6182,6182
251150,2008,0,7006,7006
251150,2009,0,7145,7145
251150,2010,0,2725,2725
251150,2011,0,5091,5091
251150,2012,0,2280,2280
251150,2013,0,4423,4423
251150,2014,0,3772,3772
251150,2015,0,4538,4538
251150,2016,0,3902,3902
251150,2017,0,4174,4174
251150,2018,0,4715,4715
251150,2019,0,4892,4892
251150,2020,0,4588,4588
251150,2021,0,3606,3606
251160,1988,0,6812,6812
251160,1989,0,6907,6907
251160,1990,0,6987,6987
251160,1991,0,5775,5775
251160,1992,0,5872,5872
251160,1993,0,3103,3103
251160,1994,0,4065,4065
251160,1995,0,4825,4825
251160,1996,0,1860,1860
251160,1997,0,2889,2889
251160,1998,0,2941,2941
251160,1999,0,3649,3649
251160,2000,0,4161,4161
251160,2001,0,2739,2739
251160,2002,0,2582,2582
251160,2003,0,2208,2208
251160,2004,0,2514,2514
251160,2005,0,2889,2889
251160,2006,0,2674,2674
251160,2007,0,2589,2589
251160,2008,0,2350,2350
251160,2009,0,2312,2312
251160,2010,0,2212,2212
251160,2011,0,2996,2996
251160,2012,0,2087,2087
251160,2013,0,1868,1868
251160,2014,0,1917,1917
251160,2015,0,1554,1554
251160,2016,0,1744,1744
251160,2017,0,2102,2102
251160,2018,0,2355,2355
251160,2019,0,2474,2474
251160,2020,0,2530,2530
251160,2021,0,2681,2681
251170,1988,0,3009,3009
251170,1989,0,2620,2620
251170,1990,0,2620,2620
251170,1991,0,2600,2600
251170,1992,0,2740,2740
251170,1993,0,1680,1680
251170,1994,0,3200,3200
251170,1995,0,3010,3010
251170,1996,0,1457,1457
251170,1997,0,2729,2729
251170,1998,0,1497,1497
251170,1999,0,1428,1428
251170,2000,0,1454,1454
251170,2001,0,1644,1644
251170,2002,0,1456,1456
251170,2003,0,1533,1533
251170,2004,0,1493,1493
251170,2005,0,1403,1403
251170,2006,0,1451,1451
251170,2007,0,1441,1441
251170,2008,0,1451,1451
251170,2009,0,1501,1501
251170,2010,0,1258,1258
251170,2011,0,1138,1138
251170,2012,0,993,993
251170,2013,0,1110,1110
251170,2014,0,1057,1057
251170,2015,0,1052,1052
251170,2016,0,1087,1087
251170,2017,0,1097,1097
251170,2018,0,977,977
251170,2019,0,1068,1068
251170,2020,0,987,987
251170,2021,0,1072,1072
251180,1988,0,5168,5168
251180,1989,0,5477,5477
251180,1990,0,5477,5477
251180,1991,0,4292,4292
251180,1992,0,4695,4695
251180,1993,0,2553,2553
251180,1994,0,3130,3130
251180,1995,0,2662,2662
251180,1996,0,991,991
251180,1997,0,2348,2348
251180,1998,0,1069,1069
251180,1999,0,624,624
251180,2000,0,751,751
251180,2001,0,623,623
251180,2002,0,733,733
251180,2003,0,753,753
251180,2004,0,850,850
251180,2005,0,750,750
251180,2006,0,843,843
251180,2007,0,794,794
251180,2008,0,809,809
251180,2009,0,789,789
251180,2010,0,640,640
251180,2011,0,896,896
251180,2012,0,891,891
251180,2013,0,910,910
251180,2014,0,902,902
251180,2015,0,886,886
251180,2016,0,757,757
251180,2017,0,754,754
251180,2018,0,731,731
251180,2019,0,595,595
251180,2020,0,635,635
251180,2021,0,625,625
251190,1988,0,4679,4679
251190,1989,0,4551,4551
251190,1990,0,4559,4559
251190,1991,0,4551,4551
251190,1992,0,4554,4554
251190,1993,0,3754,3754
251190,1994,0,2575,2575
251190,1995,0,28953,28953
251190,1996,0,1237,1237
251190,1997,0,1174,1174
251190,1998,0,3603,3603
251190,1999,0,6284,6284
251190,2000,0,5239,5239
251190,2001,0,5383,5383
251190,2002,0,6223,6223
251190,2003,0,6187,6187
251190,2004,0,6375,6375
251190,2005,0,5554,5554
251190,2006,0,5510,5510
251190,2007,0,5520,5520
251190,2008,0,5509,5509
251190,2009,0,5316,5316
251190,2010,0,5322,5322
251190,2011,0,4780,4780
251190,2012,0,5211,5211
251190,2013,0,4956,4956
251190,2014,0,5045,5045
251190,2015,0,4922,4922
251190,2016,0,5002,5002
251190,2017,0,2548,2548
251190,2018,0,2528,2528
251190,2019,0,2289,2289
251190,2020,0,2240,2240
251190,2021,0,2329,2329
251200,1988,0,11873,11873
251200,1989,0,9843,9843
251200,1990,0,9843,9843
251200,1991,0,9518,9518
251200,1992,0,8953,8953
251200,1993,0,8205,8205
251200,1994,0,8327,8327
251200,1995,0,5924,5924
251200,1996,0,9258,9258
251200,1997,0,4514,4514
251200,1998,0,2174,2174
251200,1999,0,3261,3261
251200,2000,0,3541,3541
251200,2001,0,2253,2253
251200,2002,0,2246,2246
251200,2003,0,3420,3420
251200,2004,0,3331,3331
251200,2005,0,3167,3167
251200,2006,0,4201,4201
251200,2007,0,3221,3221
251200,2008,0,4171,4171
251200,2009,0,4071,4071
251200,2010,0,3151,3151
251200,2011,0,4710,4710
251200,2012,0,4369,4369
251200,2013,0,4395,4395
251200,2014,0,4271,4271
251200,2015,0,3054,3054
251200,2016,0,3210,3210
251200,2017,0,2630,2630
251200,2018,0,3625,3625
251200,2019,0,2712,2712
251200,2020,0,3224,3224
251200,2021,0,3501,3501
251210,1988,0,15665,15665
251210,1989,0,17892,17892
251210,1990,0,17974,17974
251210,1991,0,16916,16916
251210,1992,0,19822,19822
251210,1993,0,736,736
251210,1994,0,6057,6057
251210,1995,0,4275,4275
251210,1996,0,7418,7418
251210,1997,0,5336,5336
251210,1998,0,3280,3280
251210,1999,0,2906,2906
251210,2000,0,3709,3709
251210,2001,0,2095,2095
251210,2002,0,3488,3488
251210,2003,0,3898,3898
251210,2004,0,4188,4188
251210,2005,0,2889,2889
251210,2006,0,3051,3051
251210,2007,0,3872,3872
251210,2008,0,3864,3864
251210,2009,0,3155,3155
251210,2010,0,3475,3475
251210,2011,0,2348,2348
251210,2012,0,861,861
251210,2013,0,200,200
251210,2014,0,1192,1192
251210,2015,0,1099,1099
251210,2016,0,1380,1380
251210,2017,0,1341,1341
251210,2018,0,1305,1305
251210,2019,0,1186,1186
251210,2020,0,939,939
251210,2021,0,820,820
251220,1988,0,3683,3683
251220,1989,0,3583,3583
251220,1990,0,3553,3553
251220,1991,0,1749,1749
251220,1992,0,1550,1550
251220,1993,0,82,82
251220,1994,0,2090,2090
251220,1995,0,2112,2112
251220,1996,0,1156,1156
251220,1997,0,1284,1284
251220,1998,0,354,354
251220,1999,0,1224,1224
251220,2000,0,1723,1723
251220,2001,0,1124,1124
251220,2002,0,1332,1332
251220,2003,0,1626,1626
251220,2004,0,1829,1829
251220,2005,0,1855,1855
251220,2006,0,1848,1848
251220,2007,0,838,838
251220,2008,0,1843,1843
251220,2009,0,1853,1853
251220,2010,0,832,832
251220,2011,0,1455,1455
251220,2012,0,436,436
251220,2013,0,18,18
251220,2014,0,204,204
251220,2015,0,59,59
251220,2016,0,108,108
251220,2017,0,402,402
251220,2018,0,513,513
251220,2019,0,294,294
251220,2020,0,1086,1086
251220,2021,0,504,504
251230,1988,0,39980,39980
251230,1989,0,35454,35454
251230,1990,0,32509,32509
251230,1991,0,29330,29330
251230,1992,0,30345,30345
251230,1993,0,273,273
251230,1994,0,24106,24106
251230,1995,0,25089,25089
251230,1996,0,12772,12772
251230,1997,0,13135,13135
251230,1998,0,12408,12408
251230,1999,0,13828,13828
251230,2000,0,13945,13945
251230,2001,0,7594,7594
251230,2002,0,11363,11363
251230,2003,0,12529,12529
251230,2004,0,12937,12937
251230,2005,0,11677,11677
251230,2006,0,15620,15620
251230,2007,0,15583,15583
251230,2008,0,15700,15700
251230,2009,0,15538,15538
251230,2010,0,529,529
251230,2011,0,9154,9154
251230,2012,0,4645,4645
251230,2013,0,530,530
251230,2014,0,4370,4370
251230,2015,0,5600,5600
251230,2016,0,5138,5138
251230,2017,0,5125,5125
251230,2018,0,6297,6297
251230,2019,0,6647,6647
251230,2020,0,6545,6545
251230,2021,0,7029,7029
251240,1988,0,5464,5464
251240,1989,0,4481,4481
251240,1990,0,3664,3664
251240,1991,0,3665,3665
251240,1992,0,9007,9007
251240,1993,0,8027,8027
251240,1994,0,9469,9469
251240,1995,0,8496,8496
251240,1996,0,2851,2851
251240,1997,0,2706,2706
251240,1998,0,9214,9214
251240,1999,0,5964,5964
251240,2000,0,3964,3964
251240,2001,0,3132,3132
251240,2002,0,3130,3130
251240,2003,0,4350,4350
251240,2004,0,7059,7059
251240,2005,0,4724,4724
251240,2006,0,4824,4824
251240,2007,0,3949,3949
251240,2008,0,5690,5690
251240,2009,0,5655,5655
251240,2010,0,4836,4836
251240,2011,0,5221,5221
251240,2012,0,4052,4052
251240,2013,0,3238,3238
251240,2014,0,3249,3249
251240,2015,0,2049,2049
251240,2016,0,811,811
251240,2017,0,2380,2380
251240,2018,0,2224,2224
251240,2019,0,2667,2667
251240,2020,0,2614,2614
251240,2021,0,2087,2087
251250,1988,0,13950,13950
251250,1989,0,13980,13980
251250,1990,0,13980,13980
251250,1991,0,10650,10650
251250,1992,0,9035,9035
251250,1993,0,683,683
251250,1994,0,17022,17022
251250,1995,0,12213,12213
251250,1996,0,13143,13143
251250,1997,0,9326,9326
251250,1998,0,6102,6102
251250,1999,0,2814,2814
251250,2000,0,10222,10222
251250,2001,0,6154,6154
251250,2002,0,10359,10359
251250,2003,0,9967,9967
251250,2004,0,11671,11671
251250,2005,0,11891,11891
251250,2006,0,9883,9883
251250,2007,0,5484,5484
251250,2008,0,5541,5541
251250,2009,0,5538,5538
251250,2010,0,3776,3776
251250,2011,0,4724,4724
251250,2012,0,5004,5004
251250,2013,0,1782,1782
251250,2014,0,4467,4467
251250,2015,0,1734,1734
251250,2016,0,3672,3672
251250,2017,0,3337,3337
251250,2018,0,2612,2612
251250,2019,0,2614,2614
251250,2020,0,2528,2528
251250,2021,0,2365,2365
251260,1988,0,3457,3457
251260,1989,0,1771,1771
251260,1990,0,2671,2671
251260,1991,0,1368,1368
251260,1992,0,1551,1551
251260,1993,0,485,485
251260,1994,0,1034,1034
251260,1995,0,1100,1100
251260,1996,0,726,726
251260,1997,0,973,973
251260,1998,0,49,49
251260,1999,0,22,22
251260,2000,0,364,364
251260,2001,0,118,118
251260,2002,0,376,376
251260,2003,0,425,425
251260,2004,0,600,600
251260,2005,0,160,160
251260,2006,0,475,475
251260,2007,0,535,535
251260,2008,0,540,540
251260,2009,0,540,540
251260,2010,0,5,5
251260,2011,0,542,542
251260,2012,0,200,200
251260,2013,0,0,0
251260,2014,0,404,404
251260,2015,0,128,128
251260,2016,0,259,259
251260,2017,0,190,190
251260,2018,0,412,412
251260,2019,0,214,214
251260,2020,0,190,190
251260,2021,0,222,222
251270,1988,0,8802,8802
251270,1989,0,11408,11408
251270,1990,0,11468,11468
251270,1991,0,8578,8578
251270,1992,0,8481,8481
251270,1993,0,2497,2497
251270,1994,0,6393,6393
251270,1995,0,7348,7348
251270,1996,0,4447,4447
251270,1997,0,4921,4921
251270,1998,0,6588,6588
251270,1999,0,3336,3336
251270,2000,0,6387,6387
251270,2001,0,5025,5025
251270,2002,0,5152,5152
251270,2003,0,5125,5125
251270,2004,0,6205,6205
251270,2005,0,5892,5892
251270,2006,0,5758,5758
251270,2007,0,6832,6832
251270,2008,0,5443,5443
251270,2009,0,6464,6464
251270,2010,0,2820,2820
251270,2011,0,5489,5489
251270,2012,0,3393,3393
251270,2013,0,3460,3460
251270,2014,0,1586,1586
251270,2015,0,1874,1874
251270,2016,0,1052,1052
251270,2017,0,1506,1506
251270,2018,0,1723,1723
251270,2019,0,1500,1500
251270,2020,0,1957,1957
251270,2021,0,1251,1251
251280,1988,0,814,814
251280,1989,0,786,786
251280,1990,0,1037,1037
251280,1991,0,645,645
251280,1992,0,682,682
251280,1993,0,0,0
251280,1994,0,1425,1425
251280,1995,0,1237,1237
251280,1996,0,2812,2812
251280,1997,0,1168,1168
251280,1998,0,189,189
251280,1999,0,403,403
251280,2000,0,793,793
251280,2001,0,83,83
251280,2002,0,450,450
251280,2003,0,782,782
251280,2004,0,1162,1162
251280,2005,0,546,546
251280,2006,0,1605,1605
251280,2007,0,1835,1835
251280,2008,0,1085,1085
251280,2009,0,1145,1145
251280,2010,0,1485,1485
251280,2011,0,1091,1091
251280,2012,0,473,473
251280,2013,0,5,5
251280,2014,0,470,470
251280,2015,0,571,571
251280,2016,0,193,193
251280,2017,0,664,664
251280,2018,0,906,906
251280,2019,0,906,906
251280,2020,0,806,806
251280,2021,0,957,957
251290,1988,0,7032,7032
251290,1989,0,6072,6072
251290,1990,0,6593,6593
251290,1991,0,6564,6564
251290,1992,0,6496,6496
251290,1993,0,5096,5096
251290,1994,0,13648,13648
251290,1995,0,12456,12456
251290,1996,0,6947,6947
251290,1997,0,8165,8165
251290,1998,0,5936,5936
251290,1999,0,5913,5913
251290,2000,0,8781,8781
251290,2001,0,13665,13665
251290,2002,0,13374,13374
251290,2003,0,11942,11942
251290,2004,0,12130,12130
251290,2005,0,12498,12498
251290,2006,0,14693,14693
251290,2007,0,16192,16192
251290,2008,0,15913,15913
251290,2009,0,15896,15896
251290,2010,0,16040,16040
251290,2011,0,15953,15953
251290,2012,0,15868,15868
251290,2013,0,15444,15444
251290,2014,0,15344,15344
251290,2015,0,15230,15230
251290,2016,0,15595,15595
251290,2017,0,13113,13113
251290,2018,0,13502,13502
251290,2019,0,13525,13525
251290,2020,0,13369,13369
251290,2021,0,13386,13386
251300,1988,0,2911,2911
251300,1989,0,2112,2112
251300,1990,0,2264,2264
251300,1991,0,1505,1505
251300,1992,0,1762,1762
251300,1993,0,44,44
251300,1994,0,899,899
251300,1995,0,1929,1929
251300,1996,0,1633,1633
251300,1997,0,1770,1770
251300,1998,0,764,764
251300,1999,0,434,434
251300,2000,0,494,494
251300,2001,0,508,508
251300,2002,0,741,741
251300,2003,0,756,756
251300,2004,0,776,776
251300,2005,0,930,930
251300,2006,0,921,921
251300,2007,0,881,881
251300,2008,0,881,881
251300,2009,0,884,884
251300,2010,0,84,84
251300,2011,0,909,909
251300,2012,0,400,400
251300,2013,0,52,52
251300,2014,0,650,650
251300,2015,0,455,455
251300,2016,0,355,355
251300,2017,0,838,838
251300,2018,0,841,841
251300,2019,0,834,834
251300,2020,0,529,529
251300,2021,0,513,513
251310,1988,0,4085,4085
251310,1989,0,4898,4898
251310,1990,0,5160,5160
251310,1991,0,5415,5415
251310,1992,0,5803,5803
251310,1993,0,3252,3252
251310,1994,0,3667,3667
251310,1995,0,3120,3120
251310,1996,0,3014,3014
251310,1997,0,3886,3886
251310,1998,0,522,522
251310,1999,0,2064,2064
251310,2000,0,2407,2407
251310,2001,0,572,572
251310,2002,0,1575,1575
251310,2003,0,1685,1685
251310,2004,0,2193,2193
251310,2005,0,1475,1475
251310,2006,0,1674,1674
251310,2007,0,1793,1793
251310,2008,0,2909,2909
251310,2009,0,2951,2951
251310,2010,0,291,291
251310,2011,0,2151,2151
251310,2012,0,897,897
251310,2013,0,1468,1468
251310,2014,0,1010,1010
251310,2015,0,1143,1143
251310,2016,0,945,945
251310,2017,0,1060,1060
251310,2018,0,562,562
251310,2019,0,688,688
251310,2020,0,567,567
251310,2021,0,356,356
251320,1988,0,2599,2599
251320,1989,0,1471,1471
251320,1990,0,1676,1676
251320,1991,0,1861,1861
251320,1992,0,1740,1740
251320,1993,0,77,77
251320,1994,0,446,446
251320,1995,0,723,723
251320,1996,0,1793,1793
251320,1997,0,926,926
251320,1998,0,532,532
251320,1999,0,826,826
251320,2000,0,591,591
251320,2001,0,422,422
251320,2002,0,491,491
251320,2003,0,672,672
251320,2004,0,531,531
251320,2005,0,413,413
251320,2006,0,544,544
251320,2007,0,587,587
251320,2008,0,883,883
251320,2009,0,866,866
251320,2010,0,66,66
251320,2011,0,711,711
251320,2012,0,517,517
251320,2013,0,118,118
251320,2014,0,250,250
251320,2015,0,168,168
251320,2016,0,170,170
251320,2017,0,459,459
251320,2018,0,270,270
251320,2019,0,181,181
251320,2020,0,220,220
251320,2021,0,330,330
251330,1988,0,1976,1976
251330,1989,0,2176,2176
251330,1990,0,2146,2146
251330,1991,0,2128,2128
251330,1992,0,1994,1994
251330,1993,0,125,125
251330,1994,0,1669,1669
251330,1995,0,1419,1419
251330,1996,0,2154,2154
251330,1997,0,1980,1980
251330,1998,0,1051,1051
251330,1999,0,1356,1356
251330,2000,0,1356,1356
251330,2001,0,1378,1378
251330,2002,0,1664,1664
251330,2003,0,1504,1504
251330,2004,0,1365,1365
251330,2005,0,1344,1344
251330,2006,0,1391,1391
251330,2007,0,840,840
251330,2008,0,1314,1314
251330,2009,0,1388,1388
251330,2010,0,468,468
251330,2011,0,973,973
251330,2012,0,993,993
251330,2013,0,1245,1245
251330,2014,0,558,558
251330,2015,0,468,468
251330,2016,0,710,710
251330,2017,0,734,734
251330,2018,0,884,884
251330,2019,0,956,956
251330,2020,0,904,904
251330,2021,0,740,740
251340,1988,0,9126,9126
251340,1989,0,5234,5234
251340,1990,0,4636,4636
251340,1991,0,4517,4517
251340,1992,0,4657,4657
251340,1993,0,1081,1081
251340,1994,0,3581,3581
251340,1995,0,2906,2906
251340,1996,0,2531,2531
251340,1997,0,2086,2086
251340,1998,0,156,156
251340,1999,0,252,252
251340,2000,0,657,657
251340,2001,0,811,811
251340,2002,0,995,995
251340,2003,0,1171,1171
251340,2004,0,1383,1383
251340,2005,0,986,986
251340,2006,0,1726,1726
251340,2007,0,1273,1273
251340,2008,0,1428,1428
251340,2009,0,1385,1385
251340,2010,0,202,202
251340,2011,0,1306,1306
251340,2012,0,330,330
251340,2013,0,13,13
251340,2014,0,649,649
251340,2015,0,513,513
251340,2016,0,441,441
251340,2017,0,424,424
251340,2018,0,724,724
251340,2019,0,665,665
251340,2020,0,420,420
251340,2021,0,420,420
251350,1988,0,3287,3287
251350,1989,0,3618,3618
251350,1990,0,3869,3869
251350,1991,0,3869,3869
251350,1992,0,4274,4274
251350,1993,0,372,372
251350,1994,0,2543,2543
251350,1995,0,3863,3863
251350,1996,0,4310,4310
251350,1997,0,4364,4364
251350,1998,0,4104,4104
251350,1999,0,3629,3629
251350,2000,0,4570,4570
251350,2001,0,4266,4266
251350,2002,0,4961,4961
251350,2003,0,5504,5504
251350,2004,0,6354,6354
251350,2005,0,5593,5593
251350,2006,0,5825,5825
251350,2007,0,5238,5238
251350,2008,0,7093,7093
251350,2009,0,7198,7198
251350,2010,0,2061,2061
251350,2011,0,3376,3376
251350,2012,0,2047,2047
251350,2013,0,328,328
251350,2014,0,298,298
251350,2015,0,385,385
251350,2016,0,887,887
251350,2017,0,1632,1632
251350,2018,0,1088,1088
251350,2019,0,1253,1253
251350,2020,0,1461,1461
251350,2021,0,1428,1428
251360,1988,0,3304,3304
251360,1989,0,4225,4225
251360,1990,0,4541,4541
251360,1991,0,4541,4541
251360,1992,0,4480,4480
251360,1993,0,414,414
251360,1994,0,7179,7179
251360,1995,0,7316,7316
251360,1996,0,3580,3580
251360,1997,0,3985,3985
251360,1998,0,3516,3516
251360,1999,0,3863,3863
251360,2000,0,5429,5429
251360,2001,0,6058,6058
251360,2002,0,6870,6870
251360,2003,0,7889,7889
251360,2004,0,7907,7907
251360,2005,0,6029,6029
251360,2006,0,8015,8015
251360,2007,0,6865,6865
251360,2008,0,6215,6215
251360,2009,0,6345,6345
251360,2010,0,920,920
251360,2011,0,2517,2517
251360,2012,0,1211,1211
251360,2013,0,600,600
251360,2014,0,2128,2128
251360,2015,0,1703,1703
251360,2016,0,750,750
251360,2017,0,865,865
251360,2018,0,973,973
251360,2019,0,1036,1036
251360,2020,0,967,967
251360,2021,0,518,518
251370,1988,0,21383,21383
251370,1989,0,21407,21407
251370,1990,0,21407,21407
251370,1991,0,22404,22404
251370,1992,0,21864,21864
251370,1993,0,14144,14144
251370,1994,0,14423,14423
251370,1995,0,15078,15078
251370,1996,0,13145,13145
251370,1997,0,13116,13116
251370,1998,0,15056,15056
251370,1999,0,15175,15175
251370,2000,0,15750,15750
251370,2001,0,17735,17735
251370,2002,0,16744,16744
251370,2003,0,22776,22776
251370,2004,0,22765,22765
251370,2005,0,17654,17654
251370,2006,0,18538,18538
251370,2007,0,18893,18893
251370,2008,0,18891,18891
251370,2009,0,17634,17634
251370,2010,0,17634,17634
251370,2011,0,17149,17149
251370,2012,0,21778,21778
251370,2013,0,21785,21785
251370,2014,0,21128,21128
251370,2015,0,21200,21200
251370,2016,0,21237,21237
251370,2017,0,17164,17164
251370,2018,0,16105,16105
251370,2019,0,16262,16262
251370,2020,0,16129,16129
251370,2021,0,16121,16121
251380,1988,0,6321,6321
251380,1989,0,4878,4878
251380,1990,0,3899,3899
251380,1991,0,2489,2489
251380,1992,0,2843,2843
251380,1993,0,713,713
251380,1994,0,2012,2012
251380,1995,0,2659,2659
251380,1996,0,1270,1270
251380,1997,0,1590,1590
251380,1998,0,826,826
251380,1999,0,908,908
251380,2000,0,793,793
251380,2001,0,448,448
251380,2002,0,826,826
251380,2003,0,764,764
251380,2004,0,970,970
251380,2005,0,1080,1080
251380,2006,0,1005,1005
251380,2007,0,985,985
251380,2008,0,1132,1132
251380,2009,0,976,976
251380,2010,0,133,133
251380,2011,0,1139,1139
251380,2012,0,262,262
251380,2013,0,66,66
251380,2014,0,871,871
251380,2015,0,575,575
251380,2016,0,574,574
251380,2017,0,565,565
251380,2018,0,577,577
251380,2019,0,660,660
251380,2020,0,751,751
251380,2021,0,755,755
251390,1988,0,1290,1290
251390,1989,0,1317,1317
251390,1990,0,1317,1317
251390,1991,0,897,897
251390,1992,0,685,685
251390,1993,0,50,50
251390,1994,0,1044,1044
251390,1995,0,1069,1069
251390,1996,0,985,985
251390,1997,0,706,706
251390,1998,0,453,453
251390,1999,0,664,664
251390,2000,0,657,657
251390,2001,0,408,408
251390,2002,0,751,751
251390,2003,0,906,906
251390,2004,0,1091,1091
251390,2005,0,371,371
251390,2006,0,749,749
251390,2007,0,929,929
251390,2008,0,666,666
251390,2009,0,752,752
251390,2010,0,787,787
251390,2011,0,727,727
251390,2012,0,644,644
251390,2013,0,19,19
251390,2014,0,581,581
251390,2015,0,369,369
251390,2016,0,444,444
251390,2017,0,576,576
251390,2018,0,555,555
251390,2019,0,449,449
251390,2020,0,609,609
251390,2021,0,424,424
251400,1988,0,2466,2466
251400,1989,0,2436,2436
251400,1990,0,2428,2428
251400,1991,0,1200,1200
251400,1992,0,1238,1238
251400,1993,0,21,21
251400,1994,0,395,395
251400,1995,0,3507,3507
251400,1996,0,1097,1097
251400,1997,0,2086,2086
251400,1998,0,271,271
251400,1999,0,1720,1720
251400,2000,0,3704,3704
251400,2001,0,3781,3781
251400,2002,0,3275,3275
251400,2003,0,3511,3511
251400,2004,0,3814,3814
251400,2005,0,3938,3938
251400,2006,0,2543,2543
251400,2007,0,1538,1538
251400,2008,0,3907,3907
251400,2009,0,3938,3938
251400,2010,0,949,949
251400,2011,0,3476,3476
251400,2012,0,683,683
251400,2013,0,53,53
251400,2014,0,517,517
251400,2015,0,121,121
251400,2016,0,1192,1192
251400,2017,0,132,132
251400,2018,0,1472,1472
251400,2019,0,1351,1351
251400,2020,0,1657,1657
251400,2021,0,470,470
251410,1988,0,4370,4370
251410,1989,0,4350,4350
251410,1990,0,4350,4350
251410,1991,0,2084,2084
251410,1992,0,1590,1590
251410,1993,0,653,653
251410,1994,0,2868,2868
251410,1995,0,2905,2905
251410,1996,0,2297,2297
251410,1997,0,1165,1165
251410,1998,0,1150,1150
251410,1999,0,1500,1500
251410,2000,0,1808,1808
251410,2001,0,1196,1196
251410,2002,0,616,616
251410,2003,0,1091,1091
251410,2004,0,1706,1706
251410,2005,0,1769,1769
251410,2006,0,1903,1903
251410,2007,0,997,997
251410,2008,0,1782,1782
251410,2009,0,1756,1756
251410,2010,0,977,977
251410,2011,0,837,837
251410,2012,0,625,625
251410,2013,0,15,15
251410,2014,0,4,4
251410,2015,0,69,69
251410,2016,0,511,511
251410,2017,0,401,401
251410,2018,0,804,804
251410,2019,0,802,802
251410,2020,0,810,810
251410,2021,0,836,836
251420,1988,0,4364,4364
251420,1989,0,2881,2881
251420,1990,0,3106,3106
251420,1991,0,2285,2285
251420,1992,0,2216,2216
251420,1993,0,79,79
251420,1994,0,1632,1632
251420,1995,0,1653,1653
251420,1996,0,1146,1146
251420,1997,0,1030,1030
251420,1998,0,944,944
251420,1999,0,1352,1352
251420,2000,0,1009,1009
251420,2001,0,1214,1214
251420,2002,0,702,702
251420,2003,0,575,575
251420,2004,0,988,988
251420,2005,0,684,684
251420,2006,0,762,762
251420,2007,0,474,474
251420,2008,0,794,794
251420,2009,0,723,723
251420,2010,0,61,61
251420,2011,0,714,714
251420,2012,0,710,710
251420,2013,0,710,710
251420,2014,0,862,862
251420,2015,0,411,411
251420,2016,0,448,448
251420,2017,0,783,783
251420,2018,0,580,580
251420,2019,0,589,589
251420,2020,0,671,671
251420,2021,0,664,664
251430,1988,0,3071,3071
251430,1989,0,3213,3213
251430,1990,0,3416,3416
251430,1991,0,3416,3416
251430,1992,0,3445,3445
251430,1993,0,449,449
251430,1994,0,2941,2941
251430,1995,0,3052,3052
251430,1996,0,4000,4000
251430,1997,0,3877,3877
251430,1998,0,2852,2852
251430,1999,0,3254,3254
251430,2000,0,4499,4499
251430,2001,0,4725,4725
251430,2002,0,4281,4281
251430,2003,0,5214,5214
251430,2004,0,5373,5373
251430,2005,0,4575,4575
251430,2006,0,5441,5441
251430,2007,0,4845,4845
251430,2008,0,3881,3881
251430,2009,0,4068,4068
251430,2010,0,2220,2220
251430,2011,0,2169,2169
251430,2012,0,1317,1317
251430,2013,0,313,313
251430,2014,0,430,430
251430,2015,0,358,358
251430,2016,0,368,368
251430,2017,0,378,378
251430,2018,0,805,805
251430,2019,0,830,830
251430,2020,0,796,796
251430,2021,0,392,392
251440,1988,0,8470,8470
251440,1989,0,4112,4112
251440,1990,0,4298,4298
251440,1991,0,3446,3446
251440,1992,0,4282,4282
251440,1993,0,966,966
251440,1994,0,2763,2763
251440,1995,0,1858,1858
251440,1996,0,3287,3287
251440,1997,0,3149,3149
251440,1998,0,466,466
251440,1999,0,995,995
251440,2000,0,1097,1097
251440,2001,0,328,328
251440,2002,0,678,678
251440,2003,0,742,742
251440,2004,0,908,908
251440,2005,0,703,703
251440,2006,0,873,873
251440,2007,0,829,829
251440,2008,0,957,957
251440,2009,0,824,824
251440,2010,0,259,259
251440,2011,0,1566,1566
251440,2012,0,445,445
251440,2013,0,103,103
251440,2014,0,622,622
251440,2015,0,946,946
251440,2016,0,627,627
251440,2017,0,1365,1365
251440,2018,0,728,728
251440,2019,0,781,781
251440,2020,0,2368,2368
251440,2021,0,1369,1369
251450,1988,0,2590,2590
251450,1989,0,2525,2525
251450,1990,0,2544,2544
251450,1991,0,1658,1658
251450,1992,0,3642,3642
251450,1993,0,374,374
251450,1994,0,4506,4506
251450,1995,0,2777,2777
251450,1996,0,3823,3823
251450,1997,0,3004,3004
251450,1998,0,3524,3524
251450,1999,0,3099,3099
251450,2000,0,3030,3030
251450,2001,0,2745,2745
251450,2002,0,2787,2787
251450,2003,0,2294,2294
251450,2004,0,1872,1872
251450,2005,0,1098,1098
251450,2006,0,1092,1092
251450,2007,0,684,684
251450,2008,0,1218,1218
251450,2009,0,1042,1042
251450,2010,0,792,792
251450,2011,0,1540,1540
251450,2012,0,1199,1199
251450,2013,0,614,614
251450,2014,0,642,642
251450,2015,0,665,665
251450,2016,0,635,635
251450,2017,0,892,892
251450,2018,0,901,901
251450,2019,0,860,860
251450,2020,0,1104,1104
251450,2021,0,1212,1212
251460,1988,0,5934,5934
251460,1989,0,5921,5921
251460,1990,0,4572,4572
251460,1991,0,2801,2801
251460,1992,0,3213,3213
251460,1993,0,958,958
251460,1994,0,1478,1478
251460,1995,0,1496,1496
251460,1996,0,774,774
251460,1997,0,809,809
251460,1998,0,406,406
251460,1999,0,484,484
251460,2000,0,464,464
251460,2001,0,348,348
251460,2002,0,426,426
251460,2003,0,458,458
251460,2004,0,498,498
251460,2005,0,340,340
251460,2006,0,452,452
251460,2007,0,405,405
251460,2008,0,413,413
251460,2009,0,453,453
251460,2010,0,53,53
251460,2011,0,404,404
251460,2012,0,216,216
251460,2013,0,11,11
251460,2014,0,430,430
251460,2015,0,202,202
251460,2016,0,347,347
251460,2017,0,486,486
251460,2018,0,302,302
251460,2019,0,507,507
251460,2020,0,436,436
251460,2021,0,403,403
251470,1988,0,6193,6193
251470,1989,0,5080,5080
251470,1990,0,8082,8082
251470,1991,0,6592,6592
251470,1992,0,5595,5595
251470,1993,0,2049,2049
251470,1994,0,6210,6210
251470,1995,0,5209,5209
251470,1996,0,2810,2810
251470,1997,0,1304,1304
251470,1998,0,1022,1022
251470,1999,0,816,816
251470,2000,0,749,749
251470,2001,0,717,717
251470,2002,0,2027,2027
251470,2003,0,2024,2024
251470,2004,0,1463,1463
251470,2005,0,1220,1220
251470,2006,0,1456,1456
251470,2007,0,1526,1526
251470,2008,0,1176,1176
251470,2009,0,1176,1176
251470,2010,0,126,126
251470,2011,0,1056,1056
251470,2012,0,201,201
251470,2013,0,14,14
251470,2014,0,698,698
251470,2015,0,239,239
251470,2016,0,618,618
251470,2017,0,432,432
251470,2018,0,514,514
251470,2019,0,565,565
251470,2020,0,514,514
251470,2021,0,514,514
251480,1988,0,2765,2765
251480,1989,0,2755,2755
251480,1990,0,2755,2755
251480,1991,0,2578,2578
251480,1992,0,13168,13168
251480,1993,0,3,3
251480,1994,0,6529,6529
251480,1995,0,7672,7672
251480,1996,0,6837,6837
251480,1997,0,7287,7287
251480,1998,0,1448,1448
251480,1999,0,2880,2880
251480,2000,0,4239,4239
251480,2001,0,3533,3533
251480,2002,0,3735,3735
251480,2003,0,4033,4033
251480,2004,0,4631,4631
251480,2005,0,5046,5046
251480,2006,0,5034,5034
251480,2007,0,2070,2070
251480,2008,0,5037,5037
251480,2009,0,5070,5070
251480,2010,0,2262,2262
251480,2011,0,5279,5279
251480,2012,0,458,458
251480,2013,0,42,42
251480,2014,0,622,622
251480,2015,0,64,64
251480,2016,0,1017,1017
251480,2017,0,254,254
251480,2018,0,1856,1856
251480,2019,0,1573,1573
251480,2020,0,1285,1285
251480,2021,0,1423,1423
251490,1988,0,9398,9398
251490,1989,0,5893,5893
251490,1990,0,5693,5693
251490,1991,0,4494,4494
251490,1992,0,4984,4984
251490,1993,0,2078,2078
251490,1994,0,3342,3342
251490,1995,0,2058,2058
251490,1996,0,2437,2437
251490,1997,0,2175,2175
251490,1998,0,670,670
251490,1999,0,640,640
251490,2000,0,935,935
251490,2001,0,922,922
251490,2002,0,1243,1243
251490,2003,0,1854,1854
251490,2004,0,746,746
251490,2005,0,444,444
251490,2006,0,512,512
251490,2007,0,689,689
251490,2008,0,691,691
251490,2009,0,671,671
251490,2010,0,96,96
251490,2011,0,659,659
251490,2012,0,125,125
251490,2013,0,12,12
251490,2014,0,630,630
251490,2015,0,180,180
251490,2016,0,624,624
251490,2017,0,499,499
251490,2018,0,614,614
251490,2019,0,702,702
251490,2020,0,626,626
251490,2021,0,676,676
251500,1988,0,8273,8273
251500,1989,0,5797,5797
251500,1990,0,6082,6082
251500,1991,0,4634,4634
251500,1992,0,4534,4534
251500,1993,0,3543,3543
251500,1994,0,3245,3245
251500,1995,0,3655,3655
251500,1996,0,2741,2741
251500,1997,0,4180,4180
251500,1998,0,1200,1200
251500,1999,0,1354,1354
251500,2000,0,1884,1884
251500,2001,0,1463,1463
251500,2002,0,1137,1137
251500,2003,0,1037,1037
251500,2004,0,1024,1024
251500,2005,0,845,845
251500,2006,0,994,994
251500,2007,0,994,994
251500,2008,0,1055,1055
251500,2009,0,1087,1087
251500,2010,0,812,812
251500,2011,0,1032,1032
251500,2012,0,447,447
251500,2013,0,1019,1019
251500,2014,0,908,908
251500,2015,0,590,590
251500,2016,0,601,601
251500,2017,0,827,827
251500,2018,0,1303,1303
251500,2019,0,748,748
251500,2020,0,1294,1294
251500,2021,0,953,953
251510,1988,0,1316,1316
251510,1989,0,1886,1886
251510,1990,0,1936,1936
251510,1991,0,1736,1736
251510,1992,0,1394,1394
251510,1993,0,1341,1341
251510,1994,0,1757,1757
251510,1995,0,1739,1739
251510,1996,0,1995,1995
251510,1997,0,2621,2621
251510,1998,0,2217,2217
251510,1999,0,2187,2187
251510,2000,0,2624,2624
251510,2001,0,2704,2704
251510,2002,0,2391,2391
251510,2003,0,2203,2203
251510,2004,0,1979,1979
251510,2005,0,1980,1980
251510,2006,0,2265,2265
251510,2007,0,1993,1993
251510,2008,0,1859,1859
251510,2009,0,1498,1498
251510,2010,0,1097,1097
251510,2011,0,1384,1384
251510,2012,0,1021,1021
251510,2013,0,1198,1198
251510,2014,0,1327,1327
251510,2015,0,802,802
251510,2016,0,615,615
251510,2017,0,767,767
251510,2018,0,716,716
251510,2019,0,743,743
251510,2020,0,916,916
251510,2021,0,857,857
251520,1988,0,5915,5915
251520,1989,0,5560,5560
251520,1990,0,567,567
251520,1991,0,2732,2732
251520,1992,0,1842,1842
251520,1993,0,165,165
251520,1994,0,946,946
251520,1995,0,1788,1788
251520,1996,0,1238,1238
251520,1997,0,2778,2778
251520,1998,0,487,487
251520,1999,0,1544,1544
251520,2000,0,2713,2713
251520,2001,0,2644,2644
251520,2002,0,2659,2659
251520,2003,0,2691,2691
251520,2004,0,2740,2740
251520,2005,0,1976,1976
251520,2006,0,2364,2364
251520,2007,0,1227,1227
251520,2008,0,3685,3685
251520,2009,0,3707,3707
251520,2010,0,1599,1599
251520,2011,0,2386,2386
251520,2012,0,337,337
251520,2013,0,39,39
251520,2014,0,535,535
251520,2015,0,135,135
251520,2016,0,920,920
251520,2017,0,110,110
251520,2018,0,863,863
251520,2019,0,842,842
251520,2020,0,863,863
251520,2021,0,733,733
251530,1988,0,12830,12830
251530,1989,0,9710,9710
251530,1990,0,11024,11024
251530,1991,0,10485,10485
251530,1992,0,10485,10485
251530,1993,0,7285,7285
251530,1994,0,10391,10391
251530,1995,0,15466,15466
251530,1996,0,7643,7643
251530,1997,0,8386,8386
251530,1998,0,8229,8229
251530,1999,0,8618,8618
251530,2000,0,11463,11463
251530,2001,0,7561,7561
251530,2002,0,7240,7240
251530,2003,0,7740,7740
251530,2004,0,8840,8840
251530,2005,0,6956,6956
251530,2006,0,8099,8099
251530,2007,0,8099,8099
251530,2008,0,12570,12570
251530,2009,0,13125,13125
251530,2010,0,12901,12901
251530,2011,0,13211,13211
251530,2012,0,22347,22347
251530,2013,0,21957,21957
251530,2014,0,19562,19562
251530,2015,0,19092,19092
251530,2016,0,18881,18881
251530,2017,0,12142,12142
251530,2018,0,12697,12697
251530,2019,0,13124,13124
251530,2020,0,11868,11868
251530,2021,0,11593,11593
251540,1988,0,10118,10118
251540,1989,0,10076,10076
251540,1990,0,7076,7076
251540,1991,0,8242,8242
251540,1992,0,16236,16236
251540,1993,0,4,4
251540,1994,0,4756,4756
251540,1995,0,5046,5046
251540,1996,0,4901,4901
251540,1997,0,5516,5516
251540,1998,0,808,808
251540,1999,0,808,808
251540,2000,0,4048,4048
251540,2001,0,3064,3064
251540,2002,0,3906,3906
251540,2003,0,3216,3216
251540,2004,0,3211,3211
251540,2005,0,1798,1798
251540,2006,0,3868,3868
251540,2007,0,1871,1871
251540,2008,0,2676,2676
251540,2009,0,2456,2456
251540,2010,0,915,915
251540,2011,0,2405,2405
251540,2012,0,555,555
251540,2013,0,228,228
251540,2014,0,1816,1816
251540,2015,0,198,198
251540,2016,0,798,798
251540,2017,0,1073,1073
251540,2018,0,1413,1413
251540,2019,0,2192,2192
251540,2020,0,1356,1356
251540,2021,0,608,608
251550,1988,0,13273,13273
251550,1989,0,13278,13278
251550,1990,0,13153,13153
251550,1991,0,6139,6139
251550,1992,0,6294,6294
251550,1993,0,103,103
251550,1994,0,2545,2545
251550,1995,0,6301,6301
251550,1996,0,5516,5516
251550,1997,0,6754,6754
251550,1998,0,739,739
251550,1999,0,3836,3836
251550,2000,0,4211,4211
251550,2001,0,3554,3554
251550,2002,0,4882,4882
251550,2003,0,4802,4802
251550,2004,0,4733,4733
251550,2005,0,4988,4988
251550,2006,0,4956,4956
251550,2007,0,2108,2108
251550,2008,0,4973,4973
251550,2009,0,5003,5003
251550,2010,0,1628,1628
251550,2011,0,4654,4654
251550,2012,0,682,682
251550,2013,0,99,99
251550,2014,0,919,919
251550,2015,0,158,158
251550,2016,0,1661,1661
251550,2017,0,145,145
251550,2018,0,2236,2236
251550,2019,0,2036,2036
251550,2020,0,1942,1942
251550,2021,0,2535,2535
251560,1988,0,2099,2099
251560,1989,0,2229,2229
251560,1990,0,2229,2229
251560,1991,0,2162,2162
251560,1992,0,2162,2162
251560,1993,0,927,927
251560,1994,0,1090,1090
251560,1995,0,1731,1731
251560,1996,0,1349,1349
251560,1997,0,1856,1856
251560,1998,0,444,444
251560,1999,0,456,456
251560,2000,0,548,548
251560,2001,0,689,689
251560,2002,0,709,709
251560,2003,0,715,715
251560,2004,0,770,770
251560,2005,0,680,680
251560,2006,0,650,650
251560,2007,0,643,643
251560,2008,0,643,643
251560,2009,0,643,643
251560,2010,0,444,444
251560,2011,0,965,965
251560,2012,0,595,595
251560,2013,0,713,713
251560,2014,0,585,585
251560,2015,0,580,580
251560,2016,0,685,685
251560,2017,0,596,596
251560,2018,0,499,499
251560,2019,0,419,419
251560,2020,0,429,429
251560,2021,0,475,475
251570,1988,0,1307,1307
251570,1989,0,1383,1383
251570,1990,0,1481,1481
251570,1991,0,1481,1481
251570,1992,0,1453,1453
251570,1993,0,279,279
251570,1994,0,1049,1049
251570,1995,0,1157,1157
251570,1996,0,1294,1294
251570,1997,0,1583,1583
251570,1998,0,1369,1369
251570,1999,0,1434,1434
251570,2000,0,1575,1575
251570,2001,0,1606,1606
251570,2002,0,1377,1377
251570,2003,0,1875,1875
251570,2004,0,1867,1867
251570,2005,0,1606,1606
251570,2006,0,1859,1859
251570,2007,0,1453,1453
251570,2008,0,1479,1479
251570,2009,0,1534,1534
251570,2010,0,829,829
251570,2011,0,1172,1172
251570,2012,0,785,785
251570,2013,0,180,180
251570,2014,0,207,207
251570,2015,0,232,232
251570,2016,0,225,225
251570,2017,0,305,305
251570,2018,0,585,585
251570,2019,0,605,605
251570,2020,0,610,610
251570,2021,0,250,250
251580,1988,0,2079,2079
251580,1989,0,1684,1684
251580,1990,0,1684,1684
251580,1991,0,1685,1685
251580,1992,0,2000,2000
251580,1993,0,1550,1550
251580,1994,0,1805,1805
251580,1995,0,1815,1815
251580,1996,0,1631,1631
251580,1997,0,1665,1665
251580,1998,0,1447,1447
251580,1999,0,1061,1061
251580,2000,0,2960,2960
251580,2001,0,4147,4147
251580,2002,0,1295,1295
251580,2003,0,1463,1463
251580,2004,0,1471,1471
251580,2005,0,1501,1501
251580,2006,0,1506,1506
251580,2007,0,846,846
251580,2008,0,1186,1186
251580,2009,0,1586,1586
251580,2010,0,1586,1586
251580,2011,0,1126,1126
251580,2012,0,635,635
251580,2013,0,1115,1115
251580,2014,0,1114,1114
251580,2015,0,798,798
251580,2016,0,535,535
251580,2017,0,847,847
251580,2018,0,796,796
251580,2019,0,608,608
251580,2020,0,618,618
251580,2021,0,629,629
251590,1988,0,4825,4825
251590,1989,0,12107,12107
251590,1990,0,12107,12107
251590,1991,0,12087,12087
251590,1992,0,10227,10227
251590,1993,0,4203,4203
251590,1994,0,4566,4566
251590,1995,0,5833,5833
251590,1996,0,3442,3442
251590,1997,0,4805,4805
251590,1998,0,2364,2364
251590,1999,0,2716,2716
251590,2000,0,3018,3018
251590,2001,0,3426,3426
251590,2002,0,3306,3306
251590,2003,0,3495,3495
251590,2004,0,3605,3605
251590,2005,0,2955,2955
251590,2006,0,2775,2775
251590,2007,0,3062,3062
251590,2008,0,3151,3151
251590,2009,0,3111,3111
251590,2010,0,2585,2585
251590,2011,0,2485,2485
251590,2012,0,2145,2145
251590,2013,0,2048,2048
251590,2014,0,1265,1265
251590,2015,0,1327,1327
251590,2016,0,1156,1156
251590,2017,0,1653,1653
251590,2018,0,1481,1481
251590,2019,0,1300,1300
251590,2020,0,1314,1314
251590,2021,0,1331,1331
251600,1988,0,9345,9345
251600,1989,0,14935,14935
251600,1990,0,14135,14135
251600,1991,0,17714,17714
251600,1992,0,15821,15821
251600,1993,0,4172,4172
251600,1994,0,11602,11602
251600,1995,0,11031,11031
251600,1996,0,18381,18381
251600,1997,0,9514,9514
251600,1998,0,7094,7094
251600,1999,0,7177,7177
251600,2000,0,9385,9385
251600,2001,0,4822,4822
251600,2002,0,8703,8703
251600,2003,0,6901,6901
251600,2004,0,10297,10297
251600,2005,0,9219,9219
251600,2006,0,8059,8059
251600,2007,0,9851,9851
251600,2008,0,11891,11891
251600,2009,0,11422,11422
251600,2010,0,3921,3921
251600,2011,0,9568,9568
251600,2012,0,3584,3584
251600,2013,0,5802,5802
251600,2014,0,2323,2323
251600,2015,0,3612,3612
251600,2016,0,9642,9642
251600,2017,0,5843,5843
251600,2018,0,7368,7368
251600,2019,0,7407,7407
251600,2020,0,6730,6730
251600,2021,0,3381,3381
251610,1988,0,11716,11716
251610,1989,0,11660,11660
251610,1990,0,7184,7184
251610,1991,0,15936,15936
251610,1992,0,13283,13283
251610,1993,0,7,7
251610,1994,0,3871,3871
251610,1995,0,5706,5706
251610,1996,0,1913,1913
251610,1997,0,2158,2158
251610,1998,0,5175,5175
251610,1999,0,5185,5185
251610,2000,0,9093,9093
251610,2001,0,3158,3158
251610,2002,0,4189,4189
251610,2003,0,5133,5133
251610,2004,0,5233,5233
251610,2005,0,3353,3353
251610,2006,0,4113,4113
251610,2007,0,2083,2083
251610,2008,0,2503,2503
251610,2009,0,2483,2483
251610,2010,0,134,134
251610,2011,0,2072,2072
251610,2012,0,192,192
251610,2013,0,1,1
251610,2014,0,1386,1386
251610,2015,0,400,400
251610,2016,0,470,470
251610,2017,0,100,100
251610,2018,0,1226,1226
251610,2019,0,1025,1025
251610,2020,0,942,942
251610,2021,0,110,110
251620,1988,0,18445,18445
251620,1989,0,12052,12052
251620,1990,0,13995,13995
251620,1991,0,14904,14904
251620,1992,0,13116,13116
251620,1993,0,1763,1763
251620,1994,0,11998,11998
251620,1995,0,9292,9292
251620,1996,0,9545,9545
251620,1997,0,10417,10417
251620,1998,0,8639,8639
251620,1999,0,8340,8340
251620,2000,0,10054,10054
251620,2001,0,8538,8538
251620,2002,0,8783,8783
251620,2003,0,9970,9970
251620,2004,0,13133,13133
251620,2005,0,8054,8054
251620,2006,0,9770,9770
251620,2007,0,6776,6776
251620,2008,0,11664,11664
251620,2009,0,7416,7416
251620,2010,0,4602,4602
251620,2011,0,9457,9457
251620,2012,0,6117,6117
251620,2013,0,3880,3880
251620,2014,350,5440,5090
251620,2015,0,4341,4341
251620,2016,0,3460,3460
251620,2017,0,4022,4022
251620,2018,0,3822,3822
251620,2019,0,4784,4784
251620,2020,0,4477,4477
251620,2021,0,5212,5212
251630,1988,0,11855,11855
251630,1989,0,11609,11609
251630,1990,0,11440,11440
251630,1991,0,5277,5277
251630,1992,0,3269,3269
251630,1993,0,153,153
251630,1994,0,1685,1685
251630,1995,0,1790,1790
251630,1996,0,4703,4703
251630,1997,0,1698,1698
251630,1998,0,516,516
251630,1999,0,2240,2240
251630,2000,0,2773,2773
251630,2001,0,2475,2475
251630,2002,0,3114,3114
251630,2003,0,4252,4252
251630,2004,0,4744,4744
251630,2005,0,4755,4755
251630,2006,0,4974,4974
251630,2007,0,2230,2230
251630,2008,0,4590,4590
251630,2009,0,4297,4297
251630,2010,0,1636,1636
251630,2011,0,3147,3147
251630,2012,0,483,483
251630,2013,0,65,65
251630,2014,0,1610,1610
251630,2015,0,166,166
251630,2016,0,2330,2330
251630,2017,0,1953,1953
251630,2018,0,2531,2531
251630,2019,0,2522,2522
251630,2020,0,2853,2853
251630,2021,0,2097,2097
251640,1988,0,6250,6250
251640,1989,0,9254,9254
251640,1990,0,9255,9255
251640,1991,0,8255,8255
251640,1992,0,7752,7752
251640,1993,0,1140,1140
251640,1994,0,2880,2880
251640,1995,0,6900,6900
251640,1996,0,4717,4717
251640,1997,0,6620,6620
251640,1998,0,729,729
251640,1999,0,3451,3451
251640,2000,0,1740,1740
251640,2001,0,1681,1681
251640,2002,0,1420,1420
251640,2003,0,1590,1590
251640,2004,0,1740,1740
251640,2005,0,1890,1890
251640,2006,0,1158,1158
251640,2007,0,3899,3899
251640,2008,0,2606,2606
251640,2009,0,3006,3006
251640,2010,0,866,866
251640,2011,0,1654,1654
251640,2012,0,216,216
251640,2013,0,999,999
251640,2014,0,1436,1436
251640,2015,0,861,861
251640,2016,0,1531,1531
251640,2017,0,1966,1966
251640,2018,0,1933,1933
251640,2019,0,1703,1703
251640,2020,0,1925,1925
251640,2021,0,2138,2138
251650,1988,0,20029,20029
251650,1989,0,15723,15723
251650,1990,0,9951,9951
251650,1991,0,12834,12834
251650,1992,0,22002,22002
251650,1993,0,82,82
251650,1994,0,22525,22525
251650,1995,0,27369,27369
251650,1996,0,17459,17459
251650,1997,0,26415,26415
251650,1998,0,1454,1454
251650,1999,0,4107,4107
251650,2000,0,5534,5534
251650,2001,0,9076,9076
251650,2002,0,12572,12572
251650,2003,0,5850,5850
251650,2004,0,14042,14042
251650,2005,0,11375,11375
251650,2006,0,11587,11587
251650,2007,0,8657,8657
251650,2008,0,11737,11737
251650,2009,0,12372,12372
251650,2010,0,2605,2605
251650,2011,0,10855,10855
251650,2012,0,2685,2685
251650,2013,0,490,490
251650,2014,0,5432,5432
251650,2015,0,4222,4222
251650,2016,0,3952,3952
251650,2017,0,3061,3061
251650,2018,0,7658,7658
251650,2019,0,5353,5353
251650,2020,0,5045,5045
251650,2021,0,4427,4427
251660,1988,0,29862,29862
251660,1989,0,30523,30523
251660,1990,0,30528,30528
251660,1991,0,26113,26113
251660,1992,0,26073,26073
251660,1993,0,231,231
251660,1994,0,15824,15824
251660,1995,0,21338,21338
251660,1996,0,12581,12581
251660,1997,0,13239,13239
251660,1998,0,11395,11395
251660,1999,0,11122,11122
251660,2000,0,11317,11317
251660,2001,0,6252,6252
251660,2002,0,14757,14757
251660,2003,0,19269,19269
251660,2004,0,19297,19297
251660,2005,0,19375,19375
251660,2006,0,20320,20320
251660,2007,0,20263,20263
251660,2008,0,16064,16064
251660,2009,0,20258,20258
251660,2010,0,20265,20265
251660,2011,0,14263,14263
251660,2012,0,4243,4243
251660,2013,0,688,688
251660,2014,0,8924,8924
251660,2015,0,4414,4414
251660,2016,0,6672,6672
251660,2017,0,6589,6589
251660,2018,0,4097,4097
251660,2019,0,4175,4175
251660,2020,0,5612,5612
251660,2021,0,4577,4577
251670,1988,0,11795,11795
251670,1989,0,11581,11581
251670,1990,0,10133,10133
251670,1991,0,10081,10081
251670,1992,0,8854,8854
251670,1993,0,2727,2727
251670,1994,0,6346,6346
251670,1995,0,5433,5433
251670,1996,0,5338,5338
251670,1997,0,4925,4925
251670,1998,0,2982,2982
251670,1999,0,2943,2943
251670,2000,0,2999,2999
251670,2001,0,2737,2737
251670,2002,0,2512,2512
251670,2003,0,3010,3010
251670,2004,0,4060,4060
251670,2005,0,3383,3383
251670,2006,0,4775,4775
251670,2007,0,4774,4774
251670,2008,0,4863,4863
251670,2009,0,4773,4773
251670,2010,0,3207,3207
251670,2011,0,4053,4053
251670,2012,0,1811,1811
251670,2013,0,430,430
251670,2014,0,3133,3133
251670,2015,0,1613,1613
251670,2016,0,2510,2510
251670,2017,0,2992,2992
251670,2018,0,4070,4070
251670,2019,0,4199,4199
251670,2020,0,3115,3115
251670,2021,0,3750,3750
251680,1988,0,1026,1026
251680,1989,0,999,999
251680,1990,0,1053,1053
251680,1991,0,1373,1373
251680,1992,0,1639,1639
251680,1993,0,63,63
251680,1994,0,1778,1778
251680,1995,0,1393,1393
251680,1996,0,3737,3737
251680,1997,0,3297,3297
251680,1998,0,1274,1274
251680,1999,0,2901,2901
251680,2000,0,2553,2553
251680,2001,0,2527,2527
251680,2002,0,2351,2351
251680,2003,0,2169,2169
251680,2004,0,3102,3102
251680,2005,0,2459,2459
251680,2006,0,2667,2667
251680,2007,0,1093,1093
251680,2008,0,1427,1427
251680,2009,0,974,974
251680,2010,0,977,977
251680,2011,0,1718,1718
251680,2012,0,936,936
251680,2013,0,402,402
251680,2014,0,530,530
251680,2015,0,1067,1067
251680,2016,0,1036,1036
251680,2017,0,808,808
251680,2018,0,1425,1425
251680,2019,0,1375,1375
251680,2020,0,1305,1305
251680,2021,0,1343,1343
251690,1988,0,8625,8625
251690,1989,0,6329,6329
251690,1990,0,6363,6363
251690,1991,0,7609,7609
251690,1992,0,5521,5521
251690,1993,0,303,303
251690,1994,0,1236,1236
251690,1995,0,1280,1280
251690,1996,0,3891,3891
251690,1997,0,3497,3497
251690,1998,0,1616,1616
251690,1999,0,2075,2075
251690,2000,0,2827,2827
251690,2001,0,2343,2343
251690,2002,0,2710,2710
251690,2003,0,2418,2418
251690,2004,0,2103,2103
251690,2005,0,1708,1708
251690,2006,0,1674,1674
251690,2007,0,1116,1116
251690,2008,0,1741,1741
251690,2009,0,2572,2572
251690,2010,0,656,656
251690,2011,0,2477,2477
251690,2012,0,2234,2234
251690,2013,0,642,642
251690,2014,0,1187,1187
251690,2015,0,2216,2216
251690,2016,0,1572,1572
251690,2017,0,2070,2070
251690,2018,0,1692,1692
251690,2019,0,1651,1651
251690,2020,0,2375,2375
251690,2021,0,2286,2286
251700,1988,0,6690,6690
251700,1989,0,6450,6450
251700,1990,0,6450,6450
251700,1991,0,6500,6500
251700,1992,0,6480,6480
251700,1993,0,3180,3180
251700,1994,0,5810,5810
251700,1995,0,5790,5790
251700,1996,0,1984,1984
251700,1997,0,3392,3392
251700,1998,0,539,539
251700,1999,0,3689,3689
251700,2000,0,3607,3607
251700,2001,0,2941,2941
251700,2002,0,2295,2295
251700,2003,0,2512,2512
251700,2004,0,2469,2469
251700,2005,0,2526,2526
251700,2006,0,2411,2411
251700,2007,0,1495,1495
251700,2008,0,2712,2712
251700,2009,0,2734,2734
251700,2010,0,1159,1159
251700,2011,0,2702,2702
251700,2012,0,1362,1362
251700,2013,0,2022,2022
251700,2014,0,1659,1659
251700,2015,0,1280,1280
251700,2016,0,1365,1365
251700,2017,0,1602,1602
251700,2018,0,1537,1537
251700,2019,0,1368,1368
251700,2020,0,1453,1453
251700,2021,0,1483,1483
251710,1988,0,2654,2654
251710,1989,0,1691,1691
251710,1990,0,1971,1971
251710,1991,0,2022,2022
251710,1992,0,1845,1845
251710,1993,0,550,550
251710,1994,0,1051,1051
251710,1995,0,539,539
251710,1996,0,681,681
251710,1997,0,796,796
251710,1998,0,498,498
251710,1999,0,498,498
251710,2000,0,149,149
251710,2001,0,262,262
251710,2002,0,1246,1246
251710,2003,0,1036,1036
251710,2004,0,756,756
251710,2005,0,252,252
251710,2006,0,547,547
251710,2007,0,514,514
251710,2008,0,315,315
251710,2009,0,415,415
251710,2010,0,415,415
251710,2011,0,364,364
251710,2012,0,105,105
251710,2013,0,0,0
251710,2014,0,350,350
251710,2015,0,257,257
251710,2016,0,188,188
251710,2017,0,500,500
251710,2018,0,509,509
251710,2019,0,510,510
251710,2020,0,309,309
251710,2021,0,307,307
260005,1988,0,1123,1123
260005,1989,0,1133,1133
260005,1990,0,1143,1143
260005,1991,0,1093,1093
260005,1992,0,1043,1043
260005,1993,0,1085,1085
260005,1994,0,1136,1136
260005,1995,0,927,927
260005,1996,0,1316,1316
260005,1997,0,2106,2106
260005,1998,0,2025,2025
260005,1999,0,2011,2011
260005,2000,0,706,706
260005,2001,0,285,285
260005,2002,0,1583,1583
260005,2003,0,930,930
260005,2004,0,2899,2899
260005,2005,0,2905,2905
260005,2006,0,3110,3110
260005,2007,0,4512,4512
260005,2008,0,4203,4203
260005,2009,0,3960,3960
260005,2010,0,3309,3309
260005,2011,0,2870,2870
260005,2012,0,1631,1631
260005,2013,0,1774,1774
260005,2014,0,1783,1783
260005,2015,0,387,387
260005,2016,0,367,367
260005,2017,0,387,387
260005,2018,0,340,340
260005,2019,0,371,371
260005,2020,0,449,449
260005,2021,0,398,398
260010,1988,0,13574,13574
260010,1989,0,14770,14770
260010,1990,0,2903,2903
260010,1991,0,18910,18910
260010,1992,0,20794,20794
260010,1993,0,6535,6535
260010,1994,0,21678,21678
260010,1995,0,11862,11862
260010,1996,0,16523,16523
260010,1997,0,11234,11234
260010,1998,0,1560,1560
260010,1999,0,9630,9630
260010,2000,0,12634,12634
260010,2001,0,12645,12645
260010,2002,0,16765,16765
260010,2003,0,17413,17413
260010,2004,0,17542,17542
260010,2005,0,11524,11524
260010,2006,0,11539,11539
260010,2007,0,14589,14589
260010,2008,0,18372,18372
260010,2009,0,18509,18509
260010,2010,0,21377,21377
260010,2011,0,21711,21711
260010,2012,0,21589,21589
260010,2013,0,1032,1032
260010,2014,0,10694,10694
260010,2015,0,6443,6443
260010,2016,0,6708,6708
260010,2017,0,3625,3625
260010,2018,0,4110,4110
260010,2019,0,4138,4138
260010,2020,0,3950,3950
260010,2021,0,3859,3859
260020,1988,0,6638,6638
260020,1989,0,5799,5799
260020,1990,0,3795,3795
260020,1991,0,4090,4090
260020,1992,0,6026,6026
260020,1993,0,2397,2397
260020,1994,0,4337,4337
260020,1995,0,4501,4501
260020,1996,0,10288,10288
260020,1997,0,5313,5313
260020,1998,0,4648,4648
260020,1999,0,4678,4678
260020,2000,0,6651,6651
260020,2001,0,6319,6319
260020,2002,0,3248,3248
260020,2003,0,7838,7838
260020,2004,0,7865,7865
260020,2005,0,5557,5557
260020,2006,0,5677,5677
260020,2007,0,5647,5647
260020,2008,0,5637,5637
260020,2009,0,5262,5262
260020,2010,0,1832,1832
260020,2011,0,5167,5167
260020,2012,0,6450,6450
260020,2013,0,3700,3700
260020,2014,0,7000,7000
260020,2015,0,9223,9223
260020,2016,0,7865,7865
260020,2017,0,7000,7000
260020,2018,0,7400,7400
260020,2019,0,6400,6400
260020,2020,0,7700,7700
260020,2021,0,7500,7500
260030,1988,0,802,802
260030,1989,0,1175,1175
260030,1990,0,953,953
260030,1991,0,1251,1251
260030,1992,0,1290,1290
260030,1993,0,949,949
260030,1994,0,1263,1263
260030,1995,0,1209,1209
260030,1996,0,1431,1431
260030,1997,0,1290,1290
260030,1998,0,320,320
260030,1999,0,1835,1835
260030,2000,0,3622,3622
260030,2001,0,4248,4248
260030,2002,0,2994,2994
260030,2003,0,1205,1205
260030,2004,0,1149,1149
260030,2005,0,992,992
260030,2006,0,1165,1165
260030,2007,0,1573,1573
260030,2008,0,1925,1925
260030,2009,0,1661,1661
260030,2010,0,853,853
260030,2011,0,742,742
260030,2012,0,845,845
260030,2013,0,788,788
260030,2014,0,449,449
260030,2015,0,483,483
260030,2016,0,435,435
260030,2017,0,361,361
260030,2018,0,641,641
260030,2019,0,673,673
260030,2020,0,765,765
260030,2021,0,1140,1140
260040,1988,0,26618,26618
260040,1989,0,26443,26443
260040,1990,0,26205,26205
260040,1991,0,25688,25688
260040,1992,0,25708,25708
260040,1993,0,20245,20245
260040,1994,0,25231,25231
260040,1995,0,24898,24898
260040,1996,0,26138,26138
260040,1997,0,22583,22583
260040,1998,0,21583,21583
260040,1999,0,15393,15393
260040,2000,0,23110,23110
260040,2001,0,31155,31155
260040,2002,0,18622,18622
260040,2003,0,18434,18434
260040,2004,0,18396,18396
260040,2005,0,15887,15887
260040,2006,0,16674,16674
260040,2007,0,19795,19795
260040,2008,0,20127,20127
260040,2009,0,20391,20391
260040,2010,0,14278,14278
260040,2011,0,19921,19921
260040,2012,0,16873,16873
260040,2013,0,13277,13277
260040,2014,0,14457,14457
260040,2015,0,13468,13468
260040,2016,0,5994,5994
260040,2017,0,4069,4069
260040,2018,0,4392,4392
260040,2019,0,5053,5053
260040,2020,0,4545,4545
260040,2021,0,4617,4617
260050,1988,0,16017,16017
260050,1989,0,20719,20719
260050,1990,0,19352,19352
260050,1991,0,14949,14949
260050,1992,0,4412,4412
260050,1993,0,10380,10380
260050,1994,0,10897,10897
260050,1995,0,17470,17470
260050,1996,0,17430,17430
260050,1997,0,14675,14675
260050,1998,0,5858,5858
260050,1999,0,11296,11296
260050,2000,0,10316,10316
260050,2001,0,9807,9807
260050,2002,0,13794,13794
260050,2003,0,12342,12342
260050,2004,0,13042,13042
260050,2005,0,12738,12738
260050,2006,0,11743,11743
260050,2007,0,12008,12008
260050,2008,0,13964,13964
260050,2009,0,14794,14794
260050,2010,0,5744,5744
260050,2011,0,6844,6844
260050,2012,0,8310,8310
260050,2013,0,5360,5360
260050,2014,0,5931,5931
260050,2015,0,5331,5331
260050,2016,0,5776,5776
260050,2017,0,7416,7416
260050,2018,0,5322,5322
260050,2019,0,3331,3331
260050,2020,0,4504,4504
260050,2021,0,2414,2414
260060,1988,0,3988,3988
260060,1989,0,3519,3519
260060,1990,0,2579,2579
260060,1991,0,2374,2374
260060,1992,0,2407,2407
260060,1993,0,2170,2170
260060,1994,0,2332,2332
260060,1995,0,2479,2479
260060,1996,0,2330,2330
260060,1997,0,3198,3198
260060,1998,0,745,745
260060,1999,0,1640,1640
260060,2000,0,1058,1058
260060,2001,0,1552,1552
260060,2002,0,1653,1653
260060,2003,0,1484,1484
260060,2004,0,1680,1680
260060,2005,0,1729,1729
260060,2006,0,1739,1739
260060,2007,0,1695,1695
260060,2008,0,2140,2140
260060,2009,0,2100,2100
260060,2010,0,1200,1200
260060,2011,0,1280,1280
260060,2012,0,1420,1420
260060,2013,0,635,635
260060,2014,0,830,830
260060,2015,0,430,430
260060,2016,0,925,925
260060,2017,0,638,638
260060,2018,0,850,850
260060,2019,0,245,245
260060,2020,0,215,215
260060,2021,0,235,235
260070,1988,0,18500,18500
260070,1989,0,18760,18760
260070,1990,0,16434,16434
260070,1991,0,16216,16216
260070,1992,0,16733,16733
260070,1993,0,16152,16152
260070,1994,0,15407,15407
260070,1995,0,18210,18210
260070,1996,0,19209,19209
260070,1997,0,18552,18552
260070,1998,0,17720,17720
260070,1999,0,11363,11363
260070,2000,0,11595,11595
260070,2001,0,15266,15266
260070,2002,0,13396,13396
260070,2003,0,13520,13520
260070,2004,0,14539,14539
260070,2005,0,15331,15331
260070,2006,0,16136,16136
260070,2007,0,16047,16047
260070,2008,0,16479,16479
260070,2009,0,16059,16059
260070,2010,0,10227,10227
260070,2011,0,11217,11217
260070,2012,0,7223,7223
260070,2013,0,7428,7428
260070,2014,0,7428,7428
260070,2015,0,7428,7428
260070,2016,0,7428,7428
260070,2017,0,10090,10090
260070,2018,0,10074,10074
260070,2019,0,10126,10126
260070,2020,0,8659,8659
260070,2021,0,10163,10163
260080,1988,0,1256,1256
260080,1989,0,3690,3690
260080,1990,0,3545,3545
260080,1991,0,3903,3903
260080,1992,0,3898,3898
260080,1993,0,2306,2306
260080,1994,0,3683,3683
260080,1995,0,3678,3678
260080,1996,0,7247,7247
260080,1997,0,3919,3919
260080,1998,0,1114,1114
260080,1999,0,3624,3624
260080,2000,0,1194,1194
260080,2001,0,2027,2027
260080,2002,0,1510,1510
260080,2003,0,1016,1016
260080,2004,0,917,917
260080,2005,0,926,926
260080,2006,0,1472,1472
260080,2007,0,1710,1710
260080,2008,0,1882,1882
260080,2009,0,1730,1730
260080,2010,0,1680,1680
260080,2011,0,1615,1615
260080,2012,0,1237,1237
260080,2013,0,773,773
260080,2014,0,861,861
260080,2015,0,861,861
260080,2016,0,761,761
260080,2017,0,1197,1197
260080,2018,0,1249,1249
260080,2019,0,1249,1249
260080,2020,0,1290,1290
260080,2021,0,1290,1290
260090,1988,0,9498,9498
260090,1989,0,9331,9331
260090,1990,0,9225,9225
260090,1991,0,9629,9629
260090,1992,0,9599,9599
260090,1993,0,7929,7929
260090,1994,0,8902,8902
260090,1995,0,15072,15072
260090,1996,0,15429,15429
260090,1997,0,12873,12873
260090,1998,0,9502,9502
260090,1999,0,8435,8435
260090,2000,0,9966,9966
260090,2001,0,9228,9228
260090,2002,0,9862,9862
260090,2003,0,10981,10981
260090,2004,0,9309,9309
260090,2005,0,8840,8840
260090,2006,0,8245,8245
260090,2007,0,8251,8251
260090,2008,0,10028,10028
260090,2009,0,7953,7953
260090,2010,0,8073,8073
260090,2011,0,6573,6573
260090,2012,0,6455,6455
260090,2013,0,7825,7825
260090,2014,0,6315,6315
260090,2015,0,6360,6360
260090,2016,0,6360,6360
260090,2017,0,7559,7559
260090,2018,0,8132,8132
260090,2019,0,7927,7927
260090,2020,0,8022,8022
260090,2021,0,8032,8032
260100,1988,0,2844,2844
260100,1989,0,2694,2694
260100,1990,0,2427,2427
260100,1991,0,3269,3269
260100,1992,0,2336,2336
260100,1993,0,3063,3063
260100,1994,0,2760,2760
260100,1995,0,1742,1742
260100,1996,0,1800,1800
260100,1997,0,1871,1871
260100,1998,0,1732,1732
260100,1999,0,1497,1497
260100,2000,0,1606,1606
260100,2001,0,1630,1630
260100,2002,0,1593,1593
260100,2003,0,1601,1601
260100,2004,0,1604,1604
260100,2005,0,1552,1552
260100,2006,0,1545,1545
260100,2007,0,924,924
260100,2008,0,676,676
260100,2009,0,526,526
260100,2010,0,541,541
260100,2011,0,546,546
260100,2012,0,836,836
260100,2013,0,716,716
260100,2014,0,1371,1371
260100,2015,0,1371,1371
260100,2016,0,1025,1025
260100,2017,0,1279,1279
260100,2018,0,996,996
260100,2019,0,874,874
260100,2020,0,1157,1157
260100,2021,0,1124,1124
260110,1988,0,21710,21710
260110,1989,0,44606,44606
260110,1990,9,33951,33942
260110,1991,0,37325,37325
260110,1992,0,48321,48321
260110,1993,0,36045,36045
260110,1994,0,22756,22756
260110,1995,0,20966,20966
260110,1996,0,41867,41867
260110,1997,0,31789,31789
260110,1998,0,28293,28293
260110,1999,0,22066,22066
260110,2000,0,22657,22657
260110,2001,0,23993,23993
260110,2002,0,31327,31327
260110,2003,0,26302,26302
260110,2004,0,20434,20434
260110,2005,0,32304,32304
260110,2006,0,35914,35914
260110,2007,0,19261,19261
260110,2008,0,44936,44936
260110,2009,0,37304,37304
260110,2010,0,34497,34497
260110,2011,0,31316,31316
260110,2012,0,26754,26754
260110,2013,0,4312,4312
260110,2014,0,21471,21471
260110,2015,0,26174,26174
260110,2016,0,23040,23040
260110,2017,0,31015,31015
260110,2018,0,33030,33030
260110,2019,0,27030,27030
260110,2020,0,24700,24700
260110,2021,0,28700,28700
260120,1988,0,5550,5550
260120,1989,0,5520,5520
260120,1990,0,3135,3135
260120,1991,0,5637,5637
260120,1992,0,4325,4325
260120,1993,0,830,830
260120,1994,0,4435,4435
260120,1995,0,3980,3980
260120,1996,0,2125,2125
260120,1997,0,3960,3960
260120,1998,0,85,85
260120,1999,0,965,965
260120,2000,0,2590,2590
260120,2001,0,740,740
260120,2002,0,1660,1660
260120,2003,0,3440,3440
260120,2004,0,1630,1630
260120,2005,0,2150,2150
260120,2006,0,4140,4140
260120,2007,0,4130,4130
260120,2008,0,4700,4700
260120,2009,0,4460,4460
260120,2010,0,2460,2460
260120,2011,0,4680,4680
260120,2012,0,135,135
260120,2013,0,10,10
260120,2014,0,1650,1650
260120,2015,0,1650,1650
260120,2016,0,1370,1370
260120,2017,0,1760,1760
260120,2018,0,1403,1403
260120,2019,0,1153,1153
260120,2020,0,1060,1060
260120,2021,0,329,329
260130,1988,0,1133,1133
260130,1989,0,911,911
260130,1990,0,903,903
260130,1991,0,954,954
260130,1992,0,964,964
260130,1993,0,1048,1048
260130,1994,0,816,816
260130,1995,0,942,942
260130,1996,0,1089,1089
260130,1997,0,1105,1105
260130,1998,0,867,867
260130,1999,0,818,818
260130,2000,0,577,577
260130,2001,0,1046,1046
260130,2002,0,1096,1096
260130,2003,0,828,828
260130,2004,0,706,706
260130,2005,0,631,631
260130,2006,0,621,621
260130,2007,0,795,795
260130,2008,0,895,895
260130,2009,0,855,855
260130,2010,0,860,860
260130,2011,0,1050,1050
260130,2012,0,640,640
260130,2013,0,940,940
260130,2014,0,1305,1305
260130,2015,0,1370,1370
260130,2016,0,370,370
260130,2017,0,225,225
260130,2018,0,1728,1728
260130,2019,0,1628,1628
260130,2020,0,1725,1725
260130,2021,0,1725,1725
260140,1988,0,12833,12833
260140,1989,0,13735,13735
260140,1990,0,13446,13446
260140,1991,0,13425,13425
260140,1992,0,13650,13650
260140,1993,0,9663,9663
260140,1994,0,11071,11071
260140,1995,0,12607,12607
260140,1996,0,12615,12615
260140,1997,0,10882,10882
260140,1998,0,10882,10882
260140,1999,0,6565,6565
260140,2000,0,6668,6668
260140,2001,0,5722,5722
260140,2002,0,6392,6392
260140,2003,0,4839,4839
260140,2004,0,5150,5150
260140,2005,0,5603,5603
260140,2006,0,5943,5943
260140,2007,0,7476,7476
260140,2008,0,8130,8130
260140,2009,0,7255,7255
260140,2010,0,4388,4388
260140,2011,0,5096,5096
260140,2012,0,7396,7396
260140,2013,0,5162,5162
260140,2014,0,7369,7369
260140,2015,0,9753,9753
260140,2016,0,5250,5250
260140,2017,0,3612,3612
260140,2018,0,3342,3342
260140,2019,0,3020,3020
260140,2020,0,2790,2790
260140,2021,0,2189,2189
260150,1988,0,6596,6596
260150,1989,0,2982,2982
260150,1990,0,2870,2870
260150,1991,0,2927,2927
260150,1992,0,2734,2734
260150,1993,0,3244,3244
260150,1994,0,3152,3152
260150,1995,0,3220,3220
260150,1996,0,1554,1554
260150,1997,0,2418,2418
260150,1998,0,2476,2476
260150,1999,0,2180,2180
260150,2000,0,2117,2117
260150,2001,0,1951,1951
260150,2002,0,1943,1943
260150,2003,0,1837,1837
260150,2004,0,2063,2063
260150,2005,0,1631,1631
260150,2006,0,1472,1472
260150,2007,0,1642,1642
260150,2008,0,1615,1615
260150,2009,0,1507,1507
260150,2010,0,1330,1330
260150,2011,0,1330,1330
260150,2012,0,1310,1310
260150,2013,0,513,513
260150,2014,0,403,403
260150,2015,0,250,250
260150,2016,0,422,422
260150,2017,0,380,380
260150,2018,0,1155,1155
260150,2019,0,1430,1430
260150,2020,0,1408,1408
260150,2021,0,1041,1041
260160,1988,0,3104,3104
260160,1989,0,2542,2542
260160,1990,0,1893,1893
260160,1991,0,2892,2892
260160,1992,0,6077,6077
260160,1993,0,4522,4522
260160,1994,0,5844,5844
260160,1995,0,4534,4534
260160,1996,0,5204,5204
260160,1997,0,4684,4684
260160,1998,0,4684,4684
260160,1999,0,2021,2021
260160,2000,0,2391,2391
260160,2001,0,3636,3636
260160,2002,0,2878,2878
260160,2003,0,2872,2872
260160,2004,0,3217,3217
260160,2005,0,4217,4217
260160,2006,0,3827,3827
260160,2007,0,3857,3857
260160,2008,0,3867,3867
260160,2009,0,3460,3460
260160,2010,0,2690,2690
260160,2011,0,2503,2503
260160,2012,0,2633,2633
260160,2013,0,785,785
260160,2014,0,754,754
260160,2015,0,754,754
260160,2016,0,1234,1234
260160,2017,0,1184,1184
260160,2018,0,2269,2269
260160,2019,0,5400,5400
260160,2020,0,5806,5806
260160,2021,0,5996,5996
260170,1988,0,19286,19286
260170,1989,0,14656,14656
260170,1990,0,12239,12239
260170,1991,0,12621,12621
260170,1992,0,9224,9224
260170,1993,0,12589,12589
260170,1994,0,12209,12209
260170,1995,0,11470,11470
260170,1996,0,4567,4567
260170,1997,0,10400,10400
260170,1998,0,2289,2289
260170,1999,0,2621,2621
260170,2000,0,3533,3533
260170,2001,0,2653,2653
260170,2002,0,2365,2365
260170,2003,0,2355,2355
260170,2004,0,3185,3185
260170,2005,0,1145,1145
260170,2006,0,1135,1135
260170,2007,0,4885,4885
260170,2008,0,5220,5220
260170,2009,0,4367,4367
260170,2010,0,4387,4387
260170,2011,0,4627,4627
260170,2012,0,4650,4650
260170,2013,0,1720,1720
260170,2014,0,1275,1275
260170,2015,0,1020,1020
260170,2016,0,1020,1020
260170,2017,0,1010,1010
260170,2018,0,1120,1120
260170,2019,0,760,760
260170,2020,0,753,753
260170,2021,0,800,800
260180,1988,0,6423,6423
260180,1989,0,6325,6325
260180,1990,0,4353,4353
260180,1991,0,4955,4955
260180,1992,0,4900,4900
260180,1993,0,544,544
260180,1994,0,2805,2805
260180,1995,0,2580,2580
260180,1996,0,3270,3270
260180,1997,0,5220,5220
260180,1998,0,1410,1410
260180,1999,0,6150,6150
260180,2000,0,7220,7220
260180,2001,0,7340,7340
260180,2002,0,8020,8020
260180,2003,0,8800,8800
260180,2004,0,8800,8800
260180,2005,0,9074,9074
260180,2006,0,9014,9014
260180,2007,0,8870,8870
260180,2008,0,8950,8950
260180,2009,0,8930,8930
260180,2010,0,9240,9240
260180,2011,0,9240,9240
260180,2012,0,9195,9195
260180,2013,0,23,23
260180,2014,0,9023,9023
260180,2015,0,9033,9033
260180,2016,0,9018,9018
260180,2017,0,9145,9145
260180,2018,0,5155,5155
260180,2019,0,5068,5068
260180,2020,0,5049,5049
260180,2021,0,5055,5055
260190,1988,0,2924,2924
260190,1989,0,3853,3853
260190,1990,0,4709,4709
260190,1991,0,4549,4549
260190,1992,0,5563,5563
260190,1993,0,1488,1488
260190,1994,0,5698,5698
260190,1995,0,6162,6162
260190,1996,0,4458,4458
260190,1997,0,3797,3797
260190,1998,0,2499,2499
260190,1999,0,904,904
260190,2000,0,2687,2687
260190,2001,0,1644,1644
260190,2002,0,2015,2015
260190,2003,0,1182,1182
260190,2004,0,1037,1037
260190,2005,0,1225,1225
260190,2006,0,1205,1205
260190,2007,0,1435,1435
260190,2008,0,1635,1635
260190,2009,0,1935,1935
260190,2010,0,2510,2510
260190,2011,0,2361,2361
260190,2012,0,1595,1595
260190,2013,0,1440,1440
260190,2014,0,1420,1420
260190,2015,0,1320,1320
260190,2016,0,1320,1320
260190,2017,0,1774,1774
260190,2018,0,2635,2635
260190,2019,0,1649,1649
260190,2020,0,1981,1981
260190,2021,0,1826,1826
260200,1988,0,27564,27564
260200,1989,0,29493,29493
260200,1990,0,22219,22219
260200,1991,0,26584,26584
260200,1992,0,28697,28697
260200,1993,0,20726,20726
260200,1994,0,13084,13084
260200,1995,0,14619,14619
260200,1996,0,13325,13325
260200,1997,0,13538,13538
260200,1998,0,11336,11336
260200,1999,0,13907,13907
260200,2000,0,15229,15229
260200,2001,0,15357,15357
260200,2002,0,15942,15942
260200,2003,0,14540,14540
260200,2004,0,13880,13880
260200,2005,0,15130,15130
260200,2006,0,16420,16420
260200,2007,0,14038,14038
260200,2008,0,15272,15272
260200,2009,0,13082,13082
260200,2010,0,13097,13097
260200,2011,0,10130,10130
260200,2012,0,5530,5530
260200,2013,0,1020,1020
260200,2014,0,5820,5820
260200,2015,0,9820,9820
260200,2016,0,7120,7120
260200,2017,0,4100,4100
260200,2018,0,12100,12100
260200,2019,0,10600,10600
260200,2020,0,13550,13550
260200,2021,0,10550,10550
260210,1988,0,23408,23408
260210,1989,0,22112,22112
260210,1990,0,18047,18047
260210,1991,0,15729,15729
260210,1992,0,17981,17981
260210,1993,0,18546,18546
260210,1994,0,19610,19610
260210,1995,0,22654,22654
260210,1996,0,23118,23118
260210,1997,0,15599,15599
260210,1998,0,7559,7559
260210,1999,0,10658,10658
260210,2000,0,12973,12973
260210,2001,0,12985,12985
260210,2002,0,16294,16294
260210,2003,0,13703,13703
260210,2004,0,13908,13908
260210,2005,0,14532,14532
260210,2006,0,13376,13376
260210,2007,0,12771,12771
260210,2008,0,12996,12996
260210,2009,0,12597,12597
260210,2010,0,5879,5879
260210,2011,0,7339,7339
260210,2012,0,7409,7409
260210,2013,0,6166,6166
260210,2014,0,5766,5766
260210,2015,0,5766,5766
260210,2016,0,4878,4878
260210,2017,0,6611,6611
260210,2018,0,4103,4103
260210,2019,0,3390,3390
260210,2020,0,3834,3834
260210,2021,0,4830,4830
260220,1988,0,10935,10935
260220,1989,0,10676,10676
260220,1990,0,12586,12586
260220,1991,0,14432,14432
260220,1992,0,9582,9582
260220,1993,0,9072,9072
260220,1994,0,6256,6256
260220,1995,0,6958,6958
260220,1996,0,6186,6186
260220,1997,0,9609,9609
260220,1998,0,3791,3791
260220,1999,0,3511,3511
260220,2000,0,4817,4817
260220,2001,0,3326,3326
260220,2002,0,3407,3407
260220,2003,0,3429,3429
260220,2004,0,2353,2353
260220,2005,0,2513,2513
260220,2006,0,2454,2454
260220,2007,0,2433,2433
260220,2008,0,2539,2539
260220,2009,0,3019,3019
260220,2010,0,2014,2014
260220,2011,0,3764,3764
260220,2012,0,4710,4710
260220,2013,0,2432,2432
260220,2014,0,3148,3148
260220,2015,0,3106,3106
260220,2016,0,3306,3306
260220,2017,0,2414,2414
260220,2018,0,3912,3912
260220,2019,0,4521,4521
260220,2020,0,4662,4662
260220,2021,0,4337,4337
260230,1988,0,5691,5691
260230,1989,0,5390,5390
260230,1990,0,6086,6086
260230,1991,0,5977,5977
260230,1992,0,5787,5787
260230,1993,0,5295,5295
260230,1994,0,4382,4382
260230,1995,0,3267,3267
260230,1996,0,3307,3307
260230,1997,0,4300,4300
260230,1998,0,4153,4153
260230,1999,0,3538,3538
260230,2000,0,4091,4091
260230,2001,0,5057,5057
260230,2002,0,4111,4111
260230,2003,0,4727,4727
260230,2004,0,4634,4634
260230,2005,0,4319,4319
260230,2006,0,4363,4363
260230,2007,0,4284,4284
260230,2008,0,4783,4783
260230,2009,0,4307,4307
260230,2010,0,4307,4307
260230,2011,0,4304,4304
260230,2012,0,3311,3311
260230,2013,0,3020,3020
260230,2014,0,3060,3060
260230,2015,0,2945,2945
260230,2016,0,3405,3405
260230,2017,0,4635,4635
260230,2018,0,2913,2913
260230,2019,0,2780,2780
260230,2020,0,3080,3080
260230,2021,0,2790,2790
260240,1988,0,8208,8208
260240,1989,0,7734,7734
260240,1990,0,7758,7758
260240,1991,0,7003,7003
260240,1992,0,6206,6206
260240,1993,0,5155,5155
260240,1994,0,4511,4511
260240,1995,0,3886,3886
260240,1996,0,4394,4394
260240,1997,0,4486,4486
260240,1998,0,2622,2622
260240,1999,0,3077,3077
260240,2000,0,2928,2928
260240,2001,0,2988,2988
260240,2002,0,3247,3247
260240,2003,0,3041,3041
260240,2004,0,3281,3281
260240,2005,0,3192,3192
260240,2006,0,2828,2828
260240,2007,0,2461,2461
260240,2008,0,2545,2545
260240,2009,0,1963,1963
260240,2010,0,1877,1877
260240,2011,0,1780,1780
260240,2012,0,1512,1512
260240,2013,0,1203,1203
260240,2014,0,1081,1081
260240,2015,0,1081,1081
260240,2016,0,1081,1081
260240,2017,0,726,726
260240,2018,0,506,506
260240,2019,0,728,728
260240,2020,0,766,766
260240,2021,0,491,491
260250,1988,0,2893,2893
260250,1989,0,3080,3080
260250,1990,0,634,634
260250,1991,0,3744,3744
260250,1992,0,4766,4766
260250,1993,0,2560,2560
260250,1994,0,6326,6326
260250,1995,0,6445,6445
260250,1996,0,6624,6624
260250,1997,0,3678,3678
260250,1998,0,1073,1073
260250,1999,0,2940,2940
260250,2000,0,3583,3583
260250,2001,0,3708,3708
260250,2002,0,3728,3728
260250,2003,0,4738,4738
260250,2004,0,4940,4940
260250,2005,0,3975,3975
260250,2006,0,3932,3932
260250,2007,0,3748,3748
260250,2008,0,4270,4270
260250,2009,0,4574,4574
260250,2010,0,2032,2032
260250,2011,0,2825,2825
260250,2012,0,2820,2820
260250,2013,0,571,571
260250,2014,0,2577,2577
260250,2015,0,3109,3109
260250,2016,0,3627,3627
260250,2017,0,2368,2368
260250,2018,0,3073,3073
260250,2019,0,2744,2744
260250,2020,0,2034,2034
260250,2021,0,2302,2302
260260,1988,0,1585,1585
260260,1989,0,1917,1917
260260,1990,0,2003,2003
260260,1991,0,7669,7669
260260,1992,0,8201,8201
260260,1993,0,5585,5585
260260,1994,0,3726,3726
260260,1995,0,4199,4199
260260,1996,0,3840,3840
260260,1997,0,4680,4680
260260,1998,0,1792,1792
260260,1999,0,2190,2190
260260,2000,0,2138,2138
260260,2001,0,2668,2668
260260,2002,0,1120,1120
260260,2003,0,896,896
260260,2004,0,941,941
260260,2005,0,897,897
260260,2006,0,1193,1193
260260,2007,0,1591,1591
260260,2008,0,2016,2016
260260,2009,0,2249,2249
260260,2010,0,1847,1847
260260,2011,0,1145,1145
260260,2012,0,1097,1097
260260,2013,0,614,614
260260,2014,0,566,566
260260,2015,0,666,666
260260,2016,0,641,641
260260,2017,0,1114,1114
260260,2018,0,455,455
260260,2019,0,370,370
260260,2020,0,527,527
260260,2021,0,362,362
260270,1988,0,7007,7007
260270,1989,0,7015,7015
260270,1990,0,5828,5828
260270,1991,0,6834,6834
260270,1992,0,6988,6988
260270,1993,0,6510,6510
260270,1994,0,4993,4993
260270,1995,0,7174,7174
260270,1996,0,7416,7416
260270,1997,0,7949,7949
260270,1998,0,7320,7320
260270,1999,0,5295,5295
260270,2000,0,5239,5239
260270,2001,0,6021,6021
260270,2002,0,5873,5873
260270,2003,0,5248,5248
260270,2004,0,5134,5134
260270,2005,0,4996,4996
260270,2006,0,4980,4980
260270,2007,0,4948,4948
260270,2008,0,5469,5469
260270,2009,0,4952,4952
260270,2010,0,4962,4962
260270,2011,0,3962,3962
260270,2012,0,3500,3500
260270,2013,0,3500,3500
260270,2014,0,3500,3500
260270,2015,0,3500,3500
260270,2016,0,600,600
260270,2017,0,755,755
260270,2018,0,3230,3230
260270,2019,0,3214,3214
260270,2020,0,3696,3696
260270,2021,0,3159,3159
260280,1988,0,27950,27950
260280,1989,0,31720,31720
260280,1990,0,19540,19540
260280,1991,0,37808,37808
260280,1992,0,29515,29515
260280,1993,0,8225,8225
260280,1994,0,28455,28455
260280,1995,0,23265,23265
260280,1996,0,18801,18801
260280,1997,0,26412,26412
260280,1998,0,996,996
260280,1999,0,7956,7956
260280,2000,0,11028,11028
260280,2001,0,3208,3208
260280,2002,0,8553,8553
260280,2003,0,9920,9920
260280,2004,0,9220,9220
260280,2005,0,15140,15140
260280,2006,0,22340,22340
260280,2007,0,24540,24540
260280,2008,0,31550,31550
260280,2009,0,26450,26450
260280,2010,0,18935,18935
260280,2011,0,22410,22410
260280,2012,0,13265,13265
260280,2013,0,8250,8250
260280,2014,0,13760,13760
260280,2015,0,9450,9450
260280,2016,0,16300,16300
260280,2017,0,16002,16002
260280,2018,0,2600,2600
260280,2019,0,2600,2600
260280,2020,0,2710,2710
260280,2021,0,2600,2600
260290,1988,0,7519,7519
260290,1989,0,6625,6625
260290,1990,0,6445,6445
260290,1991,0,6640,6640
260290,1992,0,6620,6620
260290,1993,0,18698,18698
260290,1994,0,16909,16909
260290,1995,0,20227,20227
260290,1996,0,20448,20448
260290,1997,0,21600,21600
260290,1998,0,21635,21635
260290,1999,0,20600,20600
260290,2000,0,23903,23903
260290,2001,0,23110,23110
260290,2002,0,23110,23110
260290,2003,0,23162,23162
260290,2004,0,23162,23162
260290,2005,0,23022,23022
260290,2006,0,4057,4057
260290,2007,0,4127,4127
260290,2008,0,4934,4934
260290,2009,0,4127,4127
260290,2010,0,3680,3680
260290,2011,0,7596,7596
260290,2012,0,7670,7670
260290,2013,0,8110,8110
260290,2014,0,6610,6610
260290,2015,0,8700,8700
260290,2016,0,5500,5500
260290,2017,0,6500,6500
260290,2018,0,9041,9041
260290,2019,0,9253,9253
260290,2020,0,7836,7836
260290,2021,0,9058,9058
260300,1988,0,5223,5223
260300,1989,0,8012,8012
260300,1990,0,7867,7867
260300,1991,0,6645,6645
260300,1992,0,4113,4113
260300,1993,0,4998,4998
260300,1994,0,6953,6953
260300,1995,0,5831,5831
260300,1996,0,5515,5515
260300,1997,0,5129,5129
260300,1998,0,3273,3273
260300,1999,0,5364,5364
260300,2000,0,4569,4569
260300,2001,0,5519,5519
260300,2002,0,6252,6252
260300,2003,0,5933,5933
260300,2004,0,8218,8218
260300,2005,0,7741,7741
260300,2006,0,5047,5047
260300,2007,0,5137,5137
260300,2008,0,6730,6730
260300,2009,0,6200,6200
260300,2010,0,5515,5515
260300,2011,0,5680,5680
260300,2012,0,3990,3990
260300,2013,0,3855,3855
260300,2014,0,2505,2505
260300,2015,0,1145,1145
260300,2016,0,2240,2240
260300,2017,0,1095,1095
260300,2018,0,4276,4276
260300,2019,0,4058,4058
260300,2020,0,4127,4127
260300,2021,0,4980,4980
260310,1988,0,3153,3153
260310,1989,0,3279,3279
260310,1990,0,3558,3558
260310,1991,0,3540,3540
260310,1992,0,4224,4224
260310,1993,0,3734,3734
260310,1994,0,5120,5120
260310,1995,0,4818,4818
260310,1996,0,3424,3424
260310,1997,0,5444,5444
260310,1998,0,282,282
260310,1999,0,2442,2442
260310,2000,0,2292,2292
260310,2001,0,2034,2034
260310,2002,0,2771,2771
260310,2003,0,2740,2740
260310,2004,0,2331,2331
260310,2005,0,2331,2331
260310,2006,0,2270,2270
260310,2007,0,2670,2670
260310,2008,0,2870,2870
260310,2009,0,2075,2075
260310,2010,0,2330,2330
260310,2011,0,2382,2382
260310,2012,0,2350,2350
260310,2013,0,2230,2230
260310,2014,0,1450,1450
260310,2015,0,1450,1450
260310,2016,0,1450,1450
260310,2017,0,2680,2680
260310,2018,0,1145,1145
260310,2019,0,620,620
260310,2020,0,740,740
260310,2021,0,1320,1320
260320,1988,0,8358,8358
260320,1989,0,9245,9245
260320,1990,0,8388,8388
260320,1991,0,9814,9814
260320,1992,0,6748,6748
260320,1993,0,7465,7465
260320,1994,0,5624,5624
260320,1995,0,6985,6985
260320,1996,0,7120,7120
260320,1997,0,10640,10640
260320,1998,0,7770,7770
260320,1999,0,8380,8380
260320,2000,0,8020,8020
260320,2001,0,9077,9077
260320,2002,0,10432,10432
260320,2003,0,10072,10072
260320,2004,0,11070,11070
260320,2005,0,11465,11465
260320,2006,0,11901,11901
260320,2007,0,11607,11607
260320,2008,0,14374,14374
260320,2009,0,12057,12057
260320,2010,0,11432,11432
260320,2011,0,10824,10824
260320,2012,0,11759,11759
260320,2013,0,4524,4524
260320,2014,0,6764,6764
260320,2015,0,11114,11114
260320,2016,0,6264,6264
260320,2017,0,8511,8511
260320,2018,0,7766,7766
260320,2019,0,8782,8782
260320,2020,0,6537,6537
260320,2021,0,6530,6530
260330,1988,0,3698,3698
260330,1989,0,3893,3893
260330,1990,0,5450,5450
260330,1991,0,6456,6456
260330,1992,0,5086,5086
260330,1993,0,4822,4822
260330,1994,0,6006,6006
260330,1995,0,6249,6249
260330,1996,0,6232,6232
260330,1997,0,7291,7291
260330,1998,0,5625,5625
260330,1999,0,6916,6916
260330,2000,0,6807,6807
260330,2001,0,7709,7709
260330,2002,0,7006,7006
260330,2003,0,6801,6801
260330,2004,0,6890,6890
260330,2005,0,6777,6777
260330,2006,0,6804,6804
260330,2007,0,6754,6754
260330,2008,0,7590,7590
260330,2009,0,6897,6897
260330,2010,0,6530,6530
260330,2011,0,7631,7631
260330,2012,0,6294,6294
260330,2013,0,7494,7494
260330,2014,0,9133,9133
260330,2015,0,8013,8013
260330,2016,0,7133,7133
260330,2017,0,6885,6885
260330,2018,0,6990,6990
260330,2019,0,5740,5740
260330,2020,0,4418,4418
260330,2021,0,4618,4618
260340,1988,0,3051,3051
260340,1989,0,3216,3216
260340,1990,0,3179,3179
260340,1991,0,3766,3766
260340,1992,0,2266,2266
260340,1993,0,507,507
260340,1994,0,2461,2461
260340,1995,0,2493,2493
260340,1996,0,2543,2543
260340,1997,0,3733,3733
260340,1998,0,77,77
260340,1999,0,3702,3702
260340,2000,0,3917,3917
260340,2001,0,2329,2329
260340,2002,0,1862,1862
260340,2003,0,1565,1565
260340,2004,0,1564,1564
260340,2005,0,1560,1560
260340,2006,0,1542,1542
260340,2007,0,1535,1535
260340,2008,0,1785,1785
260340,2009,0,1964,1964
260340,2010,0,1794,1794
260340,2011,0,1855,1855
260340,2012,0,1802,1802
260340,2013,0,11,11
260340,2014,0,1658,1658
260340,2015,0,1658,1658
260340,2016,0,1708,1708
260340,2017,0,1634,1634
260340,2018,0,939,939
260340,2019,0,683,683
260340,2020,0,673,673
260340,2021,0,673,673
260345,1988,0,32,32
260345,1989,0,97,97
260345,1990,0,235,235
260345,1991,0,345,345
260345,1992,0,85,85
260345,1993,0,380,380
260345,1994,0,410,410
260345,1995,0,635,635
260345,1996,0,635,635
260345,1997,0,625,625
260345,1998,0,625,625
260345,1999,0,136,136
260345,2000,0,194,194
260345,2001,0,45,45
260345,2002,0,50,50
260345,2003,0,45,45
260345,2004,0,45,45
260345,2005,0,45,45
260345,2006,0,60,60
260345,2007,0,90,90
260345,2008,0,90,90
260345,2009,0,90,90
260345,2010,0,3620,3620
260345,2011,0,3837,3837
260345,2012,0,4560,4560
260345,2013,0,4820,4820
260345,2014,0,4320,4320
260345,2015,0,5300,5300
260345,2016,0,4300,4300
260345,2017,0,300,300
260345,2018,0,300,300
260345,2019,0,420,420
260345,2020,0,428,428
260345,2021,0,423,423
260350,1988,0,696,696
260350,1989,0,790,790
260350,1990,0,741,741
260350,1991,0,773,773
260350,1992,0,767,767
260350,1993,0,772,772
260350,1994,0,1103,1103
260350,1995,0,1203,1203
260350,1996,0,1407,1407
260350,1997,0,1045,1045
260350,1998,0,845,845
260350,1999,0,698,698
260350,2000,0,207,207
260350,2001,0,360,360
260350,2002,0,379,379
260350,2003,0,247,247
260350,2004,0,140,140
260350,2005,0,196,196
260350,2006,0,275,275
260350,2007,0,395,395
260350,2008,0,420,420
260350,2009,0,405,405
260350,2010,0,4750,4750
260350,2011,0,4000,4000
260350,2012,0,4059,4059
260350,2013,0,3044,3044
260350,2014,0,3052,3052
260350,2015,0,3032,3032
260350,2016,0,3032,3032
260350,2017,0,3073,3073
260350,2018,0,400,400
260350,2019,0,235,235
260350,2020,0,120,120
260350,2021,0,220,220
260360,1988,0,3256,3256
260360,1989,0,3869,3869
260360,1990,0,2999,2999
260360,1991,0,3069,3069
260360,1992,0,3392,3392
260360,1993,0,2982,2982
260360,1994,0,2977,2977
260360,1995,0,3427,3427
260360,1996,0,1581,1581
260360,1997,0,4018,4018
260360,1998,0,3419,3419
260360,1999,0,2399,2399
260360,2000,0,2636,2636
260360,2001,0,3310,3310
260360,2002,0,3415,3415
260360,2003,0,3112,3112
260360,2004,0,3376,3376
260360,2005,0,3265,3265
260360,2006,0,3272,3272
260360,2007,0,3272,3272
260360,2008,0,3417,3417
260360,2009,0,3290,3290
260360,2010,0,3409,3409
260360,2011,0,3409,3409
260360,2012,0,2929,2929
260360,2013,0,3298,3298
260360,2014,0,3298,3298
260360,2015,0,3296,3296
260360,2016,0,3296,3296
260360,2017,0,3515,3515
260360,2018,0,3371,3371
260360,2019,0,2371,2371
260360,2020,0,2114,2114
260360,2021,0,2367,2367
260370,1988,0,11327,11327
260370,1989,0,9532,9532
260370,1990,0,8061,8061
260370,1991,0,6116,6116
260370,1992,0,6171,6171
260370,1993,0,7004,7004
260370,1994,0,5307,5307
260370,1995,0,4837,4837
260370,1996,0,6013,6013
260370,1997,0,5699,5699
260370,1998,0,4258,4258
260370,1999,0,4200,4200
260370,2000,0,4029,4029
260370,2001,0,3376,3376
260370,2002,0,4324,4324
260370,2003,0,3862,3862
260370,2004,0,3659,3659
260370,2005,0,3552,3552
260370,2006,0,3674,3674
260370,2007,0,3582,3582
260370,2008,0,3859,3859
260370,2009,0,3035,3035
260370,2010,0,2765,2765
260370,2011,0,3004,3004
260370,2012,0,2242,2242
260370,2013,0,2407,2407
260370,2014,0,5908,5908
260370,2015,0,5860,5860
260370,2016,0,9010,9010
260370,2017,0,3215,3215
260370,2018,0,1810,1810
260370,2019,0,2692,2692
260370,2020,0,2392,2392
260370,2021,0,2692,2692
260380,1988,0,11238,11238
260380,1989,0,11099,11099
260380,1990,0,10339,10339
260380,1991,0,10656,10656
260380,1992,0,5517,5517
260380,1993,0,9033,9033
260380,1994,0,8545,8545
260380,1995,0,8509,8509
260380,1996,0,8323,8323
260380,1997,0,9400,9400
260380,1998,0,6087,6087
260380,1999,0,6685,6685
260380,2000,0,6281,6281
260380,2001,0,6246,6246
260380,2002,0,7055,7055
260380,2003,0,6792,6792
260380,2004,0,7547,7547
260380,2005,0,7528,7528
260380,2006,0,7781,7781
260380,2007,0,7679,7679
260380,2008,0,9031,9031
260380,2009,0,7041,7041
260380,2010,0,6439,6439
260380,2011,0,5979,5979
260380,2012,0,4531,4531
260380,2013,0,3768,3768
260380,2014,0,4368,4368
260380,2015,0,4368,4368
260380,2016,0,4368,4368
260380,2017,0,3918,3918
260380,2018,0,1992,1992
260380,2019,0,1548,1548
260380,2020,0,1660,1660
260380,2021,0,1408,1408
260390,1988,0,17405,17405
260390,1989,0,17437,17437
260390,1990,0,2047,2047
260390,1991,0,31167,31167
260390,1992,0,29212,29212
260390,1993,0,13160,13160
260390,1994,0,22784,22784
260390,1995,0,18690,18690
260390,1996,0,24876,24876
260390,1997,0,18784,18784
260390,1998,0,17149,17149
260390,1999,0,21812,21812
260390,2000,0,21674,21674
260390,2001,0,21366,21366
260390,2002,0,26989,26989
260390,2003,0,27152,27152
260390,2004,0,27648,27648
260390,2005,0,17806,17806
260390,2006,0,17782,17782
260390,2007,0,19022,19022
260390,2008,0,19408,19408
260390,2009,0,19404,19404
260390,2010,0,21723,21723
260390,2011,0,20846,20846
260390,2012,0,21896,21896
260390,2013,0,1625,1625
260390,2014,0,13748,13748
260390,2015,0,11377,11377
260390,2016,0,11553,11553
260390,2017,0,12275,12275
260390,2018,0,13771,13771
260390,2019,0,11829,11829
260390,2020,0,11789,11789
260390,2021,0,12888,12888
260400,1988,0,7214,7214
260400,1989,0,7199,7199
260400,1990,0,6066,6066
260400,1991,0,5976,5976
260400,1992,0,5804,5804
260400,1993,0,4748,4748
260400,1994,0,5360,5360
260400,1995,0,4580,4580
260400,1996,0,3467,3467
260400,1997,0,5205,5205
260400,1998,0,5119,5119
260400,1999,0,5343,5343
260400,2000,0,4378,4378
260400,2001,0,5545,5545
260400,2002,0,10621,10621
260400,2003,0,5429,5429
260400,2004,0,5161,5161
260400,2005,0,5410,5410
260400,2006,0,5379,5379
260400,2007,0,5573,5573
260400,2008,0,5690,5690
260400,2009,0,5559,5559
260400,2010,0,5580,5580
260400,2011,0,5711,5711
260400,2012,0,2562,2562
260400,2013,0,3500,3500
260400,2014,0,3500,3500
260400,2015,0,3510,3510
260400,2016,0,1921,1921
260400,2017,0,2763,2763
260400,2018,0,2815,2815
260400,2019,0,2781,2781
260400,2020,0,2495,2495
260400,2021,0,2653,2653
260410,1988,0,3408,3408
260410,1989,0,6971,6971
260410,1990,0,7955,7955
260410,1991,0,8646,8646
260410,1992,0,8881,8881
260410,1993,0,4070,4070
260410,1994,0,7967,7967
260410,1995,0,7142,7142
260410,1996,0,7728,7728
260410,1997,0,7865,7865
260410,1998,0,4110,4110
260410,1999,0,5590,5590
260410,2000,0,4158,4158
260410,2001,0,5843,5843
260410,2002,0,2076,2076
260410,2003,0,1362,1362
260410,2004,0,1909,1909
260410,2005,0,1817,1817
260410,2006,0,1793,1793
260410,2007,0,1987,1987
260410,2008,0,2606,2606
260410,2009,0,2424,2424
260410,2010,0,3259,3259
260410,2011,0,3312,3312
260410,2012,0,1874,1874
260410,2013,0,1656,1656
260410,2014,0,1000,1000
260410,2015,0,1000,1000
260410,2016,0,852,852
260410,2017,0,949,949
260410,2018,0,2179,2179
260410,2019,0,1665,1665
260410,2020,0,1558,1558
260410,2021,0,1813,1813
260420,1988,0,3644,3644
260420,1989,0,5949,5949
260420,1990,0,6693,6693
260420,1991,0,6896,6896
260420,1992,0,8374,8374
260420,1993,0,4679,4679
260420,1994,0,6577,6577
260420,1995,0,5319,5319
260420,1996,0,5825,5825
260420,1997,0,7281,7281
260420,1998,0,7279,7279
260420,1999,0,4061,4061
260420,2000,0,4855,4855
260420,2001,0,5043,5043
260420,2002,0,5307,5307
260420,2003,0,4817,4817
260420,2004,0,5035,5035
260420,2005,0,5222,5222
260420,2006,0,5022,5022
260420,2007,0,4760,4760
260420,2008,0,6739,6739
260420,2009,0,5216,5216
260420,2010,0,5282,5282
260420,2011,0,5110,5110
260420,2012,0,4930,4930
260420,2013,0,1651,1651
260420,2014,0,1634,1634
260420,2015,0,1702,1702
260420,2016,0,1630,1630
260420,2017,0,768,768
260420,2018,0,705,705
260420,2019,0,905,905
260420,2020,0,1454,1454
260420,2021,0,1477,1477
260430,1988,0,7187,7187
260430,1989,0,5772,5772
260430,1990,0,4819,4819
260430,1991,0,5155,5155
260430,1992,0,4645,4645
260430,1993,0,2286,2286
260430,1994,0,5133,5133
260430,1995,0,5003,5003
260430,1996,0,5148,5148
260430,1997,0,5144,5144
260430,1998,0,398,398
260430,1999,0,3998,3998
260430,2000,0,4369,4369
260430,2001,0,4231,4231
260430,2002,0,4259,4259
260430,2003,0,4589,4589
260430,2004,0,5311,5311
260430,2005,0,4210,4210
260430,2006,0,5008,5008
260430,2007,0,5535,5535
260430,2008,0,4607,4607
260430,2009,0,5122,5122
260430,2010,0,4724,4724
260430,2011,0,5839,5839
260430,2012,0,751,751
260430,2013,0,463,463
260430,2014,0,2943,2943
260430,2015,0,854,854
260430,2016,0,2446,2446
260430,2017,0,846,846
260430,2018,0,1267,1267
260430,2019,0,1806,1806
260430,2020,0,2018,2018
260430,2021,0,2493,2493
260440,1988,0,6995,6995
260440,1989,0,5820,5820
260440,1990,0,6895,6895
260440,1991,0,5678,5678
260440,1992,0,5678,5678
260440,1993,0,3478,3478
260440,1994,0,6823,6823
260440,1995,0,7776,7776
260440,1996,0,8347,8347
260440,1997,0,10297,10297
260440,1998,0,7070,7070
260440,1999,0,5197,5197
260440,2000,0,6731,6731
260440,2001,0,7250,7250
260440,2002,0,6418,6418
260440,2003,0,4435,4435
260440,2004,0,4836,4836
260440,2005,0,2736,2736
260440,2006,0,2317,2317
260440,2007,0,2722,2722
260440,2008,0,3733,3733
260440,2009,0,2768,2768
260440,2010,0,3768,3768
260440,2011,0,3668,3668
260440,2012,0,3708,3708
260440,2013,0,3200,3200
260440,2014,0,3200,3200
260440,2015,0,3200,3200
260440,2016,0,3356,3356
260440,2017,0,2803,2803
260440,2018,0,2722,2722
260440,2019,0,2719,2719
260440,2020,0,2725,2725
260440,2021,0,2725,2725
260450,1988,0,2377,2377
260450,1989,0,2478,2478
260450,1990,0,2478,2478
260450,1991,0,2479,2479
260450,1992,0,2479,2479
260450,1993,0,2453,2453
260450,1994,0,1704,1704
260450,1995,0,1700,1700
260450,1996,0,1307,1307
260450,1997,0,1360,1360
260450,1998,0,883,883
260450,1999,0,773,773
260450,2000,0,1003,1003
260450,2001,0,908,908
260450,2002,0,485,485
260450,2003,0,518,518
260450,2004,0,492,492
260450,2005,0,461,461
260450,2006,0,373,373
260450,2007,0,373,373
260450,2008,0,440,440
260450,2009,0,360,360
260450,2010,0,360,360
260450,2011,0,355,355
260450,2012,0,607,607
260450,2013,0,440,440
260450,2014,0,385,385
260450,2015,0,385,385
260450,2016,0,385,385
260450,2017,0,435,435
260450,2018,0,265,265
260450,2019,0,225,225
260450,2020,0,315,315
260450,2021,0,315,315
260460,1988,0,5895,5895
260460,1989,0,5895,5895
260460,1990,0,5345,5345
260460,1991,0,5875,5875
260460,1992,0,6089,6089
260460,1993,0,6115,6115
260460,1994,0,4731,4731
260460,1995,0,6371,6371
260460,1996,0,4464,4464
260460,1997,0,7104,7104
260460,1998,0,5787,5787
260460,1999,0,5397,5397
260460,2000,0,4132,4132
260460,2001,0,5774,5774
260460,2002,0,5803,5803
260460,2003,0,4578,4578
260460,2004,0,4873,4873
260460,2005,0,4745,4745
260460,2006,0,4880,4880
260460,2007,0,5039,5039
260460,2008,0,5375,5375
260460,2009,0,5075,5075
260460,2010,0,5064,5064
260460,2011,0,5064,5064
260460,2012,0,5064,5064
260460,2013,0,5165,5165
260460,2014,0,5159,5159
260460,2015,0,5159,5159
260460,2016,0,5159,5159
260460,2017,0,5074,5074
260460,2018,0,4804,4804
260460,2019,0,2078,2078
260460,2020,0,1875,1875
260460,2021,0,2076,2076
260470,1988,0,4521,4521
260470,1989,0,4023,4023
260470,1990,0,3364,3364
260470,1991,0,3856,3856
260470,1992,0,3835,3835
260470,1993,0,4264,4264
260470,1994,0,6245,6245
260470,1995,0,4347,4347
260470,1996,0,4013,4013
260470,1997,0,3810,3810
260470,1998,0,2864,2864
260470,1999,0,3175,3175
260470,2000,0,3120,3120
260470,2001,0,3388,3388
260470,2002,0,3839,3839
260470,2003,0,3564,3564
260470,2004,0,3174,3174
260470,2005,0,3143,3143
260470,2006,0,3119,3119
260470,2007,0,3006,3006
260470,2008,0,2663,2663
260470,2009,0,2123,2123
260470,2010,0,1605,1605
260470,2011,0,1500,1500
260470,2012,0,1775,1775
260470,2013,0,1271,1271
260470,2014,0,1737,1737
260470,2015,0,1737,1737
260470,2016,0,2002,2002
260470,2017,0,1616,1616
260470,2018,0,776,776
260470,2019,0,2880,2880
260470,2020,0,2430,2430
260470,2021,0,2105,2105
260480,1988,0,4987,4987
260480,1989,0,5037,5037
260480,1990,0,4867,4867
260480,1991,0,4934,4934
260480,1992,0,4937,4937
260480,1993,0,3155,3155
260480,1994,0,5649,5649
260480,1995,0,5950,5950
260480,1996,0,7070,7070
260480,1997,0,7393,7393
260480,1998,0,6591,6591
260480,1999,0,4191,4191
260480,2000,0,5191,5191
260480,2001,0,6904,6904
260480,2002,0,5470,5470
260480,2003,0,4450,4450
260480,2004,0,4829,4829
260480,2005,0,4711,4711
260480,2006,0,3760,3760
260480,2007,0,3762,3762
260480,2008,0,4193,4193
260480,2009,0,4081,4081
260480,2010,0,4081,4081
260480,2011,0,3975,3975
260480,2012,0,3060,3060
260480,2013,0,4120,4120
260480,2014,0,5720,5720
260480,2015,0,5190,5190
260480,2016,0,4250,4250
260480,2017,0,2400,2400
260480,2018,0,2596,2596
260480,2019,0,2078,2078
260480,2020,0,1659,1659
260480,2021,0,1659,1659
260490,1988,0,5244,5244
260490,1989,0,6472,6472
260490,1990,0,7580,7580
260490,1991,0,12505,12505
260490,1992,0,12415,12415
260490,1993,0,8337,8337
260490,1994,0,17612,17612
260490,1995,0,11208,11208
260490,1996,0,10048,10048
260490,1997,0,6530,6530
260490,1998,0,6503,6503
260490,1999,0,964,964
260490,2000,0,3450,3450
260490,2001,0,1830,1830
260490,2002,0,6507,6507
260490,2003,0,5556,5556
260490,2004,0,3036,3036
260490,2005,0,2136,2136
260490,2006,0,2136,2136
260490,2007,0,2136,2136
260490,2008,0,3491,3491
260490,2009,0,3471,3471
260490,2010,0,6943,6943
260490,2011,0,9082,9082
260490,2012,0,2727,2727
260490,2013,0,2925,2925
260490,2014,0,3258,3258
260490,2015,0,3258,3258
260490,2016,0,5318,5318
260490,2017,0,5508,5508
260490,2018,0,2446,2446
260490,2019,0,1944,1944
260490,2020,0,2556,2556
260490,2021,0,2556,2556
260500,1988,0,3426,3426
260500,1989,0,2601,2601
260500,1990,0,2141,2141
260500,1991,0,2621,2621
260500,1992,0,2796,2796
260500,1993,0,1963,1963
260500,1994,0,2343,2343
260500,1995,0,2313,2313
260500,1996,0,4617,4617
260500,1997,0,2107,2107
260500,1998,0,480,480
260500,1999,0,1436,1436
260500,2000,0,1643,1643
260500,2001,0,1795,1795
260500,2002,0,1313,1313
260500,2003,0,515,515
260500,2004,0,996,996
260500,2005,0,987,987
260500,2006,0,1303,1303
260500,2007,0,1509,1509
260500,2008,0,2012,2012
260500,2009,0,2049,2049
260500,2010,0,1010,1010
260500,2011,0,1217,1217
260500,2012,0,1212,1212
260500,2013,0,948,948
260500,2014,0,383,383
260500,2015,0,681,681
260500,2016,0,681,681
260500,2017,0,587,587
260500,2018,0,767,767
260500,2019,0,902,902
260500,2020,0,480,480
260500,2021,0,375,375
260510,1988,0,30818,30818
260510,1989,0,29528,29528
260510,1990,0,7476,7476
260510,1991,0,8896,8896
260510,1992,0,17336,17336
260510,1993,0,2486,2486
260510,1994,0,21078,21078
260510,1995,0,18157,18157
260510,1996,0,21837,21837
260510,1997,0,17323,17323
260510,1998,0,362,362
260510,1999,0,1353,1353
260510,2000,0,8490,8490
260510,2001,0,411,411
260510,2002,0,10595,10595
260510,2003,0,18330,18330
260510,2004,0,11665,11665
260510,2005,0,15335,15335
260510,2006,0,15980,15980
260510,2007,0,17330,17330
260510,2008,0,16990,16990
260510,2009,0,14870,14870
260510,2010,0,7440,7440
260510,2011,0,11500,11500
260510,2012,0,11705,11705
260510,2013,0,0,0
260510,2014,0,11400,11400
260510,2015,0,3400,3400
260510,2016,0,10400,10400
260510,2017,0,6400,6400
260510,2018,0,3165,3165
260510,2019,0,6042,6042
260510,2020,0,8032,8032
260510,2021,0,11545,11545
260520,1988,0,22210,22210
260520,1989,0,23298,23298
260520,1990,0,23552,23552
260520,1991,0,23565,23565
260520,1992,0,23757,23757
260520,1993,0,15559,15559
260520,1994,0,18577,18577
260520,1995,0,33079,33079
260520,1996,0,30845,30845
260520,1997,0,24832,24832
260520,1998,0,12583,12583
260520,1999,0,13445,13445
260520,2000,0,15884,15884
260520,2001,0,15491,15491
260520,2002,0,14179,14179
260520,2003,0,14123,14123
260520,2004,0,10689,10689
260520,2005,0,10331,10331
260520,2006,0,8253,8253
260520,2007,0,8253,8253
260520,2008,0,9280,9280
260520,2009,0,8200,8200
260520,2010,0,8203,8203
260520,2011,0,5703,5703
260520,2012,0,6595,6595
260520,2013,0,6505,6505
260520,2014,0,6655,6655
260520,2015,0,6905,6905
260520,2016,0,17605,17605
260520,2017,0,18151,18151
260520,2018,0,17927,17927
260520,2019,0,18230,18230
260520,2020,0,18450,18450
260520,2021,0,18775,18775
260530,1988,0,20372,20372
260530,1989,0,16244,16244
260530,1990,0,13080,13080
260530,1991,0,14213,14213
260530,1992,0,17775,17775
260530,1993,0,15788,15788
260530,1994,0,12196,12196
260530,1995,0,9914,9914
260530,1996,0,11131,11131
260530,1997,0,8805,8805
260530,1998,0,8577,8577
260530,1999,0,8396,8396
260530,2000,0,10130,10130
260530,2001,0,13907,13907
260530,2002,0,12584,12584
260530,2003,0,11473,11473
260530,2004,0,11576,11576
260530,2005,0,13650,13650
260530,2006,0,17350,17350
260530,2007,0,18492,18492
260530,2008,0,21025,21025
260530,2009,0,18811,18811
260530,2010,0,19011,19011
260530,2011,0,10445,10445
260530,2012,0,11718,11718
260530,2013,0,2858,2858
260530,2014,0,13988,13988
260530,2015,0,12933,12933
260530,2016,0,15474,15474
260530,2017,0,12382,12382
260530,2018,0,18670,18670
260530,2019,0,17375,17375
260530,2020,0,18235,18235
260530,2021,0,15455,15455
260540,1988,0,5990,5990
260540,1989,0,5978,5978
260540,1990,0,6229,6229
260540,1991,0,6478,6478
260540,1992,0,5483,5483
260540,1993,0,6936,6936
260540,1994,0,5567,5567
260540,1995,0,6023,6023
260540,1996,0,2676,2676
260540,1997,0,2091,2091
260540,1998,0,2151,2151
260540,1999,0,1055,1055
260540,2000,0,2023,2023
260540,2001,0,2030,2030
260540,2002,0,1599,1599
260540,2003,0,995,995
260540,2004,0,760,760
260540,2005,0,850,850
260540,2006,0,1010,1010
260540,2007,0,1210,1210
260540,2008,0,1280,1280
260540,2009,0,960,960
260540,2010,0,1136,1136
260540,2011,0,1986,1986
260540,2012,0,1540,1540
260540,2013,0,200,200
260540,2014,0,200,200
260540,2015,0,550,550
260540,2016,0,200,200
260540,2017,0,522,522
260540,2018,0,334,334
260540,2019,0,401,401
260540,2020,0,373,373
260540,2021,0,448,448
260545,1988,0,0,0
260545,1989,0,0,0
260545,1990,0,0,0
260545,1991,0,42,42
260545,1992,0,0,0
260545,1993,0,0,0
260545,1994,0,0,0
260545,1995,0,0,0
260545,1996,0,0,0
260545,1997,0,0,0
260545,1998,0,0,0
260545,1999,0,0,0
260545,2000,0,0,0
260545,2001,0,0,0
260545,2002,0,0,0
260545,2003,0,0,0
260545,2004,0,0,0
260545,2005,0,0,0
260545,2006,0,0,0
260545,2007,0,0,0
260545,2008,0,0,0
260545,2009,0,0,0
260545,2010,0,0,0
260545,2011,0,0,0
260545,2012,0,0,0
260545,2013,0,0,0
260545,2014,0,0,0
260545,2015,0,0,0
260545,2016,0,0,0
260545,2017,0,0,0
260545,2018,0,0,0
260545,2019,0,0,0
260545,2020,0,0,0
260545,2021,0,0,0
260550,1988,0,4670,4670
260550,1989,0,5900,5900
260550,1990,0,4070,4070
260550,1991,0,4102,4102
260550,1992,0,4242,4242
260550,1993,0,3990,3990
260550,1994,0,3856,3856
260550,1995,0,4432,4432
260550,1996,0,4071,4071
260550,1997,0,4698,4698
260550,1998,0,3944,3944
260550,1999,0,2837,2837
260550,2000,0,2865,2865
260550,2001,0,4033,4033
260550,2002,0,4126,4126
260550,2003,0,3595,3595
260550,2004,0,3785,3785
260550,2005,0,3708,3708
260550,2006,0,3810,3810
260550,2007,0,5199,5199
260550,2008,0,5202,5202
260550,2009,0,5199,5199
260550,2010,0,5255,5255
260550,2011,0,5255,5255
260550,2012,0,4190,4190
260550,2013,0,4254,4254
260550,2014,0,1254,1254
260550,2015,0,1420,1420
260550,2016,0,2752,2752
260550,2017,0,3109,3109
260550,2018,0,2559,2559
260550,2019,0,3064,3064
260550,2020,0,2864,2864
260550,2021,0,3053,3053
260560,1988,0,15152,15152
260560,1989,0,15182,15182
260560,1990,0,9325,9325
260560,1991,0,10407,10407
260560,1992,0,12385,12385
260560,1993,0,1295,1295
260560,1994,0,9016,9016
260560,1995,0,12903,12903
260560,1996,0,10133,10133
260560,1997,0,9084,9084
260560,1998,0,1726,1726
260560,1999,0,14846,14846
260560,2000,0,17627,17627
260560,2001,0,13624,13624
260560,2002,0,12994,12994
260560,2003,0,22477,22477
260560,2004,0,22478,22478
260560,2005,0,22805,22805
260560,2006,0,22677,22677
260560,2007,0,22553,22553
260560,2008,0,23180,23180
260560,2009,0,22568,22568
260560,2010,0,20048,20048
260560,2011,0,22514,22514
260560,2012,0,21506,21506
260560,2013,0,290,290
260560,2014,0,19307,19307
260560,2015,0,20367,20367
260560,2016,0,19290,19290
260560,2017,0,14431,14431
260560,2018,0,18408,18408
260560,2019,0,16387,16387
260560,2020,0,16317,16317
260560,2021,0,16317,16317
260570,1988,0,8347,8347
260570,1989,0,7717,7717
260570,1990,0,4527,4527
260570,1991,0,5023,5023
260570,1992,0,7450,7450
260570,1993,0,3180,3180
260570,1994,0,6988,6988
260570,1995,0,7965,7965
260570,1996,0,13820,13820
260570,1997,0,8711,8711
260570,1998,0,6381,6381
260570,1999,0,3607,3607
260570,2000,0,8038,8038
260570,2001,0,4802,4802
260570,2002,0,3780,3780
260570,2003,0,4333,4333
260570,2004,0,4776,4776
260570,2005,0,5338,5338
260570,2006,0,5399,5399
260570,2007,0,5579,5579
260570,2008,0,7486,7486
260570,2009,0,7589,7589
260570,2010,0,7985,7985
260570,2011,0,10416,10416
260570,2012,0,5570,5570
260570,2013,0,1648,1648
260570,2014,0,4999,4999
260570,2015,0,4660,4660
260570,2016,0,4614,4614
260570,2017,0,2584,2584
260570,2018,0,6023,6023
260570,2019,0,5960,5960
260570,2020,0,5629,5629
260570,2021,0,5380,5380
260580,1988,0,3612,3612
260580,1989,0,4180,4180
260580,1990,0,3992,3992
260580,1991,0,3268,3268
260580,1992,0,3758,3758
260580,1993,0,2734,2734
260580,1994,0,2692,2692
260580,1995,0,1180,1180
260580,1996,0,2462,2462
260580,1997,0,1353,1353
260580,1998,0,1313,1313
260580,1999,0,247,247
260580,2000,0,1787,1787
260580,2001,0,397,397
260580,2002,0,1328,1328
260580,2003,0,0,0
260580,2004,0,418,418
260580,2005,0,410,410
260580,2006,0,410,410
260580,2007,0,680,680
260580,2008,0,1595,1595
260580,2009,0,3210,3210
260580,2010,0,1117,1117
260580,2011,0,1542,1542
260580,2012,0,1203,1203
260580,2013,0,537,537
260580,2014,0,269,269
260580,2015,0,268,268
260580,2016,0,1104,1104
260580,2017,0,280,280
260580,2018,0,1253,1253
260580,2019,0,835,835
260580,2020,0,1188,1188
260580,2021,0,1193,1193
260590,1988,0,14797,14797
260590,1989,0,14809,14809
260590,1990,0,14582,14582
260590,1991,0,14832,14832
260590,1992,0,14832,14832
260590,1993,0,11337,11337
260590,1994,0,11311,11311
260590,1995,0,11550,11550
260590,1996,0,13540,13540
260590,1997,0,12374,12374
260590,1998,0,12374,12374
260590,1999,0,7542,7542
260590,2000,0,10459,10459
260590,2001,0,6429,6429
260590,2002,0,7585,7585
260590,2003,0,8104,8104
260590,2004,0,8708,8708
260590,2005,0,10523,10523
260590,2006,0,10619,10619
260590,2007,0,12141,12141
260590,2008,0,13159,13159
260590,2009,0,11879,11879
260590,2010,0,8280,8280
260590,2011,0,8385,8385
260590,2012,0,9307,9307
260590,2013,0,10287,10287
260590,2014,0,10287,10287
260590,2015,0,20073,20073
260590,2016,0,13013,13013
260590,2017,0,9033,9033
260590,2018,0,10350,10350
260590,2019,0,10352,10352
260590,2020,0,9404,9404
260590,2021,0,10406,10406
260600,1988,0,7523,7523
260600,1989,0,7780,7780
260600,1990,0,7067,7067
260600,1991,0,9690,9690
260600,1992,0,8160,8160
260600,1993,0,8078,8078
260600,1994,0,7701,7701
260600,1995,0,7253,7253
260600,1996,0,8167,8167
260600,1997,0,11898,11898
260600,1998,0,6191,6191
260600,1999,0,7985,7985
260600,2000,0,7774,7774
260600,2001,0,5851,5851
260600,2002,0,6473,6473
260600,2003,0,6358,6358
260600,2004,0,6311,6311
260600,2005,0,6412,6412
260600,2006,0,6213,6213
260600,2007,0,5726,5726
260600,2008,0,6717,6717
260600,2009,0,4987,4987
260600,2010,0,3904,3904
260600,2011,0,4254,4254
260600,2012,0,5763,5763
260600,2013,0,3584,3584
260600,2014,0,3920,3920
260600,2015,0,1684,1684
260600,2016,0,3689,3689
260600,2017,0,3816,3816
260600,2018,0,2470,2470
260600,2019,0,2974,2974
260600,2020,0,3103,3103
260600,2021,0,2822,2822
260610,1988,0,13060,13060
260610,1989,0,12995,12995
260610,1990,0,13850,13850
260610,1991,0,13203,13203
260610,1992,0,13203,13203
260610,1993,0,11513,11513
260610,1994,0,7528,7528
260610,1995,0,8125,8125
260610,1996,0,10896,10896
260610,1997,0,11429,11429
260610,1998,0,7079,7079
260610,1999,0,5609,5609
260610,2000,0,4484,4484
260610,2001,0,4165,4165
260610,2002,0,4138,4138
260610,2003,0,3868,3868
260610,2004,0,3621,3621
260610,2005,0,3443,3443
260610,2006,0,2740,2740
260610,2007,0,2795,2795
260610,2008,0,3533,3533
260610,2009,0,3775,3775
260610,2010,0,3825,3825
260610,2011,0,3553,3553
260610,2012,0,3930,3930
260610,2013,0,2300,2300
260610,2014,0,2300,2300
260610,2015,0,2700,2700
260610,2016,0,1800,1800
260610,2017,0,1891,1891
260610,2018,0,2030,2030
260610,2019,0,2165,2165
260610,2020,0,1957,1957
260610,2021,300,2652,2352
260620,1988,0,24363,24363
260620,1989,0,24363,24363
260620,1990,0,22109,22109
260620,1991,0,22349,22349
260620,1992,0,22729,22729
260620,1993,0,22725,22725
260620,1994,0,17380,17380
260620,1995,0,20675,20675
260620,1996,0,20207,20207
260620,1997,0,20147,20147
260620,1998,0,19293,19293
260620,1999,0,16978,16978
260620,2000,0,16218,16218
260620,2001,0,19083,19083
260620,2002,0,19959,19959
260620,2003,0,18059,18059
260620,2004,0,20629,20629
260620,2005,0,21244,21244
260620,2006,0,21764,21764
260620,2007,0,21767,21767
260620,2008,0,23360,23360
260620,2009,0,22692,22692
260620,2010,0,14639,14639
260620,2011,0,14639,14639
260620,2012,0,12633,12633
260620,2013,0,14313,14313
260620,2014,0,14313,14313
260620,2015,0,14408,14408
260620,2016,0,11509,11509
260620,2017,0,12307,12307
260620,2018,0,12161,12161
260620,2019,0,13042,13042
260620,2020,0,10002,10002
260620,2021,0,10247,10247
260630,1988,0,6536,6536
260630,1989,0,5567,5567
260630,1990,0,3001,3001
260630,1991,0,3864,3864
260630,1992,0,5011,5011
260630,1993,0,5194,5194
260630,1994,0,4808,4808
260630,1995,0,4193,4193
260630,1996,0,2639,2639
260630,1997,0,3696,3696
260630,1998,0,3545,3545
260630,1999,0,5241,5241
260630,2000,0,5280,5280
260630,2001,0,5330,5330
260630,2002,0,7515,7515
260630,2003,0,7500,7500
260630,2004,0,6800,6800
260630,2005,0,6800,6800
260630,2006,0,2820,2820
260630,2007,0,2370,2370
260630,2008,0,3140,3140
260630,2009,0,2641,2641
260630,2010,0,4682,4682
260630,2011,0,4361,4361
260630,2012,0,4055,4055
260630,2013,0,200,200
260630,2014,0,260,260
260630,2015,0,400,400
260630,2016,0,242,242
260630,2017,0,1100,1100
260630,2018,0,1400,1400
260630,2019,0,800,800
260630,2020,0,1220,1220
260630,2021,0,1186,1186
260640,1988,0,4588,4588
260640,1989,0,4574,4574
260640,1990,0,4495,4495
260640,1991,0,5313,5313
260640,1992,0,5530,5530
260640,1993,0,2259,2259
260640,1994,0,4472,4472
260640,1995,0,2901,2901
260640,1996,0,5639,5639
260640,1997,0,3066,3066
260640,1998,0,1525,1525
260640,1999,0,1404,1404
260640,2000,0,1704,1704
260640,2001,0,1167,1167
260640,2002,0,801,801
260640,2003,0,677,677
260640,2004,0,910,910
260640,2005,0,876,876
260640,2006,0,722,722
260640,2007,0,725,725
260640,2008,0,842,842
260640,2009,0,665,665
260640,2010,0,1473,1473
260640,2011,0,1443,1443
260640,2012,0,808,808
260640,2013,0,750,750
260640,2014,0,480,480
260640,2015,0,420,420
260640,2016,0,1470,1470
260640,2017,0,550,550
260640,2018,0,675,675
260640,2019,0,1290,1290
260640,2020,0,740,740
260640,2021,0,762,762
260650,1988,0,10620,10620
260650,1989,0,10850,10850
260650,1990,0,10350,10350
260650,1991,0,6855,6855
260650,1992,0,3783,3783
260650,1993,0,6428,6428
260650,1994,0,8172,8172
260650,1995,0,9992,9992
260650,1996,0,6874,6874
260650,1997,0,7604,7604
260650,1998,0,1340,1340
260650,1999,0,5200,5200
260650,2000,0,6800,6800
260650,2001,0,6530,6530
260650,2002,0,8752,8752
260650,2003,0,7252,7252
260650,2004,0,8048,8048
260650,2005,0,8035,8035
260650,2006,0,7809,7809
260650,2007,0,7649,7649
260650,2008,0,10176,10176
260650,2009,0,8760,8760
260650,2010,0,2563,2563
260650,2011,0,3093,3093
260650,2012,0,4874,4874
260650,2013,0,2732,2732
260650,2014,0,3759,3759
260650,2015,0,3207,3207
260650,2016,0,5458,5458
260650,2017,0,4012,4012
260650,2018,0,3405,3405
260650,2019,0,2453,2453
260650,2020,0,3111,3111
260650,2021,0,3261,3261
260660,1988,0,10396,10396
260660,1989,0,12120,12120
260660,1990,0,4917,4917
260660,1991,0,7582,7582
260660,1992,0,4931,4931
260660,1993,0,932,932
260660,1994,0,4416,4416
260660,1995,0,3020,3020
260660,1996,0,7668,7668
260660,1997,0,5445,5445
260660,1998,0,105,105
260660,1999,0,850,850
260660,2000,0,3380,3380
260660,2001,0,1207,1207
260660,2002,0,3787,3787
260660,2003,0,2395,2395
260660,2004,0,4022,4022
260660,2005,0,6002,6002
260660,2006,0,11460,11460
260660,2007,0,12300,12300
260660,2008,0,9900,9900
260660,2009,0,10000,10000
260660,2010,0,9600,9600
260660,2011,0,9320,9320
260660,2012,0,8061,8061
260660,2013,0,1885,1885
260660,2014,0,4790,4790
260660,2015,0,2760,2760
260660,2016,0,3150,3150
260660,2017,0,1860,1860
260660,2018,0,795,795
260660,2019,0,1005,1005
260660,2020,0,5875,5875
260660,2021,0,1675,1675
260670,1988,0,1885,1885
260670,1989,0,4150,4150
260670,1990,0,4185,4185
260670,1991,0,4125,4125
260670,1992,0,4940,4940
260670,1993,0,2775,2775
260670,1994,0,2865,2865
260670,1995,0,3215,3215
260670,1996,0,3285,3285
260670,1997,0,4195,4195
260670,1998,0,310,310
260670,1999,0,2420,2420
260670,2000,0,1949,1949
260670,2001,0,2015,2015
260670,2002,0,3315,3315
260670,2003,0,3015,3015
260670,2004,0,3025,3025
260670,2005,0,3125,3125
260670,2006,0,3075,3075
260670,2007,0,1310,1310
260670,2008,0,2120,2120
260670,2009,0,2110,2110
260670,2010,0,2530,2530
260670,2011,0,2440,2440
260670,2012,0,2270,2270
260670,2013,0,20,20
260670,2014,0,1205,1205
260670,2015,0,1405,1405
260670,2016,0,2005,2005
260670,2017,0,1900,1900
260670,2018,0,2000,2000
260670,2019,0,1350,1350
260670,2020,0,1060,1060
260670,2021,0,1010,1010
260680,1988,0,20650,20650
260680,1989,0,14377,14377
260680,1990,0,18535,18535
260680,1991,0,16135,16135
260680,1992,0,18705,18705
260680,1993,0,14405,14405
260680,1994,0,14470,14470
260680,1995,0,14685,14685
260680,1996,0,16878,16878
260680,1997,0,17027,17027
260680,1998,0,17012,17012
260680,1999,0,12946,12946
260680,2000,0,9336,9336
260680,2001,0,10804,10804
260680,2002,0,10659,10659
260680,2003,0,11625,11625
260680,2004,0,13003,13003
260680,2005,0,12800,12800
260680,2006,0,11759,11759
260680,2007,0,14630,14630
260680,2008,0,12121,12121
260680,2009,0,10903,10903
260680,2010,0,10140,10140
260680,2011,0,9863,9863
260680,2012,0,8582,8582
260680,2013,0,9692,9692
260680,2014,0,9672,9672
260680,2015,0,7756,7756
260680,2016,0,7282,7282
260680,2017,0,9356,9356
260680,2018,0,7942,7942
260680,2019,0,7830,7830
260680,2020,0,9238,9238
260680,2021,0,7424,7424
260690,1988,0,9761,9761
260690,1989,0,4407,4407
260690,1990,0,1917,1917
260690,1991,0,14046,14046
260690,1992,0,20991,20991
260690,1993,0,5128,5128
260690,1994,0,20684,20684
260690,1995,0,13539,13539
260690,1996,0,7212,7212
260690,1997,0,11554,11554
260690,1998,0,835,835
260690,1999,0,6306,6306
260690,2000,0,8299,8299
260690,2001,0,8221,8221
260690,2002,0,12100,12100
260690,2003,0,12094,12094
260690,2004,0,13155,13155
260690,2005,0,12152,12152
260690,2006,0,12118,12118
260690,2007,0,9195,9195
260690,2008,0,9298,9298
260690,2009,0,9272,9272
260690,2010,0,8411,8411
260690,2011,0,10786,10786
260690,2012,0,11766,11766
260690,2013,0,811,811
260690,2014,0,5592,5592
260690,2015,0,5614,5614
260690,2016,0,4686,4686
260690,2017,0,4261,4261
260690,2018,0,4861,4861
260690,2019,0,4724,4724
260690,2020,0,4953,4953
260690,2021,0,5569,5569
260700,1988,0,13415,13415
260700,1989,0,17438,17438
260700,1990,0,17399,17399
260700,1991,0,15062,15062
260700,1992,0,19112,19112
260700,1993,0,4794,4794
260700,1994,0,18019,18019
260700,1995,0,12079,12079
260700,1996,0,22573,22573
260700,1997,0,11816,11816
260700,1998,0,40,40
260700,1999,0,1610,1610
260700,2000,0,8855,8855
260700,2001,0,2545,2545
260700,2002,0,8285,8285
260700,2003,0,10560,10560
260700,2004,0,5626,5626
260700,2005,0,6726,6726
260700,2006,0,13829,13829
260700,2007,0,14469,14469
260700,2008,0,16859,16859
260700,2009,0,18696,18696
260700,2010,0,14810,14810
260700,2011,0,16440,16440
260700,2012,0,6172,6172
260700,2013,0,4250,4250
260700,2014,0,16601,16601
260700,2015,0,11120,11120
260700,2016,0,17307,17307
260700,2017,0,16355,16355
260700,2018,0,2437,2437
260700,2019,0,7520,7520
260700,2020,0,7430,7430
260700,2021,0,4600,4600
260710,1988,0,6736,6736
260710,1989,0,8035,8035
260710,1990,0,2682,2682
260710,1991,0,7319,7319
260710,1992,0,8312,8312
260710,1993,0,1744,1744
260710,1994,0,8209,8209
260710,1995,0,8186,8186
260710,1996,0,4660,4660
260710,1997,0,5911,5911
260710,1998,0,684,684
260710,1999,0,3832,3832
260710,2000,0,6192,6192
260710,2001,0,6845,6845
260710,2002,0,6059,6059
260710,2003,0,8122,8122
260710,2004,0,8149,8149
260710,2005,0,8080,8080
260710,2006,0,8077,8077
260710,2007,0,8061,8061
260710,2008,0,8052,8052
260710,2009,0,8056,8056
260710,2010,0,8264,8264
260710,2011,0,6180,6180
260710,2012,0,6581,6581
260710,2013,0,292,292
260710,2014,0,3096,3096
260710,2015,0,3095,3095
260710,2016,0,2035,2035
260710,2017,0,2119,2119
260710,2018,0,2622,2622
260710,2019,0,1521,1521
260710,2020,0,1198,1198
260710,2021,0,1210,1210
260720,1988,0,19992,19992
260720,1989,0,21213,21213
260720,1990,0,20941,20941
260720,1991,0,20953,20953
260720,1992,0,22993,22993
260720,1993,0,17813,17813
260720,1994,0,14833,14833
260720,1995,0,16653,16653
260720,1996,0,21055,21055
260720,1997,0,17024,17024
260720,1998,0,17010,17010
260720,1999,0,18265,18265
260720,2000,0,21765,21765
260720,2001,0,21830,21830
260720,2002,0,21910,21910
260720,2003,0,21930,21930
260720,2004,0,21930,21930
260720,2005,0,21330,21330
260720,2006,0,7255,7255
260720,2007,0,7255,7255
260720,2008,0,9255,9255
260720,2009,0,7255,7255
260720,2010,0,5265,5265
260720,2011,0,5185,5185
260720,2012,0,8135,8135
260720,2013,0,8580,8580
260720,2014,0,7070,7070
260720,2015,0,8600,8600
260720,2016,0,6520,6520
260720,2017,0,8020,8020
260720,2018,0,22854,22854
260720,2019,0,23755,23755
260720,2020,0,25693,25693
260720,2021,0,30620,30620
260730,1988,0,14198,14198
260730,1989,0,11664,11664
260730,1990,0,7662,7662
260730,1991,0,10477,10477
260730,1992,0,9591,9591
260730,1993,0,8603,8603
260730,1994,0,15587,15587
260730,1995,0,12973,12973
260730,1996,0,10636,10636
260730,1997,0,12185,12185
260730,1998,0,12757,12757
260730,1999,0,11166,11166
260730,2000,0,11032,11032
260730,2001,0,11735,11735
260730,2002,0,13110,13110
260730,2003,0,9790,9790
260730,2004,0,11148,11148
260730,2005,0,11228,11228
260730,2006,0,12710,12710
260730,2007,0,10330,10330
260730,2008,0,18190,18190
260730,2009,0,10455,10455
260730,2010,0,10565,10565
260730,2011,0,11767,11767
260730,2012,0,11712,11712
260730,2013,0,2348,2348
260730,2014,0,9665,9665
260730,2015,0,10225,10225
260730,2016,0,11100,11100
260730,2017,0,8937,8937
260730,2018,0,13090,13090
260730,2019,0,15250,15250
260730,2020,0,15294,15294
260730,2021,0,13068,13068
260740,1988,0,46,46
260740,1989,0,211,211
260740,1990,0,299,299
260740,1991,0,287,287
260740,1992,0,414,414
260740,1993,0,207,207
260740,1994,0,364,364
260740,1995,0,318,318
260740,1996,0,362,362
260740,1997,0,424,424
260740,1998,0,424,424
260740,1999,0,790,790
260740,2000,0,630,630
260740,2001,0,773,773
260740,2002,0,845,845
260740,2003,0,489,489
260740,2004,0,824,824
260740,2005,0,858,858
260740,2006,0,773,773
260740,2007,0,868,868
260740,2008,0,828,828
260740,2009,0,935,935
260740,2010,0,985,985
260740,2011,0,1998,1998
260740,2012,0,800,800
260740,2013,0,80,80
260740,2014,0,75,75
260740,2015,0,50,50
260740,2016,0,85,85
260740,2017,0,65,65
260740,2018,0,191,191
260740,2019,0,356,356
260740,2020,0,318,318
260740,2021,0,294,294
260750,1988,0,18672,18672
260750,1989,0,21739,21739
260750,1990,0,21559,21559
260750,1991,0,21536,21536
260750,1992,0,9236,9236
260750,1993,0,1185,1185
260750,1994,0,17193,17193
260750,1995,0,8988,8988
260750,1996,0,14576,14576
260750,1997,0,11202,11202
260750,1998,0,40,40
260750,1999,0,3155,3155
260750,2000,0,8470,8470
260750,2001,0,2710,2710
260750,2002,0,7650,7650
260750,2003,0,8240,8240
260750,2004,0,7450,7450
260750,2005,0,10000,10000
260750,2006,0,15700,15700
260750,2007,0,15900,15900
260750,2008,0,15250,15250
260750,2009,0,13180,13180
260750,2010,0,8260,8260
260750,2011,0,9980,9980
260750,2012,0,2050,2050
260750,2013,0,2500,2500
260750,2014,0,10000,10000
260750,2015,0,5000,5000
260750,2016,0,11000,11000
260750,2017,0,11000,11000
260750,2018,0,2768,2768
260750,2019,0,4515,4515
260750,2020,0,7836,7836
260750,2021,0,2513,2513
260760,1988,0,1199,1199
260760,1989,0,1315,1315
260760,1990,0,1412,1412
260760,1991,0,1202,1202
260760,1992,0,1152,1152
260760,1993,0,1180,1180
260760,1994,0,1285,1285
260760,1995,0,1285,1285
260760,1996,0,1295,1295
260760,1997,0,1315,1315
260760,1998,0,1315,1315
260760,1999,0,1195,1195
260760,2000,0,615,615
260760,2001,0,550,550
260760,2002,0,400,400
260760,2003,0,800,800
260760,2004,0,600,600
260760,2005,0,613,613
260760,2006,0,708,708
260760,2007,0,1424,1424
260760,2008,0,1412,1412
260760,2009,0,1424,1424
260760,2010,0,1252,1252
260760,2011,0,1172,1172
260760,2012,0,110,110
260760,2013,0,110,110
260760,2014,0,90,90
260760,2015,0,10,10
260760,2016,0,10,10
260760,2017,0,10,10
260760,2018,0,10,10
260760,2019,0,11,11
260760,2020,0,18,18
260760,2021,0,17,17
260765,1988,0,20337,20337
260765,1989,0,20337,20337
260765,1990,0,18037,18037
260765,1991,0,18613,18613
260765,1992,0,19761,19761
260765,1993,0,19918,19918
260765,1994,0,16721,16721
260765,1995,0,21289,21289
260765,1996,0,21881,21881
260765,1997,0,22498,22498
260765,1998,0,21296,21296
260765,1999,0,19930,19930
260765,2000,0,18279,18279
260765,2001,0,21505,21505
260765,2002,0,21593,21593
260765,2003,0,18969,18969
260765,2004,0,19461,19461
260765,2005,0,20123,20123
260765,2006,0,20771,20771
260765,2007,0,20755,20755
260765,2008,0,21821,21821
260765,2009,0,20769,20769
260765,2010,0,12214,12214
260765,2011,0,12214,12214
260765,2012,0,10190,10190
260765,2013,0,11752,11752
260765,2014,0,15252,15252
260765,2015,0,15252,15252
260765,2016,0,15252,15252
260765,2017,0,15232,15232
260765,2018,0,15246,15246
260765,2019,0,15250,15250
260765,2020,0,14647,14647
260765,2021,0,15136,15136
260770,1988,0,4686,4686
260770,1989,0,6808,6808
260770,1990,0,670,670
260770,1991,0,8082,8082
260770,1992,0,10051,10051
260770,1993,0,4599,4599
260770,1994,0,10293,10293
260770,1995,0,10298,10298
260770,1996,0,10888,10888
260770,1997,0,12362,12362
260770,1998,0,1272,1272
260770,1999,0,6048,6048
260770,2000,0,8332,8332
260770,2001,0,8277,8277
260770,2002,0,8233,8233
260770,2003,0,8216,8216
260770,2004,0,8248,8248
260770,2005,0,7223,7223
260770,2006,0,7228,7228
260770,2007,0,7206,7206
260770,2008,0,7208,7208
260770,2009,0,7217,7217
260770,2010,0,7582,7582
260770,2011,0,6333,6333
260770,2012,0,6330,6330
260770,2013,0,248,248
260770,2014,0,5044,5044
260770,2015,0,8132,8132
260770,2016,0,7615,7615
260770,2017,0,5053,5053
260770,2018,0,5254,5254
260770,2019,0,3881,3881
260770,2020,0,3696,3696
260770,2021,0,3699,3699
260775,1988,0,6300,6300
260775,1989,0,5330,5330
260775,1990,0,5370,5370
260775,1991,0,2200,2200
260775,1992,0,2650,2650
260775,1993,0,5480,5480
260775,1994,0,2700,2700
260775,1995,0,2600,2600
260775,1996,0,2810,2810
260775,1997,0,2878,2878
260775,1998,0,2878,2878
260775,1999,0,3320,3320
260775,2000,0,2425,2425
260775,2001,0,2573,2573
260775,2002,0,2689,2689
260775,2003,0,3184,3184
260775,2004,0,3722,3722
260775,2005,0,3608,3608
260775,2006,0,3114,3114
260775,2007,0,1411,1411
260775,2008,0,1423,1423
260775,2009,0,1231,1231
260775,2010,0,1691,1691
260775,2011,0,1830,1830
260775,2012,0,1654,1654
260775,2013,0,2378,2378
260775,2014,0,2344,2344
260775,2015,0,1514,1514
260775,2016,0,1520,1520
260775,2017,0,1963,1963
260775,2018,0,1882,1882
260775,2019,0,1847,1847
260775,2020,0,1849,1849
260775,2021,0,1849,1849
260780,1988,0,11335,11335
260780,1989,0,11335,11335
260780,1990,0,10333,10333
260780,1991,0,10502,10502
260780,1992,0,12128,12128
260780,1993,0,12128,12128
260780,1994,0,10613,10613
260780,1995,0,13563,13563
260780,1996,0,13455,13455
260780,1997,0,14453,14453
260780,1998,0,13887,13887
260780,1999,0,12356,12356
260780,2000,0,8385,8385
260780,2001,0,8714,8714
260780,2002,0,8771,8771
260780,2003,0,7465,7465
260780,2004,0,7674,7674
260780,2005,0,7606,7606
260780,2006,0,7663,7663
260780,2007,0,7663,7663
260780,2008,0,8375,8375
260780,2009,0,7663,7663
260780,2010,0,5192,5192
260780,2011,0,5192,5192
260780,2012,0,5179,5179
260780,2013,0,5159,5159
260780,2014,0,9159,9159
260780,2015,0,9157,9157
260780,2016,0,3594,3594
260780,2017,0,5270,5270
260780,2018,0,5187,5187
260780,2019,0,5189,5189
260780,2020,0,4889,4889
260780,2021,0,5179,5179
260790,1988,0,5175,5175
260790,1989,0,10195,10195
260790,1990,0,14219,14219
260790,1991,0,14297,14297
260790,1992,0,13267,13267
260790,1993,0,12385,12385
260790,1994,0,9385,9385
260790,1995,0,8410,8410
260790,1996,0,5987,5987
260790,1997,0,6430,6430
260790,1998,0,6410,6410
260790,1999,0,5941,5941
260790,2000,0,5337,5337
260790,2001,0,9793,9793
260790,2002,0,9934,9934
260790,2003,0,9774,9774
260790,2004,0,9774,9774
260790,2005,0,9739,9739
260790,2006,0,9738,9738
260790,2007,0,9779,9779
260790,2008,0,9779,9779
260790,2009,0,9769,9769
260790,2010,0,9809,9809
260790,2011,0,4774,4774
260790,2012,0,6234,6234
260790,2013,0,6180,6180
260790,2014,0,6160,6160
260790,2015,0,6100,6100
260790,2016,0,5100,5100
260790,2017,0,5100,5100
260790,2018,0,4699,4699
260790,2019,0,1695,1695
260790,2020,0,3049,3049
260790,2021,0,7570,7570
260800,1988,0,456,456
260800,1989,0,603,603
260800,1990,0,661,661
260800,1991,0,1455,1455
260800,1992,0,1795,1795
260800,1993,0,1203,1203
260800,1994,0,1611,1611
260800,1995,0,1612,1612
260800,1996,0,4435,4435
260800,1997,0,1684,1684
260800,1998,0,464,464
260800,1999,0,1475,1475
260800,2000,0,1289,1289
260800,2001,0,1638,1638
260800,2002,0,745,745
260800,2003,0,473,473
260800,2004,0,581,581
260800,2005,0,705,705
260800,2006,0,1335,1335
260800,2007,0,1101,1101
260800,2008,0,1475,1475
260800,2009,0,1538,1538
260800,2010,0,639,639
260800,2011,0,1038,1038
260800,2012,0,1254,1254
260800,2013,0,506,506
260800,2014,0,536,536
260800,2015,0,536,536
260800,2016,0,506,506
260800,2017,0,536,536
260800,2018,0,536,536
260800,2019,0,510,510
260800,2020,0,500,500
260800,2021,0,410,410
260810,1988,0,6594,6594
260810,1989,0,7099,7099
260810,1990,0,6568,6568
260810,1991,0,7322,7322
260810,1992,0,3508,3508
260810,1993,0,3889,3889
260810,1994,0,7707,7707
260810,1995,0,8099,8099
260810,1996,0,8696,8696
260810,1997,0,8024,8024
260810,1998,0,8169,8169
260810,1999,0,2782,2782
260810,2000,0,3832,3832
260810,2001,0,1049,1049
260810,2002,0,2736,2736
260810,2003,0,1935,1935
260810,2004,0,1985,1985
260810,2005,0,1995,1995
260810,2006,0,1975,1975
260810,2007,0,2295,2295
260810,2008,0,3349,3349
260810,2009,0,3509,3509
260810,2010,0,2855,2855
260810,2011,0,3935,3935
260810,2012,0,4020,4020
260810,2013,0,1484,1484
260810,2014,0,1425,1425
260810,2015,0,1385,1385
260810,2016,0,1685,1685
260810,2017,0,1413,1413
260810,2018,0,1355,1355
260810,2019,0,1085,1085
260810,2020,0,1421,1421
260810,2021,0,1421,1421
260820,1988,0,4891,4891
260820,1989,0,6901,6901
260820,1990,0,6798,6798
260820,1991,0,6880,6880
260820,1992,0,7070,7070
260820,1993,0,5090,5090
260820,1994,0,5568,5568
260820,1995,0,5753,5753
260820,1996,0,6698,6698
260820,1997,0,7236,7236
260820,1998,0,7236,7236
260820,1999,0,5200,5200
260820,2000,0,4931,4931
260820,2001,0,5862,5862
260820,2002,0,3597,3597
260820,2003,0,3304,3304
260820,2004,0,3300,3300
260820,2005,0,3663,3663
260820,2006,0,3796,3796
260820,2007,0,3843,3843
260820,2008,0,4773,4773
260820,2009,0,3638,3638
260820,2010,0,3677,3677
260820,2011,0,3724,3724
260820,2012,0,3644,3644
260820,2013,0,3361,3361
260820,2014,0,3375,3375
260820,2015,0,3440,3440
260820,2016,0,3490,3490
260820,2017,0,1240,1240
260820,2018,0,1070,1070
260820,2019,0,1520,1520
260820,2020,0,1270,1270
260820,2021,0,1420,1420
260830,1988,0,11242,11242
260830,1989,0,9438,9438
260830,1990,0,9263,9263
260830,1991,0,9734,9734
260830,1992,0,7111,7111
260830,1993,0,8295,8295
260830,1994,0,8977,8977
260830,1995,0,9376,9376
260830,1996,0,9247,9247
260830,1997,0,12889,12889
260830,1998,0,8049,8049
260830,1999,0,9988,9988
260830,2000,0,11266,11266
260830,2001,0,11916,11916
260830,2002,0,13215,13215
260830,2003,0,12113,12113
260830,2004,0,15176,15176
260830,2005,0,14923,14923
260830,2006,0,13636,13636
260830,2007,0,13370,13370
260830,2008,0,19192,19192
260830,2009,0,14990,14990
260830,2010,0,14330,14330
260830,2011,0,15101,15101
260830,2012,0,16818,16818
260830,2013,0,11665,11665
260830,2014,0,17080,17080
260830,2015,0,13239,13239
260830,2016,0,14880,14880
260830,2017,0,14767,14767
260830,2018,0,9774,9774
260830,2019,0,6772,6772
260830,2020,0,12423,12423
260830,2021,0,13821,13821
260840,1988,0,3692,3692
260840,1989,0,5974,5974
260840,1990,0,5532,5532
260840,1991,0,5214,5214
260840,1992,0,4576,4576
260840,1993,0,4589,4589
260840,1994,0,4084,4084
260840,1995,0,9932,9932
260840,1996,0,5440,5440
260840,1997,0,10029,10029
260840,1998,0,2472,2472
260840,1999,0,3766,3766
260840,2000,0,3768,3768
260840,2001,0,4393,4393
260840,2002,0,4935,4935
260840,2003,0,4900,4900
260840,2004,0,4300,4300
260840,2005,0,4300,4300
260840,2006,0,4760,4760
260840,2007,0,4760,4760
260840,2008,0,5700,5700
260840,2009,0,6380,6380
260840,2010,0,6615,6615
260840,2011,0,11985,11985
260840,2012,0,7872,7872
260840,2013,0,850,850
260840,2014,0,350,350
260840,2015,0,350,350
260840,2016,0,4550,4550
260840,2017,0,4210,4210
260840,2018,0,3700,3700
260840,2019,0,3650,3650
260840,2020,0,2770,2770
260840,2021,0,2870,2870
260850,1988,0,6439,6439
260850,1989,0,6304,6304
260850,1990,0,4834,4834
260850,1991,0,4742,4742
260850,1992,0,4997,4997
260850,1993,0,5002,5002
260850,1994,0,1807,1807
260850,1995,0,3221,3221
260850,1996,0,3199,3199
260850,1997,0,4389,4389
260850,1998,0,4969,4969
260850,1999,0,4959,4959
260850,2000,0,4977,4977
260850,2001,0,5050,5050
260850,2002,0,5069,5069
260850,2003,0,4967,4967
260850,2004,0,4892,4892
260850,2005,0,4877,4877
260850,2006,0,4964,4964
260850,2007,0,5072,5072
260850,2008,0,5082,5082
260850,2009,0,4990,4990
260850,2010,0,4961,4961
260850,2011,0,5031,5031
260850,2012,0,2000,2000
260850,2013,0,2000,2000
260850,2014,0,1900,1900
260850,2015,0,2000,2000
260850,2016,0,2200,2200
260850,2017,0,1645,1645
260850,2018,0,2045,2045
260850,2019,0,2101,2101
260850,2020,0,2791,2791
260850,2021,0,2805,2805
260860,1988,0,7956,7956
260860,1989,0,6583,6583
260860,1990,0,5595,5595
260860,1991,0,6140,6140
260860,1992,0,4345,4345
260860,1993,0,4347,4347
260860,1994,0,6119,6119
260860,1995,0,6748,6748
260860,1996,0,7755,7755
260860,1997,0,7611,7611
260860,1998,0,6597,6597
260860,1999,0,6381,6381
260860,2000,0,6664,6664
260860,2001,0,5885,5885
260860,2002,0,6449,6449
260860,2003,0,6210,6210
260860,2004,0,5438,5438
260860,2005,0,5508,5508
260860,2006,0,5497,5497
260860,2007,0,5506,5506
260860,2008,0,3518,3518
260860,2009,0,1547,1547
260860,2010,0,990,990
260860,2011,0,1345,1345
260860,2012,0,1712,1712
260860,2013,0,964,964
260860,2014,0,1378,1378
260860,2015,0,1353,1353
260860,2016,0,956,956
260860,2017,0,368,368
260860,2018,0,548,548
260860,2019,0,794,794
260860,2020,0,573,573
260860,2021,0,271,271
260870,1988,0,3730,3730
260870,1989,0,3616,3616
260870,1990,0,3458,3458
260870,1991,0,3762,3762
260870,1992,0,3752,3752
260870,1993,0,3748,3748
260870,1994,0,3926,3926
260870,1995,0,4065,4065
260870,1996,0,5490,5490
260870,1997,0,4737,4737
260870,1998,0,1851,1851
260870,1999,0,3306,3306
260870,2000,0,2962,2962
260870,2001,0,2618,2618
260870,2002,0,2078,2078
260870,2003,0,1478,1478
260870,2004,0,1593,1593
260870,2005,0,1516,1516
260870,2006,0,1816,1816
260870,2007,0,1996,1996
260870,2008,0,3164,3164
260870,2009,0,2558,2558
260870,2010,0,2514,2514
260870,2011,0,2114,2114
260870,2012,0,1812,1812
260870,2013,0,1241,1241
260870,2014,0,1871,1871
260870,2015,0,1319,1319
260870,2016,0,2554,2554
260870,2017,0,2921,2921
260870,2018,0,3403,3403
260870,2019,0,831,831
260870,2020,0,1386,1386
260870,2021,0,1629,1629
260880,1988,0,10102,10102
260880,1989,0,10754,10754
260880,1990,0,9736,9736
260880,1991,0,8882,8882
260880,1992,0,8604,8604
260880,1993,0,2800,2800
260880,1994,0,7708,7708
260880,1995,0,8567,8567
260880,1996,0,9568,9568
260880,1997,0,12615,12615
260880,1998,0,1323,1323
260880,1999,0,5591,5591
260880,2000,0,4941,4941
260880,2001,0,4633,4633
260880,2002,0,5720,5720
260880,2003,0,4300,4300
260880,2004,0,7654,7654
260880,2005,0,8230,8230
260880,2006,0,7168,7168
260880,2007,0,7704,7704
260880,2008,0,9640,9640
260880,2009,0,8340,8340
260880,2010,0,8360,8360
260880,2011,0,5615,5615
260880,2012,0,4000,4000
260880,2013,0,3550,3550
260880,2014,0,5650,5650
260880,2015,0,1000,1000
260880,2016,0,1000,1000
260880,2017,0,1925,1925
260880,2018,0,1730,1730
260880,2019,0,1250,1250
260880,2020,0,1255,1255
260880,2021,0,1795,1795
260890,1988,0,11453,11453
260890,1989,0,9065,9065
260890,1990,0,10527,10527
260890,1991,0,10758,10758
260890,1992,0,10711,10711
260890,1993,0,6802,6802
260890,1994,0,10655,10655
260890,1995,0,11351,11351
260890,1996,0,12157,12157
260890,1997,0,11985,11985
260890,1998,0,3695,3695
260890,1999,0,2570,2570
260890,2000,0,6080,6080
260890,2001,0,4375,4375
260890,2002,0,2838,2838
260890,2003,0,2492,2492
260890,2004,0,2493,2493
260890,2005,0,2543,2543
260890,2006,0,2563,2563
260890,2007,0,3196,3196
260890,2008,0,2967,2967
260890,2009,0,2942,2942
260890,2010,0,2821,2821
260890,2011,0,4517,4517
260890,2012,0,4039,4039
260890,2013,0,2182,2182
260890,2014,0,3041,3041
260890,2015,0,2281,2281
260890,2016,0,3361,3361
260890,2017,0,3107,3107
260890,2018,0,3116,3116
260890,2019,0,3119,3119
260890,2020,0,3268,3268
260890,2021,0,3268,3268
260900,1988,0,8406,8406
260900,1989,0,8762,8762
260900,1990,0,6923,6923
260900,1991,0,6844,6844
260900,1992,0,6928,6928
260900,1993,0,6838,6838
260900,1994,0,6630,6630
260900,1995,0,6845,6845
260900,1996,0,5362,5362
260900,1997,0,8610,8610
260900,1998,0,6096,6096
260900,1999,0,5826,5826
260900,2000,0,5477,5477
260900,2001,0,5610,5610
260900,2002,0,5537,5537
260900,2003,0,5040,5040
260900,2004,0,5160,5160
260900,2005,0,5129,5129
260900,2006,0,5359,5359
260900,2007,0,5142,5142
260900,2008,0,5462,5462
260900,2009,0,5142,5142
260900,2010,0,5169,5169
260900,2011,0,5169,5169
260900,2012,0,5329,5329
260900,2013,0,5357,5357
260900,2014,0,2857,2857
260900,2015,0,3157,3157
260900,2016,0,2857,2857
260900,2017,0,3768,3768
260900,2018,0,3692,3692
260900,2019,0,3765,3765
260900,2020,0,5796,5796
260900,2021,0,3773,3773
260910,1988,0,4093,4093
260910,1989,0,3890,3890
260910,1990,0,3941,3941
260910,1991,0,3907,3907
260910,1992,0,3760,3760
260910,1993,0,2895,2895
260910,1994,0,2968,2968
260910,1995,0,2894,2894
260910,1996,0,2992,2992
260910,1997,0,3032,3032
260910,1998,0,3668,3668
260910,1999,0,3628,3628
260910,2000,0,3328,3328
260910,2001,0,3521,3521
260910,2002,0,3491,3491
260910,2003,0,3176,3176
260910,2004,0,3030,3030
260910,2005,0,3340,3340
260910,2006,0,3330,3330
260910,2007,0,3330,3330
260910,2008,0,3321,3321
260910,2009,0,3381,3381
260910,2010,0,6110,6110
260910,2011,0,6240,6240
260910,2012,0,10060,10060
260910,2013,0,6760,6760
260910,2014,0,6178,6178
260910,2015,0,3173,3173
260910,2016,0,3250,3250
260910,2017,0,3531,3531
260910,2018,0,3788,3788
260910,2019,0,3308,3308
260910,2020,0,3361,3361
260910,2021,0,3361,3361
260920,1988,0,10737,10737
260920,1989,0,13736,13736
260920,1990,0,12541,12541
260920,1991,0,13258,13258
260920,1992,0,13531,13531
260920,1993,0,8131,8131
260920,1994,0,11464,11464
260920,1995,0,13163,13163
260920,1996,0,13883,13883
260920,1997,0,16270,16270
260920,1998,0,17409,17409
260920,1999,0,12489,12489
260920,2000,0,12202,12202
260920,2001,0,16225,16225
260920,2002,0,9975,9975
260920,2003,0,9534,9534
260920,2004,0,9355,9355
260920,2005,0,7334,7334
260920,2006,0,9459,9459
260920,2007,0,13663,13663
260920,2008,0,12911,12911
260920,2009,0,9071,9071
260920,2010,0,8837,8837
260920,2011,0,8967,8967
260920,2012,0,8884,8884
260920,2013,0,4960,4960
260920,2014,0,3460,3460
260920,2015,0,4433,4433
260920,2016,0,4427,4427
260920,2017,0,5206,5206
260920,2018,0,4981,4981
260920,2019,0,2610,2610
260920,2020,0,1747,1747
260920,2021,0,1922,1922
260930,1988,0,11826,11826
260930,1989,0,15276,15276
260930,1990,0,10408,10408
260930,1991,0,10446,10446
260930,1992,0,10676,10676
260930,1993,0,2576,2576
260930,1994,0,6585,6585
260930,1995,0,3779,3779
260930,1996,0,4774,4774
260930,1997,0,5154,5154
260930,1998,0,941,941
260930,1999,0,3734,3734
260930,2000,0,5190,5190
260930,2001,0,5344,5344
260930,2002,0,6259,6259
260930,2003,0,5278,5278
260930,2004,0,5771,5771
260930,2005,0,3516,3516
260930,2006,0,6930,6930
260930,2007,0,7220,7220
260930,2008,0,6320,6320
260930,2009,0,6940,6940
260930,2010,0,4114,4114
260930,2011,0,6301,6301
260930,2012,0,6066,6066
260930,2013,0,599,599
260930,2014,0,207,207
260930,2015,0,117,117
260930,2016,0,1117,1117
260930,2017,0,417,417
260930,2018,0,1169,1169
260930,2019,0,2715,2715
260930,2020,0,2840,2840
260930,2021,0,2758,2758
260940,1988,0,18474,18474
260940,1989,0,14360,14360
260940,1990,0,12254,12254
260940,1991,0,12799,12799
260940,1992,0,15213,15213
260940,1993,0,17369,17369
260940,1994,0,17377,17377
260940,1995,0,17413,17413
260940,1996,0,11659,11659
260940,1997,0,16878,16878
260940,1998,0,16878,16878
260940,1999,0,13232,13232
260940,2000,0,15196,15196
260940,2001,0,1687,1687
260940,2002,0,15177,15177
260940,2003,0,15127,15127
260940,2004,0,15127,15127
260940,2005,0,15127,15127
260940,2006,0,15640,15640
260940,2007,0,15640,15640
260940,2008,0,15640,15640
260940,2009,0,15640,15640
260940,2010,0,10662,10662
260940,2011,0,10602,10602
260940,2012,0,8538,8538
260940,2013,0,11477,11477
260940,2014,0,13410,13410
260940,2015,0,13200,13200
260940,2016,0,8200,8200
260940,2017,0,9200,9200
260940,2018,0,9133,9133
260940,2019,0,6550,6550
260940,2020,0,6350,6350
260940,2021,0,6551,6551
260950,1988,0,9865,9865
260950,1989,0,9882,9882
260950,1990,0,8843,8843
260950,1991,0,8484,8484
260950,1992,0,9449,9449
260950,1993,0,9479,9479
260950,1994,0,7594,7594
260950,1995,0,9344,9344
260950,1996,0,10076,10076
260950,1997,0,9694,9694
260950,1998,0,9339,9339
260950,1999,0,9001,9001
260950,2000,0,8916,8916
260950,2001,0,10533,10533
260950,2002,0,10714,10714
260950,2003,0,9026,9026
260950,2004,0,9228,9228
260950,2005,0,9106,9106
260950,2006,0,9166,9166
260950,2007,0,9123,9123
260950,2008,0,10654,10654
260950,2009,0,9124,9124
260950,2010,0,5112,5112
260950,2011,0,5116,5116
260950,2012,0,5000,5000
260950,2013,0,5000,5000
260950,2014,0,4800,4800
260950,2015,0,5000,5000
260950,2016,0,4000,4000
260950,2017,0,4178,4178
260950,2018,0,4138,4138
260950,2019,0,4234,4234
260950,2020,0,5157,5157
260950,2021,0,4134,4134
260960,1988,0,89,89
260960,1989,0,695,695
260960,1990,0,695,695
260960,1991,0,695,695
260960,1992,0,585,585
260960,1993,0,585,585
260960,1994,0,580,580
260960,1995,0,425,425
260960,1996,0,355,355
260960,1997,0,352,352
260960,1998,0,344,344
260960,1999,0,84,84
260960,2000,0,50,50
260960,2001,0,3,3
260960,2002,0,159,159
260960,2003,0,88,88
260960,2004,0,53,53
260960,2005,0,53,53
260960,2006,0,53,53
260960,2007,0,53,53
260960,2008,0,88,88
260960,2009,0,53,53
260960,2010,0,209,209
260960,2011,0,59,59
260960,2012,0,100,100
260960,2013,0,25,25
260960,2014,0,20,20
260960,2015,0,0,0
260960,2016,0,0,0
260960,2017,0,0,0
260960,2018,0,0,0
260960,2019,0,0,0
260960,2020,0,0,0
260960,2021,0,0,0
260970,1988,0,8197,8197
260970,1989,0,8100,8100
260970,1990,0,7313,7313
260970,1991,0,8546,8546
260970,1992,0,6666,6666
260970,1993,0,6703,6703
260970,1994,0,7604,7604
260970,1995,0,7302,7302
260970,1996,0,6592,6592
260970,1997,0,5957,5957
260970,1998,0,2937,2937
260970,1999,0,3511,3511
260970,2000,0,4212,4212
260970,2001,0,1791,1791
260970,2002,0,3493,3493
260970,2003,0,2995,2995
260970,2004,0,2886,2886
260970,2005,0,2906,2906
260970,2006,0,2841,2841
260970,2007,0,2721,2721
260970,2008,0,2881,2881
260970,2009,0,2868,2868
260970,2010,0,1952,1952
260970,2011,0,3127,3127
260970,2012,0,3590,3590
260970,2013,0,2135,2135
260970,2014,0,2249,2249
260970,2015,0,2287,2287
260970,2016,0,2487,2487
260970,2017,0,2269,2269
260970,2018,0,2223,2223
260970,2019,0,2529,2529
260970,2020,0,3110,3110
260970,2021,0,3210,3210
260980,1988,0,3071,3071
260980,1989,0,3178,3178
260980,1990,0,1349,1349
260980,1991,0,1669,1669
260980,1992,0,1113,1113
260980,1993,0,639,639
260980,1994,0,1319,1319
260980,1995,0,1134,1134
260980,1996,0,2618,2618
260980,1997,0,1699,1699
260980,1998,0,4558,4558
260980,1999,0,5632,5632
260980,2000,0,2810,2810
260980,2001,0,3620,3620
260980,2002,0,3177,3177
260980,2003,0,3487,3487
260980,2004,0,4321,4321
260980,2005,0,4075,4075
260980,2006,0,2890,2890
260980,2007,0,3271,3271
260980,2008,0,5153,5153
260980,2009,0,4639,4639
260980,2010,0,4303,4303
260980,2011,0,3466,3466
260980,2012,0,3351,3351
260980,2013,0,2756,2756
260980,2014,0,2323,2323
260980,2015,0,1938,1938
260980,2016,0,2086,2086
260980,2017,0,2046,2046
260980,2018,0,2632,2632
260980,2019,0,2781,2781
260980,2020,0,2576,2576
260980,2021,0,2475,2475
260990,1988,0,63377,63377
260990,1989,0,74432,74432
260990,1990,0,57334,57334
260990,1991,0,86387,86387
260990,1992,0,97724,97724
260990,1993,0,75330,75330
260990,1994,0,70652,70652
260990,1995,0,71084,71084
260990,1996,0,62863,62863
260990,1997,0,60161,60161
260990,1998,0,60768,60768
260990,1999,0,62345,62345
260990,2000,0,63368,63368
260990,2001,0,56749,56749
260990,2002,0,51503,51503
260990,2003,0,50570,50570
260990,2004,0,46673,46673
260990,2005,0,55713,55713
260990,2006,0,50969,50969
260990,2007,0,35929,35929
260990,2008,0,55930,55930
260990,2009,0,52116,52116
260990,2010,0,49643,49643
260990,2011,0,51151,51151
260990,2012,0,42822,42822
260990,2013,0,2463,2463
260990,2014,0,43503,43503
260990,2015,0,37230,37230
260990,2016,0,41866,41866
260990,2017,0,40022,40022
260990,2018,0,38615,38615
260990,2019,0,41848,41848
260990,2020,0,41040,41040
260990,2021,0,36870,36870
261000,1988,0,19854,19854
261000,1989,0,19854,19854
261000,1990,0,19250,19250
261000,1991,0,19199,19199
261000,1992,0,19221,19221
261000,1993,0,11906,11906
261000,1994,0,12901,12901
261000,1995,0,13848,13848
261000,1996,0,9441,9441
261000,1997,0,9244,9244
261000,1998,0,11844,11844
261000,1999,0,8679,8679
261000,2000,0,8077,8077
261000,2001,0,11932,11932
261000,2002,0,9466,9466
261000,2003,0,9396,9396
261000,2004,0,9684,9684
261000,2005,0,10914,10914
261000,2006,0,10894,10894
261000,2007,0,10542,10542
261000,2008,0,14743,14743
261000,2009,0,12692,12692
261000,2010,0,8514,8514
261000,2011,0,10140,10140
261000,2012,0,10047,10047
261000,2013,0,6865,6865
261000,2014,0,6930,6930
261000,2015,0,6860,6860
261000,2016,0,9192,9192
261000,2017,0,8784,8784
261000,2018,0,2148,2148
261000,2019,0,2174,2174
261000,2020,0,1642,1642
261000,2021,0,1895,1895
261010,1988,0,4586,4586
261010,1989,0,3179,3179
261010,1990,0,2424,2424
261010,1991,0,2154,2154
261010,1992,0,2232,2232
261010,1993,0,2052,2052
261010,1994,0,1894,1894
261010,1995,0,1682,1682
261010,1996,0,1546,1546
261010,1997,0,1836,1836
261010,1998,0,1415,1415
261010,1999,0,1506,1506
261010,2000,0,1478,1478
261010,2001,0,1418,1418
261010,2002,0,1760,1760
261010,2003,0,1618,1618
261010,2004,0,1647,1647
261010,2005,0,1615,1615
261010,2006,0,1580,1580
261010,2007,0,883,883
261010,2008,0,837,837
261010,2009,0,384,384
261010,2010,0,646,646
261010,2011,0,619,619
261010,2012,0,319,319
261010,2013,0,236,236
261010,2014,0,348,348
261010,2015,0,379,379
261010,2016,0,353,353
261010,2017,0,348,348
261010,2018,0,409,409
261010,2019,0,428,428
261010,2020,0,218,218
261010,2021,0,288,288
261020,1988,0,9446,9446
261020,1989,0,8969,8969
261020,1990,0,5568,5568
261020,1991,0,7083,7083
261020,1992,0,7103,7103
261020,1993,0,5433,5433
261020,1994,0,7127,7127
261020,1995,0,7127,7127
261020,1996,0,14120,14120
261020,1997,0,7428,7428
261020,1998,0,1747,1747
261020,1999,0,5829,5829
261020,2000,0,5131,5131
261020,2001,0,4079,4079
261020,2002,0,3312,3312
261020,2003,0,2194,2194
261020,2004,0,1924,1924
261020,2005,0,2339,2339
261020,2006,0,2829,2829
261020,2007,0,2939,2939
261020,2008,0,3882,3882
261020,2009,0,3397,3397
261020,2010,0,1853,1853
261020,2011,0,2435,2435
261020,2012,0,1995,1995
261020,2013,0,1507,1507
261020,2014,0,1496,1496
261020,2015,0,1288,1288
261020,2016,0,1273,1273
261020,2017,0,1797,1797
261020,2018,0,3703,3703
261020,2019,0,2515,2515
261020,2020,0,2510,2510
261020,2021,0,2410,2410
261030,1988,0,7720,7720
261030,1989,0,6511,6511
261030,1990,0,5883,5883
261030,1991,0,5294,5294
261030,1992,0,3945,3945
261030,1993,0,5866,5866
261030,1994,0,5844,5844
261030,1995,0,6836,6836
261030,1996,0,7485,7485
261030,1997,0,8757,8757
261030,1998,0,5092,5092
261030,1999,0,6370,6370
261030,2000,0,7144,7144
261030,2001,0,6285,6285
261030,2002,0,7368,7368
261030,2003,0,6615,6615
261030,2004,0,6627,6627
261030,2005,0,6392,6392
261030,2006,0,6121,6121
261030,2007,0,6059,6059
261030,2008,0,8849,8849
261030,2009,0,7355,7355
261030,2010,0,7168,7168
261030,2011,0,6948,6948
261030,2012,0,8184,8184
261030,2013,0,2799,2799
261030,2014,0,3312,3312
261030,2015,0,2352,2352
261030,2016,0,1973,1973
261030,2017,0,3637,3637
261030,2018,0,2907,2907
261030,2019,0,2347,2347
261030,2020,0,2115,2115
261030,2021,0,2285,2285
261040,1988,0,10091,10091
261040,1989,0,8083,8083
261040,1990,0,6122,6122
261040,1991,0,7068,7068
261040,1992,0,7882,7882
261040,1993,0,5772,5772
261040,1994,0,8619,8619
261040,1995,0,7855,7855
261040,1996,0,5666,5666
261040,1997,0,5501,5501
261040,1998,0,780,780
261040,1999,0,4881,4881
261040,2000,0,4601,4601
261040,2001,0,4300,4300
261040,2002,0,4522,4522
261040,2003,0,4376,4376
261040,2004,0,4016,4016
261040,2005,0,4079,4079
261040,2006,0,3706,3706
261040,2007,0,3838,3838
261040,2008,0,3054,3054
261040,2009,0,3054,3054
261040,2010,0,3703,3703
261040,2011,0,3683,3683
261040,2012,0,2113,2113
261040,2013,0,513,513
261040,2014,0,193,193
261040,2015,0,78,78
261040,2016,0,1238,1238
261040,2017,0,238,238
261040,2018,0,558,558
261040,2019,0,2420,2420
261040,2020,0,3775,3775
261040,2021,0,5102,5102
261050,1988,0,6642,6642
261050,1989,0,7182,7182
261050,1990,0,4787,4787
261050,1991,0,9639,9639
261050,1992,0,7754,7754
261050,1993,0,5887,5887
261050,1994,0,7405,7405
261050,1995,0,8870,8870
261050,1996,0,7659,7659
261050,1997,0,5368,5368
261050,1998,0,480,480
261050,1999,0,1685,1685
261050,2000,0,4595,4595
261050,2001,0,4072,4072
261050,2002,0,4222,4222
261050,2003,0,4190,4190
261050,2004,0,3602,3602
261050,2005,0,3606,3606
261050,2006,0,6931,6931
261050,2007,0,5905,5905
261050,2008,0,5960,5960
261050,2009,0,5959,5959
261050,2010,0,5731,5731
261050,2011,0,7527,7527
261050,2012,0,6636,6636
261050,2013,0,3487,3487
261050,2014,0,7169,7169
261050,2015,0,7134,7134
261050,2016,0,4139,4139
261050,2017,0,3875,3875
261050,2018,0,3858,3858
261050,2019,0,1878,1878
261050,2020,0,2088,2088
261050,2021,0,2088,2088
261060,1988,0,8664,8664
261060,1989,0,8617,8617
261060,1990,0,8063,8063
261060,1991,0,7940,7940
261060,1992,0,7775,7775
261060,1993,0,5948,5948
261060,1994,0,4893,4893
261060,1995,0,5346,5346
261060,1996,0,4537,4537
261060,1997,0,5870,5870
261060,1998,0,5736,5736
261060,1999,0,7706,7706
261060,2000,0,3414,3414
261060,2001,0,7351,7351
261060,2002,0,11412,11412
261060,2003,0,4323,4323
261060,2004,0,4104,4104
261060,2005,0,5085,5085
261060,2006,0,5077,5077
261060,2007,0,6567,6567
261060,2008,0,7085,7085
261060,2009,0,6582,6582
261060,2010,0,6590,6590
261060,2011,0,6700,6700
261060,2012,0,8500,8500
261060,2013,0,8100,8100
261060,2014,0,8600,8600
261060,2015,0,8100,8100
261060,2016,0,7500,7500
261060,2017,0,8198,8198
261060,2018,0,5068,5068
261060,2019,0,6276,6276
261060,2020,0,5774,5774
261060,2021,0,6234,6234
261070,1988,0,793,793
261070,1989,0,340,340
261070,1990,0,540,540
261070,1991,0,540,540
261070,1992,0,320,320
261070,1993,0,525,525
261070,1994,0,255,255
261070,1995,0,450,450
261070,1996,0,640,640
261070,1997,0,818,818
261070,1998,0,780,780
261070,1999,0,405,405
261070,2000,0,363,363
261070,2001,0,48,48
261070,2002,0,170,170
261070,2003,0,78,78
261070,2004,0,88,88
261070,2005,0,108,108
261070,2006,0,80,80
261070,2007,0,80,80
261070,2008,0,150,150
261070,2009,0,150,150
261070,2010,0,249,249
261070,2011,0,243,243
261070,2012,0,50,50
261070,2013,0,30,30
261070,2014,0,20,20
261070,2015,0,0,0
261070,2016,0,0,0
261070,2017,0,0,0
261070,2018,0,0,0
261070,2019,0,0,0
261070,2020,0,0,0
261070,2021,0,0,0
261080,1988,0,11543,11543
261080,1989,0,11788,11788
261080,1990,0,6328,6328
261080,1991,0,9203,9203
261080,1992,0,7963,7963
261080,1993,0,1573,1573
261080,1994,0,7483,7483
261080,1995,0,6483,6483
261080,1996,0,2931,2931
261080,1997,0,5872,5872
261080,1998,0,179,179
261080,1999,0,1369,1369
261080,2000,0,6291,6291
261080,2001,0,467,467
261080,2002,0,5466,5466
261080,2003,0,3962,3962
261080,2004,0,3647,3647
261080,2005,0,4747,4747
261080,2006,0,5217,5217
261080,2007,0,5717,5717
261080,2008,0,4932,4932
261080,2009,0,4392,4392
261080,2010,0,4372,4372
261080,2011,0,4742,4742
261080,2012,0,262,262
261080,2013,0,100,100
261080,2014,0,2010,2010
261080,2015,0,2000,2000
261080,2016,0,2000,2000
261080,2017,0,2000,2000
261080,2018,0,2143,2143
261080,2019,0,2147,2147
261080,2020,0,1866,1866
261080,2021,0,3289,3289
261090,1988,0,10290,10290
261090,1989,0,9259,9259
261090,1990,0,7234,7234
261090,1991,0,8530,8530
261090,1992,0,9981,9981
261090,1993,0,9309,9309
261090,1994,0,9539,9539
261090,1995,0,8289,8289
261090,1996,0,5155,5155
261090,1997,0,7155,7155
261090,1998,0,1162,1162
261090,1999,0,3525,3525
261090,2000,0,3055,3055
261090,2001,0,6326,6326
261090,2002,0,4158,4158
261090,2003,0,3955,3955
261090,2004,0,6765,6765
261090,2005,0,6995,6995
261090,2006,0,7065,7065
261090,2007,0,7093,7093
261090,2008,0,8230,8230
261090,2009,0,7375,7375
261090,2010,0,7335,7335
261090,2011,0,11735,11735
261090,2012,0,8710,8710
261090,2013,0,4720,4720
261090,2014,0,4300,4300
261090,2015,0,3150,3150
261090,2016,0,4300,4300
261090,2017,0,3680,3680
261090,2018,0,1200,1200
261090,2019,0,1060,1060
261090,2020,0,930,930
261090,2021,0,1030,1030
261100,1988,0,1532,1532
261100,1989,0,2457,2457
261100,1990,0,1554,1554
261100,1991,0,2706,2706
261100,1992,0,3297,3297
261100,1993,0,2724,2724
261100,1994,0,3988,3988
261100,1995,0,4716,4716
261100,1996,0,6288,6288
261100,1997,0,8143,8143
261100,1998,0,4783,4783
261100,1999,0,4591,4591
261100,2000,0,6206,6206
261100,2001,0,5215,5215
261100,2002,0,5719,5719
261100,2003,0,5353,5353
261100,2004,0,5293,5293
261100,2005,0,5217,5217
261100,2006,0,5383,5383
261100,2007,0,5161,5161
261100,2008,0,5231,5231
261100,2009,0,5263,5263
261100,2010,0,3790,3790
261100,2011,0,5086,5086
261100,2012,0,5215,5215
261100,2013,0,2052,2052
261100,2014,0,5436,5436
261100,2015,0,5338,5338
261100,2016,0,5253,5253
261100,2017,0,4011,4011
261100,2018,0,3907,3907
261100,2019,0,3936,3936
261100,2020,0,4484,4484
261100,2021,0,4691,4691
261110,1988,0,26665,26665
261110,1989,0,32626,32626
261110,1990,0,15875,15875
261110,1991,0,18789,18789
261110,1992,0,18780,18780
261110,1993,0,24976,24976
261110,1994,0,27676,27676
261110,1995,36,26261,26225
261110,1996,0,35090,35090
261110,1997,0,27982,27982
261110,1998,0,19916,19916
261110,1999,0,22881,22881
261110,2000,0,31466,31466
261110,2001,0,27862,27862
261110,2002,0,26927,26927
261110,2003,0,35518,35518
261110,2004,0,36414,36414
261110,2005,0,32048,32048
261110,2006,0,32420,32420
261110,2007,0,32705,32705
261110,2008,0,40265,40265
261110,2009,0,36815,36815
261110,2010,0,29231,29231
261110,2011,0,37538,37538
261110,2012,0,33983,33983
261110,2013,0,26557,26557
261110,2014,0,26507,26507
261110,2015,0,37277,37277
261110,2016,0,34469,34469
261110,2017,0,32510,32510
261110,2018,0,35388,35388
261110,2019,0,35815,35815
261110,2020,0,37941,37941
261110,2021,0,35554,35554
261120,1988,0,4098,4098
261120,1989,0,3847,3847
261120,1990,0,3404,3404
261120,1991,0,4144,4144
261120,1992,0,2475,2475
261120,1993,0,3806,3806
261120,1994,0,5286,5286
261120,1995,0,4022,4022
261120,1996,0,1579,1579
261120,1997,0,3692,3692
261120,1998,0,283,283
261120,1999,0,1281,1281
261120,2000,0,1094,1094
261120,2001,0,817,817
261120,2002,0,1601,1601
261120,2003,0,1562,1562
261120,2004,0,2105,2105
261120,2005,0,2105,2105
261120,2006,0,2105,2105
261120,2007,0,2163,2163
261120,2008,0,2150,2150
261120,2009,0,1239,1239
261120,2010,0,1350,1350
261120,2011,0,2020,2020
261120,2012,0,1980,1980
261120,2013,0,1450,1450
261120,2014,0,1170,1170
261120,2015,0,1120,1120
261120,2016,0,1170,1170
261120,2017,0,1170,1170
261120,2018,0,1720,1720
261120,2019,0,1125,1125
261120,2020,0,925,925
261120,2021,0,925,925
261130,1988,0,11075,11075
261130,1989,0,11670,11670
261130,1990,0,11575,11575
261130,1991,0,11948,11948
261130,1992,0,11958,11958
261130,1993,0,8620,8620
261130,1994,0,7310,7310
261130,1995,0,10545,10545
261130,1996,0,11173,11173
261130,1997,0,10650,10650
261130,1998,0,9207,9207
261130,1999,0,8862,8862
261130,2000,0,5082,5082
261130,2001,0,4312,4312
261130,2002,0,4762,4762
261130,2003,0,4585,4585
261130,2004,0,3293,3293
261130,2005,0,3043,3043
261130,2006,0,2743,2743
261130,2007,0,2943,2943
261130,2008,0,3114,3114
261130,2009,0,2113,2113
261130,2010,0,2928,2928
261130,2011,0,2271,2271
261130,2012,0,1770,1770
261130,2013,0,1600,1600
261130,2014,0,1370,1370
261130,2015,0,1370,1370
261130,2016,0,1370,1370
261130,2017,0,1370,1370
261130,2018,0,1905,1905
261130,2019,0,1905,1905
261130,2020,0,1855,1855
261130,2021,0,1855,1855
261140,1988,0,7640,7640
261140,1989,0,8190,8190
261140,1990,0,7659,7659
261140,1991,0,7683,7683
261140,1992,0,7673,7673
261140,1993,0,7344,7344
261140,1994,0,7441,7441
261140,1995,0,8841,8841
261140,1996,0,9618,9618
261140,1997,0,9601,9601
261140,1998,0,8360,8360
261140,1999,0,5933,5933
261140,2000,0,7748,7748
261140,2001,0,8792,8792
261140,2002,0,8679,8679
261140,2003,0,7810,7810
261140,2004,0,8089,8089
261140,2005,0,8431,8431
261140,2006,0,7350,7350
261140,2007,0,7430,7430
261140,2008,0,8640,8640
261140,2009,0,8491,8491
261140,2010,0,8626,8626
261140,2011,0,6390,6390
261140,2012,0,7625,7625
261140,2013,0,7550,7550
261140,2014,0,7550,7550
261140,2015,0,7570,7570
261140,2016,0,3880,3880
261140,2017,0,3829,3829
261140,2018,0,6360,6360
261140,2019,0,5707,5707
261140,2020,0,7875,7875
261140,2021,0,9869,9869
261150,1988,0,8991,8991
261150,1989,0,10331,10331
261150,1990,0,9555,9555
261150,1991,0,10056,10056
261150,1992,0,10243,10243
261150,1993,0,6643,6643
261150,1994,0,6943,6943
261150,1995,0,7385,7385
261150,1996,0,7497,7497
261150,1997,0,7265,7265
261150,1998,0,6975,6975
261150,1999,0,3181,3181
261150,2000,0,3426,3426
261150,2001,0,5762,5762
261150,2002,0,6210,6210
261150,2003,0,6339,6339
261150,2004,0,4229,4229
261150,2005,0,4771,4771
261150,2006,0,5177,5177
261150,2007,0,5267,5267
261150,2008,0,9873,9873
261150,2009,0,11279,11279
261150,2010,0,11255,11255
261150,2011,0,9243,9243
261150,2012,0,6045,6045
261150,2013,0,4303,4303
261150,2014,0,4304,4304
261150,2015,0,4318,4318
261150,2016,0,4300,4300
261150,2017,0,2291,2291
261150,2018,0,2260,2260
261150,2019,0,2319,2319
261150,2020,0,1990,1990
261150,2021,0,1723,1723
261160,1988,0,0,0
261160,1989,0,0,0
261160,1990,0,0,0
261160,1991,0,0,0
261160,1992,0,0,0
261160,1993,0,0,0
261160,1994,0,0,0
261160,1995,0,0,0
261160,1996,0,0,0
261160,1997,0,0,0
261160,1998,0,0,0
261160,1999,0,0,0
261160,2000,0,0,0
261160,2001,0,0,0
261160,2002,0,0,0
261160,2003,0,0,0
261160,2004,0,0,0
261160,2005,0,0,0
261160,2006,0,0,0
261160,2007,0,0,0
261160,2008,0,0,0
261160,2009,0,0,0
261160,2010,0,0,0
261160,2011,0,0,0
261160,2012,0,0,0
261160,2013,0,0,0
261160,2014,0,0,0
261160,2015,0,0,0
261160,2016,0,0,0
261160,2017,0,0,0
261160,2018,0,0,0
261160,2019,0,0,0
261160,2020,0,0,0
261160,2021,0,0,0
261170,1988,0,2606,2606
261170,1989,0,3584,3584
261170,1990,0,4176,4176
261170,1991,0,4548,4548
261170,1992,0,5616,5616
261170,1993,0,2576,2576
261170,1994,0,3514,3514
261170,1995,0,2874,2874
261170,1996,0,3208,3208
261170,1997,0,3410,3410
261170,1998,0,1077,1077
261170,1999,0,2647,2647
261170,2000,0,2010,2010
261170,2001,0,2933,2933
261170,2002,0,1611,1611
261170,2003,0,605,605
261170,2004,0,963,963
261170,2005,0,1021,1021
261170,2006,0,1284,1284
261170,2007,0,1495,1495
261170,2008,0,2692,2692
261170,2009,0,1922,1922
261170,2010,0,2182,2182
261170,2011,0,1953,1953
261170,2012,0,1526,1526
261170,2013,0,667,667
261170,2014,0,831,831
261170,2015,0,831,831
261170,2016,0,660,660
261170,2017,0,888,888
261170,2018,0,1198,1198
261170,2019,0,903,903
261170,2020,0,993,993
261170,2021,0,2559,2559
261180,1988,0,15838,15838
261180,1989,0,15775,15775
261180,1990,0,15718,15718
261180,1991,0,15697,15697
261180,1992,0,16202,16202
261180,1993,0,11420,11420
261180,1994,0,11572,11572
261180,1995,0,12033,12033
261180,1996,0,13242,13242
261180,1997,0,11801,11801
261180,1998,0,11726,11726
261180,1999,0,8568,8568
261180,2000,0,7459,7459
261180,2001,0,9345,9345
261180,2002,0,9387,9387
261180,2003,0,9165,9165
261180,2004,0,8854,8854
261180,2005,0,10317,10317
261180,2006,0,10724,10724
261180,2007,0,13006,13006
261180,2008,0,14115,14115
261180,2009,0,13508,13508
261180,2010,0,10939,10939
261180,2011,0,11091,11091
261180,2012,0,12982,12982
261180,2013,0,12413,12413
261180,2014,0,12842,12842
261180,2015,0,12886,12886
261180,2016,0,10896,10896
261180,2017,0,10727,10727
261180,2018,0,12970,12970
261180,2019,0,12870,12870
261180,2020,0,15788,15788
261180,2021,0,15688,15688
261190,1988,0,17607,17607
261190,1989,0,23157,23157
261190,1990,0,21229,21229
261190,1991,0,22340,22340
261190,1992,0,22340,22340
261190,1993,0,16340,16340
261190,1994,0,17117,17117
261190,1995,0,18733,18733
261190,1996,0,18849,18849
261190,1997,0,18960,18960
261190,1998,0,18960,18960
261190,1999,0,14930,14930
261190,2000,0,15429,15429
261190,2001,0,10169,10169
261190,2002,0,10157,10157
261190,2003,0,10845,10845
261190,2004,0,11554,11554
261190,2005,0,13382,13382
261190,2006,0,13426,13426
261190,2007,0,12988,12988
261190,2008,0,16419,16419
261190,2009,0,10436,10436
261190,2010,0,10757,10757
261190,2011,0,11228,11228
261190,2012,0,13692,13692
261190,2013,0,12726,12726
261190,2014,0,13070,13070
261190,2015,0,13110,13110
261190,2016,0,10865,10865
261190,2017,0,11585,11585
261190,2018,0,12667,12667
261190,2019,0,11225,11225
261190,2020,0,12839,12839
261190,2021,0,12686,12686
261200,1988,0,1494,1494
261200,1989,0,1478,1478
261200,1990,0,1508,1508
261200,1991,0,1546,1546
261200,1992,0,2002,2002
261200,1993,0,1591,1591
261200,1994,0,1453,1453
261200,1995,0,1253,1253
261200,1996,0,1215,1215
261200,1997,0,801,801
261200,1998,0,442,442
261200,1999,0,342,342
261200,2000,0,334,334
261200,2001,0,372,372
261200,2002,0,452,452
261200,2003,0,515,515
261200,2004,0,549,549
261200,2005,0,541,541
261200,2006,0,660,660
261200,2007,0,785,785
261200,2008,0,690,690
261200,2009,0,620,620
261200,2010,0,8951,8951
261200,2011,0,8801,8801
261200,2012,0,8896,8896
261200,2013,0,8604,8604
261200,2014,0,8610,8610
261200,2015,0,8610,8610
261200,2016,0,8610,8610
261200,2017,0,6117,6117
261200,2018,0,455,455
261200,2019,0,500,500
261200,2020,0,915,915
261200,2021,0,745,745
261210,1988,0,2054,2054
261210,1989,0,2205,2205
261210,1990,0,2181,2181
261210,1991,0,3545,3545
261210,1992,0,1836,1836
261210,1993,0,1134,1134
261210,1994,0,1627,1627
261210,1995,0,1924,1924
261210,1996,0,2025,2025
261210,1997,0,1807,1807
261210,1998,0,166,166
261210,1999,0,298,298
261210,2000,0,1578,1578
261210,2001,0,985,985
261210,2002,0,1342,1342
261210,2003,0,1307,1307
261210,2004,0,625,625
261210,2005,0,473,473
261210,2006,0,473,473
261210,2007,0,583,583
261210,2008,0,363,363
261210,2009,0,358,358
261210,2010,0,7779,7779
261210,2011,0,1744,1744
261210,2012,0,1210,1210
261210,2013,0,428,428
261210,2014,0,257,257
261210,2015,0,252,252
261210,2016,0,1202,1202
261210,2017,0,202,202
261210,2018,0,851,851
261210,2019,0,710,710
261210,2020,0,1400,1400
261210,2021,0,1400,1400
261220,1988,0,5649,5649
261220,1989,0,4773,4773
261220,1990,0,4006,4006
261220,1991,0,3868,3868
261220,1992,0,3868,3868
261220,1993,0,1864,1864
261220,1994,0,4913,4913
261220,1995,0,4828,4828
261220,1996,0,3165,3165
261220,1997,0,3410,3410
261220,1998,0,348,348
261220,1999,0,2388,2388
261220,2000,0,2964,2964
261220,2001,0,2287,2287
261220,2002,0,1705,1705
261220,2003,0,2034,2034
261220,2004,0,2977,2977
261220,2005,0,2900,2900
261220,2006,0,1804,1804
261220,2007,0,1883,1883
261220,2008,0,2728,2728
261220,2009,0,2858,2858
261220,2010,0,2362,2362
261220,2011,0,2361,2361
261220,2012,0,11463,11463
261220,2013,0,416,416
261220,2014,0,104,104
261220,2015,0,44,44
261220,2016,0,1106,1106
261220,2017,0,74,74
261220,2018,0,501,501
261220,2019,0,882,882
261220,2020,0,1315,1315
261220,2021,0,1147,1147
261230,1988,0,8569,8569
261230,1989,0,10021,10021
261230,1990,0,9091,9091
261230,1991,0,9451,9451
261230,1992,0,5152,5152
261230,1993,0,8766,8766
261230,1994,0,7743,7743
261230,1995,0,8378,8378
261230,1996,0,8655,8655
261230,1997,0,8042,8042
261230,1998,0,6158,6158
261230,1999,0,6755,6755
261230,2000,0,8598,8598
261230,2001,0,6136,6136
261230,2002,0,6918,6918
261230,2003,0,6351,6351
261230,2004,0,6453,6453
261230,2005,0,6526,6526
261230,2006,0,6115,6115
261230,2007,0,5945,5945
261230,2008,0,7223,7223
261230,2009,0,5913,5913
261230,2010,0,4848,4848
261230,2011,0,5008,5008
261230,2012,0,6083,6083
261230,2013,0,4206,4206
261230,2014,0,6676,6676
261230,2015,0,6674,6674
261230,2016,0,6674,6674
261230,2017,0,8490,8490
261230,2018,0,3605,3605
261230,2019,0,3320,3320
261230,2020,0,2585,2585
261230,2021,0,3230,3230
261240,1988,0,5371,5371
261240,1989,0,5677,5677
261240,1990,0,3948,3948
261240,1991,0,4820,4820
261240,1992,0,4984,4984
261240,1993,0,4352,4352
261240,1994,0,4974,4974
261240,1995,0,5011,5011
261240,1996,0,3781,3781
261240,1997,0,6624,6624
261240,1998,0,561,561
261240,1999,0,3055,3055
261240,2000,0,2599,2599
261240,2001,0,2389,2389
261240,2002,0,1702,1702
261240,2003,0,1992,1992
261240,2004,0,1980,1980
261240,2005,0,2480,2480
261240,2006,0,2175,2175
261240,2007,0,2100,2100
261240,2008,0,2480,2480
261240,2009,0,2580,2580
261240,2010,0,2700,2700
261240,2011,0,2315,2315
261240,2012,0,2275,2275
261240,2013,0,555,555
261240,2014,0,450,450
261240,2015,0,450,450
261240,2016,0,450,450
261240,2017,0,2400,2400
261240,2018,0,2700,2700
261240,2019,0,2400,2400
261240,2020,0,2080,2080
261240,2021,0,2000,2000
261250,1988,0,143,143
261250,1989,0,152,152
261250,1990,0,153,153
261250,1991,0,1470,1470
261250,1992,0,1650,1650
261250,1993,0,1080,1080
261250,1994,0,1250,1250
261250,1995,0,1304,1304
261250,1996,0,1355,1355
261250,1997,0,1630,1630
261250,1998,0,342,342
261250,1999,0,1362,1362
261250,2000,0,1002,1002
261250,2001,0,1402,1402
261250,2002,0,354,354
261250,2003,0,236,236
261250,2004,0,416,416
261250,2005,0,208,208
261250,2006,0,267,267
261250,2007,0,288,288
261250,2008,0,227,227
261250,2009,0,362,362
261250,2010,0,896,896
261250,2011,0,1035,1035
261250,2012,0,356,356
261250,2013,0,263,263
261250,2014,0,263,263
261250,2015,0,263,263
261250,2016,0,260,260
261250,2017,0,260,260
261250,2018,0,250,250
261250,2019,0,312,312
261250,2020,0,302,302
261250,2021,0,260,260
261260,1988,0,9948,9948
261260,1989,0,7061,7061
261260,1990,0,7177,7177
261260,1991,0,7519,7519
261260,1992,0,7639,7639
261260,1993,0,6505,6505
261260,1994,0,8599,8599
261260,1995,0,10338,10338
261260,1996,0,11941,11941
261260,1997,0,12904,12904
261260,1998,0,4739,4739
261260,1999,0,6796,6796
261260,2000,0,10054,10054
261260,2001,0,11101,11101
261260,2002,0,11218,11218
261260,2003,0,11617,11617
261260,2004,0,16211,16211
261260,2005,0,15045,15045
261260,2006,0,15295,15295
261260,2007,0,16086,16086
261260,2008,0,16872,16872
261260,2009,0,16462,16462
261260,2010,0,14855,14855
261260,2011,0,15176,15176
261260,2012,0,13627,13627
261260,2013,0,11499,11499
261260,2014,0,7825,7825
261260,2015,0,16796,16796
261260,2016,0,13582,13582
261260,2017,0,13347,13347
261260,2018,0,16051,16051
261260,2019,0,15131,15131
261260,2020,0,16595,16595
261260,2021,0,16151,16151
261270,1988,0,3164,3164
261270,1989,0,3007,3007
261270,1990,0,4429,4429
261270,1991,0,5759,5759
261270,1992,0,5155,5155
261270,1993,0,5205,5205
261270,1994,0,3625,3625
261270,1995,0,3998,3998
261270,1996,0,4700,4700
261270,1997,0,4017,4017
261270,1998,0,1787,1787
261270,1999,0,1037,1037
261270,2000,0,2219,2219
261270,2001,0,689,689
261270,2002,0,1098,1098
261270,2003,0,993,993
261270,2004,0,643,643
261270,2005,0,440,440
261270,2006,0,340,340
261270,2007,0,840,840
261270,2008,0,1305,1305
261270,2009,0,2155,2155
261270,2010,0,8981,8981
261270,2011,0,10333,10333
261270,2012,0,2127,2127
261270,2013,0,833,833
261270,2014,0,750,750
261270,2015,0,800,800
261270,2016,0,1450,1450
261270,2017,0,1400,1400
261270,2018,0,1485,1485
261270,2019,0,1705,1705
261270,2020,0,1855,1855
261270,2021,0,1855,1855
261280,1988,0,3572,3572
261280,1989,0,3614,3614
261280,1990,0,942,942
261280,1991,0,4138,4138
261280,1992,0,6099,6099
261280,1993,0,2605,2605
261280,1994,0,6544,6544
261280,1995,0,7204,7204
261280,1996,0,7574,7574
261280,1997,0,7094,7094
261280,1998,0,1285,1285
261280,1999,0,6958,6958
261280,2000,0,6539,6539
261280,2001,0,6607,6607
261280,2002,0,7910,7910
261280,2003,0,5994,5994
261280,2004,0,5920,5920
261280,2005,0,5387,5387
261280,2006,0,5399,5399
261280,2007,0,5414,5414
261280,2008,0,5416,5416
261280,2009,0,5395,5395
261280,2010,0,5731,5731
261280,2011,0,5701,5701
261280,2012,0,5281,5281
261280,2013,0,564,564
261280,2014,0,3380,3380
261280,2015,0,3063,3063
261280,2016,0,3141,3141
261280,2017,0,3137,3137
261280,2018,0,2990,2990
261280,2019,0,2922,2922
261280,2020,0,3228,3228
261280,2021,0,3643,3643
261290,1988,0,6157,6157
261290,1989,0,5422,5422
261290,1990,0,5202,5202
261290,1991,0,5300,5300
261290,1992,0,5332,5332
261290,1993,0,3952,3952
261290,1994,0,4068,4068
261290,1995,0,4487,4487
261290,1996,0,6297,6297
261290,1997,0,3145,3145
261290,1998,0,2955,2955
261290,1999,0,2273,2273
261290,2000,0,1587,1587
261290,2001,0,1703,1703
261290,2002,0,2111,2111
261290,2003,0,2030,2030
261290,2004,0,2068,2068
261290,2005,0,2433,2433
261290,2006,0,2528,2528
261290,2007,0,3273,3273
261290,2008,0,4936,4936
261290,2009,0,3047,3047
261290,2010,0,2306,2306
261290,2011,0,2532,2532
261290,2012,0,2184,2184
261290,2013,0,2098,2098
261290,2014,0,1201,1201
261290,2015,0,1672,1672
261290,2016,0,1201,1201
261290,2017,0,1006,1006
261290,2018,0,435,435
261290,2019,0,499,499
261290,2020,0,625,625
261290,2021,0,606,606
261300,1988,0,5726,5726
261300,1989,0,5875,5875
261300,1990,0,6652,6652
261300,1991,0,6862,6862
261300,1992,0,7170,7170
261300,1993,0,6885,6885
261300,1994,0,8130,8130
261300,1995,0,6450,6450
261300,1996,0,11835,11835
261300,1997,0,5702,5702
261300,1998,0,1045,1045
261300,1999,0,8113,8113
261300,2000,0,3713,3713
261300,2001,0,3400,3400
261300,2002,0,3905,3905
261300,2003,0,1650,1650
261300,2004,0,6083,6083
261300,2005,0,6083,6083
261300,2006,0,6185,6185
261300,2007,0,6873,6873
261300,2008,0,7805,7805
261300,2009,0,6805,6805
261300,2010,0,6805,6805
261300,2011,0,10380,10380
261300,2012,0,8400,8400
261300,2013,0,3401,3401
261300,2014,0,13400,13400
261300,2015,0,6100,6100
261300,2016,0,13400,13400
261300,2017,0,8800,8800
261300,2018,0,11250,11250
261300,2019,0,7260,7260
261300,2020,0,6945,6945
261300,2021,0,7745,7745
261310,1988,0,1727,1727
261310,1989,0,1988,1988
261310,1990,0,2088,2088
261310,1991,0,2256,2256
261310,1992,0,2634,2634
261310,1993,0,1594,1594
261310,1994,0,1819,1819
261310,1995,0,3771,3771
261310,1996,0,5315,5315
261310,1997,0,4300,4300
261310,1998,0,1311,1311
261310,1999,0,3480,3480
261310,2000,0,1937,1937
261310,2001,0,1868,1868
261310,2002,0,1881,1881
261310,2003,0,995,995
261310,2004,0,1392,1392
261310,2005,0,1713,1713
261310,2006,0,1516,1516
261310,2007,0,1725,1725
261310,2008,0,2149,2149
261310,2009,0,2048,2048
261310,2010,0,2557,2557
261310,2011,0,2628,2628
261310,2012,0,1661,1661
261310,2013,0,846,846
261310,2014,0,783,783
261310,2015,0,843,843
261310,2016,0,658,658
261310,2017,0,783,783
261310,2018,0,2302,2302
261310,2019,0,1540,1540
261310,2020,0,1300,1300
261310,2021,0,880,880
261320,1988,0,11762,11762
261320,1989,0,8917,8917
261320,1990,0,8812,8812
261320,1991,0,9079,9079
261320,1992,0,5999,5999
261320,1993,0,9526,9526
261320,1994,0,9543,9543
261320,1995,0,9844,9844
261320,1996,0,13590,13590
261320,1997,0,16248,16248
261320,1998,0,10205,10205
261320,1999,0,13205,13205
261320,2000,0,12779,12779
261320,2001,0,13372,13372
261320,2002,0,15880,15880
261320,2003,0,14853,14853
261320,2004,0,14896,14896
261320,2005,0,14327,14327
261320,2006,0,14148,14148
261320,2007,0,14140,14140
261320,2008,0,16149,16149
261320,2009,0,16330,16330
261320,2010,0,16155,16155
261320,2011,0,16665,16665
261320,2012,0,8930,8930
261320,2013,0,16295,16295
261320,2014,0,15614,15614
261320,2015,0,4203,4203
261320,2016,0,15674,15674
261320,2017,0,14130,14130
261320,2018,0,16029,16029
261320,2019,0,10631,10631
261320,2020,0,11028,11028
261320,2021,0,16218,16218
261330,1988,0,1881,1881
261330,1989,0,2032,2032
261330,1990,0,1689,1689
261330,1991,0,1747,1747
261330,1992,0,1759,1759
261330,1993,0,1136,1136
261330,1994,0,880,880
261330,1995,0,1390,1390
261330,1996,0,1483,1483
261330,1997,0,775,775
261330,1998,0,350,350
261330,1999,0,350,350
261330,2000,0,375,375
261330,2001,0,321,321
261330,2002,0,642,642
261330,2003,0,586,586
261330,2004,0,697,697
261330,2005,0,970,970
261330,2006,0,447,447
261330,2007,0,447,447
261330,2008,0,952,952
261330,2009,0,772,772
261330,2010,0,9103,9103
261330,2011,0,8933,8933
261330,2012,0,4581,4581
261330,2013,0,4182,4182
261330,2014,0,4182,4182
261330,2015,0,4002,4002
261330,2016,0,4002,4002
261330,2017,0,4037,4037
261330,2018,0,214,214
261330,2019,0,224,224
261330,2020,0,192,192
261330,2021,0,67,67
261340,1988,0,4285,4285
261340,1989,0,4308,4308
261340,1990,0,4202,4202
261340,1991,0,4141,4141
261340,1992,0,4131,4131
261340,1993,0,3344,3344
261340,1994,0,3723,3723
261340,1995,0,4953,4953
261340,1996,0,4316,4316
261340,1997,0,3871,3871
261340,1998,0,3871,3871
261340,1999,0,2994,2994
261340,2000,0,2811,2811
261340,2001,0,2213,2213
261340,2002,0,1553,1553
261340,2003,0,900,900
261340,2004,0,812,812
261340,2005,0,1325,1325
261340,2006,0,1305,1305
261340,2007,0,1287,1287
261340,2008,0,1462,1462
261340,2009,0,1407,1407
261340,2010,0,1270,1270
261340,2011,0,2035,2035
261340,2012,0,1885,1885
261340,2013,0,1353,1353
261340,2014,0,1363,1363
261340,2015,0,100,100
261340,2016,0,100,100
261340,2017,0,188,188
261340,2018,0,175,175
261340,2019,0,260,260
261340,2020,0,220,220
261340,2021,0,227,227
261350,1988,0,21883,21883
261350,1989,0,24956,24956
261350,1990,0,17543,17543
261350,1991,0,19474,19474
261350,1992,0,24158,24158
261350,1993,0,14060,14060
261350,1994,0,31571,31571
261350,1995,0,25286,25286
261350,1996,0,24232,24232
261350,1997,0,27383,27383
261350,1998,0,16570,16570
261350,1999,0,29475,29475
261350,2000,0,23645,23645
261350,2001,0,19071,19071
261350,2002,0,16677,16677
261350,2003,0,16851,16851
261350,2004,0,18490,18490
261350,2005,0,13720,13720
261350,2006,0,15636,15636
261350,2007,0,14103,14103
261350,2008,0,14062,14062
261350,2009,0,13992,13992
261350,2010,0,14512,14512
261350,2011,0,13454,13454
261350,2012,0,13698,13698
261350,2013,0,9325,9325
261350,2014,0,9780,9780
261350,2015,0,9668,9668
261350,2016,0,9701,9701
261350,2017,0,6866,6866
261350,2018,0,6332,6332
261350,2019,0,3499,3499
261350,2020,0,5766,5766
261350,2021,0,5766,5766
261360,1988,0,11840,11840
261360,1989,0,13985,13985
261360,1990,0,1925,1925
261360,1991,0,9066,9066
261360,1992,0,17084,17084
261360,1993,0,4562,4562
261360,1994,0,16928,16928
261360,1995,0,15013,15013
261360,1996,0,14943,14943
261360,1997,0,16768,16768
261360,1998,0,2041,2041
261360,1999,0,10524,10524
261360,2000,0,11988,11988
261360,2001,0,12067,12067
261360,2002,0,16240,16240
261360,2003,0,19134,19134
261360,2004,0,18397,18397
261360,2005,0,18365,18365
261360,2006,0,18434,18434
261360,2007,0,18776,18776
261360,2008,0,18318,18318
261360,2009,0,18410,18410
261360,2010,0,19177,19177
261360,2011,0,18933,18933
261360,2012,0,18813,18813
261360,2013,0,221,221
261360,2014,0,14748,14748
261360,2015,0,16115,16115
261360,2016,0,11098,11098
261360,2017,0,11097,11097
261360,2018,0,11267,11267
261360,2019,0,9930,9930
261360,2020,0,9762,9762
261360,2021,0,10691,10691
261370,1988,0,9478,9478
261370,1989,0,7560,7560
261370,1990,0,6370,6370
261370,1991,0,6420,6420
261370,1992,0,9460,9460
261370,1993,0,10510,10510
261370,1994,0,8770,8770
261370,1995,0,5690,5690
261370,1996,0,9490,9490
261370,1997,0,5640,5640
261370,1998,0,5640,5640
261370,1999,0,4920,4920
261370,2000,0,4318,4318
261370,2001,0,3735,3735
261370,2002,0,5085,5085
261370,2003,0,5045,5045
261370,2004,0,5045,5045
261370,2005,0,5040,5040
261370,2006,0,4935,4935
261370,2007,0,4935,4935
261370,2008,0,4935,4935
261370,2009,0,4935,4935
261370,2010,0,5008,5008
261370,2011,0,4972,4972
261370,2012,0,4132,4132
261370,2013,0,4060,4060
261370,2014,0,4060,4060
261370,2015,0,4020,4020
261370,2016,0,3020,3020
261370,2017,0,2580,2580
261370,2018,0,3570,3570
261370,2019,0,3055,3055
261370,2020,0,7850,7850
261370,2021,0,6412,6412
261380,1988,0,6414,6414
261380,1989,0,6775,6775
261380,1990,0,5785,5785
261380,1991,0,5753,5753
261380,1992,0,5901,5901
261380,1993,0,6172,6172
261380,1994,0,6343,6343
261380,1995,0,6553,6553
261380,1996,0,5865,5865
261380,1997,0,8573,8573
261380,1998,0,5854,5854
261380,1999,0,6294,6294
261380,2000,0,5669,5669
261380,2001,0,6684,6684
261380,2002,0,6405,6405
261380,2003,0,6159,6159
261380,2004,0,6251,6251
261380,2005,0,5716,5716
261380,2006,0,5651,5651
261380,2007,0,5611,5611
261380,2008,0,5728,5728
261380,2009,0,5628,5628
261380,2010,0,5749,5749
261380,2011,0,5747,5747
261380,2012,0,5747,5747
261380,2013,0,5693,5693
261380,2014,0,5701,5701
261380,2015,0,5701,5701
261380,2016,0,5251,5251
261380,2017,0,5386,5386
261380,2018,0,7268,7268
261380,2019,0,7252,7252
261380,2020,0,5210,5210
261380,2021,0,5454,5454
261390,1988,0,33636,33636
261390,1989,0,32401,32401
261390,1990,0,19061,19061
261390,1991,0,20536,20536
261390,1992,0,27025,27025
261390,1993,0,2979,2979
261390,1994,0,17068,17068
261390,1995,0,17241,17241
261390,1996,0,20221,20221
261390,1997,0,20909,20909
261390,1998,0,3399,3399
261390,1999,0,17012,17012
261390,2000,0,21343,21343
261390,2001,0,15273,15273
261390,2002,0,16188,16188
261390,2003,0,16508,16508
261390,2004,0,16415,16415
261390,2005,0,17042,17042
261390,2006,0,16895,16895
261390,2007,0,18052,18052
261390,2008,0,18832,18832
261390,2009,0,18830,18830
261390,2010,0,15191,15191
261390,2011,0,16061,16061
261390,2012,0,14504,14504
261390,2013,0,48,48
261390,2014,0,14131,14131
261390,2015,0,14141,14141
261390,2016,0,14138,14138
261390,2017,0,14140,14140
261390,2018,0,9765,9765
261390,2019,0,4829,4829
261390,2020,0,4809,4809
261390,2021,0,4819,4819
261400,1988,0,4284,4284
261400,1989,0,4362,4362
261400,1990,0,4021,4021
261400,1991,0,4782,4782
261400,1992,0,3357,3357
261400,1993,0,2177,2177
261400,1994,0,5380,5380
261400,1995,0,5193,5193
261400,1996,0,5423,5423
261400,1997,0,5160,5160
261400,1998,0,345,345
261400,1999,0,5283,5283
261400,2000,0,5180,5180
261400,2001,0,5850,5850
261400,2002,0,5806,5806
261400,2003,0,5729,5729
261400,2004,0,5914,5914
261400,2005,0,4300,4300
261400,2006,0,6059,6059
261400,2007,0,6399,6399
261400,2008,0,6406,6406
261400,2009,0,6360,6360
261400,2010,0,5724,5724
261400,2011,0,4842,4842
261400,2012,0,2284,2284
261400,2013,0,124,124
261400,2014,0,259,259
261400,2015,0,72,72
261400,2016,0,1472,1472
261400,2017,0,272,272
261400,2018,0,1344,1344
261400,2019,0,2805,2805
261400,2020,0,4027,4027
261400,2021,0,4047,4047
261410,1988,0,24560,24560
261410,1989,0,24850,24850
261410,1990,0,10255,10255
261410,1991,0,23455,23455
261410,1992,0,21425,21425
261410,1993,0,787,787
261410,1994,0,17651,17651
261410,1995,0,13241,13241
261410,1996,0,6879,6879
261410,1997,0,6633,6633
261410,1998,0,77,77
261410,1999,0,10,10
261410,2000,0,4590,4590
261410,2001,0,70,70
261410,2002,0,6160,6160
261410,2003,0,6350,6350
261410,2004,0,4218,4218
261410,2005,0,4858,4858
261410,2006,0,5408,5408
261410,2007,0,5738,5738
261410,2008,0,6278,6278
261410,2009,0,8258,8258
261410,2010,0,6158,6158
261410,2011,0,5628,5628
261410,2012,0,3183,3183
261410,2013,0,0,0
261410,2014,0,5000,5000
261410,2015,0,3000,3000
261410,2016,0,5500,5500
261410,2017,0,4000,4000
261410,2018,0,6000,6000
261410,2019,0,6506,6506
261410,2020,0,3303,3303
261410,2021,0,2600,2600
261420,1988,0,16057,16057
261420,1989,0,17029,17029
261420,1990,0,16933,16933
261420,1991,0,16913,16913
261420,1992,0,16933,16933
261420,1993,0,12938,12938
261420,1994,0,14056,14056
261420,1995,0,15558,15558
261420,1996,0,14595,14595
261420,1997,0,14560,14560
261420,1998,0,14560,14560
261420,1999,0,16313,16313
261420,2000,0,15939,15939
261420,2001,0,16401,16401
261420,2002,0,15084,15084
261420,2003,0,15019,15019
261420,2004,0,13945,13945
261420,2005,0,14232,14232
261420,2006,0,14339,14339
261420,2007,0,18150,18150
261420,2008,0,24108,24108
261420,2009,0,16460,16460
261420,2010,0,17249,17249
261420,2011,0,17377,17377
261420,2012,0,19313,19313
261420,2013,0,19233,19233
261420,2014,0,19393,19393
261420,2015,0,19220,19220
261420,2016,0,17220,17220
261420,2017,0,16970,16970
261420,2018,0,16320,16320
261420,2019,0,15270,15270
261420,2020,0,25440,25440
261420,2021,0,31460,31460
261430,1988,0,7103,7103
261430,1989,0,7912,7912
261430,1990,0,7238,7238
261430,1991,0,9423,9423
261430,1992,0,5700,5700
261430,1993,0,2219,2219
261430,1994,0,7821,7821
261430,1995,0,8076,8076
261430,1996,0,8088,8088
261430,1997,0,7918,7918
261430,1998,0,564,564
261430,1999,0,4627,4627
261430,2000,0,2600,2600
261430,2001,0,3447,3447
261430,2002,0,5457,5457
261430,2003,0,4855,4855
261430,2004,0,4739,4739
261430,2005,0,5414,5414
261430,2006,0,5294,5294
261430,2007,0,5454,5454
261430,2008,0,3827,3827
261430,2009,0,3668,3668
261430,2010,0,853,853
261430,2011,0,1624,1624
261430,2012,0,361,361
261430,2013,0,334,334
261430,2014,0,1409,1409
261430,2015,0,280,280
261430,2016,0,1400,1400
261430,2017,0,500,500
261430,2018,0,1217,1217
261430,2019,0,1559,1559
261430,2020,0,2221,2221
261430,2021,0,2458,2458
261440,1988,0,5758,5758
261440,1989,0,6602,6602
261440,1990,0,1282,1282
261440,1991,0,4654,4654
261440,1992,0,6404,6404
261440,1993,0,1956,1956
261440,1994,0,6537,6537
261440,1995,0,4354,4354
261440,1996,0,5647,5647
261440,1997,0,3646,3646
261440,1998,0,1142,1142
261440,1999,0,3228,3228
261440,2000,0,3788,3788
261440,2001,0,3741,3741
261440,2002,0,3928,3928
261440,2003,0,4102,4102
261440,2004,0,3990,3990
261440,2005,0,4197,4197
261440,2006,0,4179,4179
261440,2007,0,4090,4090
261440,2008,0,3919,3919
261440,2009,0,3698,3698
261440,2010,0,4110,4110
261440,2011,0,4170,4170
261440,2012,0,4387,4387
261440,2013,0,322,322
261440,2014,0,2925,2925
261440,2015,0,3559,3559
261440,2016,0,3594,3594
261440,2017,0,2461,2461
261440,2018,0,2407,2407
261440,2019,0,2410,2410
261440,2020,0,2589,2589
261440,2021,0,2949,2949
261450,1988,0,10655,10655
261450,1989,0,21329,21329
261450,1990,0,19210,19210
261450,1991,0,19215,19215
261450,1992,0,16410,16410
261450,1993,0,12562,12562
261450,1994,0,17457,17457
261450,1995,0,14024,14024
261450,1996,0,13107,13107
261450,1997,0,6407,6407
261450,1998,0,2400,2400
261450,1999,0,1409,1409
261450,2000,0,4994,4994
261450,2001,0,2710,2710
261450,2002,0,5045,5045
261450,2003,0,3488,3488
261450,2004,0,2558,2558
261450,2005,0,1820,1820
261450,2006,0,2391,2391
261450,2007,0,2954,2954
261450,2008,0,2643,2643
261450,2009,0,3084,3084
261450,2010,0,19120,19120
261450,2011,0,17712,17712
261450,2012,0,4405,4405
261450,2013,0,1588,1588
261450,2014,0,1774,1774
261450,2015,0,1761,1761
261450,2016,0,4186,4186
261450,2017,0,2976,2976
261450,2018,0,6369,6369
261450,2019,0,6562,6562
261450,2020,0,7637,7637
261450,2021,0,7637,7637
261460,1988,0,10625,10625
261460,1989,0,16623,16623
261460,1990,0,9898,9898
261460,1991,0,18601,18601
261460,1992,0,24602,24602
261460,1993,0,3344,3344
261460,1994,0,20471,20471
261460,1995,0,20613,20613
261460,1996,0,16868,16868
261460,1997,0,11888,11888
261460,1998,0,2023,2023
261460,1999,0,10319,10319
261460,2000,0,10969,10969
261460,2001,0,11656,11656
261460,2002,0,11308,11308
261460,2003,0,12231,12231
261460,2004,0,12330,12330
261460,2005,0,12435,12435
261460,2006,0,12624,12624
261460,2007,0,12453,12453
261460,2008,0,12284,12284
261460,2009,0,12249,12249
261460,2010,0,12977,12977
261460,2011,0,13773,13773
261460,2012,0,13769,13769
261460,2013,0,670,670
261460,2014,0,7612,7612
261460,2015,0,8645,8645
261460,2016,0,8680,8680
261460,2017,0,8684,8684
261460,2018,0,8828,8828
261460,2019,0,9025,9025
261460,2020,0,9442,9442
261460,2021,0,6735,6735
261470,1988,0,4840,4840
261470,1989,0,3720,3720
261470,1990,0,3285,3285
261470,1991,0,3593,3593
261470,1992,0,2745,2745
261470,1993,0,3590,3590
261470,1994,0,4715,4715
261470,1995,0,5837,5837
261470,1996,0,5531,5531
261470,1997,0,3320,3320
261470,1998,0,1203,1203
261470,1999,0,3978,3978
261470,2000,0,4685,4685
261470,2001,0,4905,4905
261470,2002,0,1800,1800
261470,2003,0,2400,2400
261470,2004,0,2300,2300
261470,2005,0,1725,1725
261470,2006,0,1970,1970
261470,2007,0,1480,1480
261470,2008,0,1670,1670
261470,2009,0,1670,1670
261470,2010,0,1790,1790
261470,2011,0,2728,2728
261470,2012,0,2338,2338
261470,2013,0,2005,2005
261470,2014,0,3555,3555
261470,2015,0,1415,1415
261470,2016,0,3515,3515
261470,2017,0,1755,1755
261470,2018,0,2915,2915
261470,2019,0,1515,1515
261470,2020,0,1205,1205
261470,2021,0,500,500
261480,1988,0,6176,6176
261480,1989,0,12538,12538
261480,1990,0,3943,3943
261480,1991,0,9143,9143
261480,1992,0,9076,9076
261480,1993,0,1955,1955
261480,1994,0,7534,7534
261480,1995,0,9093,9093
261480,1996,0,10812,10812
261480,1997,0,9940,9940
261480,1998,0,4580,4580
261480,1999,0,5118,5118
261480,2000,0,6033,6033
261480,2001,0,5238,5238
261480,2002,0,4541,4541
261480,2003,0,4441,4441
261480,2004,0,4438,4438
261480,2005,0,4552,4552
261480,2006,0,4538,4538
261480,2007,0,4478,4478
261480,2008,0,4606,4606
261480,2009,0,4590,4590
261480,2010,0,3491,3491
261480,2011,0,5780,5780
261480,2012,0,5060,5060
261480,2013,0,2244,2244
261480,2014,0,4926,4926
261480,2015,0,4531,4531
261480,2016,0,5317,5317
261480,2017,0,2713,2713
261480,2018,0,3055,3055
261480,2019,0,2829,2829
261480,2020,0,5540,5540
261480,2021,0,4940,4940
261500,1988,0,6174,6174
261500,1989,0,6150,6150
261500,1990,0,6320,6320
261500,1991,0,5478,5478
261500,1992,0,5798,5798
261500,1993,0,4697,4697
261500,1994,0,4680,4680
261500,1995,0,4520,4520
261500,1996,0,5362,5362
261500,1997,0,4846,4846
261500,1998,0,3681,3681
261500,1999,0,3821,3821
261500,2000,0,4822,4822
261500,2001,0,4017,4017
261500,2002,0,2983,2983
261500,2003,0,2450,2450
261500,2004,0,3947,3947
261500,2005,0,4667,4667
261500,2006,0,3396,3396
261500,2007,0,3237,3237
261500,2008,0,3845,3845
261500,2009,0,3637,3637
261500,2010,0,2101,2101
261500,2011,0,4054,4054
261500,2012,0,3679,3679
261500,2013,0,2819,2819
261500,2014,0,3132,3132
261500,2015,0,2532,2532
261500,2016,0,2603,2603
261500,2017,0,2397,2397
261500,2018,0,2914,2914
261500,2019,0,2907,2907
261500,2020,0,2485,2485
261500,2021,0,2485,2485
261510,1988,0,8492,8492
261510,1989,0,9262,9262
261510,1990,0,6082,6082
261510,1991,0,8845,8845
261510,1992,0,6050,6050
261510,1993,0,6350,6350
261510,1994,0,8652,8652
261510,1995,0,7893,7893
261510,1996,0,8270,8270
261510,1997,0,4133,4133
261510,1998,0,2758,2758
261510,1999,0,2872,2872
261510,2000,0,2791,2791
261510,2001,0,3089,3089
261510,2002,0,3119,3119
261510,2003,0,2904,2904
261510,2004,0,3101,3101
261510,2005,0,3094,3094
261510,2006,0,2965,2965
261510,2007,0,2918,2918
261510,2008,0,2917,2917
261510,2009,0,3077,3077
261510,2010,0,2352,2352
261510,2011,0,2640,2640
261510,2012,0,2229,2229
261510,2013,0,1051,1051
261510,2014,0,1102,1102
261510,2015,0,1087,1087
261510,2016,0,1582,1582
261510,2017,0,1230,1230
261510,2018,0,464,464
261510,2019,0,832,832
261510,2020,0,1083,1083
261510,2021,0,830,830
261520,1988,0,1915,1915
261520,1989,0,2437,2437
261520,1990,0,1943,1943
261520,1991,0,1862,1862
261520,1992,0,1967,1967
261520,1993,0,520,520
261520,1994,0,1717,1717
261520,1995,0,1750,1750
261520,1996,0,1316,1316
261520,1997,0,1192,1192
261520,1998,0,229,229
261520,1999,0,999,999
261520,2000,0,1079,1079
261520,2001,0,1411,1411
261520,2002,0,880,880
261520,2003,0,799,799
261520,2004,0,1094,1094
261520,2005,0,1404,1404
261520,2006,0,1389,1389
261520,2007,0,1389,1389
261520,2008,0,1394,1394
261520,2009,0,1975,1975
261520,2010,0,822,822
261520,2011,0,906,906
261520,2012,0,942,942
261520,2013,0,530,530
261520,2014,0,112,112
261520,2015,0,38,38
261520,2016,0,310,310
261520,2017,0,40,40
261520,2018,0,1015,1015
261520,2019,0,723,723
261520,2020,0,1003,1003
261520,2021,0,719,719
261530,1988,0,18914,18914
261530,1989,0,18350,18350
261530,1990,0,14187,14187
261530,1991,0,13712,13712
261530,1992,0,14770,14770
261530,1993,0,14481,14481
261530,1994,0,14633,14633
261530,1995,0,17492,17492
261530,1996,0,17295,17295
261530,1997,0,17642,17642
261530,1998,0,15980,15980
261530,1999,0,11151,11151
261530,2000,0,11311,11311
261530,2001,0,15437,15437
261530,2002,0,15496,15496
261530,2003,0,13187,13187
261530,2004,0,15308,15308
261530,2005,0,16613,16613
261530,2006,0,17517,17517
261530,2007,0,17470,17470
261530,2008,0,17785,17785
261530,2009,0,17535,17535
261530,2010,0,11092,11092
261530,2011,0,10442,10442
261530,2012,0,10441,10441
261530,2013,0,10069,10069
261530,2014,0,9704,9704
261530,2015,0,9704,9704
261530,2016,0,9704,9704
261530,2017,0,9838,9838
261530,2018,0,9718,9718
261530,2019,0,712,712
261530,2020,0,4749,4749
261530,2021,0,4733,4733
261540,1988,0,278,278
261540,1989,0,331,331
261540,1990,0,345,345
261540,1991,0,318,318
261540,1992,0,503,503
261540,1993,0,343,343
261540,1994,0,403,403
261540,1995,0,493,493
261540,1996,0,503,503
261540,1997,0,572,572
261540,1998,0,182,182
261540,1999,0,682,682
261540,2000,0,602,602
261540,2001,0,432,432
261540,2002,0,94,94
261540,2003,0,74,74
261540,2004,0,114,114
261540,2005,0,98,98
261540,2006,0,90,90
261540,2007,0,105,105
261540,2008,0,95,95
261540,2009,0,104,104
261540,2010,0,689,689
261540,2011,0,707,707
261540,2012,0,96,96
261540,2013,0,91,91
261540,2014,0,112,112
261540,2015,0,112,112
261540,2016,0,120,120
261540,2017,0,110,110
261540,2018,0,100,100
261540,2019,0,0,0
261540,2020,0,0,0
261540,2021,0,0,0
261550,1988,0,8086,8086
261550,1989,0,8195,8195
261550,1990,0,7872,7872
261550,1991,0,8212,8212
261550,1992,0,8636,8636
261550,1993,0,8706,8706
261550,1994,0,6576,6576
261550,1995,0,9076,9076
261550,1996,0,9352,9352
261550,1997,0,10196,10196
261550,1998,0,9040,9040
261550,1999,0,8717,8717
261550,2000,0,8578,8578
261550,2001,0,9550,9550
261550,2002,0,9594,9594
261550,2003,0,7862,7862
261550,2004,0,8823,8823
261550,2005,0,8729,8729
261550,2006,0,8789,8789
261550,2007,0,8770,8770
261550,2008,0,10095,10095
261550,2009,0,8775,8775
261550,2010,0,7144,7144
261550,2011,0,7144,7144
261550,2012,0,4300,4300
261550,2013,0,4800,4800
261550,2014,0,4800,4800
261550,2015,0,4800,4800
261550,2016,0,1787,1787
261550,2017,0,721,721
261550,2018,0,4049,4049
261550,2019,0,4142,4142
261550,2020,0,4505,4505
261550,2021,0,4180,4180
261560,1988,0,6615,6615
261560,1989,0,4338,4338
261560,1990,0,4020,4020
261560,1991,0,4750,4750
261560,1992,0,6000,6000
261560,1993,0,3110,3110
261560,1994,0,4237,4237
261560,1995,0,5440,5440
261560,1996,0,6134,6134
261560,1997,0,6096,6096
261560,1998,0,7992,7992
261560,1999,0,8290,8290
261560,2000,0,9740,9740
261560,2001,0,9320,9320
261560,2002,0,6610,6610
261560,2003,0,7210,7210
261560,2004,0,7362,7362
261560,2005,0,7412,7412
261560,2006,0,6630,6630
261560,2007,0,4450,4450
261560,2008,0,7990,7990
261560,2009,0,6790,6790
261560,2010,0,6821,6821
261560,2011,0,7350,7350
261560,2012,0,3985,3985
261560,2013,0,540,540
261560,2014,0,1240,1240
261560,2015,0,1575,1575
261560,2016,0,563,563
261560,2017,0,2501,2501
261560,2018,0,1930,1930
261560,2019,0,2900,2900
261560,2020,0,3200,3200
261560,2021,0,3530,3530
261570,1988,0,19148,19148
261570,1989,0,20339,20339
261570,1990,0,16094,16094
261570,1991,0,22858,22858
261570,1992,0,21478,21478
261570,1993,0,8360,8360
261570,1994,0,20696,20696
261570,1995,0,21301,21301
261570,1996,0,16329,16329
261570,1997,0,20495,20495
261570,1998,0,7325,7325
261570,1999,0,10088,10088
261570,2000,0,12218,12218
261570,2001,0,7787,7787
261570,2002,0,6105,6105
261570,2003,0,5224,5224
261570,2004,0,5672,5672
261570,2005,0,5381,5381
261570,2006,0,5347,5347
261570,2007,0,5287,5287
261570,2008,0,5856,5856
261570,2009,0,5911,5911
261570,2010,0,6036,6036
261570,2011,0,5959,5959
261570,2012,0,5889,5889
261570,2013,0,1073,1073
261570,2014,0,4751,4751
261570,2015,0,5207,5207
261570,2016,0,5914,5914
261570,2017,0,4091,4091
261570,2018,0,5103,5103
261570,2019,0,5180,5180
261570,2020,0,4897,4897
261570,2021,0,4756,4756
261580,1988,0,18630,18630
261580,1989,0,19080,19080
261580,1990,0,19270,19270
261580,1991,0,18621,18621
261580,1992,0,8121,8121
261580,1993,0,4271,4271
261580,1994,0,14280,14280
261580,1995,0,9760,9760
261580,1996,0,13977,13977
261580,1997,0,12725,12725
261580,1998,0,257,257
261580,1999,0,4077,4077
261580,2000,0,5877,5877
261580,2001,0,1873,1873
261580,2002,0,4607,4607
261580,2003,0,6472,6472
261580,2004,0,2502,2502
261580,2005,0,5452,5452
261580,2006,0,7222,7222
261580,2007,0,7222,7222
261580,2008,0,7677,7677
261580,2009,0,7702,7702
261580,2010,0,5232,5232
261580,2011,0,5952,5952
261580,2012,0,2152,2152
261580,2013,0,2400,2400
261580,2014,0,14600,14600
261580,2015,0,2650,2650
261580,2016,0,12600,12600
261580,2017,0,8200,8200
261580,2018,0,3382,3382
261580,2019,0,3386,3386
261580,2020,0,1878,1878
261580,2021,0,2655,2655
261590,1988,0,3111,3111
261590,1989,0,3369,3369
261590,1990,0,236,236
261590,1991,0,3788,3788
261590,1992,0,4401,4401
261590,1993,0,455,455
261590,1994,0,6328,6328
261590,1995,0,3336,3336
261590,1996,0,6277,6277
261590,1997,0,6190,6190
261590,1998,0,726,726
261590,1999,0,3309,3309
261590,2000,0,3796,3796
261590,2001,0,3751,3751
261590,2002,0,3163,3163
261590,2003,0,3093,3093
261590,2004,0,3091,3091
261590,2005,0,3135,3135
261590,2006,0,3085,3085
261590,2007,0,3091,3091
261590,2008,0,3069,3069
261590,2009,0,3163,3163
261590,2010,0,3339,3339
261590,2011,0,3730,3730
261590,2012,0,3494,3494
261590,2013,0,127,127
261590,2014,0,3446,3446
261590,2015,0,3248,3248
261590,2016,0,3263,3263
261590,2017,0,3044,3044
261590,2018,0,2542,2542
261590,2019,0,1639,1639
261590,2020,0,1852,1852
261590,2021,0,2055,2055
261600,1988,0,6573,6573
261600,1989,0,7120,7120
261600,1990,0,3845,3845
261600,1991,0,5720,5720
261600,1992,0,4420,4420
261600,1993,0,1120,1120
261600,1994,0,3686,3686
261600,1995,0,2556,2556
261600,1996,0,968,968
261600,1997,0,3132,3132
261600,1998,0,75,75
261600,1999,0,515,515
261600,2000,0,2155,2155
261600,2001,0,375,375
261600,2002,0,2215,2215
261600,2003,0,1505,1505
261600,2004,0,1805,1805
261600,2005,0,2615,2615
261600,2006,0,4210,4210
261600,2007,0,4310,4310
261600,2008,0,4345,4345
261600,2009,0,4360,4360
261600,2010,0,2440,2440
261600,2011,0,4190,4190
261600,2012,0,4260,4260
261600,2013,0,0,0
261600,2014,0,1300,1300
261600,2015,0,1300,1300
261600,2016,0,1310,1310
261600,2017,0,1400,1400
261600,2018,0,350,350
261600,2019,0,428,428
261600,2020,0,143,143
261600,2021,0,98,98
261610,1988,0,2970,2970
261610,1989,0,2016,2016
261610,1990,0,1701,1701
261610,1991,0,1942,1942
261610,1992,0,2785,2785
261610,1993,0,1107,1107
261610,1994,0,4950,4950
261610,1995,0,4745,4745
261610,1996,0,4925,4925
261610,1997,0,4646,4646
261610,1998,0,173,173
261610,1999,0,2565,2565
261610,2000,0,2601,2601
261610,2001,0,2633,2633
261610,2002,0,2677,2677
261610,2003,0,2638,2638
261610,2004,0,2666,2666
261610,2005,0,3440,3440
261610,2006,0,3418,3418
261610,2007,0,3961,3961
261610,2008,0,2935,2935
261610,2009,0,2935,2935
261610,2010,0,3291,3291
261610,2011,0,2647,2647
261610,2012,0,1111,1111
261610,2013,0,68,68
261610,2014,0,165,165
261610,2015,0,42,42
261610,2016,0,342,342
261610,2017,0,143,143
261610,2018,0,460,460
261610,2019,0,632,632
261610,2020,0,731,731
261610,2021,0,898,898
261620,1988,0,4736,4736
261620,1989,0,5806,5806
261620,1990,0,5045,5045
261620,1991,0,6282,6282
261620,1992,0,5970,5970
261620,1993,0,2754,2754
261620,1994,0,4767,4767
261620,1995,0,5038,5038
261620,1996,0,4663,4663
261620,1997,0,3483,3483
261620,1998,0,893,893
261620,1999,0,918,918
261620,2000,0,2091,2091
261620,2001,0,692,692
261620,2002,0,1126,1126
261620,2003,0,47,47
261620,2004,0,287,287
261620,2005,0,622,622
261620,2006,0,114,114
261620,2007,0,114,114
261620,2008,0,624,624
261620,2009,0,630,630
261620,2010,0,6935,6935
261620,2011,0,6530,6530
261620,2012,0,1695,1695
261620,2013,0,831,831
261620,2014,0,888,888
261620,2015,0,885,885
261620,2016,0,1495,1495
261620,2017,0,1467,1467
261620,2018,0,1420,1420
261620,2019,0,782,782
261620,2020,0,1582,1582
261620,2021,0,1582,1582
261630,1988,0,17168,17168
261630,1989,0,19424,19424
261630,1990,0,14772,14772
261630,1991,0,14706,14706
261630,1992,0,15227,15227
261630,1993,0,16356,16356
261630,1994,0,16222,16222
261630,1995,0,18935,18935
261630,1996,0,15565,15565
261630,1997,0,20165,20165
261630,1998,0,18690,18690
261630,1999,0,14073,14073
261630,2000,0,13566,13566
261630,2001,0,16845,16845
261630,2002,0,16498,16498
261630,2003,0,14649,14649
261630,2004,0,15770,15770
261630,2005,0,15612,15612
261630,2006,0,16388,16388
261630,2007,0,16394,16394
261630,2008,0,17374,17374
261630,2009,0,16399,16399
261630,2010,0,12949,12949
261630,2011,0,12949,12949
261630,2012,0,14949,14949
261630,2013,0,13911,13911
261630,2014,0,13911,13911
261630,2015,0,13911,13911
261630,2016,0,10911,10911
261630,2017,0,10968,10968
261630,2018,0,13216,13216
261630,2019,0,19103,19103
261630,2020,0,18136,18136
261630,2021,0,17175,17175
261640,1988,0,12071,12071
261640,1989,0,11401,11401
261640,1990,0,11316,11316
261640,1991,0,10678,10678
261640,1992,0,10688,10688
261640,1993,0,9216,9216
261640,1994,0,8836,8836
261640,1995,0,14954,14954
261640,1996,0,18221,18221
261640,1997,0,21630,21630
261640,1998,0,9165,9165
261640,1999,0,9460,9460
261640,2000,0,7210,7210
261640,2001,0,7155,7155
261640,2002,0,6016,6016
261640,2003,0,6415,6415
261640,2004,0,6553,6553
261640,2005,0,6542,6542
261640,2006,0,6308,6308
261640,2007,0,6403,6403
261640,2008,0,15643,15643
261640,2009,0,6243,6243
261640,2010,0,6588,6588
261640,2011,0,5736,5736
261640,2012,0,5503,5503
261640,2013,0,6488,6488
261640,2014,0,6730,6730
261640,2015,0,7845,7845
261640,2016,0,7845,7845
261640,2017,0,7593,7593
261640,2018,0,4198,4198
261640,2019,0,5643,5643
261640,2020,0,6164,6164
261640,2021,0,6792,6792
270010,1988,0,15521,15521
270010,1989,0,18333,18333
270010,1990,0,10066,10066
270010,1991,0,6266,6266
270010,1992,0,3665,3665
270010,1993,0,7443,7443
270010,1994,0,16528,16528
270010,1995,0,17105,17105
270010,1996,0,17849,17849
270010,1997,0,14215,14215
270010,1998,0,10570,10570
270010,1999,0,8034,8034
270010,2000,0,9009,9009
270010,2001,0,15529,15529
270010,2002,0,14340,14340
270010,2003,0,6515,6515
270010,2004,0,10516,10516
270010,2005,0,15772,15772
270010,2006,0,15354,15354
270010,2007,0,15266,15266
270010,2008,0,14594,14594
270010,2009,0,11585,11585
270010,2010,0,8084,8084
270010,2011,0,7919,7919
270010,2012,0,1930,1930
270010,2013,0,4683,4683
270010,2014,0,5800,5800
270010,2015,0,5325,5325
270010,2016,0,2074,2074
270010,2017,0,5877,5877
270010,2018,0,3197,3197
270010,2019,0,2754,2754
270010,2020,0,3925,3925
270010,2021,0,4900,4900
270020,1988,0,10803,10803
270020,1989,0,12334,12334
270020,1990,0,14019,14019
270020,1991,0,11537,11537
270020,1992,0,11060,11060
270020,1993,0,8656,8656
270020,1994,0,11603,11603
270020,1995,0,11954,11954
270020,1996,0,12037,12037
270020,1997,0,11653,11653
270020,1998,0,11645,11645
270020,1999,0,11518,11518
270020,2000,0,11340,11340
270020,2001,0,11394,11394
270020,2002,0,11394,11394
270020,2003,0,10856,10856
270020,2004,0,10725,10725
270020,2005,0,9081,9081
270020,2006,0,8542,8542
270020,2007,0,8631,8631
270020,2008,0,8994,8994
270020,2009,0,8918,8918
270020,2010,0,8753,8753
270020,2011,0,8753,8753
270020,2012,0,8839,8839
270020,2013,0,8241,8241
270020,2014,0,8295,8295
270020,2015,0,4874,4874
270020,2016,0,4914,4914
270020,2017,0,3240,3240
270020,2018,310,7471,7161
270020,2019,689,9661,8972
270020,2020,391,8436,8045
270020,2021,850,5399,4549
270030,1988,0,37334,37334
270030,1989,0,24547,24547
270030,1990,0,24839,24839
270030,1991,0,29335,29335
270030,1992,0,28612,28612
270030,1993,0,35647,35647
270030,1994,0,37982,37982
270030,1995,0,30982,30982
270030,1996,0,31530,31530
270030,1997,0,33949,33949
270030,1998,0,34249,34249
270030,1999,0,34962,34962
270030,2000,0,24870,24870
270030,2001,0,22490,22490
270030,2002,0,18970,18970
270030,2003,0,8935,8935
270030,2004,41,16111,16070
270030,2005,200,13615,13415
270030,2006,120,12535,12415
270030,2007,50,11535,11485
270030,2008,180,13161,12981
270030,2009,34,13016,12982
270030,2010,0,12781,12781
270030,2011,0,13067,13067
270030,2012,0,11017,11017
270030,2013,0,11262,11262
270030,2014,0,11262,11262
270030,2015,0,10760,10760
270030,2016,0,10562,10562
270030,2017,0,9437,9437
270030,2018,0,7539,7539
270030,2019,0,8587,8587
270030,2020,0,10180,10180
270030,2021,0,9759,9759
270040,1988,0,28106,28106
270040,1989,0,17253,17253
270040,1990,0,18411,18411
270040,1991,0,16082,16082
270040,1992,0,14579,14579
270040,1993,0,10359,10359
270040,1994,0,15049,15049
270040,1995,0,16066,16066
270040,1996,0,10746,10746
270040,1997,0,10992,10992
270040,1998,0,10582,10582
270040,1999,0,7958,7958
270040,2000,0,12432,12432
270040,2001,0,13017,13017
270040,2002,0,13845,13845
270040,2003,0,13620,13620
270040,2004,0,18865,18865
270040,2005,0,19179,19179
270040,2006,0,18670,18670
270040,2007,0,19100,19100
270040,2008,0,20676,20676
270040,2009,0,20655,20655
270040,2010,0,20330,20330
270040,2011,0,20290,20290
270040,2012,0,20264,20264
270040,2013,0,20106,20106
270040,2014,0,20190,20190
270040,2015,0,11227,11227
270040,2016,0,13261,13261
270040,2017,0,12544,12544
270040,2018,0,12392,12392
270040,2019,0,15425,15425
270040,2020,0,13495,13495
270040,2021,200,13801,13601
270050,1988,0,4297,4297
270050,1989,0,5571,5571
270050,1990,0,5569,5569
270050,1991,0,4894,4894
270050,1992,0,4773,4773
270050,1993,0,2473,2473
270050,1994,0,3311,3311
270050,1995,0,3150,3150
270050,1996,0,3315,3315
270050,1997,0,3481,3481
270050,1998,0,4872,4872
270050,1999,0,4861,4861
270050,2000,0,5856,5856
270050,2001,0,5386,5386
270050,2002,0,5366,5366
270050,2003,0,5188,5188
270050,2004,0,4480,4480
270050,2005,0,4668,4668
270050,2006,0,4713,4713
270050,2007,0,4776,4776
270050,2008,0,4957,4957
270050,2009,0,4936,4936
270050,2010,0,4953,4953
270050,2011,0,4906,4906
270050,2012,0,4072,4072
270050,2013,0,4876,4876
270050,2014,0,4873,4873
270050,2015,0,3919,3919
270050,2016,0,3929,3929
270050,2017,0,3584,3584
270050,2018,0,5909,5909
270050,2019,0,5320,5320
270050,2020,0,5002,5002
270050,2021,0,5185,5185
270060,1988,0,1366,1366
270060,1989,0,1637,1637
270060,1990,0,1632,1632
270060,1991,0,1435,1435
270060,1992,0,1380,1380
270060,1993,0,794,794
270060,1994,0,1021,1021
270060,1995,0,1007,1007
270060,1996,0,1029,1029
270060,1997,0,1198,1198
270060,1998,0,1189,1189
270060,1999,0,1184,1184
270060,2000,0,1603,1603
270060,2001,0,1529,1529
270060,2002,0,1623,1623
270060,2003,0,2404,2404
270060,2004,0,1492,1492
270060,2005,0,1417,1417
270060,2006,0,1350,1350
270060,2007,0,1485,1485
270060,2008,0,1418,1418
270060,2009,0,1410,1410
270060,2010,0,1417,1417
270060,2011,0,1414,1414
270060,2012,0,1340,1340
270060,2013,0,1403,1403
270060,2014,0,1397,1397
270060,2015,0,1038,1038
270060,2016,0,1048,1048
270060,2017,0,953,953
270060,2018,0,2793,2793
270060,2019,0,3753,3753
270060,2020,0,2553,2553
270060,2021,0,3702,3702
270070,1988,0,1642,1642
270070,1989,0,2470,2470
270070,1990,0,2117,2117
270070,1991,0,3600,3600
270070,1992,0,3810,3810
270070,1993,0,1030,1030
270070,1994,0,3420,3420
270070,1995,0,5350,5350
270070,1996,0,5550,5550
270070,1997,0,5550,5550
270070,1998,0,2850,2850
270070,1999,0,4750,4750
270070,2000,0,4740,4740
270070,2001,0,4177,4177
270070,2002,0,4160,4160
270070,2003,0,2140,2140
270070,2004,0,4090,4090
270070,2005,0,2140,2140
270070,2006,0,2140,2140
270070,2007,0,2140,2140
270070,2008,0,2210,2210
270070,2009,0,2040,2040
270070,2010,0,2040,2040
270070,2011,0,2327,2327
270070,2012,0,320,320
270070,2013,0,620,620
270070,2014,0,620,620
270070,2015,0,620,620
270070,2016,0,200,200
270070,2017,0,550,550
270070,2018,0,1275,1275
270070,2019,0,1314,1314
270070,2020,0,4,4
270070,2021,0,1058,1058
270080,1988,0,687,687
270080,1989,0,506,506
270080,1990,0,396,396
270080,1991,0,439,439
270080,1992,0,524,524
270080,1993,0,526,526
270080,1994,0,536,536
270080,1995,0,540,540
270080,1996,0,549,549
270080,1997,0,551,551
270080,1998,0,470,470
270080,1999,0,433,433
270080,2000,0,416,416
270080,2001,0,334,334
270080,2002,0,305,305
270080,2003,0,390,390
270080,2004,0,576,576
270080,2005,0,526,526
270080,2006,0,586,586
270080,2007,0,626,626
270080,2008,0,598,598
270080,2009,0,590,590
270080,2010,0,510,510
270080,2011,0,549,549
270080,2012,0,376,376
270080,2013,0,337,337
270080,2014,0,308,308
270080,2015,0,300,300
270080,2016,0,309,309
270080,2017,0,303,303
270080,2018,0,326,326
270080,2019,0,348,348
270080,2020,0,328,328
270080,2021,0,323,323
270090,1988,0,1497,1497
270090,1989,0,1835,1835
270090,1990,0,3040,3040
270090,1991,0,3310,3310
270090,1992,0,3600,3600
270090,1993,0,2665,2665
270090,1994,0,3680,3680
270090,1995,0,4280,4280
270090,1996,0,4400,4400
270090,1997,0,4460,4460
270090,1998,0,4356,4356
270090,1999,0,4450,4450
270090,2000,0,4400,4400
270090,2001,0,4250,4250
270090,2002,0,4250,4250
270090,2003,0,2350,2350
270090,2004,0,4130,4130
270090,2005,0,2050,2050
270090,2006,0,2040,2040
270090,2007,0,2040,2040
270090,2008,0,2370,2370
270090,2009,0,2100,2100
270090,2010,0,2050,2050
270090,2011,0,635,635
270090,2012,0,1350,1350
270090,2013,0,3150,3150
270090,2014,0,3150,3150
270090,2015,0,3150,3150
270090,2016,0,65,65
270090,2017,0,200,200
270090,2018,0,202,202
270090,2019,0,270,270
270090,2020,0,116,116
270090,2021,0,179,179
270100,1988,0,14076,14076
270100,1989,0,16334,16334
270100,1990,0,18919,18919
270100,1991,0,16187,16187
270100,1992,0,15083,15083
270100,1993,0,10934,10934
270100,1994,0,14877,14877
270100,1995,0,15271,15271
270100,1996,0,15291,15291
270100,1997,0,14864,14864
270100,1998,0,14974,14974
270100,1999,0,15044,15044
270100,2000,0,14834,14834
270100,2001,0,14985,14985
270100,2002,0,15020,15020
270100,2003,0,14855,14855
270100,2004,0,13738,13738
270100,2005,0,12176,12176
270100,2006,0,12155,12155
270100,2007,0,12407,12407
270100,2008,0,12872,12872
270100,2009,0,12835,12835
270100,2010,0,12777,12777
270100,2011,0,12777,12777
270100,2012,0,12817,12817
270100,2013,0,12772,12772
270100,2014,0,1166,1166
270100,2015,0,10240,10240
270100,2016,0,10271,10271
270100,2017,0,8643,8643
270100,2018,0,14259,14259
270100,2019,0,14843,14843
270100,2020,0,12261,12261
270100,2021,0,10261,10261
270110,1988,0,11148,11148
270110,1989,0,11358,11358
270110,1990,0,12327,12327
270110,1991,0,10074,10074
270110,1992,0,9042,9042
270110,1993,0,6760,6760
270110,1994,0,9090,9090
270110,1995,0,9368,9368
270110,1996,0,9584,9584
270110,1997,0,9600,9600
270110,1998,0,9584,9584
270110,1999,0,9582,9582
270110,2000,0,8951,8951
270110,2001,0,8845,8845
270110,2002,0,4964,4964
270110,2003,0,4865,4865
270110,2004,0,5292,5292
270110,2005,0,5275,5275
270110,2006,0,5162,5162
270110,2007,0,5256,5256
270110,2008,0,5387,5387
270110,2009,0,5349,5349
270110,2010,0,5349,5349
270110,2011,0,5354,5354
270110,2012,0,4945,4945
270110,2013,0,4858,4858
270110,2014,0,4841,4841
270110,2015,0,4185,4185
270110,2016,0,5916,5916
270110,2017,0,7943,7943
270110,2018,0,4394,4394
270110,2019,0,4630,4630
270110,2020,0,4050,4050
270110,2021,0,4800,4800
270130,1988,0,6005,6005
270130,1989,0,6447,6447
270130,1990,0,6964,6964
270130,1991,0,6339,6339
270130,1992,0,6274,6274
270130,1993,0,4482,4482
270130,1994,0,6311,6311
270130,1995,0,6593,6593
270130,1996,0,4434,4434
270130,1997,0,4609,4609
270130,1998,0,6819,6819
270130,1999,0,5583,5583
270130,2000,0,5415,5415
270130,2001,0,5613,5613
270130,2002,0,5802,5802
270130,2003,0,4700,4700
270130,2004,0,2753,2753
270130,2005,0,3191,3191
270130,2006,0,3312,3312
270130,2007,0,3454,3454
270130,2008,0,3851,3851
270130,2009,0,3844,3844
270130,2010,0,3763,3763
270130,2011,0,3736,3736
270130,2012,0,3740,3740
270130,2013,0,4627,4627
270130,2014,0,3867,3867
270130,2015,0,263,263
270130,2016,0,340,340
270130,2017,0,589,589
270130,2018,0,1031,1031
270130,2019,0,1012,1012
270130,2020,0,947,947
270130,2021,0,861,861
270140,1988,350,14525,14175
270140,1989,350,16743,16393
270140,1990,0,19043,19043
270140,1991,0,16334,16334
270140,1992,0,15058,15058
270140,1993,0,11317,11317
270140,1994,0,15397,15397
270140,1995,0,15796,15796
270140,1996,0,15821,15821
270140,1997,0,15308,15308
270140,1998,0,15388,15388
270140,1999,0,15496,15496
270140,2000,0,15423,15423
270140,2001,0,15566,15566
270140,2002,0,15566,15566
270140,2003,0,15220,15220
270140,2004,30,16550,16520
270140,2005,30,15353,15323
270140,2006,0,15724,15724
270140,2007,0,16024,16024
270140,2008,0,16630,16630
270140,2009,0,16591,16591
270140,2010,0,16509,16509
270140,2011,0,16514,16514
270140,2012,0,16506,16506
270140,2013,0,16523,16523
270140,2014,0,15240,15240
270140,2015,60,9190,9130
270140,2016,54,12143,12089
270140,2017,100,14678,14578
270140,2018,266,13220,12954
270140,2019,300,15250,14950
270140,2020,322,12761,12439
270140,2021,550,20155,19605
270150,1988,0,2018,2018
270150,1989,0,1516,1516
270150,1990,0,1479,1479
270150,1991,0,1376,1376
270150,1992,0,1084,1084
270150,1993,0,1045,1045
270150,1994,0,1279,1279
270150,1995,0,1312,1312
270150,1996,0,1187,1187
270150,1997,0,1289,1289
270150,1998,0,1435,1435
270150,1999,0,1276,1276
270150,2000,0,1185,1185
270150,2001,0,1103,1103
270150,2002,0,763,763
270150,2003,0,827,827
270150,2004,0,1088,1088
270150,2005,0,1093,1093
270150,2006,0,993,993
270150,2007,0,1006,1006
270150,2008,0,1041,1041
270150,2009,0,974,974
270150,2010,0,532,532
270150,2011,0,268,268
270150,2012,0,273,273
270150,2013,0,268,268
270150,2014,0,297,297
270150,2015,0,407,407
270150,2016,0,268,268
270150,2017,0,847,847
270150,2018,0,395,395
270150,2019,0,398,398
270150,2020,0,86,86
270150,2021,0,141,141
270160,1988,0,10170,10170
270160,1989,0,17150,17150
270160,1990,0,6200,6200
270160,1991,0,5300,5300
270160,1992,0,575,575
270160,1993,0,3720,3720
270160,1994,0,13030,13030
270160,1995,0,11950,11950
270160,1996,0,12540,12540
270160,1997,0,10420,10420
270160,1998,0,6975,6975
270160,1999,0,5190,5190
270160,2000,0,4950,4950
270160,2001,0,5150,5150
270160,2002,0,4900,4900
270160,2003,0,2365,2365
270160,2004,0,4620,4620
270160,2005,0,6288,6288
270160,2006,0,6550,6550
270160,2007,0,7258,7258
270160,2008,0,6730,6730
270160,2009,0,5515,5515
270160,2010,0,4042,4042
270160,2011,0,4637,4637
270160,2012,0,1338,1338
270160,2013,0,2291,2291
270160,2014,0,3595,3595
270160,2015,0,4015,4015
270160,2016,0,4330,4330
270160,2017,0,3201,3201
270160,2018,0,2027,2027
270160,2019,0,1280,1280
270160,2020,0,899,899
270160,2021,0,1567,1567
270170,1988,0,8501,8501
270170,1989,0,15183,15183
270170,1990,0,15900,15900
270170,1991,0,14215,14215
270170,1992,0,12982,12982
270170,1993,0,9377,9377
270170,1994,0,13412,13412
270170,1995,0,14199,14199
270170,1996,0,9470,9470
270170,1997,0,9778,9778
270170,1998,0,9638,9638
270170,1999,0,9065,9065
270170,2000,0,12057,12057
270170,2001,0,12440,12440
270170,2002,0,10420,10420
270170,2003,0,8394,8394
270170,2004,0,7808,7808
270170,2005,0,7842,7842
270170,2006,0,7951,7951
270170,2007,0,8171,8171
270170,2008,0,8444,8444
270170,2009,0,8427,8427
270170,2010,0,8375,8375
270170,2011,0,8354,8354
270170,2012,0,8366,8366
270170,2013,0,14064,14064
270170,2014,0,8296,8296
270170,2015,0,5616,5616
270170,2016,0,5368,5368
270170,2017,0,2977,2977
270170,2018,0,2587,2587
270170,2019,0,2751,2751
270170,2020,0,2196,2196
270170,2021,0,2677,2677
270180,1988,0,2750,2750
270180,1989,0,3100,3100
270180,1990,0,2430,2430
270180,1991,0,4630,4630
270180,1992,0,2233,2233
270180,1993,0,4922,4922
270180,1994,0,4920,4920
270180,1995,0,5180,5180
270180,1996,0,4690,4690
270180,1997,0,5091,5091
270180,1998,0,2175,2175
270180,1999,0,1820,1820
270180,2000,0,1060,1060
270180,2001,0,905,905
270180,2002,0,5085,5085
270180,2003,0,3065,3065
270180,2004,0,6388,6388
270180,2005,0,3080,3080
270180,2006,0,2076,2076
270180,2007,0,1475,1475
270180,2008,0,1690,1690
270180,2009,0,1342,1342
270180,2010,0,1030,1030
270180,2011,0,892,892
270180,2012,0,336,336
270180,2013,0,957,957
270180,2014,0,1208,1208
270180,2015,0,418,418
270180,2016,0,518,518
270180,2017,0,352,352
270180,2018,0,513,513
270180,2019,0,639,639
270180,2020,0,400,400
270180,2021,0,2067,2067
270190,1988,0,4290,4290
270190,1989,0,2765,2765
270190,1990,0,2506,2506
270190,1991,0,2456,2456
270190,1992,0,1452,1452
270190,1993,0,1662,1662
270190,1994,0,2436,2436
270190,1995,0,1809,1809
270190,1996,0,1360,1360
270190,1997,0,1562,1562
270190,1998,0,1181,1181
270190,1999,0,777,777
270190,2000,0,850,850
270190,2001,0,1541,1541
270190,2002,0,938,938
270190,2003,0,772,772
270190,2004,0,790,790
270190,2005,0,830,830
270190,2006,0,768,768
270190,2007,0,768,768
270190,2008,0,807,807
270190,2009,0,785,785
270190,2010,0,596,596
270190,2011,0,491,491
270190,2012,0,431,431
270190,2013,0,399,399
270190,2014,0,467,467
270190,2015,0,432,432
270190,2016,0,824,824
270190,2017,0,1286,1286
270190,2018,0,1574,1574
270190,2019,0,1688,1688
270190,2020,0,1494,1494
270190,2021,0,1724,1724
270200,1988,0,6920,6920
270200,1989,0,4953,4953
270200,1990,0,4713,4713
270200,1991,0,5695,5695
270200,1992,0,5700,5700
270200,1993,0,5180,5180
270200,1994,0,6360,6360
270200,1995,0,5590,5590
270200,1996,0,5370,5370
270200,1997,0,5638,5638
270200,1998,0,5638,5638
270200,1999,0,5650,5650
270200,2000,0,4990,4990
270200,2001,0,2420,2420
270200,2002,0,1800,1800
270200,2003,0,2050,2050
270200,2004,0,1410,1410
270200,2005,0,2040,2040
270200,2006,0,1990,1990
270200,2007,0,2040,2040
270200,2008,0,2160,2160
270200,2009,0,1896,1896
270200,2010,0,1753,1753
270200,2011,0,1316,1316
270200,2012,0,1370,1370
270200,2013,0,1090,1090
270200,2014,0,1090,1090
270200,2015,0,760,760
270200,2016,0,940,940
270200,2017,0,1970,1970
270200,2018,0,1058,1058
270200,2019,0,1092,1092
270200,2020,0,1038,1038
270200,2021,0,1352,1352
270210,1988,0,6933,6933
270210,1989,0,8895,8895
270210,1990,0,9663,9663
270210,1991,0,8446,8446
270210,1992,0,7868,7868
270210,1993,0,6130,6130
270210,1994,0,7735,7735
270210,1995,0,7950,7950
270210,1996,0,8172,8172
270210,1997,0,8184,8184
270210,1998,0,8145,8145
270210,1999,0,8202,8202
270210,2000,0,8351,8351
270210,2001,0,8259,8259
270210,2002,0,7048,7048
270210,2003,0,6897,6897
270210,2004,0,7086,7086
270210,2005,0,6868,6868
270210,2006,0,7035,7035
270210,2007,0,7203,7203
270210,2008,0,7820,7820
270210,2009,0,7774,7774
270210,2010,0,7731,7731
270210,2011,0,7706,7706
270210,2012,0,7708,7708
270210,2013,0,7704,7704
270210,2014,0,7702,7702
270210,2015,0,6052,6052
270210,2016,0,6038,6038
270210,2017,0,10738,10738
270210,2018,0,4946,4946
270210,2019,0,4961,4961
270210,2020,0,3402,3402
270210,2021,0,4310,4310
270220,1988,0,433,433
270220,1989,0,909,909
270220,1990,0,987,987
270220,1991,0,904,904
270220,1992,0,886,886
270220,1993,0,674,674
270220,1994,0,834,834
270220,1995,0,830,830
270220,1996,0,847,847
270220,1997,0,734,734
270220,1998,0,749,749
270220,1999,0,748,748
270220,2000,0,743,743
270220,2001,0,708,708
270220,2002,0,794,794
270220,2003,0,732,732
270220,2004,0,483,483
270220,2005,0,422,422
270220,2006,0,420,420
270220,2007,0,518,518
270220,2008,0,565,565
270220,2009,0,565,565
270220,2010,0,565,565
270220,2011,0,564,564
270220,2012,0,460,460
270220,2013,0,772,772
270220,2014,0,763,763
270220,2015,0,664,664
270220,2016,0,671,671
270220,2017,0,703,703
270220,2018,0,694,694
270220,2019,0,730,730
270220,2020,0,413,413
270220,2021,0,413,413
270230,1988,300,58878,58578
270230,1989,300,58572,58272
270230,1990,0,61253,61253
270230,1991,0,53953,53953
270230,1992,0,51057,51057
270230,1993,0,36652,36652
270230,1994,0,48612,48612
270230,1995,0,49898,49898
270230,1996,0,50375,50375
270230,1997,0,54322,54322
270230,1998,0,54219,54219
270230,1999,0,49025,49025
270230,2000,0,49357,49357
270230,2001,0,46752,46752
270230,2002,0,49628,49628
270230,2003,0,50020,50020
270230,2004,0,46308,46308
270230,2005,0,47898,47898
270230,2006,0,48905,48905
270230,2007,0,50016,50016
270230,2008,0,55740,55740
270230,2009,0,55289,55289
270230,2010,0,55185,55185
270230,2011,0,55156,55156
270230,2012,0,54788,54788
270230,2013,0,54760,54760
270230,2014,0,49720,49720
270230,2015,0,39255,39255
270230,2016,100,41544,41444
270230,2017,0,46334,46334
270230,2018,0,53046,53046
270230,2019,0,54046,54046
270230,2020,0,47162,47162
270230,2021,0,48065,48065
270235,1988,0,11460,11460
270235,1989,0,8145,8145
270235,1990,0,4653,4653
270235,1991,0,7160,7160
270235,1992,0,7030,7030
270235,1993,0,9230,9230
270235,1994,0,9600,9600
270235,1995,0,9505,9505
270235,1996,0,8700,8700
270235,1997,0,10900,10900
270235,1998,0,10400,10400
270235,1999,0,10400,10400
270235,2000,0,8870,8870
270235,2001,0,10770,10770
270235,2002,0,4870,4870
270235,2003,0,8367,8367
270235,2004,0,4635,4635
270235,2005,0,6068,6068
270235,2006,0,7088,7088
270235,2007,0,7428,7428
270235,2008,0,6771,6771
270235,2009,0,5770,5770
270235,2010,0,4590,4590
270235,2011,0,3090,3090
270235,2012,0,3286,3286
270235,2013,0,1380,1380
270235,2014,0,1335,1335
270235,2015,0,3145,3145
270235,2016,0,2715,2715
270235,2017,0,3634,3634
270235,2018,0,3280,3280
270235,2019,0,3586,3586
270235,2020,0,3352,3352
270235,2021,0,5599,5599
270240,1988,0,4300,4300
270240,1989,0,6300,6300
270240,1990,0,5300,5300
270240,1991,0,3280,3280
270240,1992,0,375,375
270240,1993,0,2220,2220
270240,1994,0,6070,6070
270240,1995,0,4850,4850
270240,1996,0,5940,5940
270240,1997,0,4820,4820
270240,1998,0,3275,3275
270240,1999,0,2550,2550
270240,2000,0,2300,2300
270240,2001,0,3478,3478
270240,2002,0,3803,3803
270240,2003,0,1533,1533
270240,2004,0,4916,4916
270240,2005,0,4853,4853
270240,2006,0,5030,5030
270240,2007,0,5237,5237
270240,2008,0,4766,4766
270240,2009,0,3844,3844
270240,2010,0,3262,3262
270240,2011,0,3766,3766
270240,2012,0,873,873
270240,2013,0,1353,1353
270240,2014,0,2058,2058
270240,2015,0,2938,2938
270240,2016,0,2271,2271
270240,2017,0,2341,2341
270240,2018,0,2177,2177
270240,2019,0,293,293
270240,2020,0,2132,2132
270240,2021,0,2302,2302
270250,1988,0,5610,5610
270250,1989,0,2550,2550
270250,1990,0,1690,1690
270250,1991,0,1780,1780
270250,1992,0,2060,2060
270250,1993,0,2015,2015
270250,1994,0,1978,1978
270250,1995,0,1976,1976
270250,1996,0,1959,1959
270250,1997,0,2100,2100
270250,1998,0,1878,1878
270250,1999,0,1600,1600
270250,2000,0,2750,2750
270250,2001,0,3410,3410
270250,2002,0,4010,4010
270250,2003,0,1630,1630
270250,2004,0,4700,4700
270250,2005,0,6890,6890
270250,2006,0,7090,7090
270250,2007,0,6660,6660
270250,2008,0,6365,6365
270250,2009,0,6335,6335
270250,2010,0,3270,3270
270250,2011,0,3555,3555
270250,2012,0,790,790
270250,2013,0,1813,1813
270250,2014,0,1365,1365
270250,2015,0,1345,1345
270250,2016,0,1415,1415
270250,2017,0,1426,1426
270250,2018,0,1188,1188
270250,2019,0,1750,1750
270250,2020,0,1415,1415
270250,2021,0,1415,1415
270260,1988,0,5350,5350
270260,1989,0,3100,3100
270260,1990,0,4931,4931
270260,1991,0,5200,5200
270260,1992,0,8300,8300
270260,1993,0,7700,7700
270260,1994,0,7550,7550
270260,1995,0,6084,6084
270260,1996,0,5600,5600
270260,1997,0,5965,5965
270260,1998,0,6165,6165
270260,1999,0,5405,5405
270260,2000,0,5080,5080
270260,2001,0,3800,3800
270260,2002,0,3350,3350
270260,2003,0,3180,3180
270260,2004,0,2600,2600
270260,2005,0,2710,2710
270260,2006,0,3740,3740
270260,2007,0,3986,3986
270260,2008,0,4350,4350
270260,2009,0,3730,3730
270260,2010,0,3580,3580
270260,2011,0,3460,3460
270260,2012,0,4880,4880
270260,2013,0,3112,3112
270260,2014,0,3112,3112
270260,2015,0,2812,2812
270260,2016,0,2964,2964
270260,2017,0,4338,4338
270260,2018,0,3284,3284
270260,2019,0,3526,3526
270260,2020,0,2827,2827
270260,2021,0,2654,2654
270270,1988,0,3010,3010
270270,1989,0,3435,3435
270270,1990,0,4098,4098
270270,1991,0,3666,3666
270270,1992,0,3490,3490
270270,1993,0,1876,1876
270270,1994,0,2426,2426
270270,1995,0,2519,2519
270270,1996,0,2458,2458
270270,1997,0,2393,2393
270270,1998,0,2546,2546
270270,1999,0,2422,2422
270270,2000,0,2428,2428
270270,2001,0,2585,2585
270270,2002,0,2584,2584
270270,2003,0,2291,2291
270270,2004,0,2591,2591
270270,2005,0,3005,3005
270270,2006,0,3055,3055
270270,2007,0,3063,3063
270270,2008,0,3377,3377
270270,2009,0,3296,3296
270270,2010,0,3291,3291
270270,2011,0,3254,3254
270270,2012,0,3244,3244
270270,2013,0,3589,3589
270270,2014,0,3589,3589
270270,2015,0,3955,3955
270270,2016,0,3697,3697
270270,2017,0,4004,4004
270270,2018,0,4645,4645
270270,2019,0,4726,4726
270270,2020,0,3830,3830
270270,2021,0,3792,3792
270280,1988,0,7848,7848
270280,1989,0,8611,8611
270280,1990,0,9376,9376
270280,1991,0,8218,8218
270280,1992,0,7598,7598
270280,1993,0,6860,6860
270280,1994,0,7778,7778
270280,1995,0,8026,8026
270280,1996,0,8206,8206
270280,1997,0,8225,8225
270280,1998,0,8236,8236
270280,1999,0,8237,8237
270280,2000,0,8100,8100
270280,2001,0,8252,8252
270280,2002,0,6138,6138
270280,2003,0,6006,6006
270280,2004,0,4705,4705
270280,2005,0,4318,4318
270280,2006,0,4690,4690
270280,2007,0,4780,4780
270280,2008,0,5716,5716
270280,2009,0,5707,5707
270280,2010,0,5722,5722
270280,2011,0,5723,5723
270280,2012,0,5278,5278
270280,2013,0,5255,5255
270280,2014,0,5255,5255
270280,2015,0,4067,4067
270280,2016,0,4258,4258
270280,2017,0,5011,5011
270280,2018,0,3898,3898
270280,2019,0,5206,5206
270280,2020,0,4117,4117
270280,2021,0,4831,4831
270290,1988,0,13330,13330
270290,1989,0,12480,12480
270290,1990,0,11064,11064
270290,1991,0,11700,11700
270290,1992,0,8600,8600
270290,1993,0,15400,15400
270290,1994,0,13500,13500
270290,1995,0,14960,14960
270290,1996,0,15500,15500
270290,1997,0,16123,16123
270290,1998,0,16623,16623
270290,1999,0,17622,17622
270290,2000,0,15800,15800
270290,2001,0,15580,15580
270290,2002,0,14000,14000
270290,2003,0,8400,8400
270290,2004,0,13276,13276
270290,2005,0,8826,8826
270290,2006,0,8376,8376
270290,2007,0,8446,8446
270290,2008,0,9374,9374
270290,2009,0,7891,7891
270290,2010,0,8713,8713
270290,2011,0,7509,7509
270290,2012,0,6321,6321
270290,2013,0,6800,6800
270290,2014,0,7800,7800
270290,2015,0,6800,6800
270290,2016,0,6300,6300
270290,2017,0,7807,7807
270290,2018,0,6500,6500
270290,2019,0,8805,8805
270290,2020,0,9310,9310
270290,2021,0,10293,10293
270300,1988,0,4524,4524
270300,1989,0,4352,4352
270300,1990,0,4427,4427
270300,1991,0,3655,3655
270300,1992,0,3281,3281
270300,1993,0,2309,2309
270300,1994,0,3132,3132
270300,1995,0,3414,3414
270300,1996,0,3559,3559
270300,1997,0,3617,3617
270300,1998,0,3629,3629
270300,1999,0,3646,3646
270300,2000,0,4117,4117
270300,2001,0,3637,3637
270300,2002,0,3260,3260
270300,2003,0,3156,3156
270300,2004,0,4223,4223
270300,2005,0,4039,4039
270300,2006,0,3424,3424
270300,2007,0,3489,3489
270300,2008,0,3318,3318
270300,2009,0,3308,3308
270300,2010,0,3520,3520
270300,2011,0,3281,3281
270300,2012,0,3016,3016
270300,2013,0,3069,3069
270300,2014,0,3069,3069
270300,2015,0,2499,2499
270300,2016,0,2151,2151
270300,2017,0,3013,3013
270300,2018,0,3304,3304
270300,2019,0,2147,2147
270300,2020,0,1812,1812
270300,2021,0,2293,2293
270310,1988,0,13279,13279
270310,1989,0,10580,10580
270310,1990,0,6149,6149
270310,1991,0,6142,6142
270310,1992,0,6491,6491
270310,1993,0,5997,5997
270310,1994,0,5738,5738
270310,1995,0,5690,5690
270310,1996,0,5689,5689
270310,1997,0,4594,4594
270310,1998,0,4950,4950
270310,1999,0,4026,4026
270310,2000,0,4846,4846
270310,2001,0,6266,6266
270310,2002,0,4951,4951
270310,2003,0,7631,7631
270310,2004,0,11419,11419
270310,2005,0,13145,13145
270310,2006,0,11641,11641
270310,2007,0,11442,11442
270310,2008,0,10744,10744
270310,2009,0,10414,10414
270310,2010,0,6571,6571
270310,2011,0,7901,7901
270310,2012,0,4148,4148
270310,2013,0,4651,4651
270310,2014,0,2861,2861
270310,2015,0,3061,3061
270310,2016,0,3731,3731
270310,2017,0,2313,2313
270310,2018,0,3308,3308
270310,2019,0,2943,2943
270310,2020,0,3883,3883
270310,2021,0,3968,3968
270320,1988,0,9212,9212
270320,1989,0,8828,8828
270320,1990,0,9861,9861
270320,1991,0,9207,9207
270320,1992,0,8074,8074
270320,1993,0,8423,8423
270320,1994,0,7664,7664
270320,1995,0,9550,9550
270320,1996,0,7123,7123
270320,1997,0,10172,10172
270320,1998,0,10289,10289
270320,1999,0,10210,10210
270320,2000,0,10630,10630
270320,2001,0,9588,9588
270320,2002,0,7438,7438
270320,2003,0,6089,6089
270320,2004,0,11920,11920
270320,2005,0,11085,11085
270320,2006,0,10617,10617
270320,2007,0,10309,10309
270320,2008,0,11471,11471
270320,2009,0,10671,10671
270320,2010,0,10679,10679
270320,2011,0,10450,10450
270320,2012,0,10543,10543
270320,2013,0,11624,11624
270320,2014,0,16274,16274
270320,2015,0,12196,12196
270320,2016,0,10854,10854
270320,2017,0,10580,10580
270320,2018,0,6243,6243
270320,2019,0,5704,5704
270320,2020,0,4822,4822
270320,2021,0,7216,7216
270330,1988,0,5220,5220
270330,1989,0,14260,14260
270330,1990,0,7280,7280
270330,1991,0,5390,5390
270330,1992,0,575,575
270330,1993,0,3750,3750
270330,1994,0,13010,13010
270330,1995,0,11950,11950
270330,1996,0,12540,12540
270330,1997,0,10420,10420
270330,1998,0,6975,6975
270330,1999,0,5190,5190
270330,2000,0,6450,6450
270330,2001,0,4582,4582
270330,2002,0,5165,5165
270330,2003,0,1830,1830
270330,2004,0,4160,4160
270330,2005,0,6354,6354
270330,2006,0,6410,6410
270330,2007,0,7040,7040
270330,2008,0,7215,7215
270330,2009,0,6060,6060
270330,2010,0,4492,4492
270330,2011,0,4800,4800
270330,2012,0,1502,1502
270330,2013,0,1661,1661
270330,2014,0,3590,3590
270330,2015,0,3646,3646
270330,2016,0,3485,3485
270330,2017,0,3376,3376
270330,2018,0,1168,1168
270330,2019,0,1586,1586
270330,2020,0,3012,3012
270330,2021,0,3531,3531
270340,1988,0,1249,1249
270340,1989,0,1450,1450
270340,1990,0,1307,1307
270340,1991,0,977,977
270340,1992,0,1085,1085
270340,1993,0,945,945
270340,1994,0,1200,1200
270340,1995,0,1850,1850
270340,1996,0,1850,1850
270340,1997,0,1850,1850
270340,1998,0,980,980
270340,1999,0,1850,1850
270340,2000,0,1325,1325
270340,2001,0,1405,1405
270340,2002,0,1405,1405
270340,2003,0,663,663
270340,2004,0,1360,1360
270340,2005,0,1162,1162
270340,2006,0,663,663
270340,2007,0,663,663
270340,2008,0,746,746
270340,2009,0,673,673
270340,2010,0,663,663
270340,2011,0,520,520
270340,2012,0,508,508
270340,2013,0,300,300
270340,2014,0,110,110
270340,2015,0,110,110
270340,2016,0,0,0
270340,2017,0,252,252
270340,2018,0,104,104
270340,2019,0,524,524
270340,2020,0,25,25
270340,2021,0,334,334
270350,1988,0,2709,2709
270350,1989,0,3094,3094
270350,1990,0,3729,3729
270350,1991,0,3301,3301
270350,1992,0,3478,3478
270350,1993,0,2919,2919
270350,1994,0,4353,4353
270350,1995,0,4347,4347
270350,1996,0,4237,4237
270350,1997,0,4897,4897
270350,1998,0,4074,4074
270350,1999,0,3856,3856
270350,2000,0,3822,3822
270350,2001,0,3977,3977
270350,2002,0,3691,3691
270350,2003,0,3158,3158
270350,2004,0,3240,3240
270350,2005,0,2858,2858
270350,2006,0,2600,2600
270350,2007,0,2629,2629
270350,2008,0,2806,2806
270350,2009,0,2650,2650
270350,2010,0,2621,2621
270350,2011,0,2609,2609
270350,2012,0,2410,2410
270350,2013,0,2668,2668
270350,2014,0,2607,2607
270350,2015,0,2284,2284
270350,2016,0,2074,2074
270350,2017,0,2944,2944
270350,2018,0,2563,2563
270350,2019,0,2863,2863
270350,2020,0,2394,2394
270350,2021,0,2472,2472
270360,1988,0,2296,2296
270360,1989,0,2496,2496
270360,1990,0,2732,2732
270360,1991,0,2335,2335
270360,1992,0,2145,2145
270360,1993,0,1927,1927
270360,1994,0,2490,2490
270360,1995,0,2514,2514
270360,1996,0,2481,2481
270360,1997,0,2349,2349
270360,1998,0,2493,2493
270360,1999,0,2499,2499
270360,2000,0,2444,2444
270360,2001,0,2477,2477
270360,2002,0,2304,2304
270360,2003,0,2099,2099
270360,2004,0,2204,2204
270360,2005,0,2280,2280
270360,2006,0,2215,2215
270360,2007,0,2130,2130
270360,2008,0,2166,2166
270360,2009,0,2108,2108
270360,2010,0,2113,2113
270360,2011,0,2068,2068
270360,2012,0,1357,1357
270360,2013,0,2002,2002
270360,2014,0,2601,2601
270360,2015,0,2155,2155
270360,2016,0,2434,2434
270360,2017,0,2230,2230
270360,2018,0,2873,2873
270360,2019,0,2528,2528
270360,2020,0,2314,2314
270360,2021,0,2013,2013
270370,1988,0,1250,1250
270370,1989,0,2900,2900
270370,1990,0,2700,2700
270370,1991,0,2920,2920
270370,1992,0,4250,4250
270370,1993,0,3335,3335
270370,1994,0,3400,3400
270370,1995,0,3750,3750
270370,1996,0,3800,3800
270370,1997,0,3760,3760
270370,1998,0,1030,1030
270370,1999,0,3640,3640
270370,2000,0,3640,3640
270370,2001,0,3720,3720
270370,2002,0,3720,3720
270370,2003,0,1920,1920
270370,2004,0,3640,3640
270370,2005,0,1920,1920
270370,2006,0,1920,1920
270370,2007,0,1920,1920
270370,2008,0,2050,2050
270370,2009,0,1815,1815
270370,2010,0,1810,1810
270370,2011,0,1800,1800
270370,2012,0,1300,1300
270370,2013,0,800,800
270370,2014,0,600,600
270370,2015,0,600,600
270370,2016,0,320,320
270370,2017,0,319,319
270370,2018,0,258,258
270370,2019,0,264,264
270370,2020,0,211,211
270370,2021,0,830,830
270380,1988,0,8055,8055
270380,1989,0,10568,10568
270380,1990,0,11472,11472
270380,1991,0,10013,10013
270380,1992,0,8835,8835
270380,1993,0,6784,6784
270380,1994,0,8888,8888
270380,1995,0,9161,9161
270380,1996,0,9380,9380
270380,1997,0,9411,9411
270380,1998,0,9507,9507
270380,1999,0,9419,9419
270380,2000,0,9266,9266
270380,2001,0,9458,9458
270380,2002,0,7322,7322
270380,2003,0,7147,7147
270380,2004,0,2768,2768
270380,2005,0,2551,2551
270380,2006,0,2865,2865
270380,2007,0,2913,2913
270380,2008,0,3296,3296
270380,2009,0,3282,3282
270380,2010,0,3303,3303
270380,2011,0,3229,3229
270380,2012,0,3276,3276
270380,2013,0,3295,3295
270380,2014,0,3295,3295
270380,2015,0,2371,2371
270380,2016,0,3246,3246
270380,2017,0,4826,4826
270380,2018,0,3500,3500
270380,2019,0,3219,3219
270380,2020,0,2794,2794
270380,2021,0,3111,3111
270390,1988,0,2597,2597
270390,1989,0,2956,2956
270390,1990,0,3550,3550
270390,1991,0,3105,3105
270390,1992,0,2982,2982
270390,1993,0,2520,2520
270390,1994,0,3561,3561
270390,1995,0,3505,3505
270390,1996,0,3294,3294
270390,1997,0,4345,4345
270390,1998,0,4325,4325
270390,1999,0,4189,4189
270390,2000,0,6674,6674
270390,2001,0,11863,11863
270390,2002,0,10311,10311
270390,2003,0,9981,9981
270390,2004,0,5821,5821
270390,2005,0,5928,5928
270390,2006,0,6038,6038
270390,2007,0,6088,6088
270390,2008,0,6354,6354
270390,2009,0,6350,6350
270390,2010,0,6355,6355
270390,2011,0,6344,6344
270390,2012,0,6222,6222
270390,2013,0,6725,6725
270390,2014,0,7109,7109
270390,2015,48,5481,5433
270390,2016,54,5652,5598
270390,2017,55,5345,5290
270390,2018,200,4550,4350
270390,2019,282,3923,3641
270390,2020,299,2876,2577
270390,2021,450,4066,3616
270400,1988,50,20063,20013
270400,1989,50,21581,21531
270400,1990,0,20536,20536
270400,1991,0,17319,17319
270400,1992,0,16913,16913
270400,1993,0,12744,12744
270400,1994,0,16598,16598
270400,1995,0,17139,17139
270400,1996,0,17376,17376
270400,1997,0,16739,16739
270400,1998,0,16779,16779
270400,1999,0,16574,16574
270400,2000,0,16475,16475
270400,2001,0,16540,16540
270400,2002,0,16540,16540
270400,2003,0,16294,16294
270400,2004,0,13740,13740
270400,2005,0,13150,13150
270400,2006,0,12996,12996
270400,2007,0,12872,12872
270400,2008,0,13610,13610
270400,2009,0,13410,13410
270400,2010,0,12929,12929
270400,2011,0,12916,12916
270400,2012,0,12932,12932
270400,2013,0,12905,12905
270400,2014,0,10435,10435
270400,2015,170,11959,11789
270400,2016,135,11965,11830
270400,2017,230,9847,9617
270400,2018,230,8731,8501
270400,2019,230,9135,8905
270400,2020,52,12029,11977
270400,2021,52,12026,11974
270410,1988,0,4002,4002
270410,1989,0,3675,3675
270410,1990,0,3364,3364
270410,1991,0,3570,3570
270410,1992,0,4310,4310
270410,1993,0,6760,6760
270410,1994,0,7300,7300
270410,1995,0,8007,8007
270410,1996,0,5600,5600
270410,1997,0,5856,5856
270410,1998,0,6056,6056
270410,1999,0,6250,6250
270410,2000,0,4910,4910
270410,2001,0,4626,4626
270410,2002,0,4826,4826
270410,2003,0,2775,2775
270410,2004,0,3276,3276
270410,2005,0,2200,2200
270410,2006,0,3125,3125
270410,2007,0,3485,3485
270410,2008,0,4090,4090
270410,2009,0,3550,3550
270410,2010,0,3429,3429
270410,2011,0,3213,3213
270410,2012,0,3725,3725
270410,2013,0,3120,3120
270410,2014,0,3120,3120
270410,2015,0,2790,2790
270410,2016,0,3120,3120
270410,2017,0,3815,3815
270410,2018,0,2330,2330
270410,2019,0,4970,4970
270410,2020,0,4380,4380
270410,2021,0,4000,4000
270420,1988,0,10778,10778
270420,1989,0,7610,7610
270420,1990,0,4235,4235
270420,1991,0,4085,4085
270420,1992,0,4073,4073
270420,1993,0,3128,3128
270420,1994,0,3955,3955
270420,1995,0,4053,4053
270420,1996,0,4137,4137
270420,1997,0,3977,3977
270420,1998,0,4120,4120
270420,1999,0,4090,4090
270420,2000,0,4145,4145
270420,2001,0,4090,4090
270420,2002,0,4090,4090
270420,2003,0,4315,4315
270420,2004,100,5814,5714
270420,2005,100,5153,5053
270420,2006,0,4848,4848
270420,2007,0,4676,4676
270420,2008,0,4943,4943
270420,2009,34,4819,4785
270420,2010,0,4918,4918
270420,2011,0,4903,4903
270420,2012,0,4795,4795
270420,2013,0,4788,4788
270420,2014,0,8925,8925
270420,2015,0,6652,6652
270420,2016,0,6188,6188
270420,2017,0,7726,7726
270420,2018,0,6238,6238
270420,2019,1500,12274,10774
270420,2020,0,7298,7298
270420,2021,850,6798,5948
270430,1988,0,14339,14339
270430,1989,0,20478,20478
270430,1990,0,20520,20520
270430,1991,0,15689,15689
270430,1992,0,13122,13122
270430,1993,0,7232,7232
270430,1994,0,9349,9349
270430,1995,0,9143,9143
270430,1996,0,9402,9402
270430,1997,0,10115,10115
270430,1998,0,10143,10143
270430,1999,0,10144,10144
270430,2000,0,8457,8457
270430,2001,0,9271,9271
270430,2002,0,9277,9277
270430,2003,0,9583,9583
270430,2004,0,11497,11497
270430,2005,0,10826,10826
270430,2006,0,10461,10461
270430,2007,0,11424,11424
270430,2008,0,9406,9406
270430,2009,0,9391,9391
270430,2010,0,9383,9383
270430,2011,0,9389,9389
270430,2012,0,9007,9007
270430,2013,0,9363,9363
270430,2014,0,9373,9373
270430,2015,0,9373,9373
270430,2016,0,7285,7285
270430,2017,0,7378,7378
270430,2018,0,7834,7834
270430,2019,0,3964,3964
270430,2020,0,3664,3664
270430,2021,0,4264,4264
270440,1988,0,5603,5603
270440,1989,0,3450,3450
270440,1990,0,1800,1800
270440,1991,0,1900,1900
270440,1992,0,1998,1998
270440,1993,0,1820,1820
270440,1994,0,1755,1755
270440,1995,0,1737,1737
270440,1996,0,1724,1724
270440,1997,0,1396,1396
270440,1998,0,1470,1470
270440,1999,0,1416,1416
270440,2000,0,1425,1425
270440,2001,0,3164,3164
270440,2002,0,2120,2120
270440,2003,0,5128,5128
270440,2004,0,5128,5128
270440,2005,0,6745,6745
270440,2006,0,6705,6705
270440,2007,0,6650,6650
270440,2008,0,6600,6600
270440,2009,0,6540,6540
270440,2010,0,3930,3930
270440,2011,0,2520,2520
270440,2012,0,1005,1005
270440,2013,0,1005,1005
270440,2014,0,1070,1070
270440,2015,0,1050,1050
270440,2016,0,915,915
270440,2017,0,951,951
270440,2018,0,417,417
270440,2019,0,285,285
270440,2020,0,1163,1163
270440,2021,0,1300,1300
270450,1988,0,6305,6305
270450,1989,0,7043,7043
270450,1990,0,8121,8121
270450,1991,0,7487,7487
270450,1992,0,7002,7002
270450,1993,0,5406,5406
270450,1994,0,7025,7025
270450,1995,0,7132,7132
270450,1996,0,6393,6393
270450,1997,0,6157,6157
270450,1998,0,6581,6581
270450,1999,0,6557,6557
270450,2000,0,6919,6919
270450,2001,0,7004,7004
270450,2002,0,6661,6661
270450,2003,0,6777,6777
270450,2004,0,6652,6652
270450,2005,0,6553,6553
270450,2006,0,6175,6175
270450,2007,0,6234,6234
270450,2008,0,6896,6896
270450,2009,0,6838,6838
270450,2010,0,6734,6734
270450,2011,0,6665,6665
270450,2012,0,5010,5010
270450,2013,0,6613,6613
270450,2014,0,8818,8818
270450,2015,0,3876,3876
270450,2016,0,7329,7329
270450,2017,0,8657,8657
270450,2018,0,6641,6641
270450,2019,0,6068,6068
270450,2020,0,5241,5241
270450,2021,0,6260,6260
270460,1988,0,7715,7715
270460,1989,0,6780,6780
270460,1990,0,2980,2980
270460,1991,0,7810,7810
270460,1992,0,3203,3203
270460,1993,0,4900,4900
270460,1994,0,8405,8405
270460,1995,0,9305,9305
270460,1996,0,8195,8195
270460,1997,0,8695,8695
270460,1998,0,2311,2311
270460,1999,0,1771,1771
270460,2000,0,1711,1711
270460,2001,0,1602,1602
270460,2002,0,1395,1395
270460,2003,0,868,868
270460,2004,0,1548,1548
270460,2005,0,845,845
270460,2006,0,975,975
270460,2007,0,1090,1090
270460,2008,0,1183,1183
270460,2009,0,964,964
270460,2010,0,1093,1093
270460,2011,0,1175,1175
270460,2012,0,145,145
270460,2013,0,2348,2348
270460,2014,0,2237,2237
270460,2015,0,4113,4113
270460,2016,0,243,243
270460,2017,0,1100,1100
270460,2018,0,166,166
270460,2019,0,1100,1100
270460,2020,0,1500,1500
270460,2021,0,1350,1350
270470,1988,60,11874,11814
270470,1989,0,13131,13131
270470,1990,0,11790,11790
270470,1991,0,10390,10390
270470,1992,0,9697,9697
270470,1993,0,7302,7302
270470,1994,0,9601,9601
270470,1995,0,8743,8743
270470,1996,0,8784,8784
270470,1997,0,10580,10580
270470,1998,0,11079,11079
270470,1999,0,11093,11093
270470,2000,0,11508,11508
270470,2001,0,11064,11064
270470,2002,0,11056,11056
270470,2003,0,11103,11103
270470,2004,0,15358,15358
270470,2005,0,15513,15513
270470,2006,0,15350,15350
270470,2007,0,15610,15610
270470,2008,0,16120,16120
270470,2009,0,16097,16097
270470,2010,0,16056,16056
270470,2011,0,16081,16081
270470,2012,0,15300,15300
270470,2013,0,18431,18431
270470,2014,0,16097,16097
270470,2015,0,12503,12503
270470,2016,0,12581,12581
270470,2017,0,5895,5895
270470,2018,0,11691,11691
270470,2019,0,13241,13241
270470,2020,0,12763,12763
270470,2021,0,15739,15739
270480,1988,0,2045,2045
270480,1989,0,1795,1795
270480,1990,0,1598,1598
270480,1991,0,1261,1261
270480,1992,0,1116,1116
270480,1993,0,989,989
270480,1994,0,1401,1401
270480,1995,0,1484,1484
270480,1996,0,1026,1026
270480,1997,0,1189,1189
270480,1998,0,408,408
270480,1999,0,1225,1225
270480,2000,0,1260,1260
270480,2001,0,1355,1355
270480,2002,0,1395,1395
270480,2003,0,1215,1215
270480,2004,0,175,175
270480,2005,0,180,180
270480,2006,0,168,168
270480,2007,0,216,216
270480,2008,0,303,303
270480,2009,0,299,299
270480,2010,0,189,189
270480,2011,0,158,158
270480,2012,0,140,140
270480,2013,0,138,138
270480,2014,0,156,156
270480,2015,0,146,146
270480,2016,0,77,77
270480,2017,0,259,259
270480,2018,0,341,341
270480,2019,0,281,281
270480,2020,0,408,408
270480,2021,0,392,392
270490,1988,0,845,845
270490,1989,0,307,307
270490,1990,0,279,279
270490,1991,0,235,235
270490,1992,0,250,250
270490,1993,0,216,216
270490,1994,0,122,122
270490,1995,0,212,212
270490,1996,0,157,157
270490,1997,0,228,228
270490,1998,0,187,187
270490,1999,0,150,150
270490,2000,0,66,66
270490,2001,0,70,70
270490,2002,0,120,120
270490,2003,0,155,155
270490,2004,0,292,292
270490,2005,0,232,232
270490,2006,0,232,232
270490,2007,0,256,256
270490,2008,0,267,267
270490,2009,0,240,240
270490,2010,0,110,110
270490,2011,0,93,93
270490,2012,0,76,76
270490,2013,0,46,46
270490,2014,0,48,48
270490,2015,0,58,58
270490,2016,0,57,57
270490,2017,0,66,66
270490,2018,0,64,64
270490,2019,0,64,64
270490,2020,0,56,56
270490,2021,0,60,60
270500,1988,0,4480,4480
270500,1989,0,5288,5288
270500,1990,0,2608,2608
270500,1991,0,2730,2730
270500,1992,0,842,842
270500,1993,0,2147,2147
270500,1994,0,6137,6137
270500,1995,0,8888,8888
270500,1996,0,9008,9008
270500,1997,0,6794,6794
270500,1998,0,4794,4794
270500,1999,0,3985,3985
270500,2000,0,5220,5220
270500,2001,0,3773,3773
270500,2002,0,7331,7331
270500,2003,0,2976,2976
270500,2004,0,5546,5546
270500,2005,0,8743,8743
270500,2006,0,8769,8769
270500,2007,0,6860,6860
270500,2008,0,6441,6441
270500,2009,0,5389,5389
270500,2010,0,4140,4140
270500,2011,0,4447,4447
270500,2012,0,1162,1162
270500,2013,0,1242,1242
270500,2014,0,3669,3669
270500,2015,0,4152,4152
270500,2016,0,2802,2802
270500,2017,0,3612,3612
270500,2018,0,3110,3110
270500,2019,0,1443,1443
270500,2020,0,2877,2877
270500,2021,0,3320,3320
270510,1988,0,6672,6672
270510,1989,0,7924,7924
270510,1990,0,12804,12804
270510,1991,0,10308,10308
270510,1992,0,9672,9672
270510,1993,0,7736,7736
270510,1994,0,10719,10719
270510,1995,0,10416,10416
270510,1996,0,9365,9365
270510,1997,0,10277,10277
270510,1998,0,10314,10314
270510,1999,0,10150,10150
270510,2000,0,10147,10147
270510,2001,0,10128,10128
270510,2002,0,9609,9609
270510,2003,0,9290,9290
270510,2004,0,10138,10138
270510,2005,0,8870,8870
270510,2006,0,8780,8780
270510,2007,0,8934,8934
270510,2008,0,9464,9464
270510,2009,0,9447,9447
270510,2010,0,9433,9433
270510,2011,0,9427,9427
270510,2012,0,9328,9328
270510,2013,0,9364,9364
270510,2014,0,9385,9385
270510,2015,0,7235,7235
270510,2016,0,7566,7566
270510,2017,0,5773,5773
270510,2018,0,8783,8783
270510,2019,0,9723,9723
270510,2020,0,8703,8703
270510,2021,0,9360,9360
270520,1988,0,6521,6521
270520,1989,0,7073,7073
270520,1990,0,7707,7707
270520,1991,0,6751,6751
270520,1992,0,6645,6645
270520,1993,0,5203,5203
270520,1994,0,6871,6871
270520,1995,0,7125,7125
270520,1996,0,7287,7287
270520,1997,0,7295,7295
270520,1998,0,7307,7307
270520,1999,0,7309,7309
270520,2000,0,7276,7276
270520,2001,0,7321,7321
270520,2002,0,5242,5242
270520,2003,0,5827,5827
270520,2004,0,6801,6801
270520,2005,0,5881,5881
270520,2006,0,6295,6295
270520,2007,0,6439,6439
270520,2008,0,7329,7329
270520,2009,0,7329,7329
270520,2010,0,7329,7329
270520,2011,0,7329,7329
270520,2012,0,7305,7305
270520,2013,0,7308,7308
270520,2014,0,7457,7457
270520,2015,0,5808,5808
270520,2016,0,5825,5825
270520,2017,0,4277,4277
270520,2018,0,4275,4275
270520,2019,0,3252,3252
270520,2020,0,3256,3256
270520,2021,0,2020,2020
270540,1988,0,2120,2120
270540,1989,0,2820,2820
270540,1990,0,2060,2060
270540,1991,0,2830,2830
270540,1992,0,817,817
270540,1993,0,2070,2070
270540,1994,0,3495,3495
270540,1995,0,3720,3720
270540,1996,0,4760,4760
270540,1997,0,3583,3583
270540,1998,0,875,875
270540,1999,0,1218,1218
270540,2000,0,1205,1205
270540,2001,0,1736,1736
270540,2002,0,1890,1890
270540,2003,0,810,810
270540,2004,0,2760,2760
270540,2005,0,1200,1200
270540,2006,0,1565,1565
270540,2007,0,1470,1470
270540,2008,0,1690,1690
270540,2009,0,1438,1438
270540,2010,0,1376,1376
270540,2011,0,1473,1473
270540,2012,0,830,830
270540,2013,0,1665,1665
270540,2014,0,1590,1590
270540,2015,0,905,905
270540,2016,0,857,857
270540,2017,0,648,648
270540,2018,0,345,345
270540,2019,0,541,541
270540,2020,0,160,160
270540,2021,0,448,448
270550,1988,0,15476,15476
270550,1989,0,17472,17472
270550,1990,0,18965,18965
270550,1991,0,15958,15958
270550,1992,0,12962,12962
270550,1993,0,9414,9414
270550,1994,0,13060,13060
270550,1995,0,13479,13479
270550,1996,0,13793,13793
270550,1997,0,13815,13815
270550,1998,0,13777,13777
270550,1999,0,13785,13785
270550,2000,0,13854,13854
270550,2001,0,13127,13127
270550,2002,0,10349,10349
270550,2003,0,10140,10140
270550,2004,0,10381,10381
270550,2005,0,8840,8840
270550,2006,0,9371,9371
270550,2007,0,9557,9557
270550,2008,0,10883,10883
270550,2009,0,10863,10863
270550,2010,0,10874,10874
270550,2011,0,10879,10879
270550,2012,0,10879,10879
270550,2013,0,10918,10918
270550,2014,0,10918,10918
270550,2015,0,8570,8570
270550,2016,0,8727,8727
270550,2017,0,8706,8706
270550,2018,0,6939,6939
270550,2019,0,8924,8924
270550,2020,0,8706,8706
270550,2021,0,10856,10856
270560,1988,0,5575,5575
270560,1989,0,5942,5942
270560,1990,0,6550,6550
270560,1991,0,5711,5711
270560,1992,0,5403,5403
270560,1993,0,4043,4043
270560,1994,0,5036,5036
270560,1995,0,5179,5179
270560,1996,0,5330,5330
270560,1997,0,5330,5330
270560,1998,0,5310,5310
270560,1999,0,5347,5347
270560,2000,0,4538,4538
270560,2001,0,5393,5393
270560,2002,0,4920,4920
270560,2003,0,4823,4823
270560,2004,0,4979,4979
270560,2005,0,4615,4615
270560,2006,0,4836,4836
270560,2007,0,4926,4926
270560,2008,0,5138,5138
270560,2009,0,5124,5124
270560,2010,0,5114,5114
270560,2011,0,5127,5127
270560,2012,0,5112,5112
270560,2013,0,5108,5108
270560,2014,0,5108,5108
270560,2015,0,3515,3515
270560,2016,0,3719,3719
270560,2017,0,5153,5153
270560,2018,0,3368,3368
270560,2019,80,2899,2819
270560,2020,100,2692,2592
270560,2021,80,3226,3146
270570,1988,0,5490,5490
270570,1989,0,6650,6650
270570,1990,0,4990,4990
270570,1991,0,7300,7300
270570,1992,0,4896,4896
270570,1993,0,6670,6670
270570,1994,0,8960,8960
270570,1995,0,9244,9244
270570,1996,0,8307,8307
270570,1997,0,8493,8493
270570,1998,0,2675,2675
270570,1999,0,2800,2800
270570,2000,0,1260,1260
270570,2001,0,2115,2115
270570,2002,0,2000,2000
270570,2003,0,2055,2055
270570,2004,0,3593,3593
270570,2005,0,2550,2550
270570,2006,0,2743,2743
270570,2007,0,2118,2118
270570,2008,0,2230,2230
270570,2009,0,1713,1713
270570,2010,0,1845,1845
270570,2011,0,1800,1800
270570,2012,0,690,690
270570,2013,0,1236,1236
270570,2014,0,850,850
270570,2015,0,639,639
270570,2016,0,444,444
270570,2017,0,399,399
270570,2018,0,325,325
270570,2019,0,416,416
270570,2020,0,471,471
270570,2021,0,571,571
270580,1988,0,2741,2741
270580,1989,0,3570,3570
270580,1990,0,3620,3620
270580,1991,0,1730,1730
270580,1992,0,500,500
270580,1993,0,1590,1590
270580,1994,0,4116,4116
270580,1995,0,4950,4950
270580,1996,0,5660,5660
270580,1997,0,5217,5217
270580,1998,0,3777,3777
270580,1999,0,3012,3012
270580,2000,0,3377,3377
270580,2001,0,4285,4285
270580,2002,0,3897,3897
270580,2003,0,1436,1436
270580,2004,0,4461,4461
270580,2005,0,4613,4613
270580,2006,0,4731,4731
270580,2007,0,5146,5146
270580,2008,0,5615,5615
270580,2009,0,4865,4865
270580,2010,0,3710,3710
270580,2011,0,2222,2222
270580,2012,0,1443,1443
270580,2013,0,1284,1284
270580,2014,0,2707,2707
270580,2015,0,2890,2890
270580,2016,0,2525,2525
270580,2017,0,2880,2880
270580,2018,0,2040,2040
270580,2019,0,225,225
270580,2020,0,3003,3003
270580,2021,0,1942,1942
270590,1988,0,2611,2611
270590,1989,0,1845,1845
270590,1990,0,1797,1797
270590,1991,0,1715,1715
270590,1992,0,1208,1208
270590,1993,0,1196,1196
270590,1994,0,1514,1514
270590,1995,0,1452,1452
270590,1996,0,1257,1257
270590,1997,0,1491,1491
270590,1998,0,1389,1389
270590,1999,0,1216,1216
270590,2000,0,1152,1152
270590,2001,0,988,988
270590,2002,0,996,996
270590,2003,0,870,870
270590,2004,0,974,974
270590,2005,0,974,974
270590,2006,0,954,954
270590,2007,0,942,942
270590,2008,0,1031,1031
270590,2009,0,790,790
270590,2010,0,712,712
270590,2011,0,509,509
270590,2012,0,526,526
270590,2013,0,526,526
270590,2014,0,375,375
270590,2015,0,324,324
270590,2016,0,198,198
270590,2017,0,397,397
270590,2018,0,172,172
270590,2019,0,123,123
270590,2020,0,145,145
270590,2021,0,484,484
270600,1988,0,5120,5120
270600,1989,0,8850,8850
270600,1990,0,6486,6486
270600,1991,0,8240,8240
270600,1992,0,5487,5487
270600,1993,0,7260,7260
270600,1994,0,9960,9960
270600,1995,0,10228,10228
270600,1996,0,9190,9190
270600,1997,0,9456,9456
270600,1998,0,2885,2885
270600,1999,0,2695,2695
270600,2000,0,1365,1365
270600,2001,0,1637,1637
270600,2002,0,1874,1874
270600,2003,0,4329,4329
270600,2004,0,6131,6131
270600,2005,0,4280,4280
270600,2006,0,4671,4671
270600,2007,0,2621,2621
270600,2008,0,3224,3224
270600,2009,0,2356,2356
270600,2010,0,1820,1820
270600,2011,0,1148,1148
270600,2012,0,393,393
270600,2013,0,1521,1521
270600,2014,0,1350,1350
270600,2015,0,710,710
270600,2016,0,660,660
270600,2017,0,679,679
270600,2018,0,280,280
270600,2019,0,385,385
270600,2020,0,872,872
270600,2021,0,784,784
270610,1988,0,15695,15695
270610,1989,0,13250,13250
270610,1990,0,5440,5440
270610,1991,0,9000,9000
270610,1992,0,6936,6936
270610,1993,0,7550,7550
270610,1994,0,13270,13270
270610,1995,0,12320,12320
270610,1996,0,10650,10650
270610,1997,0,10465,10465
270610,1998,0,3369,3369
270610,1999,0,7,7
270610,2000,0,3757,3757
270610,2001,0,2997,2997
270610,2002,0,2239,2239
270610,2003,0,3205,3205
270610,2004,0,2794,2794
270610,2005,0,3400,3400
270610,2006,0,3634,3634
270610,2007,0,2349,2349
270610,2008,0,2078,2078
270610,2009,0,1470,1470
270610,2010,0,1561,1561
270610,2011,0,2023,2023
270610,2012,0,146,146
270610,2013,0,1653,1653
270610,2014,0,1379,1379
270610,2015,0,3420,3420
270610,2016,0,610,610
270610,2017,0,3001,3001
270610,2018,0,450,450
270610,2019,0,360,360
270610,2020,0,550,550
270610,2021,0,669,669
270620,1988,0,1850,1850
270620,1989,0,2452,2452
270620,1990,0,1410,1410
270620,1991,0,3070,3070
270620,1992,0,1190,1190
270620,1993,0,1850,1850
270620,1994,0,3350,3350
270620,1995,0,3460,3460
270620,1996,0,3000,3000
270620,1997,0,3120,3120
270620,1998,0,910,910
270620,1999,0,1310,1310
270620,2000,0,1696,1696
270620,2001,0,1031,1031
270620,2002,0,650,650
270620,2003,0,684,684
270620,2004,0,862,862
270620,2005,0,975,975
270620,2006,0,706,706
270620,2007,0,623,623
270620,2008,0,781,781
270620,2009,0,651,651
270620,2010,0,611,611
270620,2011,0,568,568
270620,2012,0,218,218
270620,2013,0,1397,1397
270620,2014,0,864,864
270620,2015,0,697,697
270620,2016,0,136,136
270620,2017,0,100,100
270620,2018,0,104,104
270620,2019,0,42,42
270620,2020,0,42,42
270620,2021,0,45,45
270630,1988,0,13607,13607
270630,1989,0,10573,10573
270630,1990,0,7049,7049
270630,1991,0,7842,7842
270630,1992,0,9548,9548
270630,1993,0,7566,7566
270630,1994,0,7469,7469
270630,1995,0,7378,7378
270630,1996,0,7073,7073
270630,1997,0,5962,5962
270630,1998,0,6041,6041
270630,1999,0,5798,5798
270630,2000,0,7331,7331
270630,2001,0,8011,8011
270630,2002,0,10989,10989
270630,2003,0,9411,9411
270630,2004,0,13656,13656
270630,2005,0,20794,20794
270630,2006,0,19936,19936
270630,2007,0,20381,20381
270630,2008,0,20997,20997
270630,2009,0,20782,20782
270630,2010,0,12336,12336
270630,2011,0,10156,10156
270630,2012,0,4405,4405
270630,2013,0,5356,5356
270630,2014,0,4902,4902
270630,2015,0,4961,4961
270630,2016,0,3702,3702
270630,2017,0,3363,3363
270630,2018,0,3259,3259
270630,2019,0,5692,5692
270630,2020,0,4375,4375
270630,2021,0,5551,5551
270640,1988,0,6055,6055
270640,1989,0,11520,11520
270640,1990,0,3900,3900
270640,1991,0,8740,8740
270640,1992,0,2580,2580
270640,1993,0,6190,6190
270640,1994,0,12050,12050
270640,1995,0,12900,12900
270640,1996,0,11390,11390
270640,1997,0,11960,11960
270640,1998,0,3642,3642
270640,1999,0,8890,8890
270640,2000,0,8265,8265
270640,2001,0,3087,3087
270640,2002,0,9042,9042
270640,2003,0,5347,5347
270640,2004,0,3765,3765
270640,2005,0,5935,5935
270640,2006,0,4789,4789
270640,2007,0,3549,3549
270640,2008,0,4164,4164
270640,2009,0,4294,4294
270640,2010,0,4491,4491
270640,2011,0,2174,2174
270640,2012,0,428,428
270640,2013,0,3135,3135
270640,2014,0,3015,3015
270640,2015,0,3225,3225
270640,2016,0,790,790
270640,2017,0,1982,1982
270640,2018,0,1729,1729
270640,2019,0,1088,1088
270640,2020,0,3123,3123
270640,2021,0,3213,3213
270650,1988,0,7525,7525
270650,1989,0,8749,8749
270650,1990,0,12635,12635
270650,1991,0,10817,10817
270650,1992,0,10292,10292
270650,1993,0,7959,7959
270650,1994,0,10697,10697
270650,1995,0,10789,10789
270650,1996,0,9768,9768
270650,1997,0,10023,10023
270650,1998,0,9975,9975
270650,1999,0,9224,9224
270650,2000,0,9043,9043
270650,2001,0,9056,9056
270650,2002,0,8566,8566
270650,2003,0,8375,8375
270650,2004,0,9031,9031
270650,2005,0,8699,8699
270650,2006,0,8107,8107
270650,2007,0,8235,8235
270650,2008,0,8452,8452
270650,2009,0,8451,8451
270650,2010,0,8458,8458
270650,2011,0,8408,8408
270650,2012,0,7773,7773
270650,2013,0,10172,10172
270650,2014,0,10689,10689
270650,2015,0,1604,1604
270650,2016,0,2043,2043
270650,2017,0,8734,8734
270650,2018,0,10479,10479
270650,2019,0,9430,9430
270650,2020,0,9348,9348
270650,2021,0,9291,9291
270660,1988,0,586,586
270660,1989,0,452,452
270660,1990,0,286,286
270660,1991,0,247,247
270660,1992,0,217,217
270660,1993,0,211,211
270660,1994,0,131,131
270660,1995,0,111,111
270660,1996,0,94,94
270660,1997,0,217,217
270660,1998,0,152,152
270660,1999,0,128,128
270660,2000,0,188,188
270660,2001,0,110,110
270660,2002,0,126,126
270660,2003,0,106,106
270660,2004,0,146,146
270660,2005,0,132,132
270660,2006,0,145,145
270660,2007,0,188,188
270660,2008,0,205,205
270660,2009,0,222,222
270660,2010,0,88,88
270660,2011,0,51,51
270660,2012,0,33,33
270660,2013,0,128,128
270660,2014,0,93,93
270660,2015,0,51,51
270660,2016,0,338,338
270660,2017,0,184,184
270660,2018,0,146,146
270660,2019,0,183,183
270660,2020,0,183,183
270660,2021,0,438,438
270670,1988,0,11908,11908
270670,1989,0,13447,13447
270670,1990,0,15956,15956
270670,1991,0,14205,14205
270670,1992,0,13050,13050
270670,1993,0,10176,10176
270670,1994,0,15900,15900
270670,1995,0,16810,16810
270670,1996,0,16003,16003
270670,1997,0,15816,15816
270670,1998,0,16564,16564
270670,1999,0,15391,15391
270670,2000,0,15496,15496
270670,2001,0,16454,16454
270670,2002,0,15207,15207
270670,2003,0,13412,13412
270670,2004,0,22784,22784
270670,2005,0,20234,20234
270670,2006,0,18715,18715
270670,2007,0,18790,18790
270670,2008,0,19447,19447
270670,2009,0,19384,19384
270670,2010,0,19244,19244
270670,2011,0,18851,18851
270670,2012,0,18778,18778
270670,2013,0,21080,21080
270670,2014,0,20873,20873
270670,2015,0,24827,24827
270670,2016,0,22647,22647
270670,2017,0,27735,27735
270670,2018,0,14374,14374
270670,2019,0,15565,15565
270670,2020,0,16716,16716
270670,2021,0,19745,19745
270680,1988,0,4191,4191
270680,1989,0,4175,4175
270680,1990,0,4007,4007
270680,1991,0,4069,4069
270680,1992,0,3914,3914
270680,1993,0,3749,3749
270680,1994,0,3563,3563
270680,1995,0,3549,3549
270680,1996,0,2836,2836
270680,1997,0,2665,2665
270680,1998,0,2931,2931
270680,1999,0,2916,2916
270680,2000,0,2755,2755
270680,2001,0,2671,2671
270680,2002,0,2632,2632
270680,2003,0,2640,2640
270680,2004,0,2644,2644
270680,2005,0,2644,2644
270680,2006,0,2589,2589
270680,2007,0,2524,2524
270680,2008,0,2403,2403
270680,2009,0,2384,2384
270680,2010,0,2376,2376
270680,2011,0,2376,2376
270680,2012,0,2371,2371
270680,2013,0,2371,2371
270680,2014,0,2371,2371
270680,2015,0,2454,2454
270680,2016,0,2476,2476
270680,2017,0,2678,2678
270680,2018,0,2692,2692
270680,2019,0,2186,2186
270680,2020,0,2551,2551
270680,2021,0,2805,2805
270690,1988,40,11165,11125
270690,1989,0,13057,13057
270690,1990,0,11108,11108
270690,1991,0,11063,11063
270690,1992,0,8276,8276
270690,1993,0,6127,6127
270690,1994,0,8230,8230
270690,1995,0,8397,8397
270690,1996,0,8416,8416
270690,1997,0,8422,8422
270690,1998,0,8422,8422
270690,1999,0,8365,8365
270690,2000,0,8513,8513
270690,2001,0,8443,8443
270690,2002,0,8443,8443
270690,2003,0,8477,8477
270690,2004,0,7846,7846
270690,2005,0,7457,7457
270690,2006,0,7005,7005
270690,2007,0,7143,7143
270690,2008,0,7343,7343
270690,2009,0,7343,7343
270690,2010,0,7343,7343
270690,2011,0,7336,7336
270690,2012,0,7218,7218
270690,2013,0,7307,7307
270690,2014,0,7300,7300
270690,2015,0,5608,5608
270690,2016,0,5636,5636
270690,2017,0,3696,3696
270690,2018,0,5011,5011
270690,2019,0,8695,8695
270690,2020,0,8200,8200
270690,2021,0,8197,8197
270700,1988,0,1154,1154
270700,1989,0,944,944
270700,1990,0,556,556
270700,1991,0,531,531
270700,1992,0,525,525
270700,1993,0,411,411
270700,1994,0,465,465
270700,1995,0,505,505
270700,1996,0,353,353
270700,1997,0,500,500
270700,1998,0,582,582
270700,1999,0,470,470
270700,2000,0,543,543
270700,2001,0,607,607
270700,2002,0,625,625
270700,2003,0,377,377
270700,2004,0,720,720
270700,2005,0,675,675
270700,2006,0,673,673
270700,2007,0,744,744
270700,2008,0,820,820
270700,2009,0,845,845
270700,2010,0,737,737
270700,2011,0,720,720
270700,2012,0,717,717
270700,2013,0,714,714
270700,2014,0,703,703
270700,2015,0,337,337
270700,2016,0,287,287
270700,2017,0,254,254
270700,2018,0,62,62
270700,2019,0,57,57
270700,2020,0,135,135
270700,2021,0,162,162
270710,1988,0,5100,5100
270710,1989,0,5110,5110
270710,1990,0,1640,1640
270710,1991,0,2230,2230
270710,1992,0,275,275
270710,1993,0,1960,1960
270710,1994,0,5705,5705
270710,1995,0,5400,5400
270710,1996,0,6330,6330
270710,1997,0,5990,5990
270710,1998,0,3950,3950
270710,1999,0,3290,3290
270710,2000,0,3200,3200
270710,2001,0,3835,3835
270710,2002,0,4240,4240
270710,2003,0,1890,1890
270710,2004,0,2900,2900
270710,2005,0,5100,5100
270710,2006,0,5400,5400
270710,2007,0,5800,5800
270710,2008,0,6037,6037
270710,2009,0,4357,4357
270710,2010,0,3615,3615
270710,2011,0,3433,3433
270710,2012,0,753,753
270710,2013,0,1060,1060
270710,2014,0,2960,2960
270710,2015,0,3120,3120
270710,2016,0,2500,2500
270710,2017,0,2709,2709
270710,2018,0,529,529
270710,2019,0,1114,1114
270710,2020,0,2415,2415
270710,2021,0,2467,2467
270720,1988,0,10021,10021
270720,1989,0,14225,14225
270720,1990,0,8683,8683
270720,1991,0,16770,16770
270720,1992,0,7620,7620
270720,1993,0,10690,10690
270720,1994,0,17150,17150
270720,1995,0,17720,17720
270720,1996,0,15590,15590
270720,1997,0,15825,15825
270720,1998,0,3984,3984
270720,1999,0,2275,2275
270720,2000,0,1506,1506
270720,2001,0,1877,1877
270720,2002,0,1727,1727
270720,2003,0,1227,1227
270720,2004,0,1638,1638
270720,2005,0,1241,1241
270720,2006,0,1498,1498
270720,2007,0,1744,1744
270720,2008,0,1748,1748
270720,2009,0,1224,1224
270720,2010,0,1210,1210
270720,2011,0,2223,2223
270720,2012,0,573,573
270720,2013,0,4354,4354
270720,2014,0,4274,4274
270720,2015,0,4124,4124
270720,2016,0,2889,2889
270720,2017,0,5238,5238
270720,2018,0,227,227
270720,2019,0,2374,2374
270720,2020,0,2038,2038
270720,2021,0,3288,3288
270730,1988,0,13577,13577
270730,1989,0,15670,15670
270730,1990,0,18856,18856
270730,1991,0,16482,16482
270730,1992,0,16149,16149
270730,1993,0,12200,12200
270730,1994,0,16090,16090
270730,1995,0,17030,17030
270730,1996,0,15177,15177
270730,1997,0,14874,14874
270730,1998,0,14623,14623
270730,1999,0,14471,14471
270730,2000,0,14591,14591
270730,2001,0,11603,11603
270730,2002,0,10919,10919
270730,2003,0,10091,10091
270730,2004,0,11650,11650
270730,2005,0,10001,10001
270730,2006,0,8986,8986
270730,2007,0,9156,9156
270730,2008,0,9581,9581
270730,2009,0,9510,9510
270730,2010,0,9483,9483
270730,2011,0,9453,9453
270730,2012,0,9072,9072
270730,2013,0,9313,9313
270730,2014,0,9208,9208
270730,2015,0,7155,7155
270730,2016,0,7252,7252
270730,2017,0,7919,7919
270730,2018,0,8335,8335
270730,2019,0,6526,6526
270730,2020,0,5848,5848
270730,2021,0,6047,6047
270740,1988,0,5636,5636
270740,1989,0,6278,6278
270740,1990,0,7196,7196
270740,1991,0,6517,6517
270740,1992,0,6123,6123
270740,1993,0,5276,5276
270740,1994,0,6558,6558
270740,1995,0,6596,6596
270740,1996,0,5800,5800
270740,1997,0,5830,5830
270740,1998,0,6600,6600
270740,1999,0,5605,5605
270740,2000,0,5701,5701
270740,2001,0,4533,4533
270740,2002,0,4178,4178
270740,2003,0,4002,4002
270740,2004,0,3342,3342
270740,2005,0,2916,2916
270740,2006,0,2759,2759
270740,2007,0,2781,2781
270740,2008,0,2611,2611
270740,2009,0,2603,2603
270740,2010,0,2607,2607
270740,2011,0,2549,2549
270740,2012,0,1812,1812
270740,2013,0,2557,2557
270740,2014,0,2550,2550
270740,2015,0,2113,2113
270740,2016,0,3415,3415
270740,2017,0,8049,8049
270740,2018,0,4070,4070
270740,2019,0,6496,6496
270740,2020,0,3721,3721
270740,2021,0,4169,4169
270750,1988,0,4143,4143
270750,1989,0,4378,4378
270750,1990,0,3457,3457
270750,1991,0,3383,3383
270750,1992,0,2914,2914
270750,1993,0,2778,2778
270750,1994,0,3128,3128
270750,1995,0,4120,4120
270750,1996,0,2378,2378
270750,1997,0,3267,3267
270750,1998,0,3428,3428
270750,1999,0,3020,3020
270750,2000,0,3133,3133
270750,2001,0,2631,2631
270750,2002,0,3388,3388
270750,2003,0,2063,2063
270750,2004,0,2342,2342
270750,2005,0,2383,2383
270750,2006,0,2385,2385
270750,2007,0,2404,2404
270750,2008,0,2471,2471
270750,2009,0,2526,2526
270750,2010,0,2389,2389
270750,2011,0,2354,2354
270750,2012,0,1938,1938
270750,2013,0,1961,1961
270750,2014,0,1949,1949
270750,2015,0,1969,1969
270750,2016,0,1958,1958
270750,2017,0,2840,2840
270750,2018,0,2270,2270
270750,2019,0,2258,2258
270750,2020,0,1711,1711
270750,2021,0,1869,1869
270760,1988,0,2339,2339
270760,1989,0,1796,1796
270760,1990,0,848,848
270760,1991,0,522,522
270760,1992,0,337,337
270760,1993,0,114,114
270760,1994,0,100,100
270760,1995,0,82,82
270760,1996,0,101,101
270760,1997,0,194,194
270760,1998,0,146,146
270760,1999,0,142,142
270760,2000,0,300,300
270760,2001,0,199,199
270760,2002,0,187,187
270760,2003,0,160,160
270760,2004,0,130,130
270760,2005,0,158,158
270760,2006,0,148,148
270760,2007,0,245,245
270760,2008,0,269,269
270760,2009,0,300,300
270760,2010,0,78,78
270760,2011,0,69,69
270760,2012,0,74,74
270760,2013,0,207,207
270760,2014,0,1084,1084
270760,2015,0,846,846
270760,2016,0,1779,1779
270760,2017,0,1950,1950
270760,2018,0,2330,2330
270760,2019,0,2221,2221
270760,2020,0,2341,2341
270760,2021,0,2381,2381
270770,1988,0,15133,15133
270770,1989,0,24466,24466
270770,1990,0,24464,24464
270770,1991,0,20490,20490
270770,1992,0,18468,18468
270770,1993,0,11521,11521
270770,1994,0,15229,15229
270770,1995,0,14809,14809
270770,1996,0,15244,15244
270770,1997,0,31541,31541
270770,1998,0,32623,32623
270770,1999,0,32620,32620
270770,2000,0,35783,35783
270770,2001,0,35466,35466
270770,2002,0,37445,37445
270770,2003,0,23756,23756
270770,2004,0,16634,16634
270770,2005,0,14018,14018
270770,2006,0,14574,14574
270770,2007,0,14918,14918
270770,2008,0,15718,15718
270770,2009,0,15718,15718
270770,2010,0,15718,15718
270770,2011,0,15718,15718
270770,2012,0,15709,15709
270770,2013,0,15725,15725
270770,2014,0,15722,15722
270770,2015,0,12043,12043
270770,2016,0,12062,12062
270770,2017,0,11067,11067
270770,2018,0,9077,9077
270770,2019,0,10085,10085
270770,2020,0,9085,9085
270770,2021,0,10077,10077
270780,1988,0,5384,5384
270780,1989,0,6292,6292
270780,1990,0,7266,7266
270780,1991,0,7261,7261
270780,1992,0,5646,5646
270780,1993,0,3879,3879
270780,1994,0,5159,5159
270780,1995,0,5399,5399
270780,1996,0,5390,5390
270780,1997,0,5267,5267
270780,1998,0,5270,5270
270780,1999,0,5368,5368
270780,2000,0,5491,5491
270780,2001,0,5550,5550
270780,2002,0,5550,5550
270780,2003,0,5735,5735
270780,2004,0,8719,8719
270780,2005,0,8612,8612
270780,2006,0,8518,8518
270780,2007,0,8654,8654
270780,2008,0,8440,8440
270780,2009,0,8433,8433
270780,2010,0,8429,8429
270780,2011,0,8429,8429
270780,2012,0,8430,8430
270780,2013,0,8425,8425
270780,2014,0,8427,8427
270780,2015,0,5032,5032
270780,2016,0,5453,5453
270780,2017,0,9176,9176
270780,2018,0,3945,3945
270780,2019,0,4463,4463
270780,2020,0,3499,3499
270780,2021,0,4353,4353
270790,1988,0,1869,1869
270790,1989,0,2149,2149
270790,1990,0,1808,1808
270790,1991,0,1579,1579
270790,1992,0,1462,1462
270790,1993,0,1001,1001
270790,1994,0,1310,1310
270790,1995,0,1278,1278
270790,1996,0,1327,1327
270790,1997,0,1219,1219
270790,1998,0,1203,1203
270790,1999,0,1189,1189
270790,2000,0,1232,1232
270790,2001,0,1134,1134
270790,2002,0,1123,1123
270790,2003,0,1124,1124
270790,2004,0,2052,2052
270790,2005,0,1827,1827
270790,2006,0,1846,1846
270790,2007,0,1876,1876
270790,2008,0,1842,1842
270790,2009,0,1842,1842
270790,2010,0,1841,1841
270790,2011,0,1841,1841
270790,2012,0,1753,1753
270790,2013,0,1887,1887
270790,2014,0,1791,1791
270790,2015,0,1388,1388
270790,2016,0,1408,1408
270790,2017,0,1138,1138
270790,2018,0,1456,1456
270790,2019,0,1099,1099
270790,2020,0,985,985
270790,2021,0,667,667
270800,1988,0,9900,9900
270800,1989,0,13720,13720
270800,1990,0,8120,8120
270800,1991,0,13655,13655
270800,1992,0,6594,6594
270800,1993,0,9820,9820
270800,1994,0,13400,13400
270800,1995,0,13840,13840
270800,1996,0,12080,12080
270800,1997,0,12338,12338
270800,1998,0,4590,4590
270800,1999,0,4060,4060
270800,2000,0,2815,2815
270800,2001,0,4320,4320
270800,2002,0,4559,4559
270800,2003,0,4689,4689
270800,2004,0,5417,5417
270800,2005,0,8510,8510
270800,2006,0,8519,8519
270800,2007,0,5979,5979
270800,2008,0,6769,6769
270800,2009,0,6109,6109
270800,2010,0,6101,6101
270800,2011,0,4349,4349
270800,2012,0,886,886
270800,2013,0,3979,3979
270800,2014,0,3552,3552
270800,2015,0,3771,3771
270800,2016,0,2852,2852
270800,2017,0,3826,3826
270800,2018,0,2620,2620
270800,2019,0,3150,3150
270800,2020,0,1668,1668
270800,2021,0,4860,4860
270810,1988,0,4959,4959
270810,1989,0,4622,4622
270810,1990,0,4173,4173
270810,1991,0,3327,3327
270810,1992,0,2737,2737
270810,1993,0,1997,1997
270810,1994,0,2617,2617
270810,1995,0,3060,3060
270810,1996,0,3247,3247
270810,1997,0,3338,3338
270810,1998,0,5725,5725
270810,1999,0,5831,5831
270810,2000,0,5885,5885
270810,2001,0,6104,6104
270810,2002,0,5674,5674
270810,2003,0,5430,5430
270810,2004,0,4450,4450
270810,2005,0,4236,4236
270810,2006,0,3716,3716
270810,2007,0,3719,3719
270810,2008,0,4086,4086
270810,2009,0,4050,4050
270810,2010,0,3920,3920
270810,2011,0,3595,3595
270810,2012,0,3667,3667
270810,2013,0,3669,3669
270810,2014,0,3667,3667
270810,2015,0,3899,3899
270810,2016,0,4523,4523
270810,2017,0,11994,11994
270810,2018,0,7693,7693
270810,2019,0,7962,7962
270810,2020,0,8115,8115
270810,2021,0,8184,8184
270820,1988,0,1841,1841
270820,1989,0,1433,1433
270820,1990,0,1274,1274
270820,1991,0,1237,1237
270820,1992,0,903,903
270820,1993,0,847,847
270820,1994,0,977,977
270820,1995,0,1043,1043
270820,1996,0,746,746
270820,1997,0,895,895
270820,1998,0,824,824
270820,1999,0,725,725
270820,2000,0,686,686
270820,2001,0,583,583
270820,2002,0,579,579
270820,2003,0,488,488
270820,2004,0,509,509
270820,2005,0,509,509
270820,2006,0,499,499
270820,2007,0,455,455
270820,2008,0,494,494
270820,2009,0,385,385
270820,2010,0,361,361
270820,2011,0,299,299
270820,2012,0,198,198
270820,2013,0,193,193
270820,2014,0,212,212
270820,2015,0,253,253
270820,2016,0,844,844
270820,2017,0,1047,1047
270820,2018,0,607,607
270820,2019,0,436,436
270820,2020,0,478,478
270820,2021,0,682,682
270830,1988,0,14707,14707
270830,1989,0,18710,18710
270830,1990,0,19578,19578
270830,1991,0,16925,16925
270830,1992,0,13390,13390
270830,1993,0,9193,9193
270830,1994,0,12688,12688
270830,1995,0,13323,13323
270830,1996,0,13680,13680
270830,1997,0,13752,13752
270830,1998,0,13816,13816
270830,1999,0,13820,13820
270830,2000,0,14346,14346
270830,2001,0,13819,13819
270830,2002,0,11972,11972
270830,2003,0,11720,11720
270830,2004,0,12030,12030
270830,2005,0,11617,11617
270830,2006,0,12030,12030
270830,2007,0,12261,12261
270830,2008,0,12234,12234
270830,2009,0,12216,12216
270830,2010,0,12181,12181
270830,2011,0,11938,11938
270830,2012,0,11935,11935
270830,2013,0,11928,11928
270830,2014,0,11927,11927
270830,2015,0,10750,10750
270830,2016,0,10534,10534
270830,2017,0,13476,13476
270830,2018,0,13218,13218
270830,2019,0,14495,14495
270830,2020,0,15495,15495
270830,2021,0,16755,16755
270840,1988,0,22800,22800
270840,1989,0,27550,27550
270840,1990,0,8953,8953
270840,1991,0,18450,18450
270840,1992,0,6824,6824
270840,1993,0,9536,9536
270840,1994,0,19480,19480
270840,1995,0,21420,21420
270840,1996,0,17760,17760
270840,1997,0,18349,18349
270840,1998,0,4935,4935
270840,1999,0,11180,11180
270840,2000,0,14066,14066
270840,2001,0,10800,10800
270840,2002,0,12800,12800
270840,2003,0,2130,2130
270840,2004,0,2491,2491
270840,2005,0,2105,2105
270840,2006,0,2070,2070
270840,2007,0,3515,3515
270840,2008,0,3759,3759
270840,2009,0,3320,3320
270840,2010,0,3025,3025
270840,2011,0,2770,2770
270840,2012,0,303,303
270840,2013,0,5283,5283
270840,2014,0,4038,4038
270840,2015,0,3633,3633
270840,2016,0,2817,2817
270840,2017,0,4594,4594
270840,2018,0,531,531
270840,2019,0,5045,5045
270840,2020,0,4596,4596
270840,2021,0,4646,4646
270850,1988,0,16679,16679
270850,1989,0,19824,19824
270850,1990,0,30879,30879
270850,1991,0,27700,27700
270850,1992,0,25899,25899
270850,1993,0,19956,19956
270850,1994,0,26919,26919
270850,1995,0,27614,27614
270850,1996,0,26926,26926
270850,1997,0,23574,23574
270850,1998,0,27832,27832
270850,1999,0,29411,29411
270850,2000,0,27575,27575
270850,2001,0,21749,21749
270850,2002,0,20650,20650
270850,2003,0,20195,20195
270850,2004,0,20453,20453
270850,2005,0,19726,19726
270850,2006,0,18091,18091
270850,2007,0,18423,18423
270850,2008,0,19186,19186
270850,2009,0,19186,19186
270850,2010,0,19174,19174
270850,2011,0,19171,19171
270850,2012,0,19058,19058
270850,2013,0,19115,19115
270850,2014,0,19052,19052
270850,2015,0,14717,14717
270850,2016,0,15904,15904
270850,2017,0,20624,20624
270850,2018,0,16514,16514
270850,2019,0,19357,19357
270850,2020,0,17168,17168
270850,2021,0,17083,17083
270860,1988,170,38946,38776
270860,1989,170,45046,44876
270860,1990,0,62898,62898
270860,1991,0,57568,57568
270860,1992,0,55521,55521
270860,1993,0,36898,36898
270860,1994,0,49830,49830
270860,1995,0,51206,51206
270860,1996,0,51347,51347
270860,1997,0,52669,52669
270860,1998,0,52865,52865
270860,1999,0,53262,53262
270860,2000,0,53621,53621
270860,2001,0,53433,53433
270860,2002,0,54856,54856
270860,2003,0,52476,52476
270860,2004,0,43513,43513
270860,2005,0,41308,41308
270860,2006,0,41849,41849
270860,2007,0,42526,42526
270860,2008,0,45312,45312
270860,2009,0,45213,45213
270860,2010,0,45088,45088
270860,2011,0,45088,45088
270860,2012,0,45078,45078
270860,2013,0,45048,45048
270860,2014,0,43439,43439
270860,2015,0,29146,29146
270860,2016,0,30519,30519
270860,2017,60,32152,32092
270860,2018,60,30305,30245
270860,2019,60,33752,33692
270860,2020,60,36165,36105
270860,2021,280,34487,34207
270870,1988,0,1462,1462
270870,1989,0,1492,1492
270870,1990,0,1428,1428
270870,1991,0,1370,1370
270870,1992,0,1361,1361
270870,1993,0,1256,1256
270870,1994,0,1316,1316
270870,1995,0,1300,1300
270870,1996,0,1292,1292
270870,1997,0,1344,1344
270870,1998,0,1365,1365
270870,1999,0,1385,1385
270870,2000,0,1340,1340
270870,2001,0,1359,1359
270870,2002,0,1265,1265
270870,2003,0,1249,1249
270870,2004,0,2210,2210
270870,2005,0,2033,2033
270870,2006,0,2129,2129
270870,2007,0,2159,2159
270870,2008,0,2279,2279
270870,2009,0,2269,2269
270870,2010,0,2277,2277
270870,2011,0,2193,2193
270870,2012,0,1362,1362
270870,2013,0,2202,2202
270870,2014,0,2351,2351
270870,2015,0,2033,2033
270870,2016,0,2027,2027
270870,2017,0,2104,2104
270870,2018,0,2364,2364
270870,2019,0,2261,2261
270870,2020,0,1339,1339
270870,2021,0,2136,2136
270880,1988,0,11760,11760
270880,1989,0,11442,11442
270880,1990,0,11464,11464
270880,1991,0,10373,10373
270880,1992,0,9073,9073
270880,1993,0,7379,7379
270880,1994,0,9660,9660
270880,1995,0,10078,10078
270880,1996,0,9326,9326
270880,1997,0,9622,9622
270880,1998,0,9949,9949
270880,1999,0,9160,9160
270880,2000,0,9112,9112
270880,2001,0,9126,9126
270880,2002,0,9147,9147
270880,2003,0,7057,7057
270880,2004,0,10113,10113
270880,2005,0,9793,9793
270880,2006,0,8860,8860
270880,2007,0,8746,8746
270880,2008,0,9588,9588
270880,2009,0,9229,9229
270880,2010,0,9223,9223
270880,2011,0,9535,9535
270880,2012,0,8967,8967
270880,2013,0,9877,9877
270880,2014,0,9508,9508
270880,2015,0,5185,5185
270880,2016,0,4996,4996
270880,2017,0,5445,5445
270880,2018,0,6602,6602
270880,2019,0,8072,8072
270880,2020,0,7919,7919
270880,2021,0,7717,7717
270890,1988,0,611,611
270890,1989,0,1251,1251
270890,1990,0,1296,1296
270890,1991,0,1150,1150
270890,1992,0,1047,1047
270890,1993,0,782,782
270890,1994,0,892,892
270890,1995,0,877,877
270890,1996,0,901,901
270890,1997,0,975,975
270890,1998,0,961,961
270890,1999,0,960,960
270890,2000,0,1001,1001
270890,2001,0,1008,1008
270890,2002,0,999,999
270890,2003,0,1001,1001
270890,2004,0,1477,1477
270890,2005,0,1324,1324
270890,2006,0,1431,1431
270890,2007,0,1457,1457
270890,2008,0,1459,1459
270890,2009,0,1459,1459
270890,2010,0,1459,1459
270890,2011,0,1459,1459
270890,2012,0,1448,1448
270890,2013,0,1448,1448
270890,2014,0,1460,1460
270890,2015,0,1112,1112
270890,2016,0,1114,1114
270890,2017,0,613,613
270890,2018,0,2018,2018
270890,2019,0,1218,1218
270890,2020,0,768,768
270890,2021,0,1214,1214
270895,1988,0,5509,5509
270895,1989,0,11525,11525
270895,1990,0,2220,2220
270895,1991,0,6594,6594
270895,1992,0,2282,2282
270895,1993,0,2548,2548
270895,1994,0,7472,7472
270895,1995,0,8200,8200
270895,1996,0,7340,7340
270895,1997,0,7575,7575
270895,1998,0,2175,2175
270895,1999,0,1517,1517
270895,2000,0,1067,1067
270895,2001,0,420,420
270895,2002,0,582,582
270895,2003,0,450,450
270895,2004,0,700,700
270895,2005,0,560,560
270895,2006,0,900,900
270895,2007,0,1229,1229
270895,2008,0,1285,1285
270895,2009,0,1002,1002
270895,2010,0,838,838
270895,2011,0,978,978
270895,2012,0,58,58
270895,2013,0,1455,1455
270895,2014,0,2100,2100
270895,2015,0,1110,1110
270895,2016,0,1204,1204
270895,2017,0,1465,1465
270895,2018,0,197,197
270895,2019,0,1314,1314
270895,2020,0,1717,1717
270895,2021,0,2123,2123
270900,1988,0,1188,1188
270900,1989,0,1315,1315
270900,1990,0,1420,1420
270900,1991,0,1364,1364
270900,1992,0,883,883
270900,1993,0,851,851
270900,1994,0,859,859
270900,1995,0,707,707
270900,1996,0,776,776
270900,1997,0,739,739
270900,1998,0,711,711
270900,1999,0,666,666
270900,2000,0,689,689
270900,2001,0,635,635
270900,2002,0,350,350
270900,2003,0,385,385
270900,2004,0,978,978
270900,2005,0,898,898
270900,2006,0,902,902
270900,2007,0,915,915
270900,2008,0,902,902
270900,2009,0,901,901
270900,2010,0,892,892
270900,2011,0,892,892
270900,2012,0,600,600
270900,2013,0,637,637
270900,2014,0,634,634
270900,2015,0,381,381
270900,2016,0,240,240
270900,2017,0,300,300
270900,2018,0,310,310
270900,2019,0,385,385
270900,2020,0,380,380
270900,2021,0,368,368
270910,1988,0,5897,5897
270910,1989,0,3836,3836
270910,1990,0,2879,2879
270910,1991,0,2881,2881
270910,1992,0,3249,3249
270910,1993,0,3102,3102
270910,1994,0,3059,3059
270910,1995,0,2885,2885
270910,1996,0,3261,3261
270910,1997,0,2722,2722
270910,1998,0,2582,2582
270910,1999,0,2237,2237
270910,2000,0,2096,2096
270910,2001,0,5162,5162
270910,2002,0,6001,6001
270910,2003,0,8021,8021
270910,2004,30,8405,8375
270910,2005,0,9357,9357
270910,2006,0,7721,7721
270910,2007,0,7877,7877
270910,2008,0,10372,10372
270910,2009,0,10077,10077
270910,2010,0,8439,8439
270910,2011,0,7442,7442
270910,2012,0,5249,5249
270910,2013,0,5672,5672
270910,2014,0,5463,5463
270910,2015,0,5754,5754
270910,2016,0,6851,6851
270910,2017,0,6113,6113
270910,2018,0,4591,4591
270910,2019,0,3559,3559
270910,2020,0,4179,4179
270910,2021,0,4228,4228
270915,1988,0,0,0
270915,1989,0,10425,10425
270915,1990,0,11852,11852
270915,1991,0,11752,11752
270915,1992,0,9711,9711
270915,1993,0,7014,7014
270915,1994,0,9251,9251
270915,1995,0,9471,9471
270915,1996,0,9534,9534
270915,1997,0,9501,9501
270915,1998,0,9530,9530
270915,1999,0,9560,9560
270915,2000,0,9585,9585
270915,2001,0,9601,9601
270915,2002,0,9601,9601
270915,2003,0,9720,9720
270915,2004,0,12910,12910
270915,2005,0,16155,16155
270915,2006,0,15180,15180
270915,2007,0,15387,15387
270915,2008,0,16123,16123
270915,2009,0,15949,15949
270915,2010,0,16247,16247
270915,2011,0,16265,16265
270915,2012,0,16191,16191
270915,2013,0,15721,15721
270915,2014,0,15998,15998
270915,2015,0,9679,9679
270915,2016,0,12631,12631
270915,2017,0,16155,16155
270915,2018,0,15930,15930
270915,2019,0,17761,17761
270915,2020,0,18448,18448
270915,2021,0,18141,18141
270920,1988,0,6953,6953
270920,1989,0,8335,8335
270920,1990,0,1850,1850
270920,1991,0,7330,7330
270920,1992,0,5930,5930
270920,1993,0,9430,9430
270920,1994,0,10720,10720
270920,1995,0,10660,10660
270920,1996,0,10500,10500
270920,1997,0,10517,10517
270920,1998,0,9509,9509
270920,1999,0,8159,8159
270920,2000,0,14830,14830
270920,2001,0,15868,15868
270920,2002,0,12200,12200
270920,2003,0,8375,8375
270920,2004,0,4655,4655
270920,2005,0,8750,8750
270920,2006,0,8570,8570
270920,2007,0,8570,8570
270920,2008,0,9430,9430
270920,2009,0,8500,8500
270920,2010,0,6254,6254
270920,2011,0,7037,7037
270920,2012,0,3770,3770
270920,2013,0,4720,4720
270920,2014,0,4720,4720
270920,2015,0,3470,3470
270920,2016,0,2300,2300
270920,2017,0,5659,5659
270920,2018,0,2713,2713
270920,2019,0,2076,2076
270920,2020,0,1800,1800
270920,2021,0,4313,4313
270930,1988,0,21315,21315
270930,1989,0,22224,22224
270930,1990,0,22686,22686
270930,1991,0,18304,18304
270930,1992,0,16524,16524
270930,1993,0,11200,11200
270930,1994,0,14483,14483
270930,1995,0,15384,15384
270930,1996,0,15960,15960
270930,1997,0,16148,16148
270930,1998,0,16406,16406
270930,1999,0,16559,16559
270930,2000,0,17615,17615
270930,2001,0,16665,16665
270930,2002,0,14163,14163
270930,2003,0,14197,14197
270930,2004,0,14432,14432
270930,2005,0,15214,15214
270930,2006,0,14337,14337
270930,2007,0,14557,14557
270930,2008,0,15130,15130
270930,2009,0,15013,15013
270930,2010,0,13957,13957
270930,2011,0,13531,13531
270930,2012,0,13359,13359
270930,2013,0,13368,13368
270930,2014,0,13368,13368
270930,2015,0,11109,11109
270930,2016,0,11348,11348
270930,2017,0,14132,14132
270930,2018,0,4493,4493
270930,2019,0,5338,5338
270930,2020,0,4519,4519
270930,2021,0,4452,4452
270940,1988,0,3562,3562
270940,1989,0,1943,1943
270940,1990,0,2187,2187
270940,1991,0,2073,2073
270940,1992,0,1884,1884
270940,1993,0,1845,1845
270940,1994,0,2685,2685
270940,1995,0,3246,3246
270940,1996,0,2252,2252
270940,1997,0,2153,2153
270940,1998,0,1643,1643
270940,1999,0,985,985
270940,2000,0,1228,1228
270940,2001,0,1432,1432
270940,2002,0,1606,1606
270940,2003,0,1412,1412
270940,2004,0,1157,1157
270940,2005,0,1189,1189
270940,2006,0,1293,1293
270940,2007,0,1577,1577
270940,2008,0,1768,1768
270940,2009,0,1759,1759
270940,2010,0,1432,1432
270940,2011,0,1384,1384
270940,2012,0,1409,1409
270940,2013,0,1042,1042
270940,2014,0,1338,1338
270940,2015,0,1162,1162
270940,2016,0,1280,1280
270940,2017,0,702,702
270940,2018,0,671,671
270940,2019,0,686,686
270940,2020,0,796,796
270940,2021,0,659,659
280010,1988,0,372,372
280010,1989,0,427,427
280010,1990,0,402,402
280010,1991,0,398,398
280010,1992,0,347,347
280010,1993,0,302,302
280010,1994,0,367,367
280010,1995,0,287,287
280010,1996,0,221,221
280010,1997,0,195,195
280010,1998,0,185,185
280010,1999,0,195,195
280010,2000,0,157,157
280010,2001,0,155,155
280010,2002,0,155,155
280010,2003,0,155,155
280010,2004,0,156,156
280010,2005,0,135,135
280010,2006,0,165,165
280010,2007,0,135,135
280010,2008,0,185,185
280010,2009,0,185,185
280010,2010,0,175,175
280010,2011,0,199,199
280010,2012,0,201,201
280010,2013,0,195,195
280010,2014,0,198,198
280010,2015,0,269,269
280010,2016,0,214,214
280010,2017,0,194,194
280010,2018,0,71,71
280010,2019,0,94,94
280010,2020,0,171,171
280010,2021,0,200,200
280020,1988,0,2607,2607
280020,1989,0,2437,2437
280020,1990,0,2637,2637
280020,1991,0,3262,3262
280020,1992,0,5006,5006
280020,1993,0,3527,3527
280020,1994,0,4400,4400
280020,1995,0,5230,5230
280020,1996,0,3638,3638
280020,1997,0,3208,3208
280020,1998,0,3505,3505
280020,1999,0,3040,3040
280020,2000,0,3488,3488
280020,2001,0,3457,3457
280020,2002,0,3719,3719
280020,2003,0,4179,4179
280020,2004,0,3940,3940
280020,2005,0,3427,3427
280020,2006,0,4844,4844
280020,2007,0,3135,3135
280020,2008,0,2325,2325
280020,2009,0,1895,1895
280020,2010,0,1993,1993
280020,2011,0,1913,1913
280020,2012,0,1758,1758
280020,2013,0,1721,1721
280020,2014,0,1212,1212
280020,2015,0,1211,1211
280020,2016,0,988,988
280020,2017,0,974,974
280020,2018,0,699,699
280020,2019,0,828,828
280020,2020,0,785,785
280020,2021,0,1326,1326
280030,1988,0,2705,2705
280030,1989,0,2706,2706
280030,1990,0,2707,2707
280030,1991,0,2707,2707
280030,1992,0,2926,2926
280030,1993,0,2896,2896
280030,1994,0,2692,2692
280030,1995,0,2894,2894
280030,1996,0,1768,1768
280030,1997,0,2816,2816
280030,1998,0,2578,2578
280030,1999,0,2570,2570
280030,2000,0,2574,2574
280030,2001,0,2465,2465
280030,2002,0,1646,1646
280030,2003,0,1025,1025
280030,2004,0,600,600
280030,2005,0,450,450
280030,2006,0,450,450
280030,2007,0,450,450
280030,2008,0,360,360
280030,2009,0,360,360
280030,2010,0,330,330
280030,2011,0,236,236
280030,2012,0,236,236
280030,2013,0,50,50
280030,2014,0,40,40
280030,2015,0,40,40
280030,2016,0,32,32
280030,2017,0,38,38
280030,2018,0,30,30
280030,2019,0,32,32
280030,2020,0,32,32
280030,2021,0,25,25
280040,1988,0,4021,4021
280040,1989,0,3949,3949
280040,1990,0,4158,4158
280040,1991,0,4147,4147
280040,1992,0,4268,4268
280040,1993,0,4378,4378
280040,1994,0,4510,4510
280040,1995,0,4600,4600
280040,1996,0,4679,4679
280040,1997,0,4652,4652
280040,1998,0,4822,4822
280040,1999,0,4816,4816
280040,2000,0,4894,4894
280040,2001,0,4880,4880
280040,2002,0,4879,4879
280040,2003,0,4917,4917
280040,2004,0,5237,5237
280040,2005,0,5337,5337
280040,2006,0,6306,6306
280040,2007,0,5666,5666
280040,2008,0,6022,6022
280040,2009,0,6081,6081
280040,2010,0,6136,6136
280040,2011,0,5924,5924
280040,2012,0,5908,5908
280040,2013,0,6322,6322
280040,2014,0,5818,5818
280040,2015,0,5738,5738
280040,2016,0,5244,5244
280040,2017,0,4926,4926
280040,2018,0,4111,4111
280040,2019,0,3486,3486
280040,2020,0,3364,3364
280040,2021,0,3228,3228
280050,1988,0,2121,2121
280050,1989,0,2163,2163
280050,1990,0,2165,2165
280050,1991,0,1736,1736
280050,1992,0,1652,1652
280050,1993,0,1802,1802
280050,1994,0,1842,1842
280050,1995,0,1990,1990
280050,1996,0,1842,1842
280050,1997,0,1927,1927
280050,1998,0,2150,2150
280050,1999,0,2490,2490
280050,2000,0,2469,2469
280050,2001,0,2311,2311
280050,2002,0,2378,2378
280050,2003,0,2424,2424
280050,2004,0,1898,1898
280050,2005,0,1969,1969
280050,2006,0,2030,2030
280050,2007,0,1992,1992
280050,2008,0,1890,1890
280050,2009,0,1889,1889
280050,2010,0,1877,1877
280050,2011,0,1821,1821
280050,2012,0,2018,2018
280050,2013,0,1793,1793
280050,2014,0,1430,1430
280050,2015,0,543,543
280050,2016,0,1230,1230
280050,2017,0,1367,1367
280050,2018,0,815,815
280050,2019,0,1379,1379
280050,2020,0,1730,1730
280050,2021,0,1745,1745
280060,1988,0,5291,5291
280060,1989,0,5299,5299
280060,1990,0,5297,5297
280060,1991,0,5310,5310
280060,1992,0,5386,5386
280060,1993,0,5172,5172
280060,1994,0,5086,5086
280060,1995,0,5085,5085
280060,1996,0,2752,2752
280060,1997,0,4256,4256
280060,1998,0,4110,4110
280060,1999,0,3899,3899
280060,2000,0,3916,3916
280060,2001,0,3947,3947
280060,2002,0,3416,3416
280060,2003,0,2622,2622
280060,2004,0,2622,2622
280060,2005,0,2452,2452
280060,2006,0,2920,2920
280060,2007,0,2452,2452
280060,2008,0,2432,2432
280060,2009,0,2502,2502
280060,2010,0,2497,2497
280060,2011,0,1892,1892
280060,2012,0,2034,2034
280060,2013,0,1482,1482
280060,2014,0,1292,1292
280060,2015,0,1117,1117
280060,2016,0,1036,1036
280060,2017,0,866,866
280060,2018,0,862,862
280060,2019,0,864,864
280060,2020,0,825,825
280060,2021,0,796,796
280067,1988,0,6406,6406
280067,1989,0,6340,6340
280067,1990,0,6372,6372
280067,1991,0,6376,6376
280067,1992,0,6454,6454
280067,1993,0,6581,6581
280067,1994,0,6459,6459
280067,1995,0,6531,6531
280067,1996,0,4905,4905
280067,1997,0,6563,6563
280067,1998,0,6496,6496
280067,1999,0,6512,6512
280067,2000,0,6550,6550
280067,2001,0,5788,5788
280067,2002,0,5766,5766
280067,2003,0,5764,5764
280067,2004,0,5922,5922
280067,2005,0,5757,5757
280067,2006,0,6287,6287
280067,2007,0,5762,5762
280067,2008,0,5413,5413
280067,2009,0,5419,5419
280067,2010,0,5439,5439
280067,2011,0,5398,5398
280067,2012,0,5654,5654
280067,2013,0,5425,5425
280067,2014,0,5447,5447
280067,2015,0,5129,5129
280067,2016,0,4966,4966
280067,2017,0,3511,3511
280067,2018,0,3285,3285
280067,2019,0,3006,3006
280067,2020,0,3025,3025
280067,2021,0,3010,3010
280070,1988,0,4837,4837
280070,1989,0,4567,4567
280070,1990,0,3753,3753
280070,1991,0,3953,3953
280070,1992,0,4552,4552
280070,1993,0,4175,4175
280070,1994,0,4370,4370
280070,1995,0,3690,3690
280070,1996,0,3543,3543
280070,1997,0,3380,3380
280070,1998,0,5173,5173
280070,1999,0,5704,5704
280070,2000,0,5755,5755
280070,2001,0,5743,5743
280070,2002,0,5908,5908
280070,2003,0,5630,5630
280070,2004,0,5640,5640
280070,2005,0,5655,5655
280070,2006,0,5700,5700
280070,2007,0,5590,5590
280070,2008,0,5640,5640
280070,2009,0,5620,5620
280070,2010,0,4710,4710
280070,2011,0,3734,3734
280070,2012,0,4159,4159
280070,2013,0,4090,4090
280070,2014,0,4238,4238
280070,2015,0,4999,4999
280070,2016,0,3649,3649
280070,2017,0,2711,2711
280070,2018,0,2212,2212
280070,2019,0,2128,2128
280070,2020,0,2124,2124
280070,2021,0,2394,2394
280100,1988,0,1570,1570
280100,1989,0,1780,1780
280100,1990,0,1924,1924
280100,1991,0,1762,1762
280100,1992,0,1628,1628
280100,1993,0,1553,1553
280100,1994,0,1641,1641
280100,1995,0,1712,1712
280100,1996,0,1525,1525
280100,1997,0,1240,1240
280100,1998,0,1128,1128
280100,1999,0,1061,1061
280100,2000,0,1113,1113
280100,2001,0,1131,1131
280100,2002,0,1175,1175
280100,2003,0,1269,1269
280100,2004,0,1260,1260
280100,2005,0,1280,1280
280100,2006,0,1315,1315
280100,2007,0,1395,1395
280100,2008,0,1485,1485
280100,2009,0,1440,1440
280100,2010,0,1415,1415
280100,2011,0,1300,1300
280100,2012,0,1273,1273
280100,2013,0,1153,1153
280100,2014,0,1325,1325
280100,2015,0,1358,1358
280100,2016,0,640,640
280100,2017,0,1120,1120
280100,2018,0,610,610
280100,2019,0,885,885
280100,2020,0,825,825
280100,2021,0,837,837
280110,1988,0,1093,1093
280110,1989,0,1171,1171
280110,1990,0,1173,1173
280110,1991,0,1493,1493
280110,1992,0,1553,1553
280110,1993,0,1403,1403
280110,1994,0,1163,1163
280110,1995,0,1218,1218
280110,1996,0,757,757
280110,1997,0,597,597
280110,1998,0,627,627
280110,1999,0,685,685
280110,2000,0,665,665
280110,2001,0,505,505
280110,2002,0,505,505
280110,2003,0,505,505
280110,2004,0,505,505
280110,2005,0,494,494
280110,2006,0,614,614
280110,2007,0,494,494
280110,2008,0,587,587
280110,2009,0,587,587
280110,2010,0,377,377
280110,2011,0,578,578
280110,2012,0,631,631
280110,2013,0,641,641
280110,2014,0,740,740
280110,2015,0,1152,1152
280110,2016,0,1134,1134
280110,2017,0,1209,1209
280110,2018,0,966,966
280110,2019,0,593,593
280110,2020,0,463,463
280110,2021,0,2346,2346
280120,1988,0,8062,8062
280120,1989,0,9138,9138
280120,1990,0,3033,3033
280120,1991,0,9091,9091
280120,1992,0,2891,2891
280120,1993,0,2712,2712
280120,1994,0,8824,8824
280120,1995,0,8472,8472
280120,1996,0,7264,7264
280120,1997,0,6362,6362
280120,1998,0,2316,2316
280120,1999,0,3838,3838
280120,2000,0,1915,1915
280120,2001,0,3635,3635
280120,2002,0,4278,4278
280120,2003,0,5753,5753
280120,2004,0,5615,5615
280120,2005,0,4785,4785
280120,2006,0,6490,6490
280120,2007,0,5535,5535
280120,2008,0,3553,3553
280120,2009,0,4470,4470
280120,2010,0,5490,5490
280120,2011,0,3543,3543
280120,2012,0,991,991
280120,2013,0,2153,2153
280120,2014,0,1686,1686
280120,2015,0,1439,1439
280120,2016,0,1091,1091
280120,2017,0,1076,1076
280120,2018,0,359,359
280120,2019,0,571,571
280120,2020,0,991,991
280120,2021,0,958,958
280130,1988,0,6064,6064
280130,1989,0,6702,6702
280130,1990,0,5810,5810
280130,1991,0,5601,5601
280130,1992,0,4113,4113
280130,1993,0,3327,3327
280130,1994,0,4291,4291
280130,1995,0,4384,4384
280130,1996,0,4261,4261
280130,1997,0,4299,4299
280130,1998,0,3949,3949
280130,1999,0,4089,4089
280130,2000,0,3957,3957
280130,2001,0,3951,3951
280130,2002,0,4144,4144
280130,2003,0,4916,4916
280130,2004,0,5436,5436
280130,2005,0,5767,5767
280130,2006,0,10747,10747
280130,2007,0,8730,8730
280130,2008,0,9589,9589
280130,2009,0,13447,13447
280130,2010,0,13467,13467
280130,2011,0,13582,13582
280130,2012,0,11243,11243
280130,2013,0,11729,11729
280130,2014,0,10400,10400
280130,2015,0,9533,9533
280130,2016,0,8262,8262
280130,2017,0,5076,5076
280130,2018,0,5522,5522
280130,2019,0,4897,4897
280130,2020,0,5012,5012
280130,2021,0,4938,4938
280140,1988,0,8100,8100
280140,1989,0,7510,7510
280140,1990,0,5660,5660
280140,1991,0,5576,5576
280140,1992,0,3900,3900
280140,1993,0,980,980
280140,1994,0,8150,8150
280140,1995,0,7510,7510
280140,1996,0,5667,5667
280140,1997,0,4851,4851
280140,1998,0,3789,3789
280140,1999,0,4425,4425
280140,2000,0,5093,5093
280140,2001,0,7280,7280
280140,2002,0,8246,8246
280140,2003,0,11890,11890
280140,2004,0,11520,11520
280140,2005,0,10610,10610
280140,2006,0,18210,18210
280140,2007,0,21155,21155
280140,2008,0,37006,37006
280140,2009,0,37755,37755
280140,2010,0,41840,41840
280140,2011,0,46856,46856
280140,2012,0,35505,35505
280140,2013,0,38104,38104
280140,2014,0,35212,35212
280140,2015,0,35212,35212
280140,2016,0,35300,35300
280140,2017,0,31250,31250
280140,2018,0,29000,29000
280140,2019,0,30080,30080
280140,2020,0,27120,27120
280140,2021,0,27000,27000
280150,1988,0,1180,1180
280150,1989,0,1310,1310
280150,1990,0,1310,1310
280150,1991,0,1230,1230
280150,1992,0,1249,1249
280150,1993,0,1126,1126
280150,1994,0,1169,1169
280150,1995,0,1532,1532
280150,1996,0,1113,1113
280150,1997,0,1083,1083
280150,1998,0,981,981
280150,1999,0,1021,1021
280150,2000,0,1058,1058
280150,2001,0,1073,1073
280150,2002,0,807,807
280150,2003,0,686,686
280150,2004,0,780,780
280150,2005,0,890,890
280150,2006,0,1020,1020
280150,2007,0,902,902
280150,2008,0,1032,1032
280150,2009,0,1362,1362
280150,2010,0,1347,1347
280150,2011,0,1292,1292
280150,2012,0,1272,1272
280150,2013,0,1288,1288
280150,2014,0,1475,1475
280150,2015,0,1520,1520
280150,2016,0,1443,1443
280150,2017,0,1200,1200
280150,2018,0,1332,1332
280150,2019,0,930,930
280150,2020,0,801,801
280150,2021,0,788,788
280160,1988,0,731,731
280160,1989,0,615,615
280160,1990,0,535,535
280160,1991,0,597,597
280160,1992,0,608,608
280160,1993,0,625,625
280160,1994,0,658,658
280160,1995,0,502,502
280160,1996,0,364,364
280160,1997,0,540,540
280160,1998,0,682,682
280160,1999,0,581,581
280160,2000,0,684,684
280160,2001,0,645,645
280160,2002,0,582,582
280160,2003,0,601,601
280160,2004,0,602,602
280160,2005,0,715,715
280160,2006,0,770,770
280160,2007,0,715,715
280160,2008,0,787,787
280160,2009,0,787,787
280160,2010,0,787,787
280160,2011,0,433,433
280160,2012,0,443,443
280160,2013,0,455,455
280160,2014,0,400,400
280160,2015,0,225,225
280160,2016,0,220,220
280160,2017,0,267,267
280160,2018,0,133,133
280160,2019,0,147,147
280160,2020,0,211,211
280160,2021,0,174,174
280170,1988,0,2118,2118
280170,1989,0,2525,2525
280170,1990,0,2882,2882
280170,1991,0,3014,3014
280170,1992,0,3169,3169
280170,1993,0,3443,3443
280170,1994,0,3561,3561
280170,1995,0,3578,3578
280170,1996,0,6250,6250
280170,1997,0,3676,3676
280170,1998,0,6449,6449
280170,1999,0,6395,6395
280170,2000,0,6554,6554
280170,2001,0,6454,6454
280170,2002,0,6389,6389
280170,2003,0,6571,6571
280170,2004,0,7056,7056
280170,2005,0,7185,7185
280170,2006,0,8489,8489
280170,2007,0,7535,7535
280170,2008,0,7695,7695
280170,2009,0,7817,7817
280170,2010,0,8066,8066
280170,2011,0,7729,7729
280170,2012,0,7530,7530
280170,2013,0,7951,7951
280170,2014,0,8197,8197
280170,2015,0,7134,7134
280170,2016,0,6450,6450
280170,2017,0,5737,5737
280170,2018,0,4882,4882
280170,2019,0,4813,4813
280170,2020,0,4891,4891
280170,2021,0,4922,4922
280190,1988,0,745,745
280190,1989,0,962,962
280190,1990,0,920,920
280190,1991,0,1220,1220
280190,1992,0,960,960
280190,1993,0,1128,1128
280190,1994,0,1239,1239
280190,1995,0,1310,1310
280190,1996,0,1331,1331
280190,1997,0,1301,1301
280190,1998,0,974,974
280190,1999,0,963,963
280190,2000,0,978,978
280190,2001,0,1013,1013
280190,2002,0,992,992
280190,2003,0,1052,1052
280190,2004,0,1235,1235
280190,2005,0,1205,1205
280190,2006,0,1675,1675
280190,2007,0,1475,1475
280190,2008,0,1570,1570
280190,2009,0,1779,1779
280190,2010,0,1849,1849
280190,2011,0,1589,1589
280190,2012,0,1542,1542
280190,2013,0,2152,2152
280190,2014,0,1673,1673
280190,2015,0,2011,2011
280190,2016,0,2027,2027
280190,2017,0,1961,1961
280190,2018,0,2137,2137
280190,2019,0,2558,2558
280190,2020,0,2756,2756
280190,2021,0,3306,3306
280200,1988,0,520,520
280200,1989,0,433,433
280200,1990,0,443,443
280200,1991,0,402,402
280200,1992,0,363,363
280200,1993,0,361,361
280200,1994,0,370,370
280200,1995,0,352,352
280200,1996,0,142,142
280200,1997,0,424,424
280200,1998,0,529,529
280200,1999,0,538,538
280200,2000,0,573,573
280200,2001,0,624,624
280200,2002,0,462,462
280200,2003,0,314,314
280200,2004,0,376,376
280200,2005,0,386,386
280200,2006,0,480,480
280200,2007,0,386,386
280200,2008,0,396,396
280200,2009,0,396,396
280200,2010,0,501,501
280200,2011,0,501,501
280200,2012,0,474,474
280200,2013,0,583,583
280200,2014,0,637,637
280200,2015,0,634,634
280200,2016,0,298,298
280200,2017,0,300,300
280200,2018,0,1126,1126
280200,2019,0,755,755
280200,2020,0,871,871
280200,2021,0,836,836
280210,1988,0,6055,6055
280210,1989,0,6264,6264
280210,1990,0,6381,6381
280210,1991,0,6504,6504
280210,1992,0,7843,7843
280210,1993,0,8316,8316
280210,1994,0,8889,8889
280210,1995,0,9663,9663
280210,1996,0,7156,7156
280210,1997,0,10336,10336
280210,1998,0,7119,7119
280210,1999,0,7382,7382
280210,2000,0,7545,7545
280210,2001,0,7583,7583
280210,2002,0,7588,7588
280210,2003,0,7702,7702
280210,2004,0,8125,8125
280210,2005,0,8226,8226
280210,2006,0,10688,10688
280210,2007,0,8868,8868
280210,2008,0,9857,9857
280210,2009,0,9929,9929
280210,2010,0,10372,10372
280210,2011,0,10135,10135
280210,2012,0,10160,10160
280210,2013,0,9757,9757
280210,2014,0,9316,9316
280210,2015,0,8728,8728
280210,2016,0,6647,6647
280210,2017,0,6216,6216
280210,2018,0,4796,4796
280210,2019,0,4541,4541
280210,2020,0,3900,3900
280210,2021,0,3594,3594
280220,1988,0,1220,1220
280220,1989,0,1935,1935
280220,1990,0,860,860
280220,1991,0,2345,2345
280220,1992,0,870,870
280220,1993,0,660,660
280220,1994,0,1995,1995
280220,1995,0,1855,1855
280220,1996,0,2122,2122
280220,1997,0,1781,1781
280220,1998,0,1761,1761
280220,1999,0,1860,1860
280220,2000,0,2135,2135
280220,2001,0,2280,2280
280220,2002,0,2445,2445
280220,2003,0,3420,3420
280220,2004,0,4005,4005
280220,2005,0,3900,3900
280220,2006,0,4525,4525
280220,2007,0,4570,4570
280220,2008,0,4330,4330
280220,2009,0,3300,3300
280220,2010,0,3295,3295
280220,2011,0,3290,3290
280220,2012,0,3150,3150
280220,2013,0,3108,3108
280220,2014,0,4055,4055
280220,2015,0,4623,4623
280220,2016,0,4340,4340
280220,2017,0,4700,4700
280220,2018,0,4000,4000
280220,2019,0,4200,4200
280220,2020,0,5000,5000
280220,2021,0,6000,6000
280230,1988,0,3930,3930
280230,1989,0,3494,3494
280230,1990,0,2920,2920
280230,1991,0,2820,2820
280230,1992,0,2080,2080
280230,1993,0,740,740
280230,1994,0,3170,3170
280230,1995,0,3550,3550
280230,1996,0,4249,4249
280230,1997,0,3835,3835
280230,1998,0,4060,4060
280230,1999,0,4280,4280
280230,2000,0,4615,4615
280230,2001,0,5000,5000
280230,2002,0,5923,5923
280230,2003,0,10500,10500
280230,2004,0,9895,9895
280230,2005,0,8885,8885
280230,2006,0,8975,8975
280230,2007,0,10420,10420
280230,2008,0,13320,13320
280230,2009,0,15818,15818
280230,2010,0,15731,15731
280230,2011,0,13717,13717
280230,2012,0,13615,13615
280230,2013,0,16662,16662
280230,2014,0,16600,16600
280230,2015,0,16330,16330
280230,2016,0,16310,16310
280230,2017,0,16310,16310
280230,2018,0,16060,16060
280230,2019,0,16050,16050
280230,2020,0,16550,16550
280230,2021,0,16550,16550
280240,1988,0,5718,5718
280240,1989,0,4203,4203
280240,1990,0,4078,4078
280240,1991,0,7583,7583
280240,1992,0,4168,4168
280240,1993,0,2738,2738
280240,1994,0,10303,10303
280240,1995,0,9578,9578
280240,1996,0,8969,8969
280240,1997,0,7118,7118
280240,1998,0,5378,5378
280240,1999,0,4698,4698
280240,2000,0,4197,4197
280240,2001,0,3452,3452
280240,2002,0,3728,3728
280240,2003,0,5006,5006
280240,2004,0,5370,5370
280240,2005,0,5356,5356
280240,2006,0,5676,5676
280240,2007,0,4896,4896
280240,2008,0,5686,5686
280240,2009,0,4786,4786
280240,2010,0,4877,4877
280240,2011,0,4686,4686
280240,2012,0,3661,3661
280240,2013,0,3106,3106
280240,2014,0,3410,3410
280240,2015,0,3421,3421
280240,2016,0,2210,2210
280240,2017,0,3400,3400
280240,2018,0,340,340
280240,2019,0,3300,3300
280240,2020,0,3400,3400
280240,2021,0,5960,5960
280250,1988,0,739,739
280250,1989,0,594,594
280250,1990,0,610,610
280250,1991,0,526,526
280250,1992,0,344,344
280250,1993,0,253,253
280250,1994,0,256,256
280250,1995,0,247,247
280250,1996,0,362,362
280250,1997,0,225,225
280250,1998,0,241,241
280250,1999,0,214,214
280250,2000,0,225,225
280250,2001,0,241,241
280250,2002,0,141,141
280250,2003,0,80,80
280250,2004,0,70,70
280250,2005,0,80,80
280250,2006,0,110,110
280250,2007,0,80,80
280250,2008,0,80,80
280250,2009,0,80,80
280250,2010,0,84,84
280250,2011,0,87,87
280250,2012,0,78,78
280250,2013,0,73,73
280250,2014,0,71,71
280250,2015,0,81,81
280250,2016,0,56,56
280250,2017,0,68,68
280250,2018,0,74,74
280250,2019,0,70,70
280250,2020,0,60,60
280250,2021,0,63,63
280260,1988,0,2398,2398
280260,1989,0,1807,1807
280260,1990,0,1270,1270
280260,1991,0,2005,2005
280260,1992,0,1030,1030
280260,1993,0,720,720
280260,1994,0,1875,1875
280260,1995,0,1970,1970
280260,1996,0,1540,1540
280260,1997,0,1635,1635
280260,1998,0,1310,1310
280260,1999,0,1465,1465
280260,2000,0,1610,1610
280260,2001,0,1340,1340
280260,2002,0,1470,1470
280260,2003,0,2150,2150
280260,2004,0,2375,2375
280260,2005,0,2500,2500
280260,2006,0,2865,2865
280260,2007,0,2825,2825
280260,2008,0,1990,1990
280260,2009,0,1470,1470
280260,2010,0,1510,1510
280260,2011,0,1270,1270
280260,2012,0,1340,1340
280260,2013,0,1720,1720
280260,2014,0,2055,2055
280260,2015,0,2598,2598
280260,2016,0,2692,2692
280260,2017,0,2990,2990
280260,2018,0,3070,3070
280260,2019,0,3257,3257
280260,2020,0,3552,3552
280260,2021,0,4057,4057
280270,1988,0,2105,2105
280270,1989,0,1874,1874
280270,1990,0,1790,1790
280270,1991,0,1818,1818
280270,1992,0,1385,1385
280270,1993,0,1866,1866
280270,1994,0,1676,1676
280270,1995,0,1712,1712
280270,1996,0,1427,1427
280270,1997,0,2257,2257
280270,1998,0,2489,2489
280270,1999,0,2848,2848
280270,2000,0,2843,2843
280270,2001,0,2713,2713
280270,2002,0,2676,2676
280270,2003,0,2689,2689
280270,2004,0,2616,2616
280270,2005,0,2778,2778
280270,2006,0,3126,3126
280270,2007,0,2788,2788
280270,2008,0,2758,2758
280270,2009,0,2758,2758
280270,2010,0,2788,2788
280270,2011,0,1399,1399
280270,2012,0,1394,1394
280270,2013,0,1387,1387
280270,2014,0,1748,1748
280270,2015,0,1937,1937
280270,2016,0,2130,2130
280270,2017,0,2429,2429
280270,2018,0,2221,2221
280270,2019,0,1666,1666
280270,2020,0,2050,2050
280270,2021,0,3002,3002
280280,1988,0,3022,3022
280280,1989,0,3412,3412
280280,1990,0,3945,3945
280280,1991,0,4199,4199
280280,1992,0,4494,4494
280280,1993,0,4667,4667
280280,1994,0,5153,5153
280280,1995,0,5327,5327
280280,1996,0,5084,5084
280280,1997,0,5635,5635
280280,1998,0,5120,5120
280280,1999,0,5342,5342
280280,2000,0,5743,5743
280280,2001,0,5808,5808
280280,2002,0,6128,6128
280280,2003,0,6409,6409
280280,2004,0,6764,6764
280280,2005,0,6928,6928
280280,2006,0,9453,9453
280280,2007,0,7933,7933
280280,2008,0,8400,8400
280280,2009,0,8556,8556
280280,2010,0,8603,8603
280280,2011,0,8377,8377
280280,2012,0,7868,7868
280280,2013,0,7560,7560
280280,2014,0,7110,7110
280280,2015,0,6731,6731
280280,2016,0,5390,5390
280280,2017,0,5440,5440
280280,2018,0,5073,5073
280280,2019,0,4852,4852
280280,2020,0,4693,4693
280280,2021,0,4622,4622
280290,1988,0,4987,4987
280290,1989,0,4999,4999
280290,1990,0,5484,5484
280290,1991,0,5336,5336
280290,1992,0,5165,5165
280290,1993,0,5006,5006
280290,1994,0,5516,5516
280290,1995,0,6021,6021
280290,1996,0,6476,6476
280290,1997,0,5443,5443
280290,1998,0,4862,4862
280290,1999,0,5063,5063
280290,2000,0,4966,4966
280290,2001,0,5128,5128
280290,2002,0,5252,5252
280290,2003,0,5232,5232
280290,2004,0,4937,4937
280290,2005,0,4862,4862
280290,2006,0,4919,4919
280290,2007,0,4887,4887
280290,2008,0,5289,5289
280290,2009,0,5323,5323
280290,2010,0,5142,5142
280290,2011,0,4996,4996
280290,2012,0,4857,4857
280290,2013,0,4354,4354
280290,2014,0,4038,4038
280290,2015,0,4040,4040
280290,2016,0,3267,3267
280290,2017,0,2163,2163
280290,2018,0,1872,1872
280290,2019,0,2802,2802
280290,2020,0,2882,2882
280290,2021,0,3050,3050
280300,1988,0,4422,4422
280300,1989,0,4803,4803
280300,1990,0,5346,5346
280300,1991,0,5274,5274
280300,1992,0,5265,5265
280300,1993,0,5253,5253
280300,1994,0,5236,5236
280300,1995,0,5301,5301
280300,1996,0,7650,7650
280300,1997,0,5361,5361
280300,1998,0,7771,7771
280300,1999,0,7911,7911
280300,2000,0,8020,8020
280300,2001,0,7896,7896
280300,2002,0,7854,7854
280300,2003,0,8027,8027
280300,2004,0,9259,9259
280300,2005,0,9365,9365
280300,2006,0,10943,10943
280300,2007,0,9685,9685
280300,2008,0,9664,9664
280300,2009,0,8937,8937
280300,2010,0,8954,8954
280300,2011,0,8968,8968
280300,2012,0,9428,9428
280300,2013,0,9326,9326
280300,2014,0,8539,8539
280300,2015,0,7677,7677
280300,2016,0,9161,9161
280300,2017,0,7651,7651
280300,2018,0,7971,7971
280300,2019,0,6669,6669
280300,2020,0,7938,7938
280300,2021,0,7943,7943
280310,1988,0,1332,1332
280310,1989,0,1572,1572
280310,1990,0,1272,1272
280310,1991,0,1497,1497
280310,1992,0,757,757
280310,1993,0,602,602
280310,1994,0,1752,1752
280310,1995,0,1752,1752
280310,1996,0,1602,1602
280310,1997,0,1512,1512
280310,1998,0,1182,1182
280310,1999,0,1207,1207
280310,2000,0,1197,1197
280310,2001,0,1232,1232
280310,2002,0,1382,1382
280310,2003,0,2072,2072
280310,2004,0,2390,2390
280310,2005,0,2400,2400
280310,2006,0,2120,2120
280310,2007,0,2180,2180
280310,2008,0,1510,1510
280310,2009,0,1425,1425
280310,2010,0,1420,1420
280310,2011,0,1290,1290
280310,2012,0,790,790
280310,2013,0,973,973
280310,2014,0,1200,1200
280310,2015,0,1463,1463
280310,2016,0,1220,1220
280310,2017,0,730,730
280310,2018,0,205,205
280310,2019,0,1005,1005
280310,2020,0,1105,1105
280310,2021,0,1475,1475
280320,1988,0,6326,6326
280320,1989,0,6205,6205
280320,1990,0,6478,6478
280320,1991,0,6663,6663
280320,1992,0,6408,6408
280320,1993,0,6392,6392
280320,1994,0,6607,6607
280320,1995,0,6799,6799
280320,1996,0,5436,5436
280320,1997,0,6878,6878
280320,1998,0,5453,5453
280320,1999,0,5522,5522
280320,2000,0,5705,5705
280320,2001,0,5743,5743
280320,2002,0,5738,5738
280320,2003,0,5860,5860
280320,2004,0,6546,6546
280320,2005,0,6673,6673
280320,2006,0,8605,8605
280320,2007,0,6742,6742
280320,2008,0,7332,7332
280320,2009,0,7162,7162
280320,2010,0,7319,7319
280320,2011,0,7231,7231
280320,2012,0,7186,7186
280320,2013,0,7787,7787
280320,2014,0,7483,7483
280320,2015,0,7419,7419
280320,2016,0,6194,6194
280320,2017,0,5574,5574
280320,2018,0,4763,4763
280320,2019,0,4341,4341
280320,2020,0,4005,4005
280320,2021,0,3912,3912
280330,1988,0,5018,5018
280330,1989,0,5128,5128
280330,1990,0,6597,6597
280330,1991,0,6769,6769
280330,1992,0,6303,6303
280330,1993,0,5296,5296
280330,1994,0,5575,5575
280330,1995,0,5021,5021
280330,1996,0,2323,2323
280330,1997,0,5062,5062
280330,1998,0,5149,5149
280330,1999,0,5036,5036
280330,2000,0,4918,4918
280330,2001,0,4868,4868
280330,2002,0,4305,4305
280330,2003,0,4251,4251
280330,2004,0,5680,5680
280330,2005,0,5995,5995
280330,2006,0,8093,8093
280330,2007,0,7758,7758
280330,2008,0,8044,8044
280330,2009,0,7492,7492
280330,2010,0,7419,7419
280330,2011,0,8585,8585
280330,2012,0,9775,9775
280330,2013,0,10239,10239
280330,2014,0,11409,11409
280330,2015,0,12313,12313
280330,2016,0,13035,13035
280330,2017,0,12513,12513
280330,2018,0,8906,8906
280330,2019,0,9002,9002
280330,2020,0,8320,8320
280330,2021,0,8057,8057
280340,1988,0,7138,7138
280340,1989,0,7232,7232
280340,1990,0,7779,7779
280340,1991,0,7660,7660
280340,1992,0,7744,7744
280340,1993,0,6572,6572
280340,1994,0,7192,7192
280340,1995,0,8524,8524
280340,1996,0,5678,5678
280340,1997,0,4547,4547
280340,1998,0,5348,5348
280340,1999,0,5797,5797
280340,2000,0,5566,5566
280340,2001,0,5778,5778
280340,2002,0,5777,5777
280340,2003,0,6231,6231
280340,2004,0,6142,6142
280340,2005,0,5821,5821
280340,2006,0,7008,7008
280340,2007,0,7368,7368
280340,2008,0,5765,5765
280340,2009,0,6732,6732
280340,2010,0,7205,7205
280340,2011,0,5429,5429
280340,2012,0,5446,5446
280340,2013,0,5576,5576
280340,2014,0,5790,5790
280340,2015,0,5762,5762
280340,2016,0,6635,6635
280340,2017,0,6379,6379
280340,2018,0,5339,5339
280340,2019,0,6041,6041
280340,2020,0,6361,6361
280340,2021,0,7167,7167
280350,1988,0,21215,21215
280350,1989,0,24708,24708
280350,1990,0,21135,21135
280350,1991,0,20726,20726
280350,1992,0,22746,22746
280350,1993,0,27074,27074
280350,1994,0,29442,29442
280350,1995,0,29852,29852
280350,1996,0,29574,29574
280350,1997,0,30747,30747
280350,1998,0,28068,28068
280350,1999,0,24635,24635
280350,2000,0,25051,25051
280350,2001,0,22625,22625
280350,2002,0,20575,20575
280350,2003,0,19969,19969
280350,2004,0,21944,21944
280350,2005,0,21415,21415
280350,2006,0,30105,30105
280350,2007,0,21903,21903
280350,2008,0,20735,20735
280350,2009,0,20662,20662
280350,2010,0,20601,20601
280350,2011,0,20839,20839
280350,2012,0,20073,20073
280350,2013,0,19414,19414
280350,2014,0,20002,20002
280350,2015,0,19243,19243
280350,2016,0,15082,15082
280350,2017,0,15166,15166
280350,2018,0,9237,9237
280350,2019,0,8373,8373
280350,2020,0,9062,9062
280350,2021,0,9499,9499
280360,1988,0,3432,3432
280360,1989,0,3195,3195
280360,1990,0,3530,3530
280360,1991,0,4118,4118
280360,1992,0,3292,3292
280360,1993,0,3275,3275
280360,1994,0,3318,3318
280360,1995,0,3104,3104
280360,1996,0,5375,5375
280360,1997,0,3072,3072
280360,1998,0,3119,3119
280360,1999,0,3168,3168
280360,2000,0,3209,3209
280360,2001,0,2927,2927
280360,2002,0,2508,2508
280360,2003,0,3885,3885
280360,2004,0,5765,5765
280360,2005,0,6380,6380
280360,2006,0,7260,7260
280360,2007,0,7063,7063
280360,2008,0,7063,7063
280360,2009,0,5748,5748
280360,2010,0,6488,6488
280360,2011,0,6448,6448
280360,2012,0,6957,6957
280360,2013,0,6739,6739
280360,2014,0,7541,7541
280360,2015,0,7897,7897
280360,2016,0,8408,8408
280360,2017,0,8187,8187
280360,2018,0,7999,7999
280360,2019,0,5895,5895
280360,2020,0,7061,7061
280360,2021,0,7071,7071
280370,1988,0,1702,1702
280370,1989,0,1950,1950
280370,1990,0,2087,2087
280370,1991,0,2063,2063
280370,1992,0,1579,1579
280370,1993,0,889,889
280370,1994,0,2120,2120
280370,1995,0,2222,2222
280370,1996,0,2387,2387
280370,1997,0,1997,1997
280370,1998,0,2051,2051
280370,1999,0,2079,2079
280370,2000,0,2219,2219
280370,2001,0,2341,2341
280370,2002,0,2260,2260
280370,2003,0,3077,3077
280370,2004,0,2385,2385
280370,2005,0,2320,2320
280370,2006,0,2327,2327
280370,2007,0,2568,2568
280370,2008,0,3154,3154
280370,2009,0,3387,3387
280370,2010,0,3337,3337
280370,2011,0,3270,3270
280370,2012,0,2917,2917
280370,2013,0,2868,2868
280370,2014,0,3055,3055
280370,2015,0,3538,3538
280370,2016,0,3530,3530
280370,2017,0,3890,3890
280370,2018,0,3600,3600
280370,2019,0,3020,3020
280370,2020,0,3120,3120
280370,2021,0,3140,3140
280380,1988,0,940,940
280380,1989,0,911,911
280380,1990,0,942,942
280380,1991,0,943,943
280380,1992,0,771,771
280380,1993,0,727,727
280380,1994,0,766,766
280380,1995,0,624,624
280380,1996,0,502,502
280380,1997,0,485,485
280380,1998,0,497,497
280380,1999,0,448,448
280380,2000,0,445,445
280380,2001,0,474,474
280380,2002,0,418,418
280380,2003,0,400,400
280380,2004,0,405,405
280380,2005,0,398,398
280380,2006,0,548,548
280380,2007,0,398,398
280380,2008,0,345,345
280380,2009,0,345,345
280380,2010,0,323,323
280380,2011,0,243,243
280380,2012,0,243,243
280380,2013,0,243,243
280380,2014,0,229,229
280380,2015,0,189,189
280380,2016,0,138,138
280380,2017,0,138,138
280380,2018,0,69,69
280380,2019,0,77,77
280380,2020,0,70,70
280380,2021,0,109,109
280390,1988,0,1338,1338
280390,1989,0,1497,1497
280390,1990,0,1728,1728
280390,1991,0,1686,1686
280390,1992,0,1552,1552
280390,1993,0,1489,1489
280390,1994,0,1750,1750
280390,1995,0,1705,1705
280390,1996,0,1773,1773
280390,1997,0,1439,1439
280390,1998,0,1539,1539
280390,1999,0,1503,1503
280390,2000,0,1683,1683
280390,2001,0,1744,1744
280390,2002,0,1724,1724
280390,2003,0,1789,1789
280390,2004,0,1722,1722
280390,2005,0,1714,1714
280390,2006,0,1744,1744
280390,2007,0,1694,1694
280390,2008,0,1778,1778
280390,2009,0,1739,1739
280390,2010,0,1709,1709
280390,2011,0,1659,1659
280390,2012,0,1652,1652
280390,2013,0,1300,1300
280390,2014,0,1124,1124
280390,2015,0,850,850
280390,2016,0,580,580
280390,2017,0,578,578
280390,2018,0,670,670
280390,2019,0,840,840
280390,2020,0,910,910
280390,2021,0,910,910
280400,1988,0,2111,2111
280400,1989,0,2288,2288
280400,1990,0,2770,2770
280400,1991,0,1948,1948
280400,1992,0,2285,2285
280400,1993,0,2355,2355
280400,1994,0,2311,2311
280400,1995,0,2171,2171
280400,1996,0,2132,2132
280400,1997,0,2512,2512
280400,1998,0,2486,2486
280400,1999,0,2675,2675
280400,2000,0,2573,2573
280400,2001,0,2502,2502
280400,2002,0,1195,1195
280400,2003,0,1300,1300
280400,2004,0,1000,1000
280400,2005,0,1615,1615
280400,2006,0,1915,1915
280400,2007,0,1815,1815
280400,2008,0,1815,1815
280400,2009,0,1507,1507
280400,2010,0,1837,1837
280400,2011,0,1822,1822
280400,2012,0,1719,1719
280400,2013,0,1567,1567
280400,2014,0,2121,2121
280400,2015,0,2401,2401
280400,2016,0,2401,2401
280400,2017,0,2142,2142
280400,2018,0,2823,2823
280400,2019,0,2318,2318
280400,2020,0,2884,2884
280400,2021,0,2819,2819
280410,1988,0,2356,2356
280410,1989,0,2451,2451
280410,1990,0,2511,2511
280410,1991,0,2342,2342
280410,1992,0,2344,2344
280410,1993,0,2312,2312
280410,1994,0,2641,2641
280410,1995,0,2655,2655
280410,1996,0,2580,2580
280410,1997,0,1862,1862
280410,1998,0,1781,1781
280410,1999,0,1745,1745
280410,2000,0,1836,1836
280410,2001,0,1899,1899
280410,2002,0,2009,2009
280410,2003,0,1936,1936
280410,2004,0,1885,1885
280410,2005,0,1785,1785
280410,2006,0,1865,1865
280410,2007,0,1825,1825
280410,2008,0,1915,1915
280410,2009,0,1918,1918
280410,2010,0,1810,1810
280410,2011,0,1790,1790
280410,2012,0,2090,2090
280410,2013,0,1877,1877
280410,2014,0,1713,1713
280410,2015,0,1503,1503
280410,2016,0,1353,1353
280410,2017,0,1428,1428
280410,2018,0,1065,1065
280410,2019,0,1560,1560
280410,2020,0,1720,1720
280410,2021,0,310,310
280420,1988,0,4890,4890
280420,1989,0,9300,9300
280420,1990,0,2010,2010
280420,1991,0,6850,6850
280420,1992,0,1810,1810
280420,1993,0,1590,1590
280420,1994,0,10000,10000
280420,1995,0,10180,10180
280420,1996,0,8900,8900
280420,1997,0,7030,7030
280420,1998,0,4670,4670
280420,1999,0,6390,6390
280420,2000,0,5220,5220
280420,2001,0,4230,4230
280420,2002,0,4305,4305
280420,2003,0,7270,7270
280420,2004,0,7610,7610
280420,2005,0,7380,7380
280420,2006,0,7880,7880
280420,2007,0,7880,7880
280420,2008,0,5870,5870
280420,2009,0,6850,6850
280420,2010,0,6947,6947
280420,2011,0,5750,5750
280420,2012,0,4460,4460
280420,2013,0,4360,4360
280420,2014,0,4770,4770
280420,2015,0,3882,3882
280420,2016,0,3950,3950
280420,2017,0,2355,2355
280420,2018,0,1750,1750
280420,2019,0,2230,2230
280420,2020,0,2650,2650
280420,2021,0,3850,3850
280430,1988,0,636,636
280430,1989,0,777,777
280430,1990,0,847,847
280430,1991,0,781,781
280430,1992,0,788,788
280430,1993,0,733,733
280430,1994,0,757,757
280430,1995,0,810,810
280430,1996,0,641,641
280430,1997,0,775,775
280430,1998,0,791,791
280430,1999,0,588,588
280430,2000,0,524,524
280430,2001,0,674,674
280430,2002,0,640,640
280430,2003,0,650,650
280430,2004,0,853,853
280430,2005,0,605,605
280430,2006,0,1389,1389
280430,2007,0,1559,1559
280430,2008,0,1114,1114
280430,2009,0,1114,1114
280430,2010,0,1164,1164
280430,2011,0,1121,1121
280430,2012,0,1119,1119
280430,2013,0,1235,1235
280430,2014,0,1280,1280
280430,2015,0,1155,1155
280430,2016,0,1215,1215
280430,2017,0,333,333
280430,2018,0,509,509
280430,2019,0,898,898
280430,2020,0,715,715
280430,2021,0,462,462
280440,1988,0,7926,7926
280440,1989,0,7812,7812
280440,1990,0,9015,9015
280440,1991,0,9181,9181
280440,1992,0,6755,6755
280440,1993,0,7586,7586
280440,1994,0,5420,5420
280440,1995,0,4188,4188
280440,1996,0,3257,3257
280440,1997,0,3765,3765
280440,1998,0,4091,4091
280440,1999,0,4962,4962
280440,2000,0,5171,5171
280440,2001,0,5319,5319
280440,2002,0,5411,5411
280440,2003,0,5764,5764
280440,2004,0,6205,6205
280440,2005,0,6143,6143
280440,2006,0,7207,7207
280440,2007,0,7167,7167
280440,2008,0,7277,7277
280440,2009,0,7570,7570
280440,2010,0,8327,8327
280440,2011,0,6409,6409
280440,2012,0,7798,7798
280440,2013,0,8033,8033
280440,2014,0,8572,8572
280440,2015,0,8889,8889
280440,2016,0,8008,8008
280440,2017,0,8205,8205
280440,2018,0,7212,7212
280440,2019,0,6760,6760
280440,2020,0,6670,6670
280440,2021,0,6833,6833
280445,1988,0,11500,11500
280445,1989,0,9980,9980
280445,1990,0,6350,6350
280445,1991,0,5172,5172
280445,1992,0,3360,3360
280445,1993,0,610,610
280445,1994,0,4520,4520
280445,1995,0,4950,4950
280445,1996,0,4517,4517
280445,1997,0,3950,3950
280445,1998,0,3380,3380
280445,1999,0,4390,4390
280445,2000,0,4860,4860
280445,2001,0,6540,6540
280445,2002,0,9815,9815
280445,2003,0,10540,10540
280445,2004,0,11395,11395
280445,2005,0,8390,8390
280445,2006,0,9422,9422
280445,2007,0,14670,14670
280445,2008,0,9768,9768
280445,2009,0,9162,9162
280445,2010,0,9058,9058
280445,2011,0,6456,6456
280445,2012,0,5548,5548
280445,2013,0,5257,5257
280445,2014,0,6360,6360
280445,2015,0,6800,6800
280445,2016,0,6800,6800
280445,2017,0,6780,6780
280445,2018,0,6040,6040
280445,2019,0,5570,5570
280445,2020,0,4250,4250
280445,2021,0,4250,4250
280450,1988,0,6060,6060
280450,1989,0,9835,9835
280450,1990,0,2540,2540
280450,1991,0,9425,9425
280450,1992,0,2385,2385
280450,1993,0,2200,2200
280450,1994,0,12990,12990
280450,1995,0,12410,12410
280450,1996,0,11258,11258
280450,1997,0,8790,8790
280450,1998,0,6570,6570
280450,1999,0,7840,7840
280450,2000,0,6270,6270
280450,2001,0,5790,5790
280450,2002,0,5855,5855
280450,2003,0,10650,10650
280450,2004,0,10690,10690
280450,2005,0,10690,10690
280450,2006,0,11410,11410
280450,2007,0,11260,11260
280450,2008,0,11612,11612
280450,2009,0,10850,10850
280450,2010,0,12086,12086
280450,2011,0,11950,11950
280450,2012,0,8895,8895
280450,2013,0,7746,7746
280450,2014,0,8220,8220
280450,2015,0,11211,11211
280450,2016,0,10400,10400
280450,2017,0,7480,7480
280450,2018,0,7300,7300
280450,2019,0,7300,7300
280450,2020,0,9100,9100
280450,2021,0,10600,10600
280460,1988,120,3117,2997
280460,1989,150,3519,3369
280460,1990,0,3058,3058
280460,1991,0,4243,4243
280460,1992,0,3318,3318
280460,1993,0,3478,3478
280460,1994,0,4219,4219
280460,1995,0,4277,4277
280460,1996,0,3401,3401
280460,1997,0,3824,3824
280460,1998,0,2814,2814
280460,1999,0,2542,2542
280460,2000,0,2499,2499
280460,2001,0,2375,2375
280460,2002,0,2623,2623
280460,2003,0,3107,3107
280460,2004,0,3772,3772
280460,2005,0,3962,3962
280460,2006,0,5717,5717
280460,2007,0,4647,4647
280460,2008,0,4100,4100
280460,2009,0,3986,3986
280460,2010,0,4598,4598
280460,2011,0,4673,4673
280460,2012,0,4079,4079
280460,2013,0,4503,4503
280460,2014,0,4004,4004
280460,2015,0,3662,3662
280460,2016,0,3790,3790
280460,2017,0,3111,3111
280460,2018,0,3982,3982
280460,2019,0,4583,4583
280460,2020,0,5514,5514
280460,2021,0,6395,6395
280470,1988,0,962,962
280470,1989,0,1027,1027
280470,1990,0,937,937
280470,1991,0,1002,1002
280470,1992,0,567,567
280470,1993,0,432,432
280470,1994,0,1422,1422
280470,1995,0,1312,1312
280470,1996,0,1252,1252
280470,1997,0,1112,1112
280470,1998,0,717,717
280470,1999,0,942,942
280470,2000,0,1042,1042
280470,2001,0,967,967
280470,2002,0,1152,1152
280470,2003,0,1637,1637
280470,2004,0,1860,1860
280470,2005,0,1870,1870
280470,2006,0,1980,1980
280470,2007,0,1910,1910
280470,2008,0,1365,1365
280470,2009,0,1090,1090
280470,2010,0,1080,1080
280470,2011,0,320,320
280470,2012,0,230,230
280470,2013,0,335,335
280470,2014,0,462,462
280470,2015,0,805,805
280470,2016,0,755,755
280470,2017,0,450,450
280470,2018,0,410,410
280470,2019,0,507,507
280470,2020,0,607,607
280470,2021,0,1057,1057
280480,1988,0,1485,1485
280480,1989,0,1500,1500
280480,1990,0,1503,1503
280480,1991,0,1547,1547
280480,1992,0,1787,1787
280480,1993,0,1611,1611
280480,1994,0,1507,1507
280480,1995,0,805,805
280480,1996,0,650,650
280480,1997,0,791,791
280480,1998,0,739,739
280480,1999,0,753,753
280480,2000,0,728,728
280480,2001,0,751,751
280480,2002,0,469,469
280480,2003,0,390,390
280480,2004,0,375,375
280480,2005,0,350,350
280480,2006,0,460,460
280480,2007,0,350,350
280480,2008,0,380,380
280480,2009,0,380,380
280480,2010,0,380,380
280480,2011,0,380,380
280480,2012,0,395,395
280480,2013,0,355,355
280480,2014,0,350,350
280480,2015,0,2981,2981
280480,2016,0,3131,3131
280480,2017,0,3016,3016
280480,2018,0,2232,2232
280480,2019,0,1393,1393
280480,2020,0,669,669
280480,2021,0,551,551
280490,1988,0,12302,12302
280490,1989,0,11681,11681
280490,1990,0,12451,12451
280490,1991,0,12552,12552
280490,1992,0,12420,12420
280490,1993,0,12530,12530
280490,1994,0,13111,13111
280490,1995,0,12622,12622
280490,1996,0,12397,12397
280490,1997,0,13857,13857
280490,1998,0,13813,13813
280490,1999,0,13829,13829
280490,2000,0,14126,14126
280490,2001,0,14314,14314
280490,2002,0,13727,13727
280490,2003,0,13888,13888
280490,2004,0,12477,12477
280490,2005,0,12815,12815
280490,2006,0,15993,15993
280490,2007,0,14713,14713
280490,2008,0,13479,13479
280490,2009,0,13236,13236
280490,2010,0,12901,12901
280490,2011,0,12630,12630
280490,2012,0,12966,12966
280490,2013,0,10818,10818
280490,2014,0,9881,9881
280490,2015,0,10416,10416
280490,2016,0,9788,9788
280490,2017,0,9855,9855
280490,2018,0,6507,6507
280490,2019,0,6231,6231
280490,2020,0,6361,6361
280490,2021,0,7457,7457
280500,1988,0,1180,1180
280500,1989,0,385,385
280500,1990,0,295,295
280500,1991,0,335,335
280500,1992,0,315,315
280500,1993,0,170,170
280500,1994,0,850,850
280500,1995,0,910,910
280500,1996,0,960,960
280500,1997,0,675,675
280500,1998,0,700,700
280500,1999,0,730,730
280500,2000,0,778,778
280500,2001,0,1068,1068
280500,2002,0,1191,1191
280500,2003,0,1277,1277
280500,2004,0,1313,1313
280500,2005,0,1250,1250
280500,2006,0,1306,1306
280500,2007,0,1514,1514
280500,2008,0,3492,3492
280500,2009,0,3438,3438
280500,2010,0,3392,3392
280500,2011,0,2935,2935
280500,2012,0,2786,2786
280500,2013,0,2776,2776
280500,2014,0,2901,2901
280500,2015,0,1541,1541
280500,2016,0,2804,2804
280500,2017,0,3020,3020
280500,2018,0,2925,2925
280500,2019,0,2850,2850
280500,2020,0,3200,3200
280500,2021,0,2952,2952
280510,1988,0,2178,2178
280510,1989,0,2022,2022
280510,1990,0,1955,1955
280510,1991,0,1980,1980
280510,1992,0,1996,1996
280510,1993,0,2041,2041
280510,1994,0,2004,2004
280510,1995,0,1979,1979
280510,1996,0,2004,2004
280510,1997,0,1990,1990
280510,1998,0,1941,1941
280510,1999,0,1942,1942
280510,2000,0,1951,1951
280510,2001,0,1776,1776
280510,2002,0,1739,1739
280510,2003,0,1730,1730
280510,2004,0,1771,1771
280510,2005,0,1731,1731
280510,2006,0,3316,3316
280510,2007,0,1724,1724
280510,2008,0,1617,1617
280510,2009,0,1641,1641
280510,2010,0,1632,1632
280510,2011,0,2214,2214
280510,2012,0,2207,2207
280510,2013,0,2100,2100
280510,2014,0,1985,1985
280510,2015,0,2089,2089
280510,2016,0,2113,2113
280510,2017,0,1674,1674
280510,2018,0,966,966
280510,2019,0,965,965
280510,2020,0,940,940
280510,2021,0,995,995
280520,1988,0,4090,4090
280520,1989,0,2575,2575
280520,1990,0,2570,2570
280520,1991,0,2615,2615
280520,1992,0,1850,1850
280520,1993,0,635,635
280520,1994,0,3235,3235
280520,1995,0,3770,3770
280520,1996,0,3828,3828
280520,1997,0,2583,2583
280520,1998,0,2523,2523
280520,1999,0,4570,4570
280520,2000,0,4820,4820
280520,2001,0,4985,4985
280520,2002,0,7505,7505
280520,2003,0,10440,10440
280520,2004,0,8470,8470
280520,2005,0,7940,7940
280520,2006,0,8470,8470
280520,2007,0,8068,8068
280520,2008,0,7620,7620
280520,2009,0,8466,8466
280520,2010,0,8425,8425
280520,2011,0,6609,6609
280520,2012,0,6644,6644
280520,2013,0,6636,6636
280520,2014,0,6750,6750
280520,2015,0,4883,4883
280520,2016,0,6610,6610
280520,2017,0,6787,6787
280520,2018,0,5280,5280
280520,2019,0,5550,5550
280520,2020,0,6110,6110
280520,2021,0,6110,6110
280530,1988,0,1082,1082
280530,1989,0,1088,1088
280530,1990,0,1155,1155
280530,1991,0,1176,1176
280530,1992,0,1140,1140
280530,1993,0,1110,1110
280530,1994,0,1066,1066
280530,1995,0,1042,1042
280530,1996,0,2039,2039
280530,1997,0,1198,1198
280530,1998,0,1016,1016
280530,1999,0,998,998
280530,2000,0,1005,1005
280530,2001,0,1035,1035
280530,2002,0,908,908
280530,2003,0,1362,1362
280530,2004,0,1107,1107
280530,2005,0,1053,1053
280530,2006,0,1210,1210
280530,2007,0,1077,1077
280530,2008,0,1077,1077
280530,2009,0,1117,1117
280530,2010,0,1127,1127
280530,2011,0,1077,1077
280530,2012,0,1047,1047
280530,2013,0,977,977
280530,2014,0,960,960
280530,2015,0,910,910
280530,2016,0,914,914
280530,2017,0,1006,1006
280530,2018,0,1010,1010
280530,2019,0,1022,1022
280530,2020,0,1106,1106
280530,2021,0,1005,1005
280540,1988,0,12233,12233
280540,1989,0,16805,16805
280540,1990,0,6785,6785
280540,1991,0,17515,17515
280540,1992,0,4436,4436
280540,1993,0,6420,6420
280540,1994,0,19936,19936
280540,1995,0,19650,19650
280540,1996,0,15817,15817
280540,1997,0,14457,14457
280540,1998,0,9418,9418
280540,1999,0,10589,10589
280540,2000,0,5575,5575
280540,2001,0,7191,7191
280540,2002,0,7515,7515
280540,2003,0,10184,10184
280540,2004,0,12135,12135
280540,2005,0,12625,12625
280540,2006,0,9905,9905
280540,2007,0,9625,9625
280540,2008,0,8435,8435
280540,2009,0,8745,8745
280540,2010,0,10689,10689
280540,2011,0,8823,8823
280540,2012,0,5463,5463
280540,2013,0,5899,5899
280540,2014,0,13605,13605
280540,2015,0,8368,8368
280540,2016,0,5177,5177
280540,2017,0,4566,4566
280540,2018,0,1360,1360
280540,2019,0,2029,2029
280540,2020,0,1997,1997
280540,2021,0,3372,3372
280550,1988,0,33312,33312
280550,1989,0,18538,18538
280550,1990,0,14535,14535
280550,1991,0,19410,19410
280550,1992,0,11500,11500
280550,1993,0,12910,12910
280550,1994,0,19230,19230
280550,1995,0,21050,21050
280550,1996,0,21975,21975
280550,1997,0,27950,27950
280550,1998,0,27770,27770
280550,1999,0,32360,32360
280550,2000,0,34105,34105
280550,2001,0,31500,31500
280550,2002,0,30565,30565
280550,2003,0,29290,29290
280550,2004,0,29175,29175
280550,2005,0,27900,27900
280550,2006,0,24210,24210
280550,2007,0,25074,25074
280550,2008,0,21516,21516
280550,2009,0,20206,20206
280550,2010,0,22602,22602
280550,2011,0,24362,24362
280550,2012,0,22990,22990
280550,2013,0,20524,20524
280550,2014,0,21048,21048
280550,2015,0,20997,20997
280550,2016,0,22757,22757
280550,2017,0,25685,25685
280550,2018,0,13001,13001
280550,2019,0,10500,10500
280550,2020,0,11120,11120
280550,2021,0,15400,15400
280560,1988,0,10136,10136
280560,1989,0,20316,20316
280560,1990,0,4231,4231
280560,1991,0,20136,20136
280560,1992,0,5656,5656
280560,1993,0,6841,6841
280560,1994,0,22216,22216
280560,1995,0,22796,22796
280560,1996,0,17039,17039
280560,1997,0,15226,15226
280560,1998,0,8894,8894
280560,1999,0,11757,11757
280560,2000,0,8147,8147
280560,2001,0,9892,9892
280560,2002,0,10357,10357
280560,2003,0,14862,14862
280560,2004,0,15258,15258
280560,2005,0,15933,15933
280560,2006,0,14253,14253
280560,2007,0,14503,14503
280560,2008,0,10693,10693
280560,2009,0,11658,11658
280560,2010,0,11163,11163
280560,2011,0,9795,9795
280560,2012,0,2850,2850
280560,2013,0,7079,7079
280560,2014,0,3585,3585
280560,2015,0,6044,6044
280560,2016,0,4525,4525
280560,2017,0,4005,4005
280560,2018,0,407,407
280560,2019,0,1126,1126
280560,2020,0,1626,1626
280560,2021,0,3329,3329
280570,1988,0,4522,4522
280570,1989,0,2616,2616
280570,1990,0,2092,2092
280570,1991,0,2268,2268
280570,1992,0,2118,2118
280570,1993,0,3073,3073
280570,1994,0,2646,2646
280570,1995,0,1607,1607
280570,1996,0,1865,1865
280570,1997,0,2394,2394
280570,1998,0,2821,2821
280570,1999,0,2890,2890
280570,2000,0,2788,2788
280570,2001,0,2506,2506
280570,2002,0,2158,2158
280570,2003,0,2186,2186
280570,2004,0,2610,2610
280570,2005,0,2787,2787
280570,2006,0,4333,4333
280570,2007,0,3833,3833
280570,2008,0,3864,3864
280570,2009,0,3864,3864
280570,2010,0,3684,3684
280570,2011,0,1853,1853
280570,2012,0,1823,1823
280570,2013,0,2257,2257
280570,2014,0,2159,2159
280570,2015,0,957,957
280570,2016,0,1457,1457
280570,2017,0,1833,1833
280570,2018,0,938,938
280570,2019,0,1288,1288
280570,2020,0,1749,1749
280570,2021,0,1464,1464
280580,1988,0,6188,6188
280580,1989,0,6540,6540
280580,1990,0,6332,6332
280580,1991,0,6832,6832
280580,1992,0,7309,7309
280580,1993,0,7718,7718
280580,1994,0,8255,8255
280580,1995,0,8368,8368
280580,1996,0,7027,7027
280580,1997,0,8496,8496
280580,1998,0,8452,8452
280580,1999,0,7449,7449
280580,2000,0,7286,7286
280580,2001,0,6812,6812
280580,2002,0,6503,6503
280580,2003,0,6322,6322
280580,2004,0,6610,6610
280580,2005,0,6629,6629
280580,2006,0,7924,7924
280580,2007,0,6536,6536
280580,2008,0,6009,6009
280580,2009,0,6065,6065
280580,2010,0,6139,6139
280580,2011,0,6134,6134
280580,2012,0,5851,5851
280580,2013,0,7119,7119
280580,2014,0,6104,6104
280580,2015,0,5973,5973
280580,2016,0,5491,5491
280580,2017,0,6676,6676
280580,2018,0,6696,6696
280580,2019,0,5435,5435
280580,2020,0,6080,6080
280580,2021,0,5495,5495
280590,1988,0,737,737
280590,1989,0,778,778
280590,1990,0,778,778
280590,1991,0,902,902
280590,1992,0,1187,1187
280590,1993,0,850,850
280590,1994,0,890,890
280590,1995,0,872,872
280590,1996,0,916,916
280590,1997,0,1042,1042
280590,1998,0,1060,1060
280590,1999,0,1039,1039
280590,2000,0,1042,1042
280590,2001,0,1085,1085
280590,2002,0,841,841
280590,2003,0,1780,1780
280590,2004,0,2475,2475
280590,2005,0,2430,2430
280590,2006,0,2687,2687
280590,2007,0,2435,2435
280590,2008,0,2457,2457
280590,2009,0,2093,2093
280590,2010,0,2250,2250
280590,2011,0,2500,2500
280590,2012,0,2505,2505
280590,2013,0,2452,2452
280590,2014,0,2681,2681
280590,2015,0,3066,3066
280590,2016,0,3233,3233
280590,2017,0,702,702
280590,2018,0,1314,1314
280590,2019,0,1785,1785
280590,2020,0,1846,1846
280590,2021,0,1959,1959
280600,1988,0,7400,7400
280600,1989,0,6305,6305
280600,1990,0,5245,5245
280600,1991,0,4646,4646
280600,1992,0,4054,4054
280600,1993,0,1837,1837
280600,1994,0,5215,5215
280600,1995,0,5386,5386
280600,1996,0,4966,4966
280600,1997,0,3753,3753
280600,1998,0,4116,4116
280600,1999,0,4101,4101
280600,2000,0,4292,4292
280600,2001,0,5031,5031
280600,2002,0,5107,5107
280600,2003,0,5375,5375
280600,2004,0,5550,5550
280600,2005,0,5530,5530
280600,2006,0,5620,5620
280600,2007,0,6777,6777
280600,2008,0,6067,6067
280600,2009,0,5932,5932
280600,2010,0,5865,5865
280600,2011,0,2672,2672
280600,2012,0,2223,2223
280600,2013,0,2125,2125
280600,2014,0,2079,2079
280600,2015,0,1816,1816
280600,2016,0,1854,1854
280600,2017,0,1907,1907
280600,2018,0,1765,1765
280600,2019,0,1615,1615
280600,2020,0,1458,1458
280600,2021,0,3831,3831
280610,1988,0,710,710
280610,1989,0,635,635
280610,1990,0,490,490
280610,1991,0,477,477
280610,1992,0,319,319
280610,1993,0,385,385
280610,1994,0,369,369
280610,1995,0,354,354
280610,1996,0,1849,1849
280610,1997,0,384,384
280610,1998,0,368,368
280610,1999,0,395,395
280610,2000,0,364,364
280610,2001,0,421,421
280610,2002,0,301,301
280610,2003,0,680,680
280610,2004,0,525,525
280610,2005,0,870,870
280610,2006,0,1420,1420
280610,2007,0,1370,1370
280610,2008,0,1370,1370
280610,2009,0,1160,1160
280610,2010,0,1265,1265
280610,2011,0,3283,3283
280610,2012,0,3296,3296
280610,2013,0,3180,3180
280610,2014,0,3630,3630
280610,2015,0,3873,3873
280610,2016,0,3976,3976
280610,2017,0,2291,2291
280610,2018,0,1215,1215
280610,2019,0,436,436
280610,2020,0,1420,1420
280610,2021,0,998,998
280620,1988,0,6431,6431
280620,1989,0,7013,7013
280620,1990,0,7345,7345
280620,1991,0,7333,7333
280620,1992,0,7504,7504
280620,1993,0,7751,7751
280620,1994,0,7431,7431
280620,1995,0,7161,7161
280620,1996,0,8475,8475
280620,1997,0,7760,7760
280620,1998,0,7193,7193
280620,1999,0,6885,6885
280620,2000,0,6850,6850
280620,2001,0,6312,6312
280620,2002,0,6111,6111
280620,2003,0,6096,6096
280620,2004,0,6249,6249
280620,2005,0,6415,6415
280620,2006,0,8521,8521
280620,2007,0,6508,6508
280620,2008,0,6141,6141
280620,2009,0,6039,6039
280620,2010,0,6749,6749
280620,2011,0,6756,6756
280620,2012,0,6774,6774
280620,2013,0,6784,6784
280620,2014,0,6227,6227
280620,2015,0,6052,6052
280620,2016,0,6144,6144
280620,2017,0,5955,5955
280620,2018,0,3107,3107
280620,2019,0,3165,3165
280620,2020,0,3078,3078
280620,2021,0,3137,3137
280630,1988,0,3328,3328
280630,1989,0,3507,3507
280630,1990,0,3675,3675
280630,1991,0,3764,3764
280630,1992,0,3820,3820
280630,1993,0,4016,4016
280630,1994,0,4341,4341
280630,1995,0,4503,4503
280630,1996,0,5308,5308
280630,1997,0,4425,4425
280630,1998,0,5342,5342
280630,1999,0,5451,5451
280630,2000,0,5620,5620
280630,2001,0,5627,5627
280630,2002,0,5637,5637
280630,2003,0,5757,5757
280630,2004,0,6504,6504
280630,2005,0,6781,6781
280630,2006,0,8993,8993
280630,2007,0,6942,6942
280630,2008,0,7636,7636
280630,2009,0,7679,7679
280630,2010,0,7865,7865
280630,2011,0,7643,7643
280630,2012,0,7614,7614
280630,2013,0,7569,7569
280630,2014,0,6833,6833
280630,2015,0,6232,6232
280630,2016,0,5357,5357
280630,2017,0,4989,4989
280630,2018,0,4328,4328
280630,2019,0,4010,4010
280630,2020,0,3682,3682
280630,2021,0,3547,3547
280650,1988,0,840,840
280650,1989,0,917,917
280650,1990,0,930,930
280650,1991,0,835,835
280650,1992,0,1000,1000
280650,1993,0,952,952
280650,1994,0,901,901
280650,1995,0,802,802
280650,1996,0,619,619
280650,1997,0,813,813
280650,1998,0,827,827
280650,1999,0,809,809
280650,2000,0,774,774
280650,2001,0,844,844
280650,2002,0,693,693
280650,2003,0,1701,1701
280650,2004,0,1060,1060
280650,2005,0,950,950
280650,2006,0,1200,1200
280650,2007,0,1035,1035
280650,2008,0,1105,1105
280650,2009,0,1108,1108
280650,2010,0,1343,1343
280650,2011,0,1460,1460
280650,2012,0,1393,1393
280650,2013,0,1253,1253
280650,2014,0,1282,1282
280650,2015,0,1308,1308
280650,2016,0,1166,1166
280650,2017,0,1105,1105
280650,2018,0,601,601
280650,2019,0,588,588
280650,2020,0,578,578
280650,2021,0,590,590
280660,1988,0,6590,6590
280660,1989,0,6610,6610
280660,1990,0,7470,7470
280660,1991,0,7848,7848
280660,1992,0,9098,9098
280660,1993,0,7985,7985
280660,1994,0,7201,7201
280660,1995,0,7517,7517
280660,1996,0,4219,4219
280660,1997,0,7045,7045
280660,1998,0,6489,6489
280660,1999,0,6743,6743
280660,2000,0,6724,6724
280660,2001,0,6584,6584
280660,2002,0,5133,5133
280660,2003,0,4815,4815
280660,2004,0,5025,5025
280660,2005,0,4700,4700
280660,2006,0,5337,5337
280660,2007,0,4905,4905
280660,2008,0,5004,5004
280660,2009,0,4875,4875
280660,2010,0,4982,4982
280660,2011,0,4941,4941
280660,2012,0,4887,4887
280660,2013,0,4925,4925
280660,2014,0,5042,5042
280660,2015,0,5119,5119
280660,2016,0,5058,5058
280660,2017,0,4432,4432
280660,2018,0,2904,2904
280660,2019,0,2517,2517
280660,2020,0,2625,2625
280660,2021,0,2511,2511
280670,1988,0,2997,2997
280670,1989,0,2995,2995
280670,1990,0,2978,2978
280670,1991,0,3843,3843
280670,1992,0,3626,3626
280670,1993,0,3647,3647
280670,1994,0,3194,3194
280670,1995,0,3463,3463
280670,1996,0,4115,4115
280670,1997,0,3530,3530
280670,1998,0,3143,3143
280670,1999,0,3279,3279
280670,2000,0,3241,3241
280670,2001,0,3032,3032
280670,2002,0,2214,2214
280670,2003,0,1920,1920
280670,2004,0,1890,1890
280670,2005,0,1690,1690
280670,2006,0,1940,1940
280670,2007,0,1842,1842
280670,2008,0,1845,1845
280670,2009,0,1675,1675
280670,2010,0,2013,2013
280670,2011,0,2123,2123
280670,2012,0,2193,2193
280670,2013,0,2060,2060
280670,2014,0,2193,2193
280670,2015,0,2283,2283
280670,2016,0,2329,2329
280670,2017,0,2224,2224
280670,2018,0,1171,1171
280670,2019,0,1139,1139
280670,2020,0,1193,1193
280670,2021,0,1235,1235
280680,1988,0,1461,1461
280680,1989,0,1373,1373
280680,1990,0,1471,1471
280680,1991,0,1466,1466
280680,1992,0,1620,1620
280680,1993,0,1836,1836
280680,1994,0,1755,1755
280680,1995,0,1821,1821
280680,1996,0,1801,1801
280680,1997,0,1822,1822
280680,1998,0,1748,1748
280680,1999,0,1626,1626
280680,2000,0,1592,1592
280680,2001,0,1632,1632
280680,2002,0,1604,1604
280680,2003,0,1629,1629
280680,2004,0,1607,1607
280680,2005,0,1579,1579
280680,2006,0,2922,2922
280680,2007,0,1833,1833
280680,2008,0,1854,1854
280680,2009,0,1716,1716
280680,2010,0,1807,1807
280680,2011,0,2067,2067
280680,2012,0,1519,1519
280680,2013,0,1354,1354
280680,2014,0,1174,1174
280680,2015,0,1154,1154
280680,2016,0,741,741
280680,2017,0,810,810
280680,2018,0,703,703
280680,2019,0,744,744
280680,2020,0,767,767
280680,2021,0,784,784
280690,1988,0,1054,1054
280690,1989,0,802,802
280690,1990,0,947,947
280690,1991,0,748,748
280690,1992,0,925,925
280690,1993,0,771,771
280690,1994,0,978,978
280690,1995,0,945,945
280690,1996,0,1385,1385
280690,1997,0,1446,1446
280690,1998,0,1428,1428
280690,1999,0,1386,1386
280690,2000,0,898,898
280690,2001,0,671,671
280690,2002,0,660,660
280690,2003,0,732,732
280690,2004,0,652,652
280690,2005,0,564,564
280690,2006,0,813,813
280690,2007,0,713,713
280690,2008,0,700,700
280690,2009,0,1011,1011
280690,2010,0,1011,1011
280690,2011,0,1012,1012
280690,2012,0,1308,1308
280690,2013,0,611,611
280690,2014,0,611,611
280690,2015,0,591,591
280690,2016,0,234,234
280690,2017,0,241,241
280690,2018,0,226,226
280690,2019,0,263,263
280690,2020,0,224,224
280690,2021,0,1040,1040
280700,1988,0,1310,1310
280700,1989,0,2020,2020
280700,1990,0,1585,1585
280700,1991,0,1515,1515
280700,1992,0,1200,1200
280700,1993,0,600,600
280700,1994,0,2210,2210
280700,1995,0,2900,2900
280700,1996,0,2786,2786
280700,1997,0,2400,2400
280700,1998,0,2160,2160
280700,1999,0,2860,2860
280700,2000,0,3128,3128
280700,2001,0,3809,3809
280700,2002,0,5480,5480
280700,2003,0,4690,4690
280700,2004,0,4470,4470
280700,2005,0,4920,4920
280700,2006,0,4815,4815
280700,2007,0,4721,4721
280700,2008,0,4940,4940
280700,2009,0,4915,4915
280700,2010,0,4713,4713
280700,2011,0,1927,1927
280700,2012,0,1407,1407
280700,2013,0,1176,1176
280700,2014,0,1340,1340
280700,2015,0,1500,1500
280700,2016,0,1465,1465
280700,2017,0,1422,1422
280700,2018,0,1247,1247
280700,2019,0,1070,1070
280700,2020,0,732,732
280700,2021,0,720,720
280710,1988,0,19680,19680
280710,1989,0,17050,17050
280710,1990,0,14943,14943
280710,1991,0,16459,16459
280710,1992,0,15107,15107
280710,1993,0,16103,16103
280710,1994,0,16787,16787
280710,1995,0,17458,17458
280710,1996,0,18100,18100
280710,1997,0,18268,18268
280710,1998,0,17536,17536
280710,1999,0,18023,18023
280710,2000,0,17862,17862
280710,2001,0,17256,17256
280710,2002,0,16834,16834
280710,2003,0,16574,16574
280710,2004,0,18638,18638
280710,2005,0,18033,18033
280710,2006,0,21358,21358
280710,2007,0,20523,20523
280710,2008,0,23735,23735
280710,2009,0,29488,29488
280710,2010,0,31533,31533
280710,2011,0,29253,29253
280710,2012,0,31950,31950
280710,2013,0,31990,31990
280710,2014,0,31482,31482
280710,2015,0,31406,31406
280710,2016,0,30839,30839
280710,2017,0,31383,31383
280710,2018,0,31229,31229
280710,2019,0,31208,31208
280710,2020,0,28220,28220
280710,2021,0,26261,26261
280720,1988,0,1876,1876
280720,1989,0,1693,1693
280720,1990,0,1652,1652
280720,1991,0,1579,1579
280720,1992,0,1176,1176
280720,1993,0,923,923
280720,1994,0,1073,1073
280720,1995,0,1019,1019
280720,1996,0,1130,1130
280720,1997,0,938,938
280720,1998,0,1080,1080
280720,1999,0,987,987
280720,2000,0,961,961
280720,2001,0,1207,1207
280720,2002,0,1039,1039
280720,2003,0,1096,1096
280720,2004,0,1098,1098
280720,2005,0,1173,1173
280720,2006,0,1792,1792
280720,2007,0,1460,1460
280720,2008,0,1591,1591
280720,2009,0,1657,1657
280720,2010,0,2058,2058
280720,2011,0,2204,2204
280720,2012,0,2452,2452
280720,2013,0,2665,2665
280720,2014,0,2071,2071
280720,2015,0,2038,2038
280720,2016,0,2174,2174
280720,2017,0,1333,1333
280720,2018,0,1433,1433
280720,2019,0,1320,1320
280720,2020,0,1210,1210
280720,2021,0,1190,1190
280730,1988,0,1008,1008
280730,1989,0,865,865
280730,1990,0,745,745
280730,1991,0,806,806
280730,1992,0,850,850
280730,1993,0,928,928
280730,1994,0,905,905
280730,1995,0,742,742
280730,1996,0,565,565
280730,1997,0,836,836
280730,1998,0,955,955
280730,1999,0,966,966
280730,2000,0,861,861
280730,2001,0,795,795
280730,2002,0,644,644
280730,2003,0,758,758
280730,2004,0,804,804
280730,2005,0,843,843
280730,2006,0,1004,1004
280730,2007,0,893,893
280730,2008,0,883,883
280730,2009,0,1021,1021
280730,2010,0,1031,1031
280730,2011,0,585,585
280730,2012,0,553,553
280730,2013,0,1231,1231
280730,2014,0,575,575
280730,2015,0,203,203
280730,2016,0,357,357
280730,2017,0,391,391
280730,2018,0,153,153
280730,2019,0,201,201
280730,2020,0,403,403
280730,2021,0,366,366
280740,1988,0,3322,3322
280740,1989,0,3733,3733
280740,1990,0,2796,2796
280740,1991,0,3592,3592
280740,1992,0,2657,2657
280740,1993,0,2347,2347
280740,1994,0,3451,3451
280740,1995,0,4109,4109
280740,1996,0,3970,3970
280740,1997,0,3714,3714
280740,1998,0,4057,4057
280740,1999,0,4607,4607
280740,2000,0,4398,4398
280740,2001,0,4343,4343
280740,2002,0,4157,4157
280740,2003,0,4299,4299
280740,2004,0,4902,4902
280740,2005,0,3945,3945
280740,2006,0,4774,4774
280740,2007,0,4553,4553
280740,2008,0,5602,5602
280740,2009,0,5527,5527
280740,2010,0,5817,5817
280740,2011,0,5357,5357
280740,2012,0,5244,5244
280740,2013,0,5225,5225
280740,2014,0,5334,5334
280740,2015,0,5217,5217
280740,2016,0,3744,3744
280740,2017,0,4355,4355
280740,2018,0,3458,3458
280740,2019,0,2524,2524
280740,2020,0,1984,1984
280740,2021,0,1778,1778
280750,1988,0,1310,1310
280750,1989,0,1517,1517
280750,1990,0,1566,1566
280750,1991,0,1679,1679
280750,1992,0,1765,1765
280750,1993,0,1856,1856
280750,1994,0,2004,2004
280750,1995,0,2143,2143
280750,1996,0,3609,3609
280750,1997,0,2106,2106
280750,1998,0,3989,3989
280750,1999,0,3998,3998
280750,2000,0,4101,4101
280750,2001,0,3948,3948
280750,2002,0,3976,3976
280750,2003,0,4172,4172
280750,2004,0,4316,4316
280750,2005,0,4419,4419
280750,2006,0,5366,5366
280750,2007,0,4353,4353
280750,2008,0,4632,4632
280750,2009,0,4785,4785
280750,2010,0,4999,4999
280750,2011,0,4956,4956
280750,2012,0,4737,4737
280750,2013,0,4756,4756
280750,2014,0,4030,4030
280750,2015,0,3591,3591
280750,2016,0,3414,3414
280750,2017,0,3413,3413
280750,2018,0,2906,2906
280750,2019,0,2849,2849
280750,2020,0,3071,3071
280750,2021,0,2774,2774
280760,1988,0,3485,3485
280760,1989,0,3594,3594
280760,1990,0,3643,3643
280760,1991,0,3658,3658
280760,1992,0,3639,3639
280760,1993,0,3691,3691
280760,1994,0,3675,3675
280760,1995,0,3845,3845
280760,1996,0,3944,3944
280760,1997,0,3740,3740
280760,1998,0,4068,4068
280760,1999,0,4113,4113
280760,2000,0,4339,4339
280760,2001,0,4255,4255
280760,2002,0,4242,4242
280760,2003,0,4310,4310
280760,2004,0,4753,4753
280760,2005,0,4855,4855
280760,2006,0,6144,6144
280760,2007,0,4967,4967
280760,2008,0,5622,5622
280760,2009,0,5423,5423
280760,2010,0,5759,5759
280760,2011,0,5741,5741
280760,2012,0,5517,5517
280760,2013,0,5463,5463
280760,2014,0,4914,4914
280760,2015,0,4976,4976
280760,2016,0,4726,4726
280760,2017,0,4157,4157
280760,2018,0,4686,4686
280760,2019,0,4667,4667
280760,2020,0,4448,4448
280760,2021,0,4511,4511
290010,1988,0,3951,3951
290010,1989,0,4066,4066
290010,1990,0,3862,3862
290010,1991,0,4081,4081
290010,1992,0,3787,3787
290010,1993,0,2602,2602
290010,1994,0,2472,2472
290010,1995,0,1885,1885
290010,1996,0,1795,1795
290010,1997,0,2001,2001
290010,1998,0,2031,2031
290010,1999,0,2063,2063
290010,2000,0,2074,2074
290010,2001,0,2124,2124
290010,2002,0,2032,2032
290010,2003,0,2142,2142
290010,2004,0,2141,2141
290010,2005,0,2119,2119
290010,2006,0,2026,2026
290010,2007,0,2077,2077
290010,2008,0,2167,2167
290010,2009,0,1493,1493
290010,2010,0,1980,1980
290010,2011,0,2005,2005
290010,2012,0,1995,1995
290010,2013,0,1965,1965
290010,2014,0,2370,2370
290010,2015,0,2230,2230
290010,2016,0,2250,2250
290010,2017,0,895,895
290010,2018,0,794,794
290010,2019,0,842,842
290010,2020,0,895,895
290010,2021,0,889,889
290020,1988,0,2839,2839
290020,1989,0,2076,2076
290020,1990,0,1551,1551
290020,1991,0,2018,2018
290020,1992,0,1887,1887
290020,1993,0,1445,1445
290020,1994,0,1375,1375
290020,1995,0,3165,3165
290020,1996,0,2900,2900
290020,1997,0,3042,3042
290020,1998,0,2665,2665
290020,1999,0,833,833
290020,2000,0,450,450
290020,2001,0,863,863
290020,2002,0,848,848
290020,2003,0,2057,2057
290020,2004,0,1146,1146
290020,2005,0,1183,1183
290020,2006,0,1376,1376
290020,2007,0,1150,1150
290020,2008,0,1343,1343
290020,2009,0,1155,1155
290020,2010,0,1156,1156
290020,2011,0,1526,1526
290020,2012,0,720,720
290020,2013,0,120,120
290020,2014,0,778,778
290020,2015,0,1128,1128
290020,2016,0,1458,1458
290020,2017,0,2058,2058
290020,2018,0,1966,1966
290020,2019,0,2071,2071
290020,2020,0,2614,2614
290020,2021,0,2947,2947
290030,1988,0,1775,1775
290030,1989,0,1267,1267
290030,1990,0,2379,2379
290030,1991,0,2460,2460
290030,1992,0,2502,2502
290030,1993,0,2343,2343
290030,1994,0,2385,2385
290030,1995,0,2380,2380
290030,1996,0,2946,2946
290030,1997,0,4893,4893
290030,1998,0,4853,4853
290030,1999,0,4711,4711
290030,2000,0,4681,4681
290030,2001,0,4648,4648
290030,2002,0,4613,4613
290030,2003,0,4708,4708
290030,2004,0,4633,4633
290030,2005,0,5039,5039
290030,2006,0,5046,5046
290030,2007,0,5149,5149
290030,2008,0,5255,5255
290030,2009,0,7029,7029
290030,2010,0,7027,7027
290030,2011,0,7657,7657
290030,2012,0,7967,7967
290030,2013,0,6922,6922
290030,2014,0,6526,6526
290030,2015,0,6322,6322
290030,2016,0,5660,5660
290030,2017,0,4570,4570
290030,2018,0,4592,4592
290030,2019,0,3678,3678
290030,2020,0,3458,3458
290030,2021,0,3365,3365
290035,1988,0,0,0
290035,1989,0,0,0
290035,1990,0,31467,31467
290035,1991,0,42736,42736
290035,1992,0,34466,34466
290035,1993,0,41036,41036
290035,1994,0,39636,39636
290035,1995,0,52252,52252
290035,1996,0,70150,70150
290035,1997,0,66692,66692
290035,1998,0,63070,63070
290035,1999,0,67030,67030
290035,2000,0,64050,64050
290035,2001,0,64050,64050
290035,2002,0,66023,66023
290035,2003,0,68050,68050
290035,2004,0,66050,66050
290035,2005,0,66255,66255
290035,2006,0,66028,66028
290035,2007,0,43355,43355
290035,2008,0,35300,35300
290035,2009,0,33110,33110
290035,2010,0,33300,33300
290035,2011,0,33100,33100
290035,2012,0,24000,24000
290035,2013,0,29490,29490
290035,2014,0,29480,29480
290035,2015,0,32000,32000
290035,2016,0,32005,32005
290035,2017,0,26000,26000
290035,2018,0,32000,32000
290035,2019,0,33000,33000
290035,2020,0,34000,34000
290035,2021,0,34500,34500
290040,1988,0,4116,4116
290040,1989,0,2790,2790
290040,1990,0,1482,1482
290040,1991,0,1531,1531
290040,1992,0,2758,2758
290040,1993,0,2465,2465
290040,1994,0,4156,4156
290040,1995,0,3728,3728
290040,1996,0,4273,4273
290040,1997,0,4829,4829
290040,1998,0,4819,4819
290040,1999,0,4184,4184
290040,2000,0,4164,4164
290040,2001,0,2710,2710
290040,2002,0,3000,3000
290040,2003,0,3540,3540
290040,2004,0,1948,1948
290040,2005,0,22913,22913
290040,2006,0,10241,10241
290040,2007,0,8875,8875
290040,2008,0,10906,10906
290040,2009,0,11117,11117
290040,2010,0,10141,10141
290040,2011,0,9734,9734
290040,2012,0,3205,3205
290040,2013,0,7520,7520
290040,2014,0,6285,6285
290040,2015,0,4655,4655
290040,2016,0,2861,2861
290040,2017,0,6315,6315
290040,2018,0,3802,3802
290040,2019,0,3852,3852
290040,2020,0,3802,3802
290040,2021,0,3799,3799
290050,1988,0,1606,1606
290050,1989,0,2093,2093
290050,1990,0,1493,1493
290050,1991,0,1633,1633
290050,1992,0,1530,1530
290050,1993,0,1084,1084
290050,1994,0,865,865
290050,1995,0,1131,1131
290050,1996,0,4861,4861
290050,1997,0,4104,4104
290050,1998,0,3935,3935
290050,1999,0,3923,3923
290050,2000,0,810,810
290050,2001,0,1960,1960
290050,2002,0,1942,1942
290050,2003,0,1813,1813
290050,2004,0,1026,1026
290050,2005,0,1456,1456
290050,2006,0,1491,1491
290050,2007,0,1689,1689
290050,2008,0,1257,1257
290050,2009,0,1621,1621
290050,2010,0,1773,1773
290050,2011,0,1558,1558
290050,2012,0,1488,1488
290050,2013,0,1228,1228
290050,2014,0,1558,1558
290050,2015,0,1495,1495
290050,2016,0,1490,1490
290050,2017,0,1767,1767
290050,2018,0,1540,1540
290050,2019,0,1300,1300
290050,2020,0,1440,1440
290050,2021,0,1481,1481
290060,1988,0,7108,7108
290060,1989,0,7399,7399
290060,1990,0,7203,7203
290060,1991,0,6422,6422
290060,1992,0,8745,8745
290060,1993,0,8745,8745
290060,1994,0,8708,8708
290060,1995,0,8131,8131
290060,1996,0,8084,8084
290060,1997,0,8024,8024
290060,1998,0,5380,5380
290060,1999,0,5528,5528
290060,2000,0,5128,5128
290060,2001,0,4659,4659
290060,2002,0,4784,4784
290060,2003,0,5660,5660
290060,2004,0,6561,6561
290060,2005,0,5731,5731
290060,2006,0,6322,6322
290060,2007,0,4629,4629
290060,2008,0,4635,4635
290060,2009,0,6027,6027
290060,2010,0,5768,5768
290060,2011,0,5569,5569
290060,2012,0,7058,7058
290060,2013,0,5670,5670
290060,2014,0,6014,6014
290060,2015,0,5544,5544
290060,2016,0,5487,5487
290060,2017,0,2910,2910
290060,2018,0,2434,2434
290060,2019,0,2580,2580
290060,2020,0,2213,2213
290060,2021,0,2296,2296
290070,1988,0,2989,2989
290070,1989,0,3265,3265
290070,1990,0,3297,3297
290070,1991,0,3178,3178
290070,1992,0,3219,3219
290070,1993,0,3103,3103
290070,1994,0,3278,3278
290070,1995,0,3257,3257
290070,1996,0,3889,3889
290070,1997,0,3901,3901
290070,1998,0,3561,3561
290070,1999,0,3911,3911
290070,2000,0,3489,3489
290070,2001,0,3303,3303
290070,2002,0,3098,3098
290070,2003,0,3107,3107
290070,2004,0,3267,3267
290070,2005,0,3198,3198
290070,2006,0,2376,2376
290070,2007,0,3876,3876
290070,2008,0,3838,3838
290070,2009,0,3581,3581
290070,2010,0,3556,3556
290070,2011,0,3754,3754
290070,2012,0,3756,3756
290070,2013,0,3736,3736
290070,2014,0,2936,2936
290070,2015,0,2999,2999
290070,2016,0,3013,3013
290070,2017,0,2585,2585
290070,2018,0,1871,1871
290070,2019,0,1926,1926
290070,2020,0,1986,1986
290070,2021,0,1937,1937
290080,1988,0,2899,2899
290080,1989,0,3281,3281
290080,1990,0,2286,2286
290080,1991,0,2556,2556
290080,1992,0,2600,2600
290080,1993,0,4741,4741
290080,1994,0,4111,4111
290080,1995,0,5343,5343
290080,1996,0,4984,4984
290080,1997,0,5594,5594
290080,1998,0,7299,7299
290080,1999,0,7867,7867
290080,2000,0,8578,8578
290080,2001,0,7749,7749
290080,2002,0,8171,8171
290080,2003,0,8471,8471
290080,2004,0,7898,7898
290080,2005,0,8448,8448
290080,2006,0,8039,8039
290080,2007,0,7494,7494
290080,2008,0,7434,7434
290080,2009,0,4623,4623
290080,2010,0,4534,4534
290080,2011,0,4773,4773
290080,2012,0,4491,4491
290080,2013,0,4218,4218
290080,2014,0,4528,4528
290080,2015,0,4463,4463
290080,2016,0,4431,4431
290080,2017,0,3419,3419
290080,2018,0,3070,3070
290080,2019,0,3054,3054
290080,2020,0,3783,3783
290080,2021,0,3669,3669
290090,1988,0,2447,2447
290090,1989,0,2071,2071
290090,1990,0,1963,1963
290090,1991,0,1921,1921
290090,1992,0,5125,5125
290090,1993,0,5054,5054
290090,1994,0,4947,4947
290090,1995,0,5800,5800
290090,1996,0,5000,5000
290090,1997,0,5800,5800
290090,1998,0,5360,5360
290090,1999,0,5368,5368
290090,2000,0,5749,5749
290090,2001,0,5317,5317
290090,2002,0,5648,5648
290090,2003,0,5598,5598
290090,2004,0,3653,3653
290090,2005,0,3661,3661
290090,2006,0,6279,6279
290090,2007,0,4819,4819
290090,2008,0,5001,5001
290090,2009,0,4293,4293
290090,2010,0,3765,3765
290090,2011,0,3788,3788
290090,2012,0,3713,3713
290090,2013,0,4603,4603
290090,2014,0,9483,9483
290090,2015,0,13056,13056
290090,2016,0,5573,5573
290090,2017,0,3357,3357
290090,2018,0,2791,2791
290090,2019,0,2807,2807
290090,2020,0,2602,2602
290090,2021,0,2627,2627
290100,1988,0,5272,5272
290100,1989,0,3820,3820
290100,1990,0,4128,4128
290100,1991,0,3527,3527
290100,1992,0,4114,4114
290100,1993,0,3460,3460
290100,1994,0,3701,3701
290100,1995,0,3452,3452
290100,1996,0,2574,2574
290100,1997,0,2724,2724
290100,1998,0,2270,2270
290100,1999,0,3037,3037
290100,2000,0,3154,3154
290100,2001,0,3497,3497
290100,2002,0,5241,5241
290100,2003,0,5261,5261
290100,2004,0,5277,5277
290100,2005,0,5696,5696
290100,2006,0,6349,6349
290100,2007,0,6095,6095
290100,2008,0,6031,6031
290100,2009,0,4739,4739
290100,2010,0,4564,4564
290100,2011,0,4404,4404
290100,2012,0,3476,3476
290100,2013,0,1938,1938
290100,2014,0,2955,2955
290100,2015,0,2511,2511
290100,2016,0,2509,2509
290100,2017,0,3046,3046
290100,2018,0,2986,2986
290100,2019,0,3010,3010
290100,2020,0,3074,3074
290100,2021,0,3430,3430
290110,1988,0,5923,5923
290110,1989,0,6046,6046
290110,1990,0,5681,5681
290110,1991,0,5857,5857
290110,1992,0,5833,5833
290110,1993,0,5850,5850
290110,1994,0,7693,7693
290110,1995,0,10312,10312
290110,1996,0,10629,10629
290110,1997,0,10312,10312
290110,1998,0,10422,10422
290110,1999,0,10101,10101
290110,2000,0,2541,2541
290110,2001,0,1507,1507
290110,2002,0,5279,5279
290110,2003,0,4719,4719
290110,2004,0,4663,4663
290110,2005,0,4404,4404
290110,2006,0,4362,4362
290110,2007,0,4166,4166
290110,2008,0,4879,4879
290110,2009,0,3185,3185
290110,2010,0,3197,3197
290110,2011,0,4946,4946
290110,2012,0,4735,4735
290110,2013,0,4735,4735
290110,2014,0,4735,4735
290110,2015,0,69,69
290110,2016,0,86,86
290110,2017,0,768,768
290110,2018,0,229,229
290110,2019,0,257,257
290110,2020,0,210,210
290110,2021,0,209,209
290115,1988,0,40169,40169
290115,1989,0,23741,23741
290115,1990,0,38356,38356
290115,1991,0,35409,35409
290115,1992,0,20265,20265
290115,1993,0,63212,63212
290115,1994,0,78026,78026
290115,1995,0,12164,12164
290115,1996,0,65498,65498
290115,1997,0,34429,34429
290115,1998,0,16703,16703
290115,1999,0,38973,38973
290115,2000,0,34064,34064
290115,2001,0,29399,29399
290115,2002,0,34901,34901
290115,2003,0,30034,30034
290115,2004,0,43117,43117
290115,2005,0,42757,42757
290115,2006,0,7310,7310
290115,2007,0,19255,19255
290115,2008,0,10880,10880
290115,2009,0,13350,13350
290115,2010,0,13068,13068
290115,2011,0,14825,14825
290115,2012,0,7960,7960
290115,2013,0,4255,4255
290115,2014,0,11510,11510
290115,2015,0,6835,6835
290115,2016,0,8015,8015
290115,2017,0,6982,6982
290115,2018,0,3791,3791
290115,2019,0,5367,5367
290115,2020,0,5782,5782
290115,2021,0,5879,5879
290120,1988,0,8263,8263
290120,1989,0,10793,10793
290120,1990,0,13993,13993
290120,1991,0,10578,10578
290120,1992,0,8303,8303
290120,1993,0,3203,3203
290120,1994,0,3613,3613
290120,1995,0,1813,1813
290120,1996,0,1904,1904
290120,1997,0,2559,2559
290120,1998,0,2264,2264
290120,1999,0,2325,2325
290120,2000,0,2485,2485
290120,2001,0,5001,5001
290120,2002,0,6635,6635
290120,2003,0,6730,6730
290120,2004,0,2801,2801
290120,2005,0,3580,3580
290120,2006,0,3190,3190
290120,2007,0,2070,2070
290120,2008,0,2832,2832
290120,2009,0,2026,2026
290120,2010,0,2456,2456
290120,2011,0,2150,2150
290120,2012,0,2940,2940
290120,2013,0,2780,2780
290120,2014,0,1956,1956
290120,2015,0,2026,2026
290120,2016,0,2071,2071
290120,2017,0,1960,1960
290120,2018,0,1712,1712
290120,2019,0,1725,1725
290120,2020,0,1352,1352
290120,2021,0,1549,1549
290130,1988,0,9706,9706
290130,1989,0,7860,7860
290130,1990,0,3479,3479
290130,1991,0,2943,2943
290130,1992,0,8837,8837
290130,1993,0,6349,6349
290130,1994,0,5642,5642
290130,1995,0,2093,2093
290130,1996,0,1854,1854
290130,1997,0,2471,2471
290130,1998,0,2522,2522
290130,1999,0,3768,3768
290130,2000,0,2955,2955
290130,2001,0,3015,3015
290130,2002,0,3670,3670
290130,2003,0,3370,3370
290130,2004,0,5206,5206
290130,2005,0,3635,3635
290130,2006,0,5780,5780
290130,2007,0,6396,6396
290130,2008,0,4880,4880
290130,2009,0,2520,2520
290130,2010,0,2396,2396
290130,2011,0,3195,3195
290130,2012,0,1520,1520
290130,2013,0,2165,2165
290130,2014,0,2000,2000
290130,2015,0,2053,2053
290130,2016,0,2153,2153
290130,2017,0,2178,2178
290130,2018,0,2225,2225
290130,2019,0,871,871
290130,2020,0,957,957
290130,2021,0,862,862
290135,1988,0,0,0
290135,1989,0,0,0
290135,1990,0,1682,1682
290135,1991,0,3390,3390
290135,1992,0,2248,2248
290135,1993,0,1309,1309
290135,1994,0,2153,2153
290135,1995,0,1419,1419
290135,1996,0,934,934
290135,1997,0,1728,1728
290135,1998,0,342,342
290135,1999,0,1134,1134
290135,2000,0,2416,2416
290135,2001,0,1105,1105
290135,2002,0,1275,1275
290135,2003,0,1913,1913
290135,2004,0,2126,2126
290135,2005,0,1650,1650
290135,2006,0,2246,2246
290135,2007,0,3140,3140
290135,2008,0,1451,1451
290135,2009,0,1493,1493
290135,2010,0,1571,1571
290135,2011,0,1016,1016
290135,2012,0,135,135
290135,2013,0,2984,2984
290135,2014,0,4356,4356
290135,2015,0,3155,3155
290135,2016,0,1410,1410
290135,2017,0,836,836
290135,2018,0,2239,2239
290135,2019,0,1808,1808
290135,2020,0,2187,2187
290135,2021,0,3354,3354
290140,1988,4830,10310,5480
290140,1989,10,5733,5723
290140,1990,0,5884,5884
290140,1991,0,6617,6617
290140,1992,3500,9869,6369
290140,1993,3800,8719,4919
290140,1994,0,3207,3207
290140,1995,0,3158,3158
290140,1996,0,3055,3055
290140,1997,0,2989,2989
290140,1998,0,2903,2903
290140,1999,0,3176,3176
290140,2000,0,10028,10028
290140,2001,0,9822,9822
290140,2002,0,19942,19942
290140,2003,0,9940,9940
290140,2004,0,9191,9191
290140,2005,0,8766,8766
290140,2006,0,6745,6745
290140,2007,0,6686,6686
290140,2008,0,6405,6405
290140,2009,0,5753,5753
290140,2010,0,5866,5866
290140,2011,0,5667,5667
290140,2012,0,6436,6436
290140,2013,0,9176,9176
290140,2014,0,11394,11394
290140,2015,0,10586,10586
290140,2016,0,9384,9384
290140,2017,0,4864,4864
290140,2018,0,4018,4018
290140,2019,0,3659,3659
290140,2020,0,2924,2924
290140,2021,0,3623,3623
290150,1988,0,1853,1853
290150,1989,0,1042,1042
290150,1990,0,416,416
290150,1991,0,1159,1159
290150,1992,0,588,588
290150,1993,0,347,347
290150,1994,0,481,481
290150,1995,0,490,490
290150,1996,0,545,545
290150,1997,0,734,734
290150,1998,0,3074,3074
290150,1999,0,2844,2844
290150,2000,0,1573,1573
290150,2001,0,285,285
290150,2002,0,1455,1455
290150,2003,0,1450,1450
290150,2004,0,2100,2100
290150,2005,0,2100,2100
290150,2006,0,2200,2200
290150,2007,0,1770,1770
290150,2008,0,1150,1150
290150,2009,0,860,860
290150,2010,0,1050,1050
290150,2011,0,1030,1030
290150,2012,0,1250,1250
290150,2013,0,1412,1412
290150,2014,0,1740,1740
290150,2015,0,1550,1550
290150,2016,0,500,500
290150,2017,0,900,900
290150,2018,0,1200,1200
290150,2019,0,1200,1200
290150,2020,0,1200,1200
290150,2021,0,1224,1224
290160,1988,0,26585,26585
290160,1989,0,24525,24525
290160,1990,0,14250,14250
290160,1991,0,18510,18510
290160,1992,0,13360,13360
290160,1993,0,9085,9085
290160,1994,0,6488,6488
290160,1995,0,8188,8188
290160,1996,0,8195,8195
290160,1997,0,7081,7081
290160,1998,0,7435,7435
290160,1999,0,8950,8950
290160,2000,0,9590,9590
290160,2001,0,8600,8600
290160,2002,0,7300,7300
290160,2003,0,8300,8300
290160,2004,0,9140,9140
290160,2005,0,10130,10130
290160,2006,0,9668,9668
290160,2007,0,9260,9260
290160,2008,0,9305,9305
290160,2009,0,9350,9350
290160,2010,0,9320,9320
290160,2011,0,8290,8290
290160,2012,0,4975,4975
290160,2013,0,7920,7920
290160,2014,0,7950,7950
290160,2015,0,6810,6810
290160,2016,0,6790,6790
290160,2017,0,4175,4175
290160,2018,0,3910,3910
290160,2019,0,4350,4350
290160,2020,0,5120,5120
290160,2021,0,5143,5143
290170,1988,0,3462,3462
290170,1989,0,2014,2014
290170,1990,0,2228,2228
290170,1991,0,1920,1920
290170,1992,0,2420,2420
290170,1993,0,400,400
290170,1994,0,2245,2245
290170,1995,0,4832,4832
290170,1996,0,5502,5502
290170,1997,0,4397,4397
290170,1998,0,3017,3017
290170,1999,0,3513,3513
290170,2000,0,3513,3513
290170,2001,0,3556,3556
290170,2002,0,3825,3825
290170,2003,0,4180,4180
290170,2004,0,1229,1229
290170,2005,0,1988,1988
290170,2006,0,2164,2164
290170,2007,0,2800,2800
290170,2008,0,3938,3938
290170,2009,0,4044,4044
290170,2010,0,4415,4415
290170,2011,0,2889,2889
290170,2012,0,2485,2485
290170,2013,0,2598,2598
290170,2014,0,2737,2737
290170,2015,0,2690,2690
290170,2016,0,1744,1744
290170,2017,0,2832,2832
290170,2018,0,2070,2070
290170,2019,0,2255,2255
290170,2020,0,2058,2058
290170,2021,0,2094,2094
290180,1988,0,3577,3577
290180,1989,0,4898,4898
290180,1990,0,2314,2314
290180,1991,0,3814,3814
290180,1992,0,2642,2642
290180,1993,0,1670,1670
290180,1994,0,2216,2216
290180,1995,0,4142,4142
290180,1996,0,4780,4780
290180,1997,0,4699,4699
290180,1998,0,1376,1376
290180,1999,0,2893,2893
290180,2000,0,5114,5114
290180,2001,0,2055,2055
290180,2002,0,2614,2614
290180,2003,0,4070,4070
290180,2004,0,4829,4829
290180,2005,0,3340,3340
290180,2006,0,4260,4260
290180,2007,0,4942,4942
290180,2008,0,2602,2602
290180,2009,0,2819,2819
290180,2010,0,2752,2752
290180,2011,0,2964,2964
290180,2012,0,430,430
290180,2013,0,2421,2421
290180,2014,0,4501,4501
290180,2015,0,3925,3925
290180,2016,0,1555,1555
290180,2017,0,712,712
290180,2018,0,960,960
290180,2019,0,967,967
290180,2020,0,960,960
290180,2021,0,1086,1086
290190,1988,0,950,950
290190,1989,0,878,878
290190,1990,0,1355,1355
290190,1991,0,1281,1281
290190,1992,0,1375,1375
290190,1993,0,1099,1099
290190,1994,0,1074,1074
290190,1995,0,1044,1044
290190,1996,0,1046,1046
290190,1997,0,1099,1099
290190,1998,0,2334,2334
290190,1999,0,1768,1768
290190,2000,0,1319,1319
290190,2001,0,1272,1272
290190,2002,0,1348,1348
290190,2003,0,1688,1688
290190,2004,0,1888,1888
290190,2005,0,1688,1688
290190,2006,0,1688,1688
290190,2007,0,2428,2428
290190,2008,0,2008,2008
290190,2009,0,2378,2378
290190,2010,0,2368,2368
290190,2011,0,2592,2592
290190,2012,0,2662,2662
290190,2013,0,1730,1730
290190,2014,0,1766,1766
290190,2015,0,2336,2336
290190,2016,0,2357,2357
290190,2017,0,2928,2928
290190,2018,0,3089,3089
290190,2019,0,3033,3033
290190,2020,0,3296,3296
290190,2021,0,3093,3093
290195,1988,0,0,0
290195,1989,0,0,0
290195,1990,0,9811,9811
290195,1991,0,9952,9952
290195,1992,0,9389,9389
290195,1993,0,8526,8526
290195,1994,0,5997,5997
290195,1995,0,3600,3600
290195,1996,0,2720,2720
290195,1997,0,3699,3699
290195,1998,0,3603,3603
290195,1999,0,3696,3696
290195,2000,0,4099,4099
290195,2001,0,4278,4278
290195,2002,0,4066,4066
290195,2003,0,4254,4254
290195,2004,0,4191,4191
290195,2005,0,4215,4215
290195,2006,0,6395,6395
290195,2007,0,4852,4852
290195,2008,0,4837,4837
290195,2009,0,3625,3625
290195,2010,0,3580,3580
290195,2011,0,3705,3705
290195,2012,0,3955,3955
290195,2013,0,3664,3664
290195,2014,0,3621,3621
290195,2015,0,3591,3591
290195,2016,0,3754,3754
290195,2017,0,2686,2686
290195,2018,0,2599,2599
290195,2019,0,2623,2623
290195,2020,0,2445,2445
290195,2021,0,2611,2611
290200,1988,0,8425,8425
290200,1989,0,8787,8787
290200,1990,0,5285,5285
290200,1991,0,4612,4612
290200,1992,0,4181,4181
290200,1993,0,3257,3257
290200,1994,0,3243,3243
290200,1995,0,3340,3340
290200,1996,0,2932,2932
290200,1997,0,2881,2881
290200,1998,0,2993,2993
290200,1999,0,1016,1016
290200,2000,0,1905,1905
290200,2001,0,1274,1274
290200,2002,0,926,926
290200,2003,0,975,975
290200,2004,0,1740,1740
290200,2005,0,2200,2200
290200,2006,0,1740,1740
290200,2007,0,1900,1900
290200,2008,0,1900,1900
290200,2009,0,2470,2470
290200,2010,0,2800,2800
290200,2011,0,2880,2880
290200,2012,0,3080,3080
290200,2013,0,3100,3100
290200,2014,0,3900,3900
290200,2015,0,4000,4000
290200,2016,0,300,300
290200,2017,0,2744,2744
290200,2018,0,2824,2824
290200,2019,0,2833,2833
290200,2020,0,2444,2444
290200,2021,0,2880,2880
290205,1988,0,0,0
290205,1989,0,0,0
290205,1990,0,280,280
290205,1991,0,280,280
290205,1992,0,383,383
290205,1993,0,388,388
290205,1994,0,540,540
290205,1995,0,572,572
290205,1996,0,671,671
290205,1997,0,683,683
290205,1998,0,697,697
290205,1999,0,806,806
290205,2000,0,648,648
290205,2001,0,685,685
290205,2002,0,684,684
290205,2003,0,684,684
290205,2004,0,684,684
290205,2005,0,685,685
290205,2006,0,614,614
290205,2007,0,611,611
290205,2008,0,565,565
290205,2009,0,859,859
290205,2010,0,902,902
290205,2011,0,694,694
290205,2012,0,764,764
290205,2013,0,894,894
290205,2014,0,894,894
290205,2015,0,793,793
290205,2016,0,745,745
290205,2017,0,807,807
290205,2018,0,707,707
290205,2019,0,679,679
290205,2020,0,710,710
290205,2021,0,667,667
290210,1988,0,25196,25196
290210,1989,0,28338,28338
290210,1990,0,8649,8649
290210,1991,0,18700,18700
290210,1992,0,8998,8998
290210,1993,0,6390,6390
290210,1994,0,13989,13989
290210,1995,0,11631,11631
290210,1996,0,11297,11297
290210,1997,0,12652,12652
290210,1998,0,6746,6746
290210,1999,0,5047,5047
290210,2000,0,12273,12273
290210,2001,0,10620,10620
290210,2002,0,8610,8610
290210,2003,0,16922,16922
290210,2004,0,35862,35862
290210,2005,0,28681,28681
290210,2006,0,30593,30593
290210,2007,0,32615,32615
290210,2008,0,31535,31535
290210,2009,0,30365,30365
290210,2010,0,28225,28225
290210,2011,0,26145,26145
290210,2012,0,16010,16010
290210,2013,0,18453,18453
290210,2014,0,20641,20641
290210,2015,0,18094,18094
290210,2016,0,19646,19646
290210,2017,0,12001,12001
290210,2018,0,14580,14580
290210,2019,0,13586,13586
290210,2020,0,14180,14180
290210,2021,0,12868,12868
290220,1988,0,586,586
290220,1989,0,482,482
290220,1990,0,517,517
290220,1991,0,517,517
290220,1992,0,529,529
290220,1993,0,504,504
290220,1994,0,889,889
290220,1995,0,962,962
290220,1996,0,953,953
290220,1997,0,1015,1015
290220,1998,0,1014,1014
290220,1999,0,1068,1068
290220,2000,0,1214,1214
290220,2001,0,964,964
290220,2002,0,964,964
290220,2003,0,964,964
290220,2004,0,964,964
290220,2005,0,965,965
290220,2006,0,722,722
290220,2007,0,1014,1014
290220,2008,0,1019,1019
290220,2009,0,884,884
290220,2010,0,944,944
290220,2011,0,820,820
290220,2012,0,455,455
290220,2013,0,382,382
290220,2014,0,397,397
290220,2015,0,620,620
290220,2016,0,730,730
290220,2017,0,452,452
290220,2018,0,727,727
290220,2019,0,676,676
290220,2020,0,599,599
290220,2021,0,613,613
290225,1988,0,5917,5917
290225,1989,0,5967,5967
290225,1990,0,5940,5940
290225,1991,0,5501,5501
290225,1992,0,21446,21446
290225,1993,0,21457,21457
290225,1994,0,21576,21576
290225,1995,0,24121,24121
290225,1996,0,22052,22052
290225,1997,0,24280,24280
290225,1998,0,17934,17934
290225,1999,0,18604,18604
290225,2000,0,18258,18258
290225,2001,0,15991,15991
290225,2002,0,15717,15717
290225,2003,0,13354,13354
290225,2004,0,13112,13112
290225,2005,0,21927,21927
290225,2006,0,21302,21302
290225,2007,0,22283,22283
290225,2008,0,22491,22491
290225,2009,0,22213,22213
290225,2010,0,21740,21740
290225,2011,0,21771,21771
290225,2012,0,21758,21758
290225,2013,0,22008,22008
290225,2014,0,21692,21692
290225,2015,0,22172,22172
290225,2016,0,22529,22529
290225,2017,0,10897,10897
290225,2018,0,10516,10516
290225,2019,0,10344,10344
290225,2020,0,10574,10574
290225,2021,0,10956,10956
290230,1988,0,2682,2682
290230,1989,0,2713,2713
290230,1990,0,2720,2720
290230,1991,0,2697,2697
290230,1992,0,2730,2730
290230,1993,0,1806,1806
290230,1994,0,1919,1919
290230,1995,0,1812,1812
290230,1996,0,1827,1827
290230,1997,0,1903,1903
290230,1998,0,1879,1879
290230,1999,0,1839,1839
290230,2000,0,1834,1834
290230,2001,0,1801,1801
290230,2002,0,685,685
290230,2003,0,650,650
290230,2004,0,675,675
290230,2005,0,691,691
290230,2006,0,893,893
290230,2007,0,940,940
290230,2008,0,1011,1011
290230,2009,0,808,808
290230,2010,0,780,780
290230,2011,0,768,768
290230,2012,0,785,785
290230,2013,0,755,755
290230,2014,0,1291,1291
290230,2015,0,1321,1321
290230,2016,0,1411,1411
290230,2017,0,943,943
290230,2018,0,1042,1042
290230,2019,0,1042,1042
290230,2020,0,1079,1079
290230,2021,0,1101,1101
290240,1988,0,5145,5145
290240,1989,0,5148,5148
290240,1990,0,10062,10062
290240,1991,0,10066,10066
290240,1992,0,10170,10170
290240,1993,0,10088,10088
290240,1994,0,10088,10088
290240,1995,0,12820,12820
290240,1996,0,12250,12250
290240,1997,0,13069,13069
290240,1998,0,12596,12596
290240,1999,0,10587,10587
290240,2000,0,10020,10020
290240,2001,0,9057,9057
290240,2002,0,11365,11365
290240,2003,0,8981,8981
290240,2004,0,11365,11365
290240,2005,0,8651,8651
290240,2006,0,10022,10022
290240,2007,0,9711,9711
290240,2008,0,9221,9221
290240,2009,0,9302,9302
290240,2010,0,8512,8512
290240,2011,0,8820,8820
290240,2012,0,8840,8840
290240,2013,0,8653,8653
290240,2014,0,9332,9332
290240,2015,0,8959,8959
290240,2016,0,9869,9869
290240,2017,0,6501,6501
290240,2018,0,5921,5921
290240,2019,0,5580,5580
290240,2020,0,5414,5414
290240,2021,0,5782,5782
290250,1988,3220,6827,3607
290250,1989,17,3840,3823
290250,1990,2752,7087,4335
290250,1991,2239,7919,5680
290250,1992,2735,9344,6609
290250,1993,8500,13185,4685
290250,1994,10062,13182,3120
290250,1995,10180,14312,4132
290250,1996,8200,11585,3385
290250,1997,6040,9548,3508
290250,1998,11350,14941,3591
290250,1999,10615,15735,5120
290250,2000,11700,17799,6099
290250,2001,13000,18690,5690
290250,2002,15078,19965,4887
290250,2003,15000,23474,8474
290250,2004,10030,18034,8004
290250,2005,10156,16129,5973
290250,2006,10200,14181,3981
290250,2007,10100,14313,4213
290250,2008,7000,12447,5447
290250,2009,6500,12102,5602
290250,2010,7000,12376,5376
290250,2011,7000,11637,4637
290250,2012,14913,20413,5500
290250,2013,16663,21580,4917
290250,2014,17746,24455,6709
290250,2015,7200,12355,5155
290250,2016,8500,14093,5593
290250,2017,13530,19941,6411
290250,2018,14120,20395,6275
290250,2019,13820,22651,8831
290250,2020,13950,23572,9622
290250,2021,14600,21369,6769
290260,1988,0,7832,7832
290260,1989,0,4011,4011
290260,1990,0,1732,1732
290260,1991,0,3947,3947
290260,1992,0,3043,3043
290260,1993,0,2474,2474
290260,1994,0,2480,2480
290260,1995,0,2291,2291
290260,1996,0,2946,2946
290260,1997,0,3900,3900
290260,1998,0,1391,1391
290260,1999,0,5824,5824
290260,2000,0,5480,5480
290260,2001,0,3410,3410
290260,2002,0,3400,3400
290260,2003,0,4990,4990
290260,2004,0,3720,3720
290260,2005,0,4220,4220
290260,2006,0,3070,3070
290260,2007,0,2860,2860
290260,2008,0,3580,3580
290260,2009,0,2730,2730
290260,2010,0,3045,3045
290260,2011,0,2985,2985
290260,2012,0,340,340
290260,2013,0,1500,1500
290260,2014,0,1960,1960
290260,2015,0,2940,2940
290260,2016,0,1540,1540
290260,2017,0,2080,2080
290260,2018,0,2630,2630
290260,2019,0,2630,2630
290260,2020,0,3399,3399
290260,2021,0,3577,3577
290265,1988,0,0,0
290265,1989,0,0,0
290265,1990,0,17074,17074
290265,1991,0,21698,21698
290265,1992,0,12443,12443
290265,1993,0,6430,6430
290265,1994,0,13945,13945
290265,1995,0,10140,10140
290265,1996,0,10590,10590
290265,1997,0,8939,8939
290265,1998,0,5672,5672
290265,1999,0,5835,5835
290265,2000,0,4950,4950
290265,2001,0,5350,5350
290265,2002,0,5950,5950
290265,2003,0,6000,6000
290265,2004,0,5840,5840
290265,2005,0,5926,5926
290265,2006,0,6024,6024
290265,2007,0,6088,6088
290265,2008,0,4780,4780
290265,2009,0,6940,6940
290265,2010,0,4950,4950
290265,2011,0,4933,4933
290265,2012,0,3968,3968
290265,2013,0,4231,4231
290265,2014,0,4280,4280
290265,2015,0,4135,4135
290265,2016,0,3587,3587
290265,2017,0,4490,4490
290265,2018,0,4320,4320
290265,2019,0,5017,5017
290265,2020,0,3940,3940
290265,2021,0,4050,4050
290270,1988,0,13099,13099
290270,1989,0,11522,11522
290270,1990,0,7103,7103
290270,1991,0,7587,7587
290270,1992,0,6904,6904
290270,1993,0,6287,6287
290270,1994,0,3803,3803
290270,1995,0,1703,1703
290270,1996,0,1417,1417
290270,1997,0,2923,2923
290270,1998,0,1607,1607
290270,1999,0,1921,1921
290270,2000,0,1880,1880
290270,2001,0,1379,1379
290270,2002,0,1448,1448
290270,2003,0,1215,1215
290270,2004,0,1245,1245
290270,2005,0,1311,1311
290270,2006,0,3248,3248
290270,2007,0,3225,3225
290270,2008,0,3292,3292
290270,2009,0,6279,6279
290270,2010,0,7648,7648
290270,2011,0,7037,7037
290270,2012,0,4008,4008
290270,2013,0,3200,3200
290270,2014,0,6814,6814
290270,2015,0,4857,4857
290270,2016,0,5534,5534
290270,2017,0,5438,5438
290270,2018,0,2152,2152
290270,2019,0,1998,1998
290270,2020,0,1959,1959
290270,2021,0,2152,2152
290280,1988,0,11321,11321
290280,1989,0,15567,15567
290280,1990,0,13370,13370
290280,1991,0,12310,12310
290280,1992,0,9410,9410
290280,1993,0,10530,10530
290280,1994,0,10665,10665
290280,1995,0,12195,12195
290280,1996,0,11635,11635
290280,1997,0,11535,11535
290280,1998,0,11469,11469
290280,1999,0,10462,10462
290280,2000,0,10557,10557
290280,2001,0,11805,11805
290280,2002,0,11070,11070
290280,2003,0,10990,10990
290280,2004,0,11965,11965
290280,2005,0,11865,11865
290280,2006,0,11990,11990
290280,2007,0,12187,12187
290280,2008,0,12800,12800
290280,2009,0,12415,12415
290280,2010,0,11775,11775
290280,2011,0,11080,11080
290280,2012,0,11345,11345
290280,2013,0,14075,14075
290280,2014,0,13600,13600
290280,2015,0,13430,13430
290280,2016,0,13400,13400
290280,2017,0,10150,10150
290280,2018,0,10320,10320
290280,2019,0,10348,10348
290280,2020,0,10542,10542
290280,2021,0,12020,12020
290290,1988,0,20643,20643
290290,1989,0,22755,22755
290290,1990,0,21620,21620
290290,1991,0,23140,23140
290290,1992,0,16898,16898
290290,1993,0,14916,14916
290290,1994,0,15186,15186
290290,1995,0,15046,15046
290290,1996,0,14533,14533
290290,1997,0,15596,15596
290290,1998,0,15833,15833
290290,1999,0,16238,16238
290290,2000,0,22823,22823
290290,2001,0,23304,23304
290290,2002,0,30350,30350
290290,2003,0,29740,29740
290290,2004,0,26240,26240
290290,2005,0,26060,26060
290290,2006,0,37590,37590
290290,2007,0,33030,33030
290290,2008,0,32410,32410
290290,2009,0,29135,29135
290290,2010,0,30775,30775
290290,2011,0,31271,31271
290290,2012,0,25520,25520
290290,2013,0,36610,36610
290290,2014,0,30740,30740
290290,2015,0,31130,31130
290290,2016,0,28685,28685
290290,2017,0,22893,22893
290290,2018,0,18965,18965
290290,2019,0,18144,18144
290290,2020,0,20057,20057
290290,2021,0,19864,19864
290300,1988,0,9118,9118
290300,1989,0,4317,4317
290300,1990,0,2981,2981
290300,1991,0,6351,6351
290300,1992,0,6857,6857
290300,1993,0,7301,7301
290300,1994,0,6402,6402
290300,1995,0,3564,3564
290300,1996,0,20220,20220
290300,1997,0,13880,13880
290300,1998,0,9620,9620
290300,1999,0,7745,7745
290300,2000,0,9680,9680
290300,2001,0,8537,8537
290300,2002,0,9559,9559
290300,2003,0,10693,10693
290300,2004,0,10382,10382
290300,2005,0,8592,8592
290300,2006,0,5037,5037
290300,2007,0,5331,5331
290300,2008,0,5621,5621
290300,2009,0,5541,5541
290300,2010,0,5136,5136
290300,2011,0,4806,4806
290300,2012,0,2600,2600
290300,2013,0,3363,3363
290300,2014,0,3552,3552
290300,2015,0,2717,2717
290300,2016,0,2987,2987
290300,2017,0,2029,2029
290300,2018,0,1983,1983
290300,2019,0,2041,2041
290300,2020,0,1300,1300
290300,2021,0,1313,1313
290310,1988,0,8803,8803
290310,1989,0,9005,9005
290310,1990,0,9130,9130
290310,1991,0,9144,9144
290310,1992,0,9284,9284
290310,1993,0,9238,9238
290310,1994,0,9267,9267
290310,1995,0,8145,8145
290310,1996,0,8153,8153
290310,1997,0,7711,7711
290310,1998,0,8062,8062
290310,1999,0,7409,7409
290310,2000,0,6996,6996
290310,2001,0,7321,7321
290310,2002,0,8236,8236
290310,2003,0,8291,8291
290310,2004,0,9348,9348
290310,2005,0,10066,10066
290310,2006,0,10363,10363
290310,2007,0,8907,8907
290310,2008,0,8810,8810
290310,2009,0,8080,8080
290310,2010,0,7302,7302
290310,2011,0,7312,7312
290310,2012,0,7328,7328
290310,2013,0,7265,7265
290310,2014,0,7265,7265
290310,2015,0,7270,7270
290310,2016,0,7893,7893
290310,2017,0,5306,5306
290310,2018,0,5134,5134
290310,2019,0,5179,5179
290310,2020,0,5099,5099
290310,2021,0,5109,5109
290320,1988,61160,103941,42781
290320,1989,94972,123467,28495
290320,1990,79261,101879,22618
290320,1991,50340,91050,40710
290320,1992,102454,153002,50548
290320,1993,129503,172560,43057
290320,1994,133651,171712,38061
290320,1995,167526,217544,50018
290320,1996,160891,215497,54606
290320,1997,164585,242644,78059
290320,1998,197221,258516,61295
290320,1999,212802,290907,78105
290320,2000,236585,333142,96557
290320,2001,260243,368708,108465
290320,2002,301568,385397,83829
290320,2003,293497,394477,100980
290320,2004,265121,403184,138063
290320,2005,274734,407527,132793
290320,2006,275870,407963,132093
290320,2007,271770,424900,153130
290320,2008,271500,431711,160211
290320,2009,242150,361991,119841
290320,2010,246000,366194,120194
290320,2011,256093,383907,127814
290320,2012,261395,391287,129892
290320,2013,292080,408436,116356
290320,2014,311065,492074,181009
290320,2015,307000,495179,188179
290320,2016,334500,439722,105222
290320,2017,361663,476445,114782
290320,2018,366991,492872,125881
290320,2019,363110,503463,140353
290320,2020,357700,477784,120084
290320,2021,363100,476419,113319
290323,1988,0,14926,14926
290323,1989,0,15774,15774
290323,1990,0,23390,23390
290323,1991,0,10999,10999
290323,1992,0,22349,22349
290323,1993,0,25557,25557
290323,1994,0,24161,24161
290323,1995,0,9530,9530
290323,1996,0,19710,19710
290323,1997,0,22360,22360
290323,1998,0,16838,16838
290323,1999,0,17760,17760
290323,2000,0,19532,19532
290323,2001,0,17034,17034
290323,2002,0,21150,21150
290323,2003,0,27866,27866
290323,2004,0,25768,25768
290323,2005,0,30425,30425
290323,2006,0,23131,23131
290323,2007,0,23223,23223
290323,2008,0,26542,26542
290323,2009,0,19397,19397
290323,2010,0,14777,14777
290323,2011,0,13894,13894
290323,2012,0,4812,4812
290323,2013,0,7896,7896
290323,2014,0,7210,7210
290323,2015,0,8840,8840
290323,2016,0,4025,4025
290323,2017,0,6440,6440
290323,2018,0,6706,6706
290323,2019,0,6846,6846
290323,2020,0,5199,5199
290323,2021,0,5009,5009
290330,1988,0,13224,13224
290330,1989,0,12807,12807
290330,1990,0,10357,10357
290330,1991,0,10357,10357
290330,1992,0,10350,10350
290330,1993,0,10365,10365
290330,1994,0,10345,10345
290330,1995,0,10710,10710
290330,1996,0,10630,10630
290330,1997,0,10380,10380
290330,1998,0,10223,10223
290330,1999,0,9313,9313
290330,2000,0,9111,9111
290330,2001,0,8552,8552
290330,2002,0,9451,9451
290330,2003,0,9451,9451
290330,2004,0,9497,9497
290330,2005,0,10499,10499
290330,2006,0,10499,10499
290330,2007,0,10688,10688
290330,2008,0,10718,10718
290330,2009,0,10029,10029
290330,2010,0,9720,9720
290330,2011,0,9707,9707
290330,2012,0,9395,9395
290330,2013,0,10084,10084
290330,2014,0,10326,10326
290330,2015,0,10368,10368
290330,2016,0,10370,10370
290330,2017,0,7889,7889
290330,2018,0,7535,7535
290330,2019,0,7184,7184
290330,2020,0,7158,7158
290330,2021,0,7504,7504
290340,1988,0,16400,16400
290340,1989,0,16430,16430
290340,1990,0,16382,16382
290340,1991,0,16018,16018
290340,1992,0,16534,16534
290340,1993,0,10557,10557
290340,1994,0,15560,15560
290340,1995,0,16634,16634
290340,1996,0,16440,16440
290340,1997,0,16025,16025
290340,1998,0,15391,15391
290340,1999,0,10086,10086
290340,2000,0,12421,12421
290340,2001,0,14462,14462
290340,2002,0,14821,14821
290340,2003,0,14808,14808
290340,2004,0,14833,14833
290340,2005,0,14853,14853
290340,2006,0,15941,15941
290340,2007,0,14193,14193
290340,2008,0,14463,14463
290340,2009,0,14827,14827
290340,2010,0,14875,14875
290340,2011,0,15039,15039
290340,2012,0,14622,14622
290340,2013,0,14624,14624
290340,2014,0,14142,14142
290340,2015,0,14561,14561
290340,2016,0,14592,14592
290340,2017,0,14371,14371
290340,2018,0,14022,14022
290340,2019,0,12902,12902
290340,2020,0,13043,13043
290340,2021,0,13891,13891
290350,1988,0,5028,5028
290350,1989,0,9670,9670
290350,1990,0,5890,5890
290350,1991,0,5610,5610
290350,1992,0,3240,3240
290350,1993,0,2501,2501
290350,1994,0,3481,3481
290350,1995,0,2691,2691
290350,1996,0,2075,2075
290350,1997,0,2821,2821
290350,1998,0,2680,2680
290350,1999,0,3375,3375
290350,2000,0,2905,2905
290350,2001,0,3149,3149
290350,2002,0,3335,3335
290350,2003,0,3400,3400
290350,2004,0,3310,3310
290350,2005,0,2780,2780
290350,2006,0,1830,1830
290350,2007,0,3520,3520
290350,2008,0,3100,3100
290350,2009,0,1512,1512
290350,2010,0,1522,1522
290350,2011,0,1652,1652
290350,2012,0,1362,1362
290350,2013,0,2542,2542
290350,2014,0,3362,3362
290350,2015,0,4042,4042
290350,2016,0,4242,4242
290350,2017,0,3066,3066
290350,2018,0,1923,1923
290350,2019,0,2308,2308
290350,2020,0,1898,1898
290350,2021,0,1953,1953
290360,1988,0,5856,5856
290360,1989,0,6796,6796
290360,1990,0,2401,2401
290360,1991,0,6239,6239
290360,1992,0,3186,3186
290360,1993,0,2426,2426
290360,1994,0,4288,4288
290360,1995,0,6408,6408
290360,1996,0,5688,5688
290360,1997,0,5068,5068
290360,1998,0,1386,1386
290360,1999,0,3005,3005
290360,2000,0,4253,4253
290360,2001,0,4176,4176
290360,2002,0,5438,5438
290360,2003,0,6285,6285
290360,2004,0,6305,6305
290360,2005,0,5955,5955
290360,2006,0,5718,5718
290360,2007,0,5827,5827
290360,2008,0,6320,6320
290360,2009,0,8053,8053
290360,2010,0,8007,8007
290360,2011,0,7002,7002
290360,2012,0,4959,4959
290360,2013,0,6320,6320
290360,2014,0,4107,4107
290360,2015,0,5412,5412
290360,2016,0,2823,2823
290360,2017,0,2940,2940
290360,2018,0,3713,3713
290360,2019,0,3026,3026
290360,2020,0,4411,4411
290360,2021,0,2042,2042
290370,1988,0,7041,7041
290370,1989,0,6228,6228
290370,1990,0,3984,3984
290370,1991,0,4029,4029
290370,1992,0,4658,4658
290370,1993,0,4658,4658
290370,1994,0,4489,4489
290370,1995,0,4438,4438
290370,1996,0,3550,3550
290370,1997,0,3317,3317
290370,1998,0,2502,2502
290370,1999,0,2726,2726
290370,2000,0,1346,1346
290370,2001,0,1508,1508
290370,2002,0,1612,1612
290370,2003,0,1993,1993
290370,2004,0,1810,1810
290370,2005,0,1678,1678
290370,2006,0,1879,1879
290370,2007,0,1894,1894
290370,2008,0,1760,1760
290370,2009,0,1788,1788
290370,2010,0,2420,2420
290370,2011,0,3279,3279
290370,2012,0,2883,2883
290370,2013,0,2278,2278
290370,2014,0,2468,2468
290370,2015,0,2392,2392
290370,2016,0,2103,2103
290370,2017,0,1920,1920
290370,2018,0,1438,1438
290370,2019,0,1784,1784
290370,2020,0,1554,1554
290370,2021,0,1021,1021
290380,1988,0,3056,3056
290380,1989,0,5260,5260
290380,1990,0,6574,6574
290380,1991,0,6326,6326
290380,1992,0,6174,6174
290380,1993,0,7226,7226
290380,1994,0,5826,5826
290380,1995,0,5766,5766
290380,1996,0,4874,4874
290380,1997,0,3255,3255
290380,1998,0,3717,3717
290380,1999,0,3452,3452
290380,2000,0,1626,1626
290380,2001,0,1837,1837
290380,2002,0,2223,2223
290380,2003,0,1389,1389
290380,2004,0,1122,1122
290380,2005,0,1449,1449
290380,2006,0,1685,1685
290380,2007,0,1978,1978
290380,2008,0,1915,1915
290380,2009,0,2744,2744
290380,2010,0,2620,2620
290380,2011,0,1918,1918
290380,2012,0,263,263
290380,2013,0,6253,6253
290380,2014,0,1420,1420
290380,2015,0,1520,1520
290380,2016,0,1524,1524
290380,2017,0,1062,1062
290380,2018,0,1011,1011
290380,2019,0,1069,1069
290380,2020,0,928,928
290380,2021,0,919,919
290390,1988,0,38137,38137
290390,1989,180,31796,31616
290390,1990,0,8446,8446
290390,1991,0,20891,20891
290390,1992,0,24068,24068
290390,1993,0,26769,26769
290390,1994,0,17502,17502
290390,1995,0,18044,18044
290390,1996,0,20282,20282
290390,1997,0,28855,28855
290390,1998,0,17694,17694
290390,1999,0,16704,16704
290390,2000,0,20213,20213
290390,2001,0,19647,19647
290390,2002,0,23085,23085
290390,2003,0,20398,20398
290390,2004,0,17601,17601
290390,2005,0,13697,13697
290390,2006,0,14325,14325
290390,2007,0,14834,14834
290390,2008,0,18085,18085
290390,2009,0,18816,18816
290390,2010,0,14700,14700
290390,2011,0,21768,21768
290390,2012,0,24369,24369
290390,2013,0,16442,16442
290390,2014,0,20605,20605
290390,2015,0,24461,24461
290390,2016,0,24440,24440
290390,2017,0,17430,17430
290390,2018,0,12474,12474
290390,2019,0,12081,12081
290390,2020,0,11527,11527
290390,2021,0,13713,13713
290395,1988,0,0,0
290395,1989,0,0,0
290395,1990,0,1785,1785
290395,1991,0,2105,2105
290395,1992,0,2340,2340
290395,1993,0,2145,2145
290395,1994,0,1736,1736
290395,1995,0,2067,2067
290395,1996,0,1816,1816
290395,1997,0,1058,1058
290395,1998,0,1597,1597
290395,1999,0,1045,1045
290395,2000,0,467,467
290395,2001,0,387,387
290395,2002,0,495,495
290395,2003,0,760,760
290395,2004,0,795,795
290395,2005,0,910,910
290395,2006,0,854,854
290395,2007,0,1080,1080
290395,2008,0,1079,1079
290395,2009,0,1600,1600
290395,2010,0,1160,1160
290395,2011,0,1327,1327
290395,2012,0,1656,1656
290395,2013,0,2650,2650
290395,2014,0,3068,3068
290395,2015,0,2777,2777
290395,2016,0,2777,2777
290395,2017,0,378,378
290395,2018,0,933,933
290395,2019,0,871,871
290395,2020,0,630,630
290395,2021,0,651,651
290400,1988,0,1788,1788
290400,1989,0,1361,1361
290400,1990,0,1159,1159
290400,1991,0,1032,1032
290400,1992,0,1230,1230
290400,1993,0,1117,1117
290400,1994,0,967,967
290400,1995,0,599,599
290400,1996,0,686,686
290400,1997,0,996,996
290400,1998,0,911,911
290400,1999,0,875,875
290400,2000,0,1375,1375
290400,2001,0,1638,1638
290400,2002,0,1880,1880
290400,2003,0,1510,1510
290400,2004,0,1220,1220
290400,2005,0,670,670
290400,2006,0,1065,1065
290400,2007,0,1013,1013
290400,2008,0,1043,1043
290400,2009,0,613,613
290400,2010,0,624,624
290400,2011,0,629,629
290400,2012,0,520,520
290400,2013,0,719,719
290400,2014,0,854,854
290400,2015,0,782,782
290400,2016,0,707,707
290400,2017,0,765,765
290400,2018,0,1534,1534
290400,2019,0,1443,1443
290400,2020,0,1336,1336
290400,2021,0,1348,1348
290405,1988,0,0,0
290405,1989,0,0,0
290405,1990,0,6084,6084
290405,1991,0,8069,8069
290405,1992,0,8029,8029
290405,1993,0,5784,5784
290405,1994,0,6897,6897
290405,1995,0,7450,7450
290405,1996,0,6090,6090
290405,1997,0,6641,6641
290405,1998,0,7080,7080
290405,1999,0,7543,7543
290405,2000,0,9991,9991
290405,2001,0,9635,9635
290405,2002,0,8965,8965
290405,2003,0,10148,10148
290405,2004,0,9926,9926
290405,2005,0,9720,9720
290405,2006,0,9260,9260
290405,2007,0,9315,9315
290405,2008,0,9881,9881
290405,2009,0,9490,9490
290405,2010,0,9848,9848
290405,2011,0,10443,10443
290405,2012,0,11200,11200
290405,2013,0,10515,10515
290405,2014,0,10515,10515
290405,2015,0,9855,9855
290405,2016,0,9965,9965
290405,2017,0,7925,7925
290405,2018,0,7349,7349
290405,2019,0,7789,7789
290405,2020,0,7902,7902
290405,2021,0,8067,8067
290410,1988,0,3810,3810
290410,1989,0,4944,4944
290410,1990,0,5021,5021
290410,1991,0,4705,4705
290410,1992,0,3960,3960
290410,1993,0,4174,4174
290410,1994,0,4349,4349
290410,1995,0,1206,1206
290410,1996,0,1508,1508
290410,1997,0,3126,3126
290410,1998,0,1845,1845
290410,1999,0,1744,1744
290410,2000,0,1767,1767
290410,2001,0,1783,1783
290410,2002,0,1133,1133
290410,2003,0,842,842
290410,2004,0,791,791
290410,2005,0,937,937
290410,2006,0,3057,3057
290410,2007,0,2867,2867
290410,2008,0,2417,2417
290410,2009,0,2467,2467
290410,2010,0,1753,1753
290410,2011,0,1272,1272
290410,2012,0,877,877
290410,2013,0,1910,1910
290410,2014,0,3105,3105
290410,2015,0,2715,2715
290410,2016,0,2165,2165
290410,2017,0,5406,5406
290410,2018,0,2267,2267
290410,2019,0,2023,2023
290410,2020,0,2000,2000
290410,2021,0,2267,2267
290420,1988,0,3867,3867
290420,1989,0,5715,5715
290420,1990,0,3130,3130
290420,1991,0,3176,3176
290420,1992,0,2984,2984
290420,1993,0,4548,4548
290420,1994,0,2181,2181
290420,1995,0,4090,4090
290420,1996,0,1635,1635
290420,1997,0,3109,3109
290420,1998,0,4430,4430
290420,1999,0,4883,4883
290420,2000,0,3875,3875
290420,2001,0,5825,5825
290420,2002,0,6807,6807
290420,2003,0,5495,5495
290420,2004,0,3203,3203
290420,2005,0,3465,3465
290420,2006,0,3280,3280
290420,2007,0,7608,7608
290420,2008,0,934,934
290420,2009,0,6836,6836
290420,2010,0,6052,6052
290420,2011,0,3077,3077
290420,2012,0,4090,4090
290420,2013,0,2985,2985
290420,2014,0,3995,3995
290420,2015,0,3940,3940
290420,2016,0,3940,3940
290420,2017,0,2638,2638
290420,2018,0,2322,2322
290420,2019,0,1982,1982
290420,2020,0,1708,1708
290420,2021,0,1838,1838
290430,1988,0,7160,7160
290430,1989,0,10165,10165
290430,1990,0,11454,11454
290430,1991,0,10724,10724
290430,1992,0,10458,10458
290430,1993,0,5938,5938
290430,1994,0,5920,5920
290430,1995,0,6070,6070
290430,1996,0,6610,6610
290430,1997,0,7613,7613
290430,1998,0,7623,7623
290430,1999,0,7645,7645
290430,2000,0,7600,7600
290430,2001,0,8300,8300
290430,2002,0,8020,8020
290430,2003,0,8088,8088
290430,2004,0,8010,8010
290430,2005,0,8462,8462
290430,2006,0,7402,7402
290430,2007,0,7476,7476
290430,2008,0,7636,7636
290430,2009,0,7837,7837
290430,2010,0,7786,7786
290430,2011,0,7794,7794
290430,2012,0,7723,7723
290430,2013,0,7759,7759
290430,2014,0,7581,7581
290430,2015,0,7281,7281
290430,2016,0,7281,7281
290430,2017,0,2150,2150
290430,2018,0,2270,2270
290430,2019,0,1905,1905
290430,2020,0,1758,1758
290430,2021,0,1631,1631
290440,1988,0,3125,3125
290440,1989,0,3192,3192
290440,1990,0,3106,3106
290440,1991,0,3221,3221
290440,1992,0,3220,3220
290440,1993,0,3651,3651
290440,1994,0,3907,3907
290440,1995,0,6963,6963
290440,1996,0,4045,4045
290440,1997,0,5369,5369
290440,1998,0,5251,5251
290440,1999,0,6889,6889
290440,2000,0,5862,5862
290440,2001,0,4230,4230
290440,2002,0,2052,2052
290440,2003,0,2092,2092
290440,2004,0,3265,3265
290440,2005,0,2222,2222
290440,2006,0,2247,2247
290440,2007,0,2247,2247
290440,2008,0,2087,2087
290440,2009,0,1647,1647
290440,2010,0,1855,1855
290440,2011,0,1958,1958
290440,2012,0,1752,1752
290440,2013,0,1850,1850
290440,2014,0,1850,1850
290440,2015,0,1850,1850
290440,2016,0,1850,1850
290440,2017,0,384,384
290440,2018,0,315,315
290440,2019,0,275,275
290440,2020,0,295,295
290440,2021,0,315,315
290450,1988,0,895,895
290450,1989,0,839,839
290450,1990,0,590,590
290450,1991,0,695,695
290450,1992,0,748,748
290450,1993,0,751,751
290450,1994,0,802,802
290450,1995,0,484,484
290450,1996,0,465,465
290450,1997,0,710,710
290450,1998,0,431,431
290450,1999,0,402,402
290450,2000,0,394,394
290450,2001,0,444,444
290450,2002,0,602,602
290450,2003,0,465,465
290450,2004,0,471,471
290450,2005,0,621,621
290450,2006,0,1244,1244
290450,2007,0,1224,1224
290450,2008,0,3895,3895
290450,2009,0,4181,4181
290450,2010,0,3955,3955
290450,2011,0,3851,3851
290450,2012,0,1900,1900
290450,2013,0,2898,2898
290450,2014,0,1318,1318
290450,2015,0,617,617
290450,2016,0,978,978
290450,2017,0,580,580
290450,2018,0,1291,1291
290450,2019,0,1281,1281
290450,2020,0,981,981
290450,2021,0,1291,1291
290460,1988,0,17898,17898
290460,1989,0,17704,17704
290460,1990,0,10624,10624
290460,1991,0,15839,15839
290460,1992,0,14833,14833
290460,1993,0,11263,11263
290460,1994,0,11389,11389
290460,1995,0,11530,11530
290460,1996,0,11110,11110
290460,1997,0,15097,15097
290460,1998,0,15037,15037
290460,1999,0,4142,4142
290460,2000,0,1985,1985
290460,2001,0,3590,3590
290460,2002,0,2554,2554
290460,2003,0,2764,2764
290460,2004,0,3150,3150
290460,2005,0,4345,4345
290460,2006,0,3515,3515
290460,2007,0,3735,3735
290460,2008,0,4145,4145
290460,2009,0,5545,5545
290460,2010,0,5555,5555
290460,2011,0,5270,5270
290460,2012,0,5350,5350
290460,2013,0,5645,5645
290460,2014,0,4095,4095
290460,2015,0,3945,3945
290460,2016,0,645,645
290460,2017,0,3834,3834
290460,2018,0,1573,1573
290460,2019,0,1511,1511
290460,2020,0,2143,2143
290460,2021,0,1835,1835
290470,1988,0,11084,11084
290470,1989,0,11142,11142
290470,1990,0,6752,6752
290470,1991,0,6828,6828
290470,1992,0,6978,6978
290470,1993,0,7008,7008
290470,1994,0,7044,7044
290470,1995,0,11305,11305
290470,1996,0,9513,9513
290470,1997,0,11220,11220
290470,1998,0,10666,10666
290470,1999,0,10074,10074
290470,2000,0,9134,9134
290470,2001,0,8470,8470
290470,2002,0,8317,8317
290470,2003,0,8302,8302
290470,2004,0,8287,8287
290470,2005,0,8536,8536
290470,2006,0,8373,8373
290470,2007,0,8361,8361
290470,2008,0,8433,8433
290470,2009,0,7440,7440
290470,2010,0,8277,8277
290470,2011,0,8251,8251
290470,2012,0,8307,8307
290470,2013,0,7491,7491
290470,2014,0,8719,8719
290470,2015,0,7655,7655
290470,2016,0,7688,7688
290470,2017,0,7804,7804
290470,2018,0,7754,7754
290470,2019,0,7676,7676
290470,2020,0,7531,7531
290470,2021,0,7751,7751
290475,1988,0,5517,5517
290475,1989,0,4978,4978
290475,1990,0,4092,4092
290475,1991,0,4064,4064
290475,1992,0,3847,3847
290475,1993,0,3725,3725
290475,1994,0,3928,3928
290475,1995,0,945,945
290475,1996,0,698,698
290475,1997,0,1361,1361
290475,1998,0,1158,1158
290475,1999,0,866,866
290475,2000,0,943,943
290475,2001,0,1036,1036
290475,2002,0,947,947
290475,2003,0,798,798
290475,2004,0,792,792
290475,2005,0,865,865
290475,2006,0,2032,2032
290475,2007,0,1417,1417
290475,2008,0,1558,1558
290475,2009,0,1857,1857
290475,2010,0,1755,1755
290475,2011,0,1595,1595
290475,2012,0,1519,1519
290475,2013,0,888,888
290475,2014,0,789,789
290475,2015,0,928,928
290475,2016,0,948,948
290475,2017,0,1930,1930
290475,2018,0,1380,1380
290475,2019,0,1330,1330
290475,2020,0,1742,1742
290475,2021,0,1726,1726
290480,1988,0,3524,3524
290480,1989,0,8890,8890
290480,1990,0,5631,5631
290480,1991,0,4069,4069
290480,1992,0,4397,4397
290480,1993,0,4542,4542
290480,1994,0,4812,4812
290480,1995,0,4639,4639
290480,1996,0,4525,4525
290480,1997,0,4395,4395
290480,1998,0,3580,3580
290480,1999,0,3373,3373
290480,2000,0,3669,3669
290480,2001,0,3191,3191
290480,2002,0,3104,3104
290480,2003,0,2722,2722
290480,2004,0,2713,2713
290480,2005,0,1923,1923
290480,2006,0,1868,1868
290480,2007,0,1853,1853
290480,2008,0,1851,1851
290480,2009,0,1664,1664
290480,2010,0,1576,1576
290480,2011,0,1475,1475
290480,2012,0,1554,1554
290480,2013,0,1498,1498
290480,2014,0,1558,1558
290480,2015,0,1542,1542
290480,2016,0,1542,1542
290480,2017,0,360,360
290480,2018,0,357,357
290480,2019,0,341,341
290480,2020,0,335,335
290480,2021,0,341,341
290485,1988,0,0,0
290485,1989,0,0,0
290485,1990,0,3572,3572
290485,1991,0,3739,3739
290485,1992,0,3794,3794
290485,1993,0,3293,3293
290485,1994,0,3958,3958
290485,1995,0,3769,3769
290485,1996,0,4066,4066
290485,1997,0,3668,3668
290485,1998,0,3813,3813
290485,1999,0,3605,3605
290485,2000,0,3642,3642
290485,2001,0,3642,3642
290485,2002,0,4158,4158
290485,2003,0,4661,4661
290485,2004,0,5165,5165
290485,2005,0,5176,5176
290485,2006,0,4719,4719
290485,2007,0,4671,4671
290485,2008,0,4671,4671
290485,2009,0,4562,4562
290485,2010,0,4336,4336
290485,2011,0,4554,4554
290485,2012,0,5451,5451
290485,2013,0,5519,5519
290485,2014,0,5425,5425
290485,2015,0,5709,5709
290485,2016,0,5709,5709
290485,2017,0,2972,2972
290485,2018,0,3057,3057
290485,2019,0,3087,3087
290485,2020,0,2653,2653
290485,2021,0,2871,2871
290490,1988,0,5966,5966
290490,1989,0,6100,6100
290490,1990,0,5121,5121
290490,1991,0,5165,5165
290490,1992,0,4739,4739
290490,1993,0,4112,4112
290490,1994,0,3933,3933
290490,1995,0,3771,3771
290490,1996,0,3814,3814
290490,1997,0,4729,4729
290490,1998,0,4629,4629
290490,1999,0,4907,4907
290490,2000,0,4946,4946
290490,2001,0,5243,5243
290490,2002,0,5399,5399
290490,2003,0,5478,5478
290490,2004,0,5725,5725
290490,2005,0,5689,5689
290490,2006,0,5513,5513
290490,2007,0,5357,5357
290490,2008,0,5306,5306
290490,2009,0,4349,4349
290490,2010,0,4776,4776
290490,2011,0,4866,4866
290490,2012,0,4227,4227
290490,2013,0,4633,4633
290490,2014,0,5371,5371
290490,2015,0,4444,4444
290490,2016,0,4434,4434
290490,2017,0,1240,1240
290490,2018,0,1112,1112
290490,2019,0,1107,1107
290490,2020,0,1056,1056
290490,2021,0,1094,1094
290500,1988,0,11738,11738
290500,1989,0,10510,10510
290500,1990,0,5765,5765
290500,1991,0,4059,4059
290500,1992,0,4187,4187
290500,1993,0,5043,5043
290500,1994,0,3493,3493
290500,1995,0,3286,3286
290500,1996,0,3191,3191
290500,1997,0,4176,4176
290500,1998,0,3860,3860
290500,1999,0,3577,3577
290500,2000,0,2771,2771
290500,2001,0,998,998
290500,2002,0,1948,1948
290500,2003,0,1947,1947
290500,2004,0,2071,2071
290500,2005,0,4579,4579
290500,2006,0,3288,3288
290500,2007,0,3083,3083
290500,2008,0,3948,3948
290500,2009,0,3639,3639
290500,2010,0,3974,3974
290500,2011,0,3726,3726
290500,2012,0,3789,3789
290500,2013,0,2820,2820
290500,2014,0,2620,2620
290500,2015,0,2720,2720
290500,2016,0,2720,2720
290500,2017,0,1608,1608
290500,2018,0,1632,1632
290500,2019,0,1311,1311
290500,2020,0,3158,3158
290500,2021,0,2546,2546
290510,1988,0,5851,5851
290510,1989,0,7913,7913
290510,1990,0,5106,5106
290510,1991,0,2516,2516
290510,1992,0,3438,3438
290510,1993,0,2282,2282
290510,1994,0,2751,2751
290510,1995,0,1161,1161
290510,1996,0,1412,1412
290510,1997,0,4453,4453
290510,1998,0,3333,3333
290510,1999,0,1968,1968
290510,2000,0,4771,4771
290510,2001,0,3999,3999
290510,2002,0,3169,3169
290510,2003,0,3409,3409
290510,2004,0,3724,3724
290510,2005,0,4074,4074
290510,2006,0,3713,3713
290510,2007,0,3613,3613
290510,2008,0,3544,3544
290510,2009,0,2473,2473
290510,2010,0,1695,1695
290510,2011,0,1572,1572
290510,2012,0,1720,1720
290510,2013,0,220,220
290510,2014,0,1970,1970
290510,2015,0,2325,2325
290510,2016,0,2325,2325
290510,2017,0,900,900
290510,2018,0,596,596
290510,2019,0,640,640
290510,2020,0,590,590
290510,2021,0,709,709
290515,1988,0,0,0
290515,1989,0,0,0
290515,1990,0,1465,1465
290515,1991,0,1615,1615
290515,1992,0,2250,2250
290515,1993,0,1735,1735
290515,1994,0,1641,1641
290515,1995,0,1925,1925
290515,1996,0,1580,1580
290515,1997,0,965,965
290515,1998,0,1404,1404
290515,1999,0,830,830
290515,2000,0,4500,4500
290515,2001,0,3550,3550
290515,2002,0,5920,5920
290515,2003,0,3200,3200
290515,2004,0,1257,1257
290515,2005,0,1290,1290
290515,2006,0,1070,1070
290515,2007,0,860,860
290515,2008,0,870,870
290515,2009,0,880,880
290515,2010,0,750,750
290515,2011,0,1650,1650
290515,2012,0,1975,1975
290515,2013,0,1455,1455
290515,2014,0,1430,1430
290515,2015,0,1450,1450
290515,2016,0,1450,1450
290515,2017,0,1141,1141
290515,2018,0,1120,1120
290515,2019,0,1147,1147
290515,2020,0,945,945
290515,2021,0,956,956
290520,1988,0,11502,11502
290520,1989,0,18470,18470
290520,1990,0,11466,11466
290520,1991,0,10467,10467
290520,1992,0,5277,5277
290520,1993,0,4958,4958
290520,1994,0,3962,3962
290520,1995,0,3939,3939
290520,1996,0,4049,4049
290520,1997,0,5184,5184
290520,1998,0,4997,4997
290520,1999,0,4849,4849
290520,2000,0,4698,4698
290520,2001,0,6031,6031
290520,2002,0,5544,5544
290520,2003,0,11851,11851
290520,2004,0,5866,5866
290520,2005,0,13311,13311
290520,2006,0,11656,11656
290520,2007,0,8278,8278
290520,2008,0,8410,8410
290520,2009,0,6035,6035
290520,2010,0,5934,5934
290520,2011,0,5541,5541
290520,2012,0,5258,5258
290520,2013,0,3647,3647
290520,2014,0,4610,4610
290520,2015,0,4295,4295
290520,2016,0,4270,4270
290520,2017,0,3222,3222
290520,2018,0,2641,2641
290520,2019,0,3034,3034
290520,2020,0,2423,2423
290520,2021,0,2561,2561
290530,1988,0,34146,34146
290530,1989,0,21502,21502
290530,1990,0,16799,16799
290530,1991,0,13186,13186
290530,1992,0,39568,39568
290530,1993,0,33758,33758
290530,1994,0,35858,35858
290530,1995,0,33817,33817
290530,1996,0,30276,30276
290530,1997,0,31618,31618
290530,1998,0,31731,31731
290530,1999,0,29034,29034
290530,2000,0,33217,33217
290530,2001,0,27439,27439
290530,2002,0,31834,31834
290530,2003,0,30379,30379
290530,2004,0,34304,34304
290530,2005,0,29622,29622
290530,2006,0,27620,27620
290530,2007,0,33720,33720
290530,2008,0,31500,31500
290530,2009,0,37617,37617
290530,2010,0,26440,26440
290530,2011,0,25260,25260
290530,2012,0,13550,13550
290530,2013,0,13844,13844
290530,2014,0,15800,15800
290530,2015,0,12130,12130
290530,2016,0,6220,6220
290530,2017,0,7220,7220
290530,2018,0,8840,8840
290530,2019,0,6360,6360
290530,2020,0,5540,5540
290530,2021,0,6534,6534
290540,1988,0,7386,7386
290540,1989,0,7695,7695
290540,1990,0,7685,7685
290540,1991,0,7111,7111
290540,1992,0,9382,9382
290540,1993,0,5382,5382
290540,1994,0,5449,5449
290540,1995,0,5831,5831
290540,1996,0,5798,5798
290540,1997,0,7118,7118
290540,1998,0,8211,8211
290540,1999,0,8101,8101
290540,2000,0,8729,8729
290540,2001,0,9340,9340
290540,2002,0,7887,7887
290540,2003,0,8004,8004
290540,2004,0,7991,7991
290540,2005,0,8018,8018
290540,2006,0,8166,8166
290540,2007,0,11727,11727
290540,2008,0,12253,12253
290540,2009,0,12152,12152
290540,2010,0,12107,12107
290540,2011,0,12198,12198
290540,2012,0,12157,12157
290540,2013,0,12157,12157
290540,2014,0,12157,12157
290540,2015,0,12123,12123
290540,2016,0,4868,4868
290540,2017,0,643,643
290540,2018,0,673,673
290540,2019,0,672,672
290540,2020,0,621,621
290540,2021,0,617,617
290550,1988,0,8650,8650
290550,1989,0,10444,10444
290550,1990,0,7202,7202
290550,1991,0,2729,2729
290550,1992,0,2761,2761
290550,1993,0,1625,1625
290550,1994,0,1902,1902
290550,1995,0,741,741
290550,1996,0,948,948
290550,1997,0,2863,2863
290550,1998,0,2377,2377
290550,1999,0,1194,1194
290550,2000,0,4079,4079
290550,2001,0,3354,3354
290550,2002,0,1756,1756
290550,2003,0,3857,3857
290550,2004,0,4796,4796
290550,2005,0,2990,2990
290550,2006,0,4556,4556
290550,2007,0,5254,5254
290550,2008,0,4959,4959
290550,2009,0,3578,3578
290550,2010,0,2823,2823
290550,2011,0,3577,3577
290550,2012,0,1428,1428
290550,2013,0,3350,3350
290550,2014,0,3805,3805
290550,2015,0,3790,3790
290550,2016,0,4190,4190
290550,2017,0,1440,1440
290550,2018,0,1022,1022
290550,2019,0,1090,1090
290550,2020,0,1050,1050
290550,2021,0,1196,1196
290560,1988,0,29121,29121
290560,1989,0,29437,29437
290560,1990,0,29432,29432
290560,1991,0,29511,29511
290560,1992,0,29886,29886
290560,1993,0,29897,29897
290560,1994,0,29918,29918
290560,1995,0,30559,30559
290560,1996,0,28036,28036
290560,1997,0,28353,28353
290560,1998,0,17168,17168
290560,1999,0,12891,12891
290560,2000,0,12475,12475
290560,2001,0,10917,10917
290560,2002,0,22013,22013
290560,2003,0,17883,17883
290560,2004,0,18278,18278
290560,2005,0,14754,14754
290560,2006,0,14837,14837
290560,2007,0,15035,15035
290560,2008,0,15184,15184
290560,2009,0,15347,15347
290560,2010,0,14760,14760
290560,2011,0,14768,14768
290560,2012,0,14765,14765
290560,2013,0,15333,15333
290560,2014,0,15364,15364
290560,2015,0,15447,15447
290560,2016,0,15604,15604
290560,2017,0,8754,8754
290560,2018,0,8791,8791
290560,2019,0,8490,8490
290560,2020,0,8609,8609
290560,2021,0,8635,8635
290570,1988,0,2257,2257
290570,1989,0,2553,2553
290570,1990,0,2482,2482
290570,1991,0,2482,2482
290570,1992,0,2021,2021
290570,1993,0,2024,2024
290570,1994,0,2141,2141
290570,1995,0,2119,2119
290570,1996,0,2092,2092
290570,1997,0,2019,2019
290570,1998,0,2092,2092
290570,1999,0,2387,2387
290570,2000,0,2130,2130
290570,2001,0,3721,3721
290570,2002,0,1428,1428
290570,2003,0,1331,1331
290570,2004,0,1231,1231
290570,2005,0,1238,1238
290570,2006,0,1650,1650
290570,2007,0,1857,1857
290570,2008,0,2145,2145
290570,2009,0,1726,1726
290570,2010,0,1671,1671
290570,2011,0,2103,2103
290570,2012,0,1713,1713
290570,2013,0,2440,2440
290570,2014,0,2791,2791
290570,2015,0,3117,3117
290570,2016,0,3112,3112
290570,2017,0,1160,1160
290570,2018,0,528,528
290570,2019,0,508,508
290570,2020,0,530,530
290570,2021,0,529,529
290580,1988,0,16466,16466
290580,1989,0,18575,18575
290580,1990,0,17999,17999
290580,1991,0,13482,13482
290580,1992,0,22862,22862
290580,1993,0,7497,7497
290580,1994,0,7543,7543
290580,1995,0,7571,7571
290580,1996,0,9778,9778
290580,1997,0,13628,13628
290580,1998,0,23806,23806
290580,1999,0,27073,27073
290580,2000,0,29433,29433
290580,2001,0,29854,29854
290580,2002,0,14247,14247
290580,2003,0,14461,14461
290580,2004,0,14071,14071
290580,2005,0,20941,20941
290580,2006,0,25079,25079
290580,2007,0,25357,25357
290580,2008,0,31156,31156
290580,2009,0,29157,29157
290580,2010,0,28868,28868
290580,2011,0,32317,32317
290580,2012,0,30965,30965
290580,2013,0,27861,27861
290580,2014,0,30965,30965
290580,2015,0,27986,27986
290580,2016,0,21494,21494
290580,2017,0,19130,19130
290580,2018,0,19067,19067
290580,2019,0,19451,19451
290580,2020,0,19460,19460
290580,2021,0,19474,19474
290590,1988,0,12738,12738
290590,1989,0,12166,12166
290590,1990,0,14913,14913
290590,1991,0,10552,10552
290590,1992,0,6473,6473
290590,1993,0,7953,7953
290590,1994,0,5111,5111
290590,1995,0,6806,6806
290590,1996,0,6830,6830
290590,1997,0,5595,5595
290590,1998,0,3646,3646
290590,1999,0,2705,2705
290590,2000,0,10195,10195
290590,2001,0,15617,15617
290590,2002,0,18322,18322
290590,2003,0,14651,14651
290590,2004,0,14121,14121
290590,2005,0,13252,13252
290590,2006,0,10750,10750
290590,2007,0,10850,10850
290590,2008,0,10850,10850
290590,2009,0,9750,9750
290590,2010,0,8850,8850
290590,2011,0,4470,4470
290590,2012,0,4550,4550
290590,2013,0,1200,1200
290590,2014,0,2105,2105
290590,2015,0,2125,2125
290590,2016,0,2125,2125
290590,2017,0,6100,6100
290590,2018,0,5100,5100
290590,2019,0,5000,5000
290590,2020,0,6710,6710
290590,2021,0,6285,6285
290600,1988,0,39696,39696
290600,1989,0,47517,47517
290600,1990,0,24774,24774
290600,1991,0,48987,48987
290600,1992,0,40889,40889
290600,1993,0,28206,28206
290600,1994,0,18059,18059
290600,1995,0,19538,19538
290600,1996,0,17806,17806
290600,1997,0,44760,44760
290600,1998,0,32831,32831
290600,1999,0,49771,49771
290600,2000,0,50534,50534
290600,2001,0,61853,61853
290600,2002,0,72186,72186
290600,2003,0,65052,65052
290600,2004,0,75191,75191
290600,2005,0,79560,79560
290600,2006,0,112289,112289
290600,2007,0,119509,119509
290600,2008,0,98771,98771
290600,2009,0,90579,90579
290600,2010,0,91829,91829
290600,2011,0,91219,91219
290600,2012,0,57178,57178
290600,2013,0,60373,60373
290600,2014,0,74109,74109
290600,2015,0,75321,75321
290600,2016,0,61017,61017
290600,2017,0,45780,45780
290600,2018,0,34383,34383
290600,2019,0,36816,36816
290600,2020,0,34720,34720
290600,2021,0,34466,34466
290610,1988,0,3189,3189
290610,1989,0,3251,3251
290610,1990,0,3168,3168
290610,1991,0,3282,3282
290610,1992,0,3103,3103
290610,1993,0,3555,3555
290610,1994,0,4147,4147
290610,1995,0,2651,2651
290610,1996,0,1625,1625
290610,1997,0,1520,1520
290610,1998,0,1715,1715
290610,1999,0,2415,2415
290610,2000,0,1894,1894
290610,2001,0,1593,1593
290610,2002,0,1178,1178
290610,2003,0,1508,1508
290610,2004,0,1610,1610
290610,2005,0,1618,1618
290610,2006,0,1844,1844
290610,2007,0,1844,1844
290610,2008,0,1900,1900
290610,2009,0,1935,1935
290610,2010,0,1935,1935
290610,2011,0,2205,2205
290610,2012,0,1853,1853
290610,2013,0,1750,1750
290610,2014,0,1750,1750
290610,2015,0,1750,1750
290610,2016,0,1750,1750
290610,2017,0,1212,1212
290610,2018,0,1310,1310
290610,2019,0,1310,1310
290610,2020,0,1200,1200
290610,2021,0,1210,1210
290620,1988,0,34923,34923
290620,1989,0,26292,26292
290620,1990,0,32520,32520
290620,1991,0,19112,19112
290620,1992,0,39273,39273
290620,1993,0,44823,44823
290620,1994,0,36682,36682
290620,1995,0,17683,17683
290620,1996,0,37643,37643
290620,1997,0,43321,43321
290620,1998,0,27894,27894
290620,1999,0,34873,34873
290620,2000,0,33562,33562
290620,2001,0,27728,27728
290620,2002,0,37139,37139
290620,2003,0,45172,45172
290620,2004,0,44929,44929
290620,2005,0,47530,47530
290620,2006,0,33968,33968
290620,2007,0,37700,37700
290620,2008,0,41380,41380
290620,2009,0,39730,39730
290620,2010,0,24372,24372
290620,2011,0,25129,25129
290620,2012,0,7872,7872
290620,2013,0,12822,12822
290620,2014,0,13761,13761
290620,2015,0,11421,11421
290620,2016,0,2444,2444
290620,2017,0,8980,8980
290620,2018,0,8959,8959
290620,2019,0,9840,9840
290620,2020,0,8216,8216
290620,2021,0,7864,7864
290630,1988,0,15656,15656
290630,1989,0,14619,14619
290630,1990,0,13982,13982
290630,1991,0,14087,14087
290630,1992,0,13870,13870
290630,1993,0,14797,14797
290630,1994,0,15205,15205
290630,1995,0,15342,15342
290630,1996,0,15507,15507
290630,1997,0,15435,15435
290630,1998,0,15360,15360
290630,1999,0,12064,12064
290630,2000,0,12023,12023
290630,2001,0,11934,11934
290630,2002,0,13387,13387
290630,2003,0,12190,12190
290630,2004,0,13345,13345
290630,2005,0,12163,12163
290630,2006,0,12108,12108
290630,2007,0,12657,12657
290630,2008,0,12777,12777
290630,2009,0,12623,12623
290630,2010,0,11895,11895
290630,2011,0,11805,11805
290630,2012,0,11850,11850
290630,2013,0,12549,12549
290630,2014,0,12323,12323
290630,2015,0,13014,13014
290630,2016,0,13062,13062
290630,2017,0,7967,7967
290630,2018,0,7167,7167
290630,2019,0,7136,7136
290630,2020,0,7196,7196
290630,2021,0,7205,7205
290640,1988,0,2968,2968
290640,1989,0,4315,4315
290640,1990,0,5563,5563
290640,1991,0,5518,5518
290640,1992,0,4397,4397
290640,1993,0,3007,3007
290640,1994,0,7205,7205
290640,1995,0,3931,3931
290640,1996,0,5181,5181
290640,1997,0,2181,2181
290640,1998,0,3001,3001
290640,1999,0,3008,3008
290640,2000,0,2208,2208
290640,2001,0,851,851
290640,2002,0,5321,5321
290640,2003,0,4361,4361
290640,2004,0,2381,2381
290640,2005,0,2567,2567
290640,2006,0,1453,1453
290640,2007,0,1053,1053
290640,2008,0,2351,2351
290640,2009,0,961,961
290640,2010,0,1140,1140
290640,2011,0,700,700
290640,2012,0,680,680
290640,2013,0,1680,1680
290640,2014,0,1100,1100
290640,2015,0,1100,1100
290640,2016,0,1100,1100
290640,2017,0,530,530
290640,2018,0,550,550
290640,2019,0,820,820
290640,2020,0,1280,1280
290640,2021,0,1705,1705
290650,1988,0,662,662
290650,1989,0,655,655
290650,1990,0,637,637
290650,1991,0,617,617
290650,1992,0,684,684
290650,1993,0,669,669
290650,1994,0,634,634
290650,1995,0,619,619
290650,1996,0,640,640
290650,1997,0,628,628
290650,1998,0,626,626
290650,1999,0,753,753
290650,2000,0,670,670
290650,2001,0,670,670
290650,2002,0,240,240
290650,2003,0,218,218
290650,2004,0,218,218
290650,2005,0,369,369
290650,2006,0,369,369
290650,2007,0,369,369
290650,2008,0,171,171
290650,2009,0,178,178
290650,2010,0,157,157
290650,2011,0,164,164
290650,2012,0,250,250
290650,2013,0,275,275
290650,2014,0,225,225
290650,2015,0,269,269
290650,2016,0,293,293
290650,2017,0,58,58
290650,2018,0,87,87
290650,2019,0,81,81
290650,2020,0,82,82
290650,2021,0,83,83
290660,1988,0,12677,12677
290660,1989,0,10057,10057
290660,1990,0,9133,9133
290660,1991,0,9268,9268
290660,1992,0,11945,11945
290660,1993,0,9710,9710
290660,1994,0,10468,10468
290660,1995,0,11565,11565
290660,1996,0,10139,10139
290660,1997,0,9993,9993
290660,1998,0,7574,7574
290660,1999,0,9239,9239
290660,2000,0,7798,7798
290660,2001,0,5528,5528
290660,2002,0,5255,5255
290660,2003,0,5195,5195
290660,2004,0,4950,4950
290660,2005,0,4780,4780
290660,2006,0,4080,4080
290660,2007,0,5643,5643
290660,2008,0,5135,5135
290660,2009,0,5662,5662
290660,2010,0,9576,9576
290660,2011,0,10398,10398
290660,2012,0,8981,8981
290660,2013,0,8435,8435
290660,2014,0,8143,8143
290660,2015,0,5459,5459
290660,2016,0,2739,2739
290660,2017,0,2747,2747
290660,2018,0,2027,2027
290660,2019,0,2390,2390
290660,2020,0,2431,2431
290660,2021,0,2363,2363
290670,1988,0,4575,4575
290670,1989,0,7485,7485
290670,1990,0,6355,6355
290670,1991,0,6300,6300
290670,1992,0,4104,4104
290670,1993,0,3578,3578
290670,1994,0,3628,3628
290670,1995,0,3359,3359
290670,1996,0,2017,2017
290670,1997,0,3335,3335
290670,1998,0,3463,3463
290670,1999,0,4016,4016
290670,2000,0,10785,10785
290670,2001,0,21454,21454
290670,2002,0,22920,22920
290670,2003,0,22770,22770
290670,2004,0,24420,24420
290670,2005,0,23580,23580
290670,2006,0,21100,21100
290670,2007,0,10982,10982
290670,2008,0,16000,16000
290670,2009,0,5670,5670
290670,2010,0,5950,5950
290670,2011,0,7130,7130
290670,2012,0,6915,6915
290670,2013,0,6465,6465
290670,2014,0,12805,12805
290670,2015,0,13215,13215
290670,2016,0,7215,7215
290670,2017,0,2353,2353
290670,2018,0,2447,2447
290670,2019,0,2446,2446
290670,2020,0,2447,2447
290670,2021,0,2633,2633
290680,1988,0,26172,26172
290680,1989,0,28891,28891
290680,1990,0,14841,14841
290680,1991,0,21259,21259
290680,1992,0,2354,2354
290680,1993,0,1146,1146
290680,1994,0,15618,15618
290680,1995,0,16468,16468
290680,1996,0,28994,28994
290680,1997,0,28821,28821
290680,1998,0,28344,28344
290680,1999,0,37341,37341
290680,2000,0,8433,8433
290680,2001,0,19352,19352
290680,2002,0,27557,27557
290680,2003,0,23322,23322
290680,2004,0,31612,31612
290680,2005,0,21326,21326
290680,2006,0,26226,26226
290680,2007,0,25427,25427
290680,2008,0,30929,30929
290680,2009,0,25766,25766
290680,2010,0,27823,27823
290680,2011,0,27963,27963
290680,2012,0,6344,6344
290680,2013,0,18154,18154
290680,2014,0,14444,14444
290680,2015,0,20344,20344
290680,2016,0,12144,12144
290680,2017,0,6100,6100
290680,2018,0,27003,27003
290680,2019,0,18215,18215
290680,2020,0,17944,17944
290680,2021,0,17160,17160
290682,1988,0,3046,3046
290682,1989,0,2257,2257
290682,1990,0,1728,1728
290682,1991,0,1668,1668
290682,1992,0,445,445
290682,1993,0,370,370
290682,1994,0,1000,1000
290682,1995,0,1198,1198
290682,1996,0,1346,1346
290682,1997,0,602,602
290682,1998,0,229,229
290682,1999,0,3876,3876
290682,2000,0,3836,3836
290682,2001,0,3617,3617
290682,2002,0,4181,4181
290682,2003,0,4176,4176
290682,2004,0,3291,3291
290682,2005,0,2160,2160
290682,2006,0,2513,2513
290682,2007,0,3426,3426
290682,2008,0,3373,3373
290682,2009,0,2837,2837
290682,2010,0,6306,6306
290682,2011,0,6204,6204
290682,2012,0,1567,1567
290682,2013,0,3506,3506
290682,2014,0,2141,2141
290682,2015,0,2426,2426
290682,2016,0,2149,2149
290682,2017,0,1971,1971
290682,2018,0,7408,7408
290682,2019,0,2172,2172
290682,2020,0,1548,1548
290682,2021,0,4545,4545
290685,1988,0,15197,15197
290685,1989,0,11534,11534
290685,1990,0,13965,13965
290685,1991,0,15638,15638
290685,1992,0,23240,23240
290685,1993,0,6008,6008
290685,1994,0,9706,9706
290685,1995,0,9080,9080
290685,1996,0,8720,8720
290685,1997,0,3902,3902
290685,1998,0,776,776
290685,1999,0,276,276
290685,2000,0,9400,9400
290685,2001,0,1950,1950
290685,2002,0,1750,1750
290685,2003,0,2290,2290
290685,2004,0,2200,2200
290685,2005,0,2360,2360
290685,2006,0,1700,1700
290685,2007,0,1300,1300
290685,2008,0,1420,1420
290685,2009,0,1015,1015
290685,2010,0,1230,1230
290685,2011,0,1220,1220
290685,2012,0,1230,1230
290685,2013,0,900,900
290685,2014,0,2174,2174
290685,2015,0,2174,2174
290685,2016,0,872,872
290685,2017,0,622,622
290685,2018,0,635,635
290685,2019,0,532,532
290685,2020,0,1029,1029
290685,2021,0,1025,1025
290687,1988,0,3415,3415
290687,1989,0,2765,2765
290687,1990,0,2560,2560
290687,1991,0,2195,2195
290687,1992,0,2448,2448
290687,1993,0,2714,2714
290687,1994,0,2346,2346
290687,1995,0,3056,3056
290687,1996,0,2315,2315
290687,1997,0,4619,4619
290687,1998,0,4055,4055
290687,1999,0,2994,2994
290687,2000,0,5190,5190
290687,2001,0,4380,4380
290687,2002,0,4137,4137
290687,2003,0,4381,4381
290687,2004,0,4766,4766
290687,2005,0,3706,3706
290687,2006,0,971,971
290687,2007,0,867,867
290687,2008,0,888,888
290687,2009,0,1631,1631
290687,2010,0,1183,1183
290687,2011,0,1288,1288
290687,2012,0,1595,1595
290687,2013,0,795,795
290687,2014,0,1625,1625
290687,2015,0,1967,1967
290687,2016,0,1967,1967
290687,2017,0,510,510
290687,2018,0,385,385
290687,2019,0,485,485
290687,2020,0,357,357
290687,2021,0,390,390
290689,1988,0,0,0
290689,1989,0,0,0
290689,1990,0,5315,5315
290689,1991,0,4630,4630
290689,1992,0,2904,2904
290689,1993,0,2035,2035
290689,1994,0,2465,2465
290689,1995,0,895,895
290689,1996,0,898,898
290689,1997,0,1865,1865
290689,1998,0,1577,1577
290689,1999,0,2085,2085
290689,2000,0,1784,1784
290689,2001,0,4249,4249
290689,2002,0,5061,5061
290689,2003,0,4331,4331
290689,2004,0,2211,2211
290689,2005,0,3285,3285
290689,2006,0,3225,3225
290689,2007,0,1105,1105
290689,2008,0,1715,1715
290689,2009,0,1233,1233
290689,2010,0,1223,1223
290689,2011,0,1273,1273
290689,2012,0,1524,1524
290689,2013,0,1459,1459
290689,2014,0,1789,1789
290689,2015,0,2805,2805
290689,2016,0,2887,2887
290689,2017,0,2201,2201
290689,2018,0,1799,1799
290689,2019,0,1797,1797
290689,2020,0,1597,1597
290689,2021,0,1542,1542
290690,1988,0,5814,5814
290690,1989,0,4627,4627
290690,1990,0,3624,3624
290690,1991,0,3590,3590
290690,1992,0,2821,2821
290690,1993,0,6694,6694
290690,1994,0,7448,7448
290690,1995,0,8503,8503
290690,1996,0,7714,7714
290690,1997,0,8010,8010
290690,1998,0,12185,12185
290690,1999,0,14156,14156
290690,2000,0,14910,14910
290690,2001,0,13617,13617
290690,2002,0,13949,13949
290690,2003,0,14415,14415
290690,2004,0,14727,14727
290690,2005,0,15049,15049
290690,2006,0,14329,14329
290690,2007,0,13557,13557
290690,2008,0,13638,13638
290690,2009,0,14675,14675
290690,2010,0,8486,8486
290690,2011,0,8694,8694
290690,2012,0,7911,7911
290690,2013,0,7723,7723
290690,2014,0,7768,7768
290690,2015,0,7775,7775
290690,2016,0,6651,6651
290690,2017,0,5469,5469
290690,2018,0,14446,14446
290690,2019,0,15947,15947
290690,2020,0,18480,18480
290690,2021,0,16379,16379
290700,1988,0,515,515
290700,1989,0,508,508
290700,1990,0,392,392
290700,1991,0,392,392
290700,1992,0,363,363
290700,1993,0,363,363
290700,1994,0,290,290
290700,1995,0,379,379
290700,1996,0,550,550
290700,1997,0,596,596
290700,1998,0,637,637
290700,1999,0,648,648
290700,2000,0,669,669
290700,2001,0,779,779
290700,2002,0,779,779
290700,2003,0,717,717
290700,2004,0,801,801
290700,2005,0,808,808
290700,2006,0,808,808
290700,2007,0,843,843
290700,2008,0,908,908
290700,2009,0,770,770
290700,2010,0,795,795
290700,2011,0,733,733
290700,2012,0,621,621
290700,2013,0,573,573
290700,2014,0,573,573
290700,2015,0,335,335
290700,2016,0,315,315
290700,2017,0,480,480
290700,2018,0,686,686
290700,2019,0,669,669
290700,2020,0,507,507
290700,2021,0,624,624
290710,1988,0,19160,19160
290710,1989,0,11866,11866
290710,1990,0,6827,6827
290710,1991,0,9799,9799
290710,1992,0,8563,8563
290710,1993,0,7150,7150
290710,1994,0,7044,7044
290710,1995,0,8436,8436
290710,1996,0,6796,6796
290710,1997,0,6062,6062
290710,1998,0,4080,4080
290710,1999,0,3212,3212
290710,2000,0,3379,3379
290710,2001,0,2181,2181
290710,2002,0,2145,2145
290710,2003,0,1845,1845
290710,2004,0,2605,2605
290710,2005,0,3325,3325
290710,2006,0,2606,2606
290710,2007,0,3006,3006
290710,2008,0,2876,2876
290710,2009,0,2926,2926
290710,2010,0,3040,3040
290710,2011,0,3530,3530
290710,2012,0,4780,4780
290710,2013,0,5835,5835
290710,2014,0,4736,4736
290710,2015,0,4943,4943
290710,2016,0,2283,2283
290710,2017,150,5186,5036
290710,2018,150,4193,4043
290710,2019,120,4093,3973
290710,2020,150,3774,3624
290710,2021,158,3676,3518
290720,1988,0,5954,5954
290720,1989,0,4668,4668
290720,1990,0,4595,4595
290720,1991,0,5518,5518
290720,1992,0,4905,4905
290720,1993,0,6998,6998
290720,1994,0,6369,6369
290720,1995,0,8209,8209
290720,1996,0,6479,6479
290720,1997,0,7292,7292
290720,1998,0,6963,6963
290720,1999,0,6522,6522
290720,2000,0,5574,5574
290720,2001,0,4713,4713
290720,2002,0,5667,5667
290720,2003,0,4868,4868
290720,2004,0,5148,5148
290720,2005,0,5968,5968
290720,2006,0,9762,9762
290720,2007,0,11025,11025
290720,2008,0,12722,12722
290720,2009,0,11308,11308
290720,2010,0,10546,10546
290720,2011,0,9597,9597
290720,2012,0,10060,10060
290720,2013,0,6884,6884
290720,2014,0,11806,11806
290720,2015,0,6586,6586
290720,2016,0,9036,9036
290720,2017,0,9390,9390
290720,2018,0,8945,8945
290720,2019,0,10283,10283
290720,2020,0,10829,10829
290720,2021,0,10665,10665
290730,1988,0,3579,3579
290730,1989,0,4871,4871
290730,1990,0,4049,4049
290730,1991,0,3509,3509
290730,1992,0,3336,3336
290730,1993,0,2663,2663
290730,1994,0,2620,2620
290730,1995,0,2865,2865
290730,1996,0,3268,3268
290730,1997,0,3477,3477
290730,1998,0,2314,2314
290730,1999,0,3050,3050
290730,2000,0,3197,3197
290730,2001,0,2947,2947
290730,2002,0,3207,3207
290730,2003,0,3240,3240
290730,2004,0,2787,2787
290730,2005,0,3358,3358
290730,2006,0,2801,2801
290730,2007,0,2863,2863
290730,2008,0,3207,3207
290730,2009,0,2926,2926
290730,2010,0,2683,2683
290730,2011,0,2410,2410
290730,2012,0,1900,1900
290730,2013,0,2019,2019
290730,2014,0,1607,1607
290730,2015,0,1705,1705
290730,2016,0,1675,1675
290730,2017,0,1537,1537
290730,2018,0,1257,1257
290730,2019,0,1299,1299
290730,2020,0,1323,1323
290730,2021,0,1344,1344
290740,1988,800,1830,1030
290740,1989,0,1025,1025
290740,1990,0,1193,1193
290740,1991,0,924,924
290740,1992,0,826,826
290740,1993,0,726,726
290740,1994,0,829,829
290740,1995,0,904,904
290740,1996,0,928,928
290740,1997,0,967,967
290740,1998,0,922,922
290740,1999,0,907,907
290740,2000,0,1284,1284
290740,2001,0,1130,1130
290740,2002,0,1025,1025
290740,2003,0,929,929
290740,2004,0,857,857
290740,2005,0,864,864
290740,2006,0,704,704
290740,2007,0,724,724
290740,2008,0,778,778
290740,2009,0,906,906
290740,2010,0,798,798
290740,2011,0,843,843
290740,2012,0,877,877
290740,2013,0,696,696
290740,2014,0,897,897
290740,2015,0,877,877
290740,2016,0,709,709
290740,2017,0,389,389
290740,2018,0,458,458
290740,2019,0,558,558
290740,2020,0,459,459
290740,2021,0,451,451
290750,1988,0,267,267
290750,1989,0,679,679
290750,1990,0,701,701
290750,1991,0,693,693
290750,1992,0,946,946
290750,1993,0,906,906
290750,1994,0,1006,1006
290750,1995,0,1003,1003
290750,1996,0,1004,1004
290750,1997,0,1003,1003
290750,1998,0,1332,1332
290750,1999,0,1175,1175
290750,2000,0,1073,1073
290750,2001,0,1000,1000
290750,2002,0,1188,1188
290750,2003,0,903,903
290750,2004,0,915,915
290750,2005,0,746,746
290750,2006,0,1007,1007
290750,2007,0,1141,1141
290750,2008,0,1237,1237
290750,2009,0,904,904
290750,2010,0,1014,1014
290750,2011,0,961,961
290750,2012,0,1507,1507
290750,2013,0,1298,1298
290750,2014,0,1298,1298
290750,2015,0,1136,1136
290750,2016,0,703,703
290750,2017,0,845,845
290750,2018,0,453,453
290750,2019,0,452,452
290750,2020,0,466,466
290750,2021,0,463,463
290755,1988,0,0,0
290755,1989,0,0,0
290755,1990,0,2209,2209
290755,1991,0,2366,2366
290755,1992,0,2178,2178
290755,1993,0,1528,1528
290755,1994,0,637,637
290755,1995,0,603,603
290755,1996,0,4604,4604
290755,1997,0,5568,5568
290755,1998,0,3343,3343
290755,1999,0,3654,3654
290755,2000,0,1559,1559
290755,2001,0,3669,3669
290755,2002,0,3633,3633
290755,2003,0,3472,3472
290755,2004,0,2537,2537
290755,2005,0,2172,2172
290755,2006,0,2167,2167
290755,2007,0,3319,3319
290755,2008,0,737,737
290755,2009,0,2677,2677
290755,2010,0,2415,2415
290755,2011,0,1935,1935
290755,2012,0,2921,2921
290755,2013,0,2308,2308
290755,2014,0,2890,2890
290755,2015,0,2845,2845
290755,2016,0,2845,2845
290755,2017,0,1823,1823
290755,2018,0,1568,1568
290755,2019,0,1463,1463
290755,2020,0,1736,1736
290755,2021,0,1630,1630
290760,1988,0,40806,40806
290760,1989,0,26670,26670
290760,1990,0,29871,29871
290760,1991,0,24185,24185
290760,1992,0,42383,42383
290760,1993,0,49078,49078
290760,1994,0,33638,33638
290760,1995,0,18416,18416
290760,1996,0,12103,12103
290760,1997,0,11227,11227
290760,1998,0,12676,12676
290760,1999,0,39541,39541
290760,2000,0,18708,18708
290760,2001,0,20815,20815
290760,2002,0,17120,17120
290760,2003,0,22850,22850
290760,2004,0,27465,27465
290760,2005,0,27270,27270
290760,2006,0,23164,23164
290760,2007,0,20767,20767
290760,2008,0,14305,14305
290760,2009,0,32159,32159
290760,2010,0,14275,14275
290760,2011,0,24430,24430
290760,2012,0,15009,15009
290760,2013,0,5745,5745
290760,2014,0,22754,22754
290760,2015,0,23374,23374
290760,2016,0,22374,22374
290760,2017,0,8426,8426
290760,2018,0,5408,5408
290760,2019,0,4563,4563
290760,2020,0,3491,3491
290760,2021,0,3181,3181
290770,1988,0,1195,1195
290770,1989,0,1270,1270
290770,1990,0,802,802
290770,1991,0,526,526
290770,1992,0,603,603
290770,1993,0,610,610
290770,1994,0,293,293
290770,1995,0,610,610
290770,1996,0,583,583
290770,1997,0,762,762
290770,1998,0,415,415
290770,1999,0,160,160
290770,2000,0,145,145
290770,2001,0,125,125
290770,2002,0,125,125
290770,2003,0,385,385
290770,2004,0,540,540
290770,2005,0,408,408
290770,2006,0,706,706
290770,2007,0,334,334
290770,2008,0,543,543
290770,2009,0,471,471
290770,2010,0,452,452
290770,2011,0,948,948
290770,2012,0,1029,1029
290770,2013,0,1,1
290770,2014,0,200,200
290770,2015,0,200,200
290770,2016,0,200,200
290770,2017,0,284,284
290770,2018,0,422,422
290770,2019,0,398,398
290770,2020,0,446,446
290770,2021,0,422,422
290780,1988,0,26299,26299
290780,1989,0,24413,24413
290780,1990,0,16781,16781
290780,1991,0,23295,23295
290780,1992,0,12800,12800
290780,1993,0,2770,2770
290780,1994,0,16912,16912
290780,1995,0,14412,14412
290780,1996,0,13917,13917
290780,1997,0,16842,16842
290780,1998,0,15873,15873
290780,1999,0,19600,19600
290780,2000,0,18860,18860
290780,2001,0,13472,13472
290780,2002,0,15875,15875
290780,2003,0,15550,15550
290780,2004,0,16660,16660
290780,2005,0,16828,16828
290780,2006,0,17518,17518
290780,2007,0,18828,18828
290780,2008,0,17610,17610
290780,2009,0,18220,18220
290780,2010,0,16108,16108
290780,2011,0,17339,17339
290780,2012,0,11835,11835
290780,2013,0,16040,16040
290780,2014,0,16070,16070
290780,2015,0,12225,12225
290780,2016,0,12135,12135
290780,2017,0,12697,12697
290780,2018,0,11324,11324
290780,2019,0,12966,12966
290780,2020,0,14344,14344
290780,2021,0,14530,14530
290790,1988,0,4250,4250
290790,1989,0,4542,4542
290790,1990,0,2260,2260
290790,1991,0,4255,4255
290790,1992,0,2280,2280
290790,1993,0,165,165
290790,1994,0,3325,3325
290790,1995,0,1705,1705
290790,1996,0,4555,4555
290790,1997,0,3640,3640
290790,1998,0,3140,3140
290790,1999,0,2620,2620
290790,2000,0,2715,2715
290790,2001,0,1130,1130
290790,2002,0,2322,2322
290790,2003,0,2570,2570
290790,2004,0,2625,2625
290790,2005,0,2635,2635
290790,2006,0,2475,2475
290790,2007,0,2527,2527
290790,2008,0,2285,2285
290790,2009,0,2355,2355
290790,2010,0,1880,1880
290790,2011,0,2120,2120
290790,2012,0,605,605
290790,2013,0,2020,2020
290790,2014,0,2040,2040
290790,2015,0,2008,2008
290790,2016,0,2008,2008
290790,2017,0,1229,1229
290790,2018,0,477,477
290790,2019,0,498,498
290790,2020,0,452,452
290790,2021,0,457,457
290800,1988,0,8050,8050
290800,1989,0,7023,7023
290800,1990,0,6930,6930
290800,1991,0,6939,6939
290800,1992,0,12103,12103
290800,1993,0,11713,11713
290800,1994,0,11683,11683
290800,1995,0,10736,10736
290800,1996,0,10630,10630
290800,1997,0,10876,10876
290800,1998,0,10703,10703
290800,1999,0,9874,9874
290800,2000,0,9098,9098
290800,2001,0,8623,8623
290800,2002,0,9198,9198
290800,2003,0,9134,9134
290800,2004,0,5155,5155
290800,2005,0,12466,12466
290800,2006,0,11466,11466
290800,2007,0,8959,8959
290800,2008,0,9002,9002
290800,2009,0,8609,8609
290800,2010,0,7240,7240
290800,2011,0,5477,5477
290800,2012,0,5230,5230
290800,2013,0,8053,8053
290800,2014,0,5324,5324
290800,2015,0,8252,8252
290800,2016,0,8343,8343
290800,2017,0,5711,5711
290800,2018,0,4913,4913
290800,2019,0,4841,4841
290800,2020,0,4732,4732
290800,2021,0,4753,4753
290810,1988,0,5396,5396
290810,1989,0,5689,5689
290810,1990,0,1286,1286
290810,1991,0,1951,1951
290810,1992,0,3346,3346
290810,1993,0,7064,7064
290810,1994,0,6846,6846
290810,1995,0,6172,6172
290810,1996,0,7189,7189
290810,1997,0,6193,6193
290810,1998,0,6530,6530
290810,1999,0,8423,8423
290810,2000,0,9947,9947
290810,2001,0,9091,9091
290810,2002,0,12042,12042
290810,2003,0,11821,11821
290810,2004,0,13965,13965
290810,2005,1000,14939,13939
290810,2006,1000,11647,10647
290810,2007,13043,32160,19117
290810,2008,12500,31775,19275
290810,2009,13000,31057,18057
290810,2010,12720,26557,13837
290810,2011,19200,33560,14360
290810,2012,20100,42033,21933
290810,2013,21458,34881,13423
290810,2014,21458,37776,16318
290810,2015,21458,34906,13448
290810,2016,12413,25968,13555
290810,2017,15500,38123,22623
290810,2018,15940,36142,20202
290810,2019,15414,31592,16178
290810,2020,17000,34870,17870
290810,2021,22000,47377,25377
290820,1988,0,1484,1484
290820,1989,0,1987,1987
290820,1990,0,1969,1969
290820,1991,0,1869,1869
290820,1992,0,1000,1000
290820,1993,0,989,989
290820,1994,0,1015,1015
290820,1995,0,1050,1050
290820,1996,0,1301,1301
290820,1997,0,1177,1177
290820,1998,0,1199,1199
290820,1999,0,1174,1174
290820,2000,0,1199,1199
290820,2001,0,776,776
290820,2002,0,714,714
290820,2003,0,746,746
290820,2004,0,1051,1051
290820,2005,0,1044,1044
290820,2006,0,1080,1080
290820,2007,0,1008,1008
290820,2008,0,999,999
290820,2009,0,819,819
290820,2010,0,888,888
290820,2011,0,870,870
290820,2012,0,937,937
290820,2013,0,857,857
290820,2014,0,1032,1032
290820,2015,0,1123,1123
290820,2016,0,1007,1007
290820,2017,0,533,533
290820,2018,0,450,450
290820,2019,0,461,461
290820,2020,0,480,480
290820,2021,0,473,473
290830,1988,0,2844,2844
290830,1989,0,3031,3031
290830,1990,0,2016,2016
290830,1991,0,2033,2033
290830,1992,0,2600,2600
290830,1993,0,2540,2540
290830,1994,0,2334,2334
290830,1995,0,2686,2686
290830,1996,0,2818,2818
290830,1997,0,2948,2948
290830,1998,0,2602,2602
290830,1999,0,2714,2714
290830,2000,0,2865,2865
290830,2001,0,2876,2876
290830,2002,0,2893,2893
290830,2003,0,2906,2906
290830,2004,0,2905,2905
290830,2005,0,2934,2934
290830,2006,0,2812,2812
290830,2007,0,2952,2952
290830,2008,0,2695,2695
290830,2009,0,2373,2373
290830,2010,0,1970,1970
290830,2011,0,1867,1867
290830,2012,0,1840,1840
290830,2013,0,1706,1706
290830,2014,0,1407,1407
290830,2015,0,1482,1482
290830,2016,0,1457,1457
290830,2017,0,1294,1294
290830,2018,0,1246,1246
290830,2019,0,1232,1232
290830,2020,0,1178,1178
290830,2021,0,1162,1162
290840,1988,0,34622,34622
290840,1989,0,30034,30034
290840,1990,0,23213,23213
290840,1991,0,24966,24966
290840,1992,0,28415,28415
290840,1993,0,23773,23773
290840,1994,0,13690,13690
290840,1995,0,14923,14923
290840,1996,0,14693,14693
290840,1997,0,15194,15194
290840,1998,0,14481,14481
290840,1999,0,27679,27679
290840,2000,0,22334,22334
290840,2001,0,25035,25035
290840,2002,0,21719,21719
290840,2003,0,23223,23223
290840,2004,0,24419,24419
290840,2005,0,23414,23414
290840,2006,0,23616,23616
290840,2007,0,23818,23818
290840,2008,0,25100,25100
290840,2009,0,25470,25470
290840,2010,0,23500,23500
290840,2011,0,25500,25500
290840,2012,0,27600,27600
290840,2013,0,28476,28476
290840,2014,0,17860,17860
290840,2015,0,21022,21022
290840,2016,0,19324,19324
290840,2017,0,15783,15783
290840,2018,0,15273,15273
290840,2019,0,15607,15607
290840,2020,0,16440,16440
290840,2021,0,15833,15833
290850,1988,0,1389,1389
290850,1989,0,1305,1305
290850,1990,0,982,982
290850,1991,0,778,778
290850,1992,0,1273,1273
290850,1993,0,1316,1316
290850,1994,0,1109,1109
290850,1995,0,1541,1541
290850,1996,0,1866,1866
290850,1997,0,1966,1966
290850,1998,0,1864,1864
290850,1999,0,1707,1707
290850,2000,0,1001,1001
290850,2001,0,1058,1058
290850,2002,0,1276,1276
290850,2003,0,1492,1492
290850,2004,0,1597,1597
290850,2005,0,2095,2095
290850,2006,0,2537,2537
290850,2007,0,2300,2300
290850,2008,0,1392,1392
290850,2009,0,1505,1505
290850,2010,0,1660,1660
290850,2011,0,1370,1370
290850,2012,0,28,28
290850,2013,0,1050,1050
290850,2014,0,1050,1050
290850,2015,0,400,400
290850,2016,0,180,180
290850,2017,0,1150,1150
290850,2018,0,730,730
290850,2019,0,862,862
290850,2020,0,728,728
290850,2021,0,744,744
290860,1988,0,7570,7570
290860,1989,0,7590,7590
290860,1990,0,11615,11615
290860,1991,0,11531,11531
290860,1992,0,11596,11596
290860,1993,0,12103,12103
290860,1994,0,13708,13708
290860,1995,0,13708,13708
290860,1996,0,13699,13699
290860,1997,0,13691,13691
290860,1998,0,13869,13869
290860,1999,0,13867,13867
290860,2000,0,13918,13918
290860,2001,0,13894,13894
290860,2002,0,13895,13895
290860,2003,0,14017,14017
290860,2004,0,15402,15402
290860,2005,0,15923,15923
290860,2006,0,15978,15978
290860,2007,0,15900,15900
290860,2008,0,15960,15960
290860,2009,0,15893,15893
290860,2010,0,14366,14366
290860,2011,0,14833,14833
290860,2012,0,15043,15043
290860,2013,0,14718,14718
290860,2014,0,15118,15118
290860,2015,0,16333,16333
290860,2016,0,16053,16053
290860,2017,0,14122,14122
290860,2018,0,14272,14272
290860,2019,0,11242,11242
290860,2020,0,11307,11307
290860,2021,0,11140,11140
290870,1988,0,9949,9949
290870,1989,0,14930,14930
290870,1990,0,9590,9590
290870,1991,0,9465,9465
290870,1992,0,6175,6175
290870,1993,0,2210,2210
290870,1994,0,5572,5572
290870,1995,0,3722,3722
290870,1996,0,2485,2485
290870,1997,0,3943,3943
290870,1998,0,3623,3623
290870,1999,0,4058,4058
290870,2000,0,3990,3990
290870,2001,0,4269,4269
290870,2002,0,4400,4400
290870,2003,0,3860,3860
290870,2004,0,3015,3015
290870,2005,0,2030,2030
290870,2006,0,4098,4098
290870,2007,0,3658,3658
290870,2008,0,3828,3828
290870,2009,0,2593,2593
290870,2010,0,7273,7273
290870,2011,0,7348,7348
290870,2012,0,2498,2498
290870,2013,0,2568,2568
290870,2014,0,2828,2828
290870,2015,0,2488,2488
290870,2016,0,2488,2488
290870,2017,0,1944,1944
290870,2018,0,1435,1435
290870,2019,0,1463,1463
290870,2020,0,1145,1145
290870,2021,0,1233,1233
290880,1988,0,4124,4124
290880,1989,0,2588,2588
290880,1990,0,1522,1522
290880,1991,0,1080,1080
290880,1992,0,3225,3225
290880,1993,0,3225,3225
290880,1994,0,3796,3796
290880,1995,0,2881,2881
290880,1996,0,871,871
290880,1997,0,536,536
290880,1998,0,425,425
290880,1999,0,429,429
290880,2000,0,550,550
290880,2001,0,670,670
290880,2002,0,830,830
290880,2003,0,990,990
290880,2004,0,812,812
290880,2005,0,822,822
290880,2006,0,1284,1284
290880,2007,0,1300,1300
290880,2008,0,1025,1025
290880,2009,0,1079,1079
290880,2010,0,1309,1309
290880,2011,0,1277,1277
290880,2012,0,966,966
290880,2013,0,870,870
290880,2014,0,886,886
290880,2015,0,1139,1139
290880,2016,0,998,998
290880,2017,0,1133,1133
290880,2018,0,879,879
290880,2019,0,942,942
290880,2020,0,641,641
290880,2021,0,1131,1131
290890,1988,0,3592,3592
290890,1989,0,2966,2966
290890,1990,0,2692,2692
290890,1991,0,2558,2558
290890,1992,0,2531,2531
290890,1993,0,315,315
290890,1994,0,2786,2786
290890,1995,0,1822,1822
290890,1996,0,2509,2509
290890,1997,0,2956,2956
290890,1998,0,3205,3205
290890,1999,0,2460,2460
290890,2000,0,1931,1931
290890,2001,0,2142,2142
290890,2002,0,2101,2101
290890,2003,0,3392,3392
290890,2004,0,2878,2878
290890,2005,0,3766,3766
290890,2006,0,7702,7702
290890,2007,0,7094,7094
290890,2008,0,7448,7448
290890,2009,0,6283,6283
290890,2010,0,6665,6665
290890,2011,0,5049,5049
290890,2012,0,2444,2444
290890,2013,0,1212,1212
290890,2014,0,2350,2350
290890,2015,0,2800,2800
290890,2016,0,1790,1790
290890,2017,0,2350,2350
290890,2018,0,2000,2000
290890,2019,0,2180,2180
290890,2020,0,1990,1990
290890,2021,0,2011,2011
290900,1988,0,5294,5294
290900,1989,0,6120,6120
290900,1990,0,5000,5000
290900,1991,0,5775,5775
290900,1992,0,3359,3359
290900,1993,0,1904,1904
290900,1994,0,2339,2339
290900,1995,0,1796,1796
290900,1996,0,1493,1493
290900,1997,0,2617,2617
290900,1998,0,2336,2336
290900,1999,0,2454,2454
290900,2000,0,2442,2442
290900,2001,0,2255,2255
290900,2002,0,1200,1200
290900,2003,0,1270,1270
290900,2004,0,1285,1285
290900,2005,0,890,890
290900,2006,0,1475,1475
290900,2007,0,1665,1665
290900,2008,0,1560,1560
290900,2009,0,1072,1072
290900,2010,0,1162,1162
290900,2011,0,1267,1267
290900,2012,0,1130,1130
290900,2013,0,1050,1050
290900,2014,0,1270,1270
290900,2015,0,1260,1260
290900,2016,0,1260,1260
290900,2017,0,1140,1140
290900,2018,0,728,728
290900,2019,0,737,737
290900,2020,0,665,665
290900,2021,0,708,708
290910,1988,0,4571,4571
290910,1989,0,5795,5795
290910,1990,0,1518,1518
290910,1991,0,2486,2486
290910,1992,0,4657,4657
290910,1993,0,5508,5508
290910,1994,0,2999,2999
290910,1995,0,3016,3016
290910,1996,0,4152,4152
290910,1997,0,2806,2806
290910,1998,0,4924,4924
290910,1999,0,5974,5974
290910,2000,0,6194,6194
290910,2001,0,7510,7510
290910,2002,0,8324,8324
290910,2003,0,8676,8676
290910,2004,0,6395,6395
290910,2005,0,4221,4221
290910,2006,0,4819,4819
290910,2007,0,4378,4378
290910,2008,0,6315,6315
290910,2009,0,6050,6050
290910,2010,0,7000,7000
290910,2011,0,7099,7099
290910,2012,0,4723,4723
290910,2013,0,4197,4197
290910,2014,0,4578,4578
290910,2015,0,4578,4578
290910,2016,0,4422,4422
290910,2017,0,1160,1160
290910,2018,0,1215,1215
290910,2019,0,1878,1878
290910,2020,0,1930,1930
290910,2021,0,1900,1900
290920,1988,0,7465,7465
290920,1989,0,6633,6633
290920,1990,0,4696,4696
290920,1991,0,8142,8142
290920,1992,0,8038,8038
290920,1993,0,3967,3967
290920,1994,0,7570,7570
290920,1995,0,11810,11810
290920,1996,0,13511,13511
290920,1997,0,14630,14630
290920,1998,0,11550,11550
290920,1999,0,19540,19540
290920,2000,0,26700,26700
290920,2001,0,27166,27166
290920,2002,0,33030,33030
290920,2003,0,31600,31600
290920,2004,0,29600,29600
290920,2005,0,27900,27900
290920,2006,0,19750,19750
290920,2007,0,15530,15530
290920,2008,0,18100,18100
290920,2009,0,27300,27300
290920,2010,0,27300,27300
290920,2011,0,27300,27300
290920,2012,0,13900,13900
290920,2013,0,13250,13250
290920,2014,0,8730,8730
290920,2015,0,7665,7665
290920,2016,0,12000,12000
290920,2017,0,12600,12600
290920,2018,0,11501,11501
290920,2019,0,5000,5000
290920,2020,0,6000,6000
290920,2021,0,6000,6000
290930,1988,40000,42518,2518
290930,1989,53150,57709,4559
290930,1990,75000,78239,3239
290930,1991,50000,54588,4588
290930,1992,72321,100484,28163
290930,1993,91475,142030,50555
290930,1994,85922,116842,30920
290930,1995,65878,113726,47848
290930,1996,65465,93874,28409
290930,1997,68148,114460,46312
290930,1998,66402,103194,36792
290930,1999,67200,107936,40736
290930,2000,60056,103437,43381
290930,2001,69480,107508,38028
290930,2002,80000,107583,27583
290930,2003,85500,121200,35700
290930,2004,98325,158867,60542
290930,2005,103043,149413,46370
290930,2006,103043,146964,43921
290930,2007,101000,148965,47965
290930,2008,100000,163178,63178
290930,2009,99500,168587,69087
290930,2010,101000,157435,56435
290930,2011,110000,182677,72677
290930,2012,115745,199238,83493
290930,2013,131314,195076,63762
290930,2014,131314,225182,93868
290930,2015,190000,253250,63250
290930,2016,200000,296231,96231
290930,2017,172200,251218,79018
290930,2018,177841,267887,90046
290930,2019,176100,266882,90782
290930,2020,193100,274501,81401
290930,2021,198000,278631,80631
290940,1988,2000,4864,2864
290940,1989,0,1364,1364
290940,1990,0,1534,1534
290940,1991,0,2240,2240
290940,1992,0,2410,2410
290940,1993,0,1664,1664
290940,1994,0,1981,1981
290940,1995,0,1971,1971
290940,1996,0,1943,1943
290940,1997,0,1976,1976
290940,1998,0,1935,1935
290940,1999,0,1863,1863
290940,2000,0,1858,1858
290940,2001,0,1686,1686
290940,2002,0,1523,1523
290940,2003,0,1361,1361
290940,2004,0,1301,1301
290940,2005,0,1512,1512
290940,2006,0,1359,1359
290940,2007,0,1372,1372
290940,2008,0,1520,1520
290940,2009,0,1825,1825
290940,2010,0,1971,1971
290940,2011,0,1943,1943
290940,2012,0,1959,1959
290940,2013,0,9037,9037
290940,2014,0,11075,11075
290940,2015,0,10270,10270
290940,2016,0,8334,8334
290940,2017,194,4431,4237
290940,2018,200,4290,4090
290940,2019,200,3733,3533
290940,2020,100,3738,3638
290940,2021,200,4706,4506
290950,1988,0,4942,4942
290950,1989,0,3803,3803
290950,1990,0,3718,3718
290950,1991,0,3763,3763
290950,1992,0,3567,3567
290950,1993,0,2279,2279
290950,1994,0,1232,1232
290950,1995,0,1075,1075
290950,1996,0,1195,1195
290950,1997,0,1920,1920
290950,1998,0,1737,1737
290950,1999,0,1689,1689
290950,2000,0,1145,1145
290950,2001,0,1394,1394
290950,2002,0,1367,1367
290950,2003,0,1432,1432
290950,2004,0,1377,1377
290950,2005,0,1403,1403
290950,2006,0,1355,1355
290950,2007,0,1389,1389
290950,2008,0,1389,1389
290950,2009,0,1261,1261
290950,2010,0,1220,1220
290950,2011,0,1303,1303
290950,2012,0,1551,1551
290950,2013,0,1596,1596
290950,2014,0,1433,1433
290950,2015,0,1391,1391
290950,2016,0,1360,1360
290950,2017,0,218,218
290950,2018,0,240,240
290950,2019,0,271,271
290950,2020,0,252,252
290950,2021,0,257,257
290960,1988,0,915,915
290960,1989,0,1010,1010
290960,1990,0,1135,1135
290960,1991,0,1195,1195
290960,1992,0,1745,1745
290960,1993,0,1745,1745
290960,1994,0,7095,7095
290960,1995,0,8458,8458
290960,1996,0,9279,9279
290960,1997,0,13343,13343
290960,1998,0,11360,11360
290960,1999,0,13358,13358
290960,2000,0,10411,10411
290960,2001,0,10355,10355
290960,2002,0,10865,10865
290960,2003,0,11875,11875
290960,2004,0,11875,11875
290960,2005,0,11874,11874
290960,2006,0,13473,13473
290960,2007,0,12924,12924
290960,2008,0,15074,15074
290960,2009,0,13524,13524
290960,2010,0,13415,13415
290960,2011,0,13080,13080
290960,2012,0,8114,8114
290960,2013,0,6319,6319
290960,2014,0,6319,6319
290960,2015,0,6147,6147
290960,2016,0,7042,7042
290960,2017,0,6827,6827
290960,2018,0,6011,6011
290960,2019,0,5734,5734
290960,2020,0,5149,5149
290960,2021,0,5648,5648
290970,1988,2400,6516,4116
290970,1989,0,2887,2887
290970,1990,0,2813,2813
290970,1991,0,3024,3024
290970,1992,0,1201,1201
290970,1993,0,1280,1280
290970,1994,0,2400,2400
290970,1995,0,1930,1930
290970,1996,0,1635,1635
290970,1997,0,1507,1507
290970,1998,0,1432,1432
290970,1999,0,1320,1320
290970,2000,0,1794,1794
290970,2001,0,1762,1762
290970,2002,300,1918,1618
290970,2003,0,1181,1181
290970,2004,0,1123,1123
290970,2005,400,1755,1355
290970,2006,400,2135,1735
290970,2007,400,2005,1605
290970,2008,0,1635,1635
290970,2009,0,1621,1621
290970,2010,0,1841,1841
290970,2011,0,1758,1758
290970,2012,0,1674,1674
290970,2013,0,12207,12207
290970,2014,0,13864,13864
290970,2015,0,13144,13144
290970,2016,0,13312,13312
290970,2017,0,3740,3740
290970,2018,0,3915,3915
290970,2019,0,3465,3465
290970,2020,0,2364,2364
290970,2021,0,3350,3350
290980,1988,0,5935,5935
290980,1989,0,7169,7169
290980,1990,0,6911,6911
290980,1991,0,6946,6946
290980,1992,0,6986,6986
290980,1993,0,5746,5746
290980,1994,0,5577,5577
290980,1995,0,6049,6049
290980,1996,0,6229,6229
290980,1997,0,6502,6502
290980,1998,0,5960,5960
290980,1999,0,6255,6255
290980,2000,0,6509,6509
290980,2001,0,6549,6549
290980,2002,0,7155,7155
290980,2003,0,7216,7216
290980,2004,0,7219,7219
290980,2005,0,7261,7261
290980,2006,0,7517,7517
290980,2007,0,7314,7314
290980,2008,0,7131,7131
290980,2009,0,5379,5379
290980,2010,0,6300,6300
290980,2011,0,5433,5433
290980,2012,0,5696,5696
290980,2013,0,5465,5465
290980,2014,0,5110,5110
290980,2015,0,7117,7117
290980,2016,0,5022,5022
290980,2017,0,2505,2505
290980,2018,0,2625,2625
290980,2019,0,2574,2574
290980,2020,0,2398,2398
290980,2021,0,2540,2540
290990,1988,0,3664,3664
290990,1989,0,3270,3270
290990,1990,0,3239,3239
290990,1991,0,3429,3429
290990,1992,0,3079,3079
290990,1993,0,4610,4610
290990,1994,0,3856,3856
290990,1995,0,4770,4770
290990,1996,0,3866,3866
290990,1997,0,4346,4346
290990,1998,0,3474,3474
290990,1999,0,3035,3035
290990,2000,0,3444,3444
290990,2001,0,2232,2232
290990,2002,0,2931,2931
290990,2003,0,5503,5503
290990,2004,0,5695,5695
290990,2005,0,4408,4408
290990,2006,0,5877,5877
290990,2007,0,6411,6411
290990,2008,0,5192,5192
290990,2009,0,5163,5163
290990,2010,0,3992,3992
290990,2011,0,4489,4489
290990,2012,0,4900,4900
290990,2013,0,3827,3827
290990,2014,0,3168,3168
290990,2015,0,3268,3268
290990,2016,0,3268,3268
290990,2017,0,4405,4405
290990,2018,0,4175,4175
290990,2019,0,5442,5442
290990,2020,0,5015,5015
290990,2021,0,5413,5413
291000,1988,0,3230,3230
291000,1989,0,3231,3231
291000,1990,0,3555,3555
291000,1991,0,3592,3592
291000,1992,0,6209,6209
291000,1993,0,6111,6111
291000,1994,0,6313,6313
291000,1995,0,6414,6414
291000,1996,0,6378,6378
291000,1997,0,6223,6223
291000,1998,0,6499,6499
291000,1999,0,6751,6751
291000,2000,0,6211,6211
291000,2001,0,7310,7310
291000,2002,0,7410,7410
291000,2003,0,8064,8064
291000,2004,0,8837,8837
291000,2005,0,8946,8946
291000,2006,0,9069,9069
291000,2007,0,9104,9104
291000,2008,0,8296,8296
291000,2009,0,7483,7483
291000,2010,0,6838,6838
291000,2011,0,6859,6859
291000,2012,0,6761,6761
291000,2013,0,7176,7176
291000,2014,0,7168,7168
291000,2015,0,7223,7223
291000,2016,0,7331,7331
291000,2017,0,3733,3733
291000,2018,0,3829,3829
291000,2019,0,3829,3829
291000,2020,0,3825,3825
291000,2021,0,3812,3812
291005,1988,0,162,162
291005,1989,0,138,138
291005,1990,0,209,209
291005,1991,0,207,207
291005,1992,0,115,115
291005,1993,0,115,115
291005,1994,0,182,182
291005,1995,0,182,182
291005,1996,0,161,161
291005,1997,0,76,76
291005,1998,0,109,109
291005,1999,0,370,370
291005,2000,0,456,456
291005,2001,0,498,498
291005,2002,0,268,268
291005,2003,0,174,174
291005,2004,0,175,175
291005,2005,0,215,215
291005,2006,0,249,249
291005,2007,0,189,189
291005,2008,0,139,139
291005,2009,0,128,128
291005,2010,0,239,239
291005,2011,0,273,273
291005,2012,0,198,198
291005,2013,0,294,294
291005,2014,0,316,316
291005,2015,0,345,345
291005,2016,0,439,439
291005,2017,0,88,88
291005,2018,0,38,38
291005,2019,0,40,40
291005,2020,0,40,40
291005,2021,0,58,58
291010,1988,0,2470,2470
291010,1989,0,2980,2980
291010,1990,0,2510,2510
291010,1991,0,2460,2460
291010,1992,0,2530,2530
291010,1993,0,2461,2461
291010,1994,0,1554,1554
291010,1995,0,2095,2095
291010,1996,0,1150,1150
291010,1997,0,3460,3460
291010,1998,0,3574,3574
291010,1999,0,4780,4780
291010,2000,0,4170,4170
291010,2001,0,4380,4380
291010,2002,0,4610,4610
291010,2003,0,4165,4165
291010,2004,0,6245,6245
291010,2005,0,5820,5820
291010,2006,0,7150,7150
291010,2007,0,7015,7015
291010,2008,0,9740,9740
291010,2009,0,9788,9788
291010,2010,0,13755,13755
291010,2011,0,10885,10885
291010,2012,0,10870,10870
291010,2013,0,10870,10870
291010,2014,0,12012,12012
291010,2015,0,11795,11795
291010,2016,0,9100,9100
291010,2017,0,3185,3185
291010,2018,0,2691,2691
291010,2019,0,2426,2426
291010,2020,0,2655,2655
291010,2021,0,2703,2703
291020,1988,0,862,862
291020,1989,0,893,893
291020,1990,0,903,903
291020,1991,0,887,887
291020,1992,0,954,954
291020,1993,0,581,581
291020,1994,0,692,692
291020,1995,0,620,620
291020,1996,0,749,749
291020,1997,0,866,866
291020,1998,0,932,932
291020,1999,0,799,799
291020,2000,0,812,812
291020,2001,0,792,792
291020,2002,0,1110,1110
291020,2003,0,1127,1127
291020,2004,0,1169,1169
291020,2005,0,1183,1183
291020,2006,0,1233,1233
291020,2007,0,1223,1223
291020,2008,0,1308,1308
291020,2009,0,1003,1003
291020,2010,0,961,961
291020,2011,0,917,917
291020,2012,0,897,897
291020,2013,0,1363,1363
291020,2014,0,1148,1148
291020,2015,0,1148,1148
291020,2016,0,1148,1148
291020,2017,0,375,375
291020,2018,0,255,255
291020,2019,0,252,252
291020,2020,0,322,322
291020,2021,0,323,323
291030,1988,0,1223,1223
291030,1989,0,1107,1107
291030,1990,0,1938,1938
291030,1991,0,1077,1077
291030,1992,0,1238,1238
291030,1993,0,1055,1055
291030,1994,0,1207,1207
291030,1995,0,1062,1062
291030,1996,0,1010,1010
291030,1997,0,1049,1049
291030,1998,0,952,952
291030,1999,0,1210,1210
291030,2000,0,1130,1130
291030,2001,0,1024,1024
291030,2002,0,1393,1393
291030,2003,0,1388,1388
291030,2004,0,1353,1353
291030,2005,0,1404,1404
291030,2006,0,2530,2530
291030,2007,0,2348,2348
291030,2008,0,855,855
291030,2009,0,927,927
291030,2010,0,905,905
291030,2011,0,882,882
291030,2012,0,831,831
291030,2013,0,999,999
291030,2014,0,823,823
291030,2015,0,823,823
291030,2016,0,834,834
291030,2017,0,1017,1017
291030,2018,0,1019,1019
291030,2019,0,1019,1019
291030,2020,0,1012,1012
291030,2021,0,1017,1017
291040,1988,0,6259,6259
291040,1989,0,9600,9600
291040,1990,0,7045,7045
291040,1991,0,7920,7920
291040,1992,0,13771,13771
291040,1993,0,8444,8444
291040,1994,0,9244,9244
291040,1995,0,7564,7564
291040,1996,0,6346,6346
291040,1997,0,6613,6613
291040,1998,0,8071,8071
291040,1999,0,8124,8124
291040,2000,0,8348,8348
291040,2001,0,9203,9203
291040,2002,0,8550,8550
291040,2003,0,7570,7570
291040,2004,0,5090,5090
291040,2005,0,4910,4910
291040,2006,0,15765,15765
291040,2007,0,16125,16125
291040,2008,0,16385,16385
291040,2009,0,14349,14349
291040,2010,0,14609,14609
291040,2011,0,17367,17367
291040,2012,0,14067,14067
291040,2013,0,17125,17125
291040,2014,0,21880,21880
291040,2015,0,19880,19880
291040,2016,0,19880,19880
291040,2017,0,14718,14718
291040,2018,0,9079,9079
291040,2019,0,8617,8617
291040,2020,0,8629,8629
291040,2021,0,8492,8492
291050,1988,0,3119,3119
291050,1989,0,2691,2691
291050,1990,0,2877,2877
291050,1991,0,2869,2869
291050,1992,0,2882,2882
291050,1993,0,2882,2882
291050,1994,0,2861,2861
291050,1995,0,3215,3215
291050,1996,0,3626,3626
291050,1997,0,3763,3763
291050,1998,0,3756,3756
291050,1999,0,3589,3589
291050,2000,0,3738,3738
291050,2001,0,3754,3754
291050,2002,0,3624,3624
291050,2003,0,3433,3433
291050,2004,0,3594,3594
291050,2005,0,3658,3658
291050,2006,0,3547,3547
291050,2007,0,3558,3558
291050,2008,0,3838,3838
291050,2009,0,3720,3720
291050,2010,0,3635,3635
291050,2011,0,2947,2947
291050,2012,0,3703,3703
291050,2013,0,3786,3786
291050,2014,0,3786,3786
291050,2015,0,3691,3691
291050,2016,0,3274,3274
291050,2017,0,6840,6840
291050,2018,0,3691,3691
291050,2019,0,3404,3404
291050,2020,0,3550,3550
291050,2021,0,3283,3283
291060,1988,0,5302,5302
291060,1989,0,3491,3491
291060,1990,0,4035,4035
291060,1991,0,3930,3930
291060,1992,0,3795,3795
291060,1993,0,3780,3780
291060,1994,0,3713,3713
291060,1995,0,3700,3700
291060,1996,0,3791,3791
291060,1997,0,3757,3757
291060,1998,0,3819,3819
291060,1999,0,3696,3696
291060,2000,0,3806,3806
291060,2001,0,3815,3815
291060,2002,0,7317,7317
291060,2003,0,8245,8245
291060,2004,0,8632,8632
291060,2005,0,9292,9292
291060,2006,0,10680,10680
291060,2007,0,11585,11585
291060,2008,0,12540,12540
291060,2009,0,12305,12305
291060,2010,0,12772,12772
291060,2011,0,14150,14150
291060,2012,0,13397,13397
291060,2013,0,11917,11917
291060,2014,0,13160,13160
291060,2015,0,11015,11015
291060,2016,0,11125,11125
291060,2017,0,9215,9215
291060,2018,0,9514,9514
291060,2019,0,8819,8819
291060,2020,0,8320,8320
291060,2021,0,8195,8195
291070,1988,0,38767,38767
291070,1989,0,43880,43880
291070,1990,0,26370,26370
291070,1991,0,35930,35930
291070,1992,0,4681,4681
291070,1993,0,2981,2981
291070,1994,0,17056,17056
291070,1995,0,21475,21475
291070,1996,0,37481,37481
291070,1997,0,44688,44688
291070,1998,0,23478,23478
291070,1999,0,75308,75308
291070,2000,0,43358,43358
291070,2001,0,50027,50027
291070,2002,0,64309,64309
291070,2003,0,48799,48799
291070,2004,0,74203,74203
291070,2005,0,74742,74742
291070,2006,0,65922,65922
291070,2007,0,65249,65249
291070,2008,0,74898,74898
291070,2009,0,77929,77929
291070,2010,0,79258,79258
291070,2011,0,62940,62940
291070,2012,0,5100,5100
291070,2013,0,55069,55069
291070,2014,0,69060,69060
291070,2015,0,65060,65060
291070,2016,0,50060,50060
291070,2017,0,26472,26472
291070,2018,0,36905,36905
291070,2019,0,36517,36517
291070,2020,0,45247,45247
291070,2021,0,45047,45047
291072,1988,0,0,0
291072,1989,0,4399,4399
291072,1990,0,3827,3827
291072,1991,0,4763,4763
291072,1992,0,14216,14216
291072,1993,0,9615,9615
291072,1994,0,9116,9116
291072,1995,0,4679,4679
291072,1996,0,4988,4988
291072,1997,0,5820,5820
291072,1998,0,9523,9523
291072,1999,0,10284,10284
291072,2000,0,11146,11146
291072,2001,0,11383,11383
291072,2002,0,11388,11388
291072,2003,0,11373,11373
291072,2004,0,11340,11340
291072,2005,0,11433,11433
291072,2006,0,11283,11283
291072,2007,0,10513,10513
291072,2008,0,10496,10496
291072,2009,0,9370,9370
291072,2010,0,9389,9389
291072,2011,0,10085,10085
291072,2012,0,10448,10448
291072,2013,0,12245,12245
291072,2014,0,13218,13218
291072,2015,0,13923,13923
291072,2016,0,12910,12910
291072,2017,0,10150,10150
291072,2018,0,7328,7328
291072,2019,0,6490,6490
291072,2020,0,6835,6835
291072,2021,0,6796,6796
291075,1988,0,32274,32274
291075,1989,0,26267,26267
291075,1990,0,23797,23797
291075,1991,0,34810,34810
291075,1992,0,21010,21010
291075,1993,0,5005,5005
291075,1994,0,25239,25239
291075,1995,0,20242,20242
291075,1996,0,19212,19212
291075,1997,0,19395,19395
291075,1998,0,18981,18981
291075,1999,0,30260,30260
291075,2000,0,28302,28302
291075,2001,0,26240,26240
291075,2002,0,20330,20330
291075,2003,0,28250,28250
291075,2004,0,24205,24205
291075,2005,0,24291,24291
291075,2006,0,33254,33254
291075,2007,0,27392,27392
291075,2008,0,22295,22295
291075,2009,0,16345,16345
291075,2010,0,16405,16405
291075,2011,0,19316,19316
291075,2012,0,9363,9363
291075,2013,0,15409,15409
291075,2014,0,15343,15343
291075,2015,0,15336,15336
291075,2016,0,15326,15326
291075,2017,0,16616,16616
291075,2018,0,12701,12701
291075,2019,0,12905,12905
291075,2020,0,13697,13697
291075,2021,0,12600,12600
291077,1988,0,0,0
291077,1989,0,0,0
291077,1990,0,4104,4104
291077,1991,0,4044,4044
291077,1992,0,3564,3564
291077,1993,0,3202,3202
291077,1994,0,2022,2022
291077,1995,0,1525,1525
291077,1996,0,1988,1988
291077,1997,0,2074,2074
291077,1998,0,1456,1456
291077,1999,0,2148,2148
291077,2000,0,1767,1767
291077,2001,0,1720,1720
291077,2002,0,3210,3210
291077,2003,0,3438,3438
291077,2004,0,6281,6281
291077,2005,0,6491,6491
291077,2006,0,6274,6274
291077,2007,0,4957,4957
291077,2008,0,1477,1477
291077,2009,0,1446,1446
291077,2010,0,5111,5111
291077,2011,0,5105,5105
291077,2012,0,4906,4906
291077,2013,0,4376,4376
291077,2014,0,6576,6576
291077,2015,0,2666,2666
291077,2016,0,1706,1706
291077,2017,0,1240,1240
291077,2018,0,430,430
291077,2019,0,430,430
291077,2020,0,365,365
291077,2021,0,430,430
291080,1988,0,9608,9608
291080,1989,0,10111,10111
291080,1990,0,13300,13300
291080,1991,0,9567,9567
291080,1992,0,7540,7540
291080,1993,0,1997,1997
291080,1994,0,7493,7493
291080,1995,0,9699,9699
291080,1996,0,17888,17888
291080,1997,0,14145,14145
291080,1998,0,11698,11698
291080,1999,0,10880,10880
291080,2000,0,13670,13670
291080,2001,0,8834,8834
291080,2002,0,15741,15741
291080,2003,0,20955,20955
291080,2004,0,7775,7775
291080,2005,0,45378,45378
291080,2006,0,45252,45252
291080,2007,0,27082,27082
291080,2008,0,30968,30968
291080,2009,0,30778,30778
291080,2010,0,35757,35757
291080,2011,0,26907,26907
291080,2012,0,8000,8000
291080,2013,0,10638,10638
291080,2014,0,13960,13960
291080,2015,0,8350,8350
291080,2016,0,5100,5100
291080,2017,0,14210,14210
291080,2018,0,10550,10550
291080,2019,0,9210,9210
291080,2020,0,10530,10530
291080,2021,0,10760,10760
291085,1988,0,12305,12305
291085,1989,0,19405,19405
291085,1990,0,11601,11601
291085,1991,0,17974,17974
291085,1992,0,19524,19524
291085,1993,0,7060,7060
291085,1994,0,13528,13528
291085,1995,0,7813,7813
291085,1996,0,3705,3705
291085,1997,0,34586,34586
291085,1998,0,1354,1354
291085,1999,0,4436,4436
291085,2000,0,12791,12791
291085,2001,0,4190,4190
291085,2002,0,4363,4363
291085,2003,0,9232,9232
291085,2004,0,10031,10031
291085,2005,0,10222,10222
291085,2006,0,12647,12647
291085,2007,0,16331,16331
291085,2008,0,7311,7311
291085,2009,0,9712,9712
291085,2010,0,8512,8512
291085,2011,0,7675,7675
291085,2012,0,934,934
291085,2013,0,5711,5711
291085,2014,0,9718,9718
291085,2015,0,10643,10643
291085,2016,0,4728,4728
291085,2017,0,2248,2248
291085,2018,0,3776,3776
291085,2019,0,3775,3775
291085,2020,0,3789,3789
291085,2021,0,3790,3790
291090,1988,0,3043,3043
291090,1989,0,2924,2924
291090,1990,0,2896,2896
291090,1991,0,2873,2873
291090,1992,0,2874,2874
291090,1993,0,2879,2879
291090,1994,0,2826,2826
291090,1995,0,2846,2846
291090,1996,0,2775,2775
291090,1997,0,2926,2926
291090,1998,0,2818,2818
291090,1999,0,2639,2639
291090,2000,0,2772,2772
291090,2001,0,2752,2752
291090,2002,0,1170,1170
291090,2003,0,1063,1063
291090,2004,0,1063,1063
291090,2005,0,1694,1694
291090,2006,0,1678,1678
291090,2007,0,1459,1459
291090,2008,0,1425,1425
291090,2009,0,1337,1337
291090,2010,0,1318,1318
291090,2011,0,1291,1291
291090,2012,0,1305,1305
291090,2013,0,1288,1288
291090,2014,0,1015,1015
291090,2015,0,1178,1178
291090,2016,0,1182,1182
291090,2017,0,0,0
291090,2018,0,312,312
291090,2019,0,312,312
291090,2020,0,292,292
291090,2021,0,312,312
291100,1988,0,6192,6192
291100,1989,0,6219,6219
291100,1990,0,6183,6183
291100,1991,0,6123,6123
291100,1992,0,7884,7884
291100,1993,0,7905,7905
291100,1994,0,7937,7937
291100,1995,0,8265,8265
291100,1996,0,7148,7148
291100,1997,0,7682,7682
291100,1998,0,7406,7406
291100,1999,0,7038,7038
291100,2000,0,6310,6310
291100,2001,0,6059,6059
291100,2002,0,6647,6647
291100,2003,0,6233,6233
291100,2004,0,6199,6199
291100,2005,0,6108,6108
291100,2006,0,6110,6110
291100,2007,0,6011,6011
291100,2008,0,5935,5935
291100,2009,0,4074,4074
291100,2010,0,4782,4782
291100,2011,0,4758,4758
291100,2012,0,4762,4762
291100,2013,0,3994,3994
291100,2014,0,4740,4740
291100,2015,0,4009,4009
291100,2016,0,4000,4000
291100,2017,0,2066,2066
291100,2018,0,2058,2058
291100,2019,0,2065,2065
291100,2020,0,2070,2070
291100,2021,0,2053,2053
291110,1988,41849,61071,19222
291110,1989,62387,78023,15636
291110,1990,38645,46617,7972
291110,1991,23109,41916,18807
291110,1992,15682,30902,15220
291110,1993,18556,34301,15745
291110,1994,51585,57762,6177
291110,1995,69401,79863,10462
291110,1996,61156,69392,8236
291110,1997,43492,51756,8264
291110,1998,51792,59443,7651
291110,1999,60289,74590,14301
291110,2000,72307,91931,19624
291110,2001,78000,99203,21203
291110,2002,90476,109839,19363
291110,2003,102300,126784,24484
291110,2004,95266,125465,30199
291110,2005,98721,145643,46922
291110,2006,99160,139922,40762
291110,2007,98200,155614,57414
291110,2008,152000,223679,71679
291110,2009,250336,311418,61082
291110,2010,290836,350375,59539
291110,2011,323000,403248,80248
291110,2012,312617,396233,83616
291110,2013,349315,426156,76841
291110,2014,372020,469320,97300
291110,2015,360000,459418,99418
291110,2016,388000,451025,63025
291110,2017,405583,484179,78596
291110,2018,411224,504832,93608
291110,2019,403108,502529,99421
291110,2020,427500,527965,100465
291110,2021,455400,548443,93043
291120,1988,0,25789,25789
291120,1989,0,27741,27741
291120,1990,0,13424,13424
291120,1991,0,13417,13417
291120,1992,0,13891,13891
291120,1993,0,13092,13092
291120,1994,0,11000,11000
291120,1995,0,10603,10603
291120,1996,0,10720,10720
291120,1997,0,10686,10686
291120,1998,0,10573,10573
291120,1999,0,7697,7697
291120,2000,0,7231,7231
291120,2001,0,6862,6862
291120,2002,0,8242,8242
291120,2003,0,9724,9724
291120,2004,0,10564,10564
291120,2005,0,12215,12215
291120,2006,0,13191,13191
291120,2007,0,13262,13262
291120,2008,0,12473,12473
291120,2009,0,11697,11697
291120,2010,0,10836,10836
291120,2011,0,10784,10784
291120,2012,0,10649,10649
291120,2013,0,11381,11381
291120,2014,0,11311,11311
291120,2015,0,11659,11659
291120,2016,0,11635,11635
291120,2017,0,9384,9384
291120,2018,0,9371,9371
291120,2019,0,9398,9398
291120,2020,0,9384,9384
291120,2021,0,9342,9342
291125,1988,0,2252,2252
291125,1989,0,3035,3035
291125,1990,0,2755,2755
291125,1991,0,2860,2860
291125,1992,0,4308,4308
291125,1993,0,2003,2003
291125,1994,0,609,609
291125,1995,0,5260,5260
291125,1996,0,4270,4270
291125,1997,0,1672,1672
291125,1998,0,1040,1040
291125,1999,0,610,610
291125,2000,0,3550,3550
291125,2001,0,830,830
291125,2002,0,692,692
291125,2003,0,820,820
291125,2004,0,1000,1000
291125,2005,0,1100,1100
291125,2006,0,1150,1150
291125,2007,0,950,950
291125,2008,0,1000,1000
291125,2009,0,705,705
291125,2010,0,800,800
291125,2011,0,800,800
291125,2012,0,1010,1010
291125,2013,0,792,792
291125,2014,0,1377,1377
291125,2015,0,1377,1377
291125,2016,0,651,651
291125,2017,0,430,430
291125,2018,0,452,452
291125,2019,0,318,318
291125,2020,0,597,597
291125,2021,0,595,595
291130,1988,0,2682,2682
291130,1989,0,1306,1306
291130,1990,0,937,937
291130,1991,0,2307,2307
291130,1992,0,1980,1980
291130,1993,0,1942,1942
291130,1994,0,2051,2051
291130,1995,0,1611,1611
291130,1996,0,2655,2655
291130,1997,0,1926,1926
291130,1998,0,3254,3254
291130,1999,0,4894,4894
291130,2000,0,4883,4883
291130,2001,0,5221,5221
291130,2002,0,5776,5776
291130,2003,0,4234,4234
291130,2004,0,4518,4518
291130,2005,0,4076,4076
291130,2006,0,3853,3853
291130,2007,0,3364,3364
291130,2008,0,3776,3776
291130,2009,0,3828,3828
291130,2010,0,1715,1715
291130,2011,0,1849,1849
291130,2012,0,2424,2424
291130,2013,0,1053,1053
291130,2014,0,1808,1808
291130,2015,0,928,928
291130,2016,0,928,928
291130,2017,0,838,838
291130,2018,0,858,858
291130,2019,0,870,870
291130,2020,0,818,818
291130,2021,0,788,788
291140,1988,0,3933,3933
291140,1989,0,2875,2875
291140,1990,0,2142,2142
291140,1991,0,1588,1588
291140,1992,0,1469,1469
291140,1993,0,915,915
291140,1994,0,793,793
291140,1995,0,1713,1713
291140,1996,0,1638,1638
291140,1997,0,1456,1456
291140,1998,0,1560,1560
291140,1999,0,1365,1365
291140,2000,0,3895,3895
291140,2001,0,2195,2195
291140,2002,0,2440,2440
291140,2003,0,1045,1045
291140,2004,0,715,715
291140,2005,0,678,678
291140,2006,0,5436,5436
291140,2007,0,2297,2297
291140,2008,0,1799,1799
291140,2009,0,1383,1383
291140,2010,0,1350,1350
291140,2011,0,1389,1389
291140,2012,0,1036,1036
291140,2013,0,803,803
291140,2014,0,1066,1066
291140,2015,0,2266,2266
291140,2016,0,6466,6466
291140,2017,0,1879,1879
291140,2018,0,2139,2139
291140,2019,0,2107,2107
291140,2020,0,4420,4420
291140,2021,0,4689,4689
291150,1988,0,6554,6554
291150,1989,0,6643,6643
291150,1990,0,6859,6859
291150,1991,0,6889,6889
291150,1992,0,7164,7164
291150,1993,0,7101,7101
291150,1994,0,5324,5324
291150,1995,0,6050,6050
291150,1996,0,6093,6093
291150,1997,0,5503,5503
291150,1998,0,5007,5007
291150,1999,0,4115,4115
291150,2000,0,4131,4131
291150,2001,0,4093,4093
291150,2002,0,4361,4361
291150,2003,0,4317,4317
291150,2004,0,4710,4710
291150,2005,0,3298,3298
291150,2006,0,3207,3207
291150,2007,0,4489,4489
291150,2008,0,4767,4767
291150,2009,0,4251,4251
291150,2010,0,3815,3815
291150,2011,0,3813,3813
291150,2012,0,3828,3828
291150,2013,0,3733,3733
291150,2014,0,3723,3723
291150,2015,0,3867,3867
291150,2016,0,3874,3874
291150,2017,0,1285,1285
291150,2018,0,1156,1156
291150,2019,0,1173,1173
291150,2020,0,1130,1130
291150,2021,0,1129,1129
291160,1988,0,1878,1878
291160,1989,0,2432,2432
291160,1990,0,2338,2338
291160,1991,0,2498,2498
291160,1992,0,2326,2326
291160,1993,0,2300,2300
291160,1994,0,2677,2677
291160,1995,0,2552,2552
291160,1996,0,2631,2631
291160,1997,0,2272,2272
291160,1998,0,2353,2353
291160,1999,0,2477,2477
291160,2000,0,2522,2522
291160,2001,0,3765,3765
291160,2002,0,4216,4216
291160,2003,0,4853,4853
291160,2004,0,5466,5466
291160,2005,0,5386,5386
291160,2006,0,5219,5219
291160,2007,0,5174,5174
291160,2008,0,5180,5180
291160,2009,0,4816,4816
291160,2010,0,4900,4900
291160,2011,0,4841,4841
291160,2012,0,4908,4908
291160,2013,0,4950,4950
291160,2014,0,4082,4082
291160,2015,0,5099,5099
291160,2016,0,5099,5099
291160,2017,0,3182,3182
291160,2018,0,2482,2482
291160,2019,0,2417,2417
291160,2020,0,2308,2308
291160,2021,0,2296,2296
291165,1988,0,8420,8420
291165,1989,0,5100,5100
291165,1990,0,3890,3890
291165,1991,0,4555,4555
291165,1992,0,2456,2456
291165,1993,0,1509,1509
291165,1994,0,1688,1688
291165,1995,0,1136,1136
291165,1996,0,933,933
291165,1997,0,1276,1276
291165,1998,0,1266,1266
291165,1999,0,1565,1565
291165,2000,0,1561,1561
291165,2001,0,1470,1470
291165,2002,0,1450,1450
291165,2003,0,1220,1220
291165,2004,0,1370,1370
291165,2005,0,1000,1000
291165,2006,0,1235,1235
291165,2007,0,1390,1390
291165,2008,0,1360,1360
291165,2009,0,1035,1035
291165,2010,0,1165,1165
291165,2011,0,1360,1360
291165,2012,0,805,805
291165,2013,0,840,840
291165,2014,0,1190,1190
291165,2015,0,1170,1170
291165,2016,0,320,320
291165,2017,0,845,845
291165,2018,0,615,615
291165,2019,0,612,612
291165,2020,0,700,700
291165,2021,0,1113,1113
291170,1988,0,14160,14160
291170,1989,0,11842,11842
291170,1990,0,11159,11159
291170,1991,0,16192,16192
291170,1992,0,19634,19634
291170,1993,0,19739,19739
291170,1994,0,23099,23099
291170,1995,0,22472,22472
291170,1996,0,20915,20915
291170,1997,0,20383,20383
291170,1998,0,16440,16440
291170,1999,0,17252,17252
291170,2000,0,18084,18084
291170,2001,0,10493,10493
291170,2002,0,9003,9003
291170,2003,0,11007,11007
291170,2004,0,10977,10977
291170,2005,0,6577,6577
291170,2006,0,5844,5844
291170,2007,0,8503,8503
291170,2008,0,8815,8815
291170,2009,0,8233,8233
291170,2010,0,8572,8572
291170,2011,0,10319,10319
291170,2012,0,10624,10624
291170,2013,0,11301,11301
291170,2014,0,13018,13018
291170,2015,0,7705,7705
291170,2016,0,4158,4158
291170,2017,0,4770,4770
291170,2018,0,4104,4104
291170,2019,0,4616,4616
291170,2020,0,4248,4248
291170,2021,0,4203,4203
291180,1988,0,21044,21044
291180,1989,0,21072,21072
291180,1990,0,14340,14340
291180,1991,0,21034,21034
291180,1992,0,16757,16757
291180,1993,0,17831,17831
291180,1994,0,16970,16970
291180,1995,0,11380,11380
291180,1996,0,11769,11769
291180,1997,0,10985,10985
291180,1998,0,10164,10164
291180,1999,0,9304,9304
291180,2000,0,9674,9674
291180,2001,0,9438,9438
291180,2002,0,9320,9320
291180,2003,0,9279,9279
291180,2004,0,9255,9255
291180,2005,0,9295,9295
291180,2006,0,10271,10271
291180,2007,0,8280,8280
291180,2008,0,9026,9026
291180,2009,0,7299,7299
291180,2010,0,6796,6796
291180,2011,0,9187,9187
291180,2012,0,9224,9224
291180,2013,0,7339,7339
291180,2014,0,9728,9728
291180,2015,0,10126,10126
291180,2016,0,8016,8016
291180,2017,0,6331,6331
291180,2018,0,6335,6335
291180,2019,0,5805,5805
291180,2020,0,6147,6147
291180,2021,0,6405,6405
291185,1988,0,4225,4225
291185,1989,0,14564,14564
291185,1990,0,8225,8225
291185,1991,0,10831,10831
291185,1992,0,6830,6830
291185,1993,0,3815,3815
291185,1994,0,7138,7138
291185,1995,0,7130,7130
291185,1996,0,8030,8030
291185,1997,0,7887,7887
291185,1998,0,8422,8422
291185,1999,0,7400,7400
291185,2000,0,7900,7900
291185,2001,0,6410,6410
291185,2002,0,8700,8700
291185,2003,0,8700,8700
291185,2004,0,8015,8015
291185,2005,0,7929,7929
291185,2006,0,8436,8436
291185,2007,0,6260,6260
291185,2008,0,8625,8625
291185,2009,0,8475,8475
291185,2010,0,8693,8693
291185,2011,0,8161,8161
291185,2012,0,5561,5561
291185,2013,0,7558,7558
291185,2014,0,7663,7663
291185,2015,0,7323,7323
291185,2016,0,6433,6433
291185,2017,0,5361,5361
291185,2018,0,4911,4911
291185,2019,0,4855,4855
291185,2020,0,4314,4314
291185,2021,0,4516,4516
291190,1988,0,2360,2360
291190,1989,0,1710,1710
291190,1990,0,2414,2414
291190,1991,0,2129,2129
291190,1992,0,1999,1999
291190,1993,0,2265,2265
291190,1994,0,2322,2322
291190,1995,0,2386,2386
291190,1996,0,2201,2201
291190,1997,0,3243,3243
291190,1998,0,3751,3751
291190,1999,0,2844,2844
291190,2000,0,3728,3728
291190,2001,0,2442,2442
291190,2002,0,3117,3117
291190,2003,0,2113,2113
291190,2004,0,1924,1924
291190,2005,0,1857,1857
291190,2006,0,1865,1865
291190,2007,0,1924,1924
291190,2008,0,2204,2204
291190,2009,0,4908,4908
291190,2010,0,4738,4738
291190,2011,0,4578,4578
291190,2012,0,2213,2213
291190,2013,0,2960,2960
291190,2014,0,3395,3395
291190,2015,0,4035,4035
291190,2016,0,3794,3794
291190,2017,0,737,737
291190,2018,0,691,691
291190,2019,0,711,711
291190,2020,0,608,608
291190,2021,0,609,609
291200,1988,0,2661,2661
291200,1989,0,5641,5641
291200,1990,0,4484,4484
291200,1991,0,3828,3828
291200,1992,0,2806,2806
291200,1993,0,3492,3492
291200,1994,0,3011,3011
291200,1995,0,2811,2811
291200,1996,0,2853,2853
291200,1997,0,3934,3934
291200,1998,0,3467,3467
291200,1999,0,3088,3088
291200,2000,0,1602,1602
291200,2001,0,628,628
291200,2002,0,742,742
291200,2003,0,742,742
291200,2004,0,616,616
291200,2005,0,1827,1827
291200,2006,0,2504,2504
291200,2007,0,2775,2775
291200,2008,0,3195,3195
291200,2009,0,3389,3389
291200,2010,0,3811,3811
291200,2011,0,3762,3762
291200,2012,0,2565,2565
291200,2013,0,3010,3010
291200,2014,0,2930,2930
291200,2015,0,2600,2600
291200,2016,0,2585,2585
291200,2017,0,1675,1675
291200,2018,0,1410,1410
291200,2019,0,1235,1235
291200,2020,0,2202,2202
291200,2021,0,1940,1940
291210,1988,0,10990,10990
291210,1989,0,10994,10994
291210,1990,0,10946,10946
291210,1991,0,10796,10796
291210,1992,0,10846,10846
291210,1993,0,10869,10869
291210,1994,0,11051,11051
291210,1995,0,10711,10711
291210,1996,0,9982,9982
291210,1997,0,9917,9917
291210,1998,0,9279,9279
291210,1999,0,8318,8318
291210,2000,0,9004,9004
291210,2001,0,8674,8674
291210,2002,0,8050,8050
291210,2003,0,7599,7599
291210,2004,0,7514,7514
291210,2005,0,6516,6516
291210,2006,0,8403,8403
291210,2007,0,6935,6935
291210,2008,0,6971,6971
291210,2009,0,5586,5586
291210,2010,0,5831,5831
291210,2011,0,5802,5802
291210,2012,0,5800,5800
291210,2013,0,5174,5174
291210,2014,0,5844,5844
291210,2015,0,5846,5846
291210,2016,0,5205,5205
291210,2017,0,2774,2774
291210,2018,0,2761,2761
291210,2019,0,2725,2725
291210,2020,0,2732,2732
291210,2021,0,2741,2741
291220,1988,0,8418,8418
291220,1989,0,9145,9145
291220,1990,0,7482,7482
291220,1991,0,6702,6702
291220,1992,0,6835,6835
291220,1993,0,5447,5447
291220,1994,0,5638,5638
291220,1995,0,5344,5344
291220,1996,0,4646,4646
291220,1997,0,4403,4403
291220,1998,0,4729,4729
291220,1999,0,4173,4173
291220,2000,0,8384,8384
291220,2001,0,9845,9845
291220,2002,0,11194,11194
291220,2003,0,12400,12400
291220,2004,0,13751,13751
291220,2005,0,14131,14131
291220,2006,0,16200,16200
291220,2007,0,15670,15670
291220,2008,0,16698,16698
291220,2009,0,17120,17120
291220,2010,0,14860,14860
291220,2011,0,15741,15741
291220,2012,0,11612,11612
291220,2013,0,12489,12489
291220,2014,0,11609,11609
291220,2015,0,14731,14731
291220,2016,0,14989,14989
291220,2017,0,7045,7045
291220,2018,0,8303,8303
291220,2019,0,7708,7708
291220,2020,0,10921,10921
291220,2021,0,10944,10944
291230,1988,0,4205,4205
291230,1989,0,4988,4988
291230,1990,0,5043,5043
291230,1991,0,4967,4967
291230,1992,0,6166,6166
291230,1993,0,6695,6695
291230,1994,0,8105,8105
291230,1995,0,8333,8333
291230,1996,0,7330,7330
291230,1997,0,4380,4380
291230,1998,0,6172,6172
291230,1999,0,5561,5561
291230,2000,0,3928,3928
291230,2001,0,2964,2964
291230,2002,0,2974,2974
291230,2003,0,2917,2917
291230,2004,0,2886,2886
291230,2005,0,3036,3036
291230,2006,0,2594,2594
291230,2007,0,2197,2197
291230,2008,0,2248,2248
291230,2009,0,1879,1879
291230,2010,0,2140,2140
291230,2011,0,2293,2293
291230,2012,0,2341,2341
291230,2013,0,2338,2338
291230,2014,0,6807,6807
291230,2015,0,6807,6807
291230,2016,0,6819,6819
291230,2017,0,871,871
291230,2018,0,1011,1011
291230,2019,0,1041,1041
291230,2020,0,1003,1003
291230,2021,0,1000,1000
291240,1988,0,23117,23117
291240,1989,0,18901,18901
291240,1990,0,10122,10122
291240,1991,0,12421,12421
291240,1992,0,22836,22836
291240,1993,0,15601,15601
291240,1994,0,19382,19382
291240,1995,0,12159,12159
291240,1996,0,41838,41838
291240,1997,0,27048,27048
291240,1998,0,19047,19047
291240,1999,0,13174,13174
291240,2000,0,15707,15707
291240,2001,0,13082,13082
291240,2002,0,15242,15242
291240,2003,0,15277,15277
291240,2004,0,30280,30280
291240,2005,0,30124,30124
291240,2006,0,10519,10519
291240,2007,0,8578,8578
291240,2008,0,15874,15874
291240,2009,0,16204,16204
291240,2010,0,9049,9049
291240,2011,0,11469,11469
291240,2012,0,2171,2171
291240,2013,0,6301,6301
291240,2014,0,7406,7406
291240,2015,0,6436,6436
291240,2016,0,7266,7266
291240,2017,0,6289,6289
291240,2018,0,6397,6397
291240,2019,0,7467,7467
291240,2020,0,5711,5711
291240,2021,0,5647,5647
291250,1988,0,3005,3005
291250,1989,0,3579,3579
291250,1990,0,3858,3858
291250,1991,0,3137,3137
291250,1992,0,3708,3708
291250,1993,0,3766,3766
291250,1994,0,3227,3227
291250,1995,0,1058,1058
291250,1996,0,995,995
291250,1997,0,2155,2155
291250,1998,0,1306,1306
291250,1999,0,1687,1687
291250,2000,0,1577,1577
291250,2001,0,1262,1262
291250,2002,0,1083,1083
291250,2003,0,688,688
291250,2004,0,618,618
291250,2005,0,638,638
291250,2006,0,1168,1168
291250,2007,0,1168,1168
291250,2008,0,581,581
291250,2009,0,997,997
291250,2010,0,1234,1234
291250,2011,0,820,820
291250,2012,0,584,584
291250,2013,0,560,560
291250,2014,0,1579,1579
291250,2015,0,1637,1637
291250,2016,0,767,767
291250,2017,0,703,703
291250,2018,0,436,436
291250,2019,0,290,290
291250,2020,0,316,316
291250,2021,0,436,436
291260,1988,0,1065,1065
291260,1989,0,1180,1180
291260,1990,0,1391,1391
291260,1991,0,1876,1876
291260,1992,0,1621,1621
291260,1993,0,1832,1832
291260,1994,0,1490,1490
291260,1995,0,1069,1069
291260,1996,0,875,875
291260,1997,0,776,776
291260,1998,0,783,783
291260,1999,0,590,590
291260,2000,0,409,409
291260,2001,0,695,695
291260,2002,0,1242,1242
291260,2003,0,705,705
291260,2004,0,491,491
291260,2005,0,335,335
291260,2006,0,490,490
291260,2007,0,367,367
291260,2008,0,700,700
291260,2009,0,800,800
291260,2010,0,440,440
291260,2011,0,610,610
291260,2012,0,190,190
291260,2013,0,240,240
291260,2014,0,380,380
291260,2015,0,480,480
291260,2016,0,255,255
291260,2017,0,418,418
291260,2018,0,360,360
291260,2019,0,357,357
291260,2020,0,246,246
291260,2021,0,339,339
291270,1988,0,20911,20911
291270,1989,0,25748,25748
291270,1990,0,26197,26197
291270,1991,0,26731,26731
291270,1992,0,27216,27216
291270,1993,0,27176,27176
291270,1994,0,18348,18348
291270,1995,0,20757,20757
291270,1996,0,21088,21088
291270,1997,0,24576,24576
291270,1998,0,22717,22717
291270,1999,0,24771,24771
291270,2000,0,23582,23582
291270,2001,0,22550,22550
291270,2002,0,21921,21921
291270,2003,0,22037,22037
291270,2004,0,24606,24606
291270,2005,0,24000,24000
291270,2006,0,32639,32639
291270,2007,0,26166,26166
291270,2008,0,26258,26258
291270,2009,0,24810,24810
291270,2010,0,23367,23367
291270,2011,0,24657,24657
291270,2012,0,24672,24672
291270,2013,0,24451,24451
291270,2014,0,21643,21643
291270,2015,0,20348,20348
291270,2016,0,25033,25033
291270,2017,0,18809,18809
291270,2018,0,18936,18936
291270,2019,0,18936,18936
291270,2020,0,18708,18708
291270,2021,0,18735,18735
291280,1988,0,2023,2023
291280,1989,0,676,676
291280,1990,0,1110,1110
291280,1991,0,949,949
291280,1992,0,980,980
291280,1993,0,1014,1014
291280,1994,0,1137,1137
291280,1995,0,1309,1309
291280,1996,0,1289,1289
291280,1997,0,1352,1352
291280,1998,0,1376,1376
291280,1999,0,1467,1467
291280,2000,0,1492,1492
291280,2001,0,1438,1438
291280,2002,0,1445,1445
291280,2003,0,1459,1459
291280,2004,0,1308,1308
291280,2005,0,1261,1261
291280,2006,0,1763,1763
291280,2007,0,1752,1752
291280,2008,0,1654,1654
291280,2009,0,1413,1413
291280,2010,0,11603,11603
291280,2011,0,14484,14484
291280,2012,0,14722,14722
291280,2013,0,15548,15548
291280,2014,0,15571,15571
291280,2015,0,15325,15325
291280,2016,0,15530,15530
291280,2017,0,10885,10885
291280,2018,0,9917,9917
291280,2019,0,7932,7932
291280,2020,0,6425,6425
291280,2021,0,6470,6470
291290,1988,0,7983,7983
291290,1989,0,13113,13113
291290,1990,0,13298,13298
291290,1991,0,13302,13302
291290,1992,0,13513,13513
291290,1993,0,13500,13500
291290,1994,0,16074,16074
291290,1995,0,16141,16141
291290,1996,0,16126,16126
291290,1997,0,15942,15942
291290,1998,0,15751,15751
291290,1999,0,14901,14901
291290,2000,0,15119,15119
291290,2001,0,15036,15036
291290,2002,0,15869,15869
291290,2003,0,16353,16353
291290,2004,0,18867,18867
291290,2005,0,15387,15387
291290,2006,0,25967,25967
291290,2007,0,20166,20166
291290,2008,0,20119,20119
291290,2009,0,17631,17631
291290,2010,0,16687,16687
291290,2011,0,17107,17107
291290,2012,0,17130,17130
291290,2013,0,17427,17427
291290,2014,0,14503,14503
291290,2015,0,13534,13534
291290,2016,0,13741,13741
291290,2017,0,9243,9243
291290,2018,0,9052,9052
291290,2019,0,9064,9064
291290,2020,0,9196,9196
291290,2021,0,9245,9245
291300,1988,0,1859,1859
291300,1989,0,1462,1462
291300,1990,0,975,975
291300,1991,0,892,892
291300,1992,0,2435,2435
291300,1993,0,2078,2078
291300,1994,0,1741,1741
291300,1995,0,798,798
291300,1996,0,749,749
291300,1997,0,1166,1166
291300,1998,0,1075,1075
291300,1999,0,770,770
291300,2000,0,888,888
291300,2001,0,1198,1198
291300,2002,0,1118,1118
291300,2003,0,1298,1298
291300,2004,0,1698,1698
291300,2005,0,758,758
291300,2006,0,1318,1318
291300,2007,0,1430,1430
291300,2008,0,1338,1338
291300,2009,0,1195,1195
291300,2010,0,1215,1215
291300,2011,0,1126,1126
291300,2012,0,1216,1216
291300,2013,0,810,810
291300,2014,0,505,505
291300,2015,0,455,455
291300,2016,0,505,505
291300,2017,0,1185,1185
291300,2018,0,675,675
291300,2019,0,817,817
291300,2020,0,643,643
291300,2021,0,643,643
291310,1988,0,44705,44705
291310,1989,0,44859,44859
291310,1990,0,34591,34591
291310,1991,0,38948,38948
291310,1992,0,62385,62385
291310,1993,0,70671,70671
291310,1994,0,82465,82465
291310,1995,0,30717,30717
291310,1996,0,72580,72580
291310,1997,0,60282,60282
291310,1998,0,42731,42731
291310,1999,0,37848,37848
291310,2000,0,54284,54284
291310,2001,0,37647,37647
291310,2002,0,46387,46387
291310,2003,0,50607,50607
291310,2004,0,53681,53681
291310,2005,0,54473,54473
291310,2006,0,47600,47600
291310,2007,0,41385,41385
291310,2008,0,30245,30245
291310,2009,0,22186,22186
291310,2010,0,30526,30526
291310,2011,0,32275,32275
291310,2012,0,7415,7415
291310,2013,0,12873,12873
291310,2014,0,22573,22573
291310,2015,0,23003,23003
291310,2016,0,3260,3260
291310,2017,0,7110,7110
291310,2018,0,7176,7176
291310,2019,0,7513,7513
291310,2020,0,6481,6481
291310,2021,0,6269,6269
291320,1988,0,1495,1495
291320,1989,0,1512,1512
291320,1990,0,923,923
291320,1991,0,921,921
291320,1992,0,781,781
291320,1993,0,1845,1845
291320,1994,0,2900,2900
291320,1995,0,1656,1656
291320,1996,0,918,918
291320,1997,0,2064,2064
291320,1998,0,738,738
291320,1999,0,996,996
291320,2000,0,923,923
291320,2001,0,804,804
291320,2002,0,927,927
291320,2003,0,750,750
291320,2004,0,831,831
291320,2005,0,4209,4209
291320,2006,0,3680,3680
291320,2007,0,2373,2373
291320,2008,0,2803,2803
291320,2009,0,2979,2979
291320,2010,0,1793,1793
291320,2011,0,2438,2438
291320,2012,0,1994,1994
291320,2013,0,621,621
291320,2014,0,1987,1987
291320,2015,0,2327,2327
291320,2016,0,2286,2286
291320,2017,0,2226,2226
291320,2018,0,1066,1066
291320,2019,0,955,955
291320,2020,0,761,761
291320,2021,0,804,804
291330,1988,0,1995,1995
291330,1989,0,2281,2281
291330,1990,0,2996,2996
291330,1991,0,2991,2991
291330,1992,0,2825,2825
291330,1993,0,1505,1505
291330,1994,0,4800,4800
291330,1995,0,3460,3460
291330,1996,0,3720,3720
291330,1997,0,1582,1582
291330,1998,0,2400,2400
291330,1999,0,4000,4000
291330,2000,0,2750,2750
291330,2001,0,760,760
291330,2002,0,3850,3850
291330,2003,0,3740,3740
291330,2004,0,3310,3310
291330,2005,0,3570,3570
291330,2006,0,1328,1328
291330,2007,0,938,938
291330,2008,0,2050,2050
291330,2009,0,870,870
291330,2010,0,1020,1020
291330,2011,0,660,660
291330,2012,0,620,620
291330,2013,0,940,940
291330,2014,0,720,720
291330,2015,0,720,720
291330,2016,0,720,720
291330,2017,0,358,358
291330,2018,0,358,358
291330,2019,0,508,508
291330,2020,0,908,908
291330,2021,0,907,907
291340,1988,0,14918,14918
291340,1989,0,14390,14390
291340,1990,0,7596,7596
291340,1991,0,5761,5761
291340,1992,0,3359,3359
291340,1993,0,3255,3255
291340,1994,0,2881,2881
291340,1995,0,2603,2603
291340,1996,0,2660,2660
291340,1997,0,4016,4016
291340,1998,0,3092,3092
291340,1999,0,2541,2541
291340,2000,0,2330,2330
291340,2001,0,857,857
291340,2002,0,1374,1374
291340,2003,0,1373,1373
291340,2004,0,1272,1272
291340,2005,0,1766,1766
291340,2006,0,1838,1838
291340,2007,0,1793,1793
291340,2008,0,2032,2032
291340,2009,0,2187,2187
291340,2010,0,2235,2235
291340,2011,0,3057,3057
291340,2012,0,3307,3307
291340,2013,0,3090,3090
291340,2014,0,3015,3015
291340,2015,0,3595,3595
291340,2016,0,2980,2980
291340,2017,0,1222,1222
291340,2018,0,922,922
291340,2019,0,1220,1220
291340,2020,0,889,889
291340,2021,0,979,979
291345,1988,0,0,0
291345,1989,0,0,0
291345,1990,0,12052,12052
291345,1991,0,9548,9548
291345,1992,0,11364,11364
291345,1993,0,8030,8030
291345,1994,0,8091,8091
291345,1995,0,7211,7211
291345,1996,0,7706,7706
291345,1997,0,9426,9426
291345,1998,0,14555,14555
291345,1999,0,13808,13808
291345,2000,0,14583,14583
291345,2001,0,14102,14102
291345,2002,0,14103,14103
291345,2003,0,14108,14108
291345,2004,0,14215,14215
291345,2005,0,13219,13219
291345,2006,0,17025,17025
291345,2007,0,15661,15661
291345,2008,0,16235,16235
291345,2009,0,15081,15081
291345,2010,0,14853,14853
291345,2011,0,16933,16933
291345,2012,0,16660,16660
291345,2013,0,15519,15519
291345,2014,0,16660,16660
291345,2015,0,15416,15416
291345,2016,0,14020,14020
291345,2017,0,13256,13256
291345,2018,0,13197,13197
291345,2019,0,13301,13301
291345,2020,0,13266,13266
291345,2021,0,13617,13617
291350,1988,0,5470,5470
291350,1989,0,6655,6655
291350,1990,0,6620,6620
291350,1991,0,6744,6744
291350,1992,0,7756,7756
291350,1993,0,9457,9457
291350,1994,0,10612,10612
291350,1995,0,11530,11530
291350,1996,0,8884,8884
291350,1997,0,4754,4754
291350,1998,0,7599,7599
291350,1999,0,6445,6445
291350,2000,0,4135,4135
291350,2001,0,4393,4393
291350,2002,0,4450,4450
291350,2003,0,4970,4970
291350,2004,0,5224,5224
291350,2005,0,5424,5424
291350,2006,0,5163,5163
291350,2007,0,4439,4439
291350,2008,0,4524,4524
291350,2009,0,3885,3885
291350,2010,0,3915,3915
291350,2011,0,4760,4760
291350,2012,0,5005,5005
291350,2013,0,4948,4948
291350,2014,0,8118,8118
291350,2015,0,8118,8118
291350,2016,0,8152,8152
291350,2017,0,2474,2474
291350,2018,0,2910,2910
291350,2019,0,2840,2840
291350,2020,0,2858,2858
291350,2021,0,2820,2820
291360,1988,0,85395,85395
291360,1989,0,85336,85336
291360,1990,0,75187,75187
291360,1991,0,76609,76609
291360,1992,0,55679,55679
291360,1993,0,56868,56868
291360,1994,0,56969,56969
291360,1995,0,65843,65843
291360,1996,0,48585,48585
291360,1997,0,66940,66940
291360,1998,0,66970,66970
291360,1999,0,63042,63042
291360,2000,0,73595,73595
291360,2001,0,61452,61452
291360,2002,0,62283,62283
291360,2003,0,14865,14865
291360,2004,0,62418,62418
291360,2005,0,59828,59828
291360,2006,0,58997,58997
291360,2007,0,60105,60105
291360,2008,0,61046,61046
291360,2009,0,57918,57918
291360,2010,0,51815,51815
291360,2011,0,52180,52180
291360,2012,0,52006,52006
291360,2013,0,57552,57552
291360,2014,0,52827,52827
291360,2015,0,52843,52843
291360,2016,0,57907,57907
291360,2017,0,46359,46359
291360,2018,0,43090,43090
291360,2019,0,40650,40650
291360,2020,0,40346,40346
291360,2021,0,43025,43025
291370,1988,0,5380,5380
291370,1989,0,4709,4709
291370,1990,0,3819,3819
291370,1991,0,3749,3749
291370,1992,0,5182,5182
291370,1993,0,6859,6859
291370,1994,0,8985,8985
291370,1995,0,11149,11149
291370,1996,0,12655,12655
291370,1997,0,8633,8633
291370,1998,0,8631,8631
291370,1999,0,8830,8830
291370,2000,0,8368,8368
291370,2001,0,8055,8055
291370,2002,0,8605,8605
291370,2003,0,9705,9705
291370,2004,0,9805,9805
291370,2005,0,9900,9900
291370,2006,0,10142,10142
291370,2007,0,9642,9642
291370,2008,0,10742,10742
291370,2009,0,10260,10260
291370,2010,0,10670,10670
291370,2011,0,9620,9620
291370,2012,0,13385,13385
291370,2013,0,12994,12994
291370,2014,0,12994,12994
291370,2015,0,31785,31785
291370,2016,0,24790,24790
291370,2017,0,19539,19539
291370,2018,0,23601,23601
291370,2019,0,21862,21862
291370,2020,0,20488,20488
291370,2021,0,19796,19796
291380,1988,0,6660,6660
291380,1989,0,2755,2755
291380,1990,0,2978,2978
291380,1991,0,2738,2738
291380,1992,0,3040,3040
291380,1993,0,780,780
291380,1994,0,3496,3496
291380,1995,0,6490,6490
291380,1996,0,7719,7719
291380,1997,0,5077,5077
291380,1998,0,3422,3422
291380,1999,0,3518,3518
291380,2000,0,3218,3218
291380,2001,0,2798,2798
291380,2002,0,3162,3162
291380,2003,0,3586,3586
291380,2004,0,1374,1374
291380,2005,0,7130,7130
291380,2006,0,8309,8309
291380,2007,0,4921,4921
291380,2008,0,4686,4686
291380,2009,0,5518,5518
291380,2010,0,5939,5939
291380,2011,0,4869,4869
291380,2012,0,3736,3736
291380,2013,0,5002,5002
291380,2014,0,5002,5002
291380,2015,0,4592,4592
291380,2016,0,1867,1867
291380,2017,0,5412,5412
291380,2018,0,4920,4920
291380,2019,0,4774,4774
291380,2020,0,4915,4915
291380,2021,0,5045,5045
291390,1988,0,10799,10799
291390,1989,0,13699,13699
291390,1990,0,13867,13867
291390,1991,0,13889,13889
291390,1992,0,14193,14193
291390,1993,0,14138,14138
291390,1994,0,12677,12677
291390,1995,0,11484,11484
291390,1996,0,11509,11509
291390,1997,0,10987,10987
291390,1998,0,10776,10776
291390,1999,0,9908,9908
291390,2000,0,9751,9751
291390,2001,0,9036,9036
291390,2002,0,9630,9630
291390,2003,0,9753,9753
291390,2004,0,10609,10609
291390,2005,0,10740,10740
291390,2006,0,11002,11002
291390,2007,0,10563,10563
291390,2008,0,10115,10115
291390,2009,0,10174,10174
291390,2010,0,9139,9139
291390,2011,0,9718,9718
291390,2012,0,9692,9692
291390,2013,0,9271,9271
291390,2014,0,17196,17196
291390,2015,0,8400,8400
291390,2016,0,8743,8743
291390,2017,0,5627,5627
291390,2018,0,5822,5822
291390,2019,0,5831,5831
291390,2020,0,5772,5772
291390,2021,0,5785,5785
291400,1988,0,13082,13082
291400,1989,0,3037,3037
291400,1990,0,3959,3959
291400,1991,0,6203,6203
291400,1992,0,5622,5622
291400,1993,0,4097,4097
291400,1994,0,4969,4969
291400,1995,0,5904,5904
291400,1996,0,6935,6935
291400,1997,0,8213,8213
291400,1998,0,3059,3059
291400,1999,0,3243,3243
291400,2000,0,5358,5358
291400,2001,0,2265,2265
291400,2002,0,3245,3245
291400,2003,0,2840,2840
291400,2004,0,2110,2110
291400,2005,0,2110,2110
291400,2006,0,2520,2520
291400,2007,0,2088,2088
291400,2008,0,2870,2870
291400,2009,0,2170,2170
291400,2010,0,2478,2478
291400,2011,0,2488,2488
291400,2012,0,3250,3250
291400,2013,0,3008,3008
291400,2014,0,3161,3161
291400,2015,0,3325,3325
291400,2016,0,2060,2060
291400,2017,0,2250,2250
291400,2018,0,3200,3200
291400,2019,0,3200,3200
291400,2020,0,3200,3200
291400,2021,0,3168,3168
291410,1988,0,813,813
291410,1989,0,797,797
291410,1990,0,500,500
291410,1991,0,626,626
291410,1992,0,589,589
291410,1993,0,760,760
291410,1994,0,691,691
291410,1995,0,383,383
291410,1996,0,252,252
291410,1997,0,401,401
291410,1998,0,286,286
291410,1999,0,269,269
291410,2000,0,245,245
291410,2001,0,386,386
291410,2002,0,591,591
291410,2003,0,414,414
291410,2004,0,382,382
291410,2005,0,385,385
291410,2006,0,634,634
291410,2007,0,607,607
291410,2008,0,645,645
291410,2009,0,634,634
291410,2010,0,668,668
291410,2011,0,776,776
291410,2012,0,1044,1044
291410,2013,0,1650,1650
291410,2014,0,1452,1452
291410,2015,0,851,851
291410,2016,0,1291,1291
291410,2017,0,1236,1236
291410,2018,0,1101,1101
291410,2019,0,956,956
291410,2020,0,941,941
291410,2021,0,1101,1101
291420,1988,0,3795,3795
291420,1989,0,2777,2777
291420,1990,0,2676,2676
291420,1991,0,2655,2655
291420,1992,0,2449,2449
291420,1993,0,1023,1023
291420,1994,0,484,484
291420,1995,0,520,520
291420,1996,0,930,930
291420,1997,0,2060,2060
291420,1998,0,1850,1850
291420,1999,0,1767,1767
291420,2000,0,1520,1520
291420,2001,0,1850,1850
291420,2002,0,1747,1747
291420,2003,0,1905,1905
291420,2004,0,1922,1922
291420,2005,0,2006,2006
291420,2006,0,1852,1852
291420,2007,0,1908,1908
291420,2008,0,1912,1912
291420,2009,0,1851,1851
291420,2010,0,1764,1764
291420,2011,0,1773,1773
291420,2012,0,1905,1905
291420,2013,0,1947,1947
291420,2014,0,1752,1752
291420,2015,0,1707,1707
291420,2016,0,1708,1708
291420,2017,0,699,699
291420,2018,0,658,658
291420,2019,0,730,730
291420,2020,0,660,660
291420,2021,0,397,397
291430,1988,0,3274,3274
291430,1989,0,5106,5106
291430,1990,0,2853,2853
291430,1991,0,1055,1055
291430,1992,0,5399,5399
291430,1993,0,5399,5399
291430,1994,0,3013,3013
291430,1995,0,2715,2715
291430,1996,0,952,952
291430,1997,0,435,435
291430,1998,0,572,572
291430,1999,0,311,311
291430,2000,0,701,701
291430,2001,0,916,916
291430,2002,0,576,576
291430,2003,0,806,806
291430,2004,0,776,776
291430,2005,0,806,806
291430,2006,0,1460,1460
291430,2007,0,1355,1355
291430,2008,0,1310,1310
291430,2009,0,1138,1138
291430,2010,0,1151,1151
291430,2011,0,1225,1225
291430,2012,0,862,862
291430,2013,0,810,810
291430,2014,0,815,815
291430,2015,0,915,915
291430,2016,0,772,772
291430,2017,0,1067,1067
291430,2018,0,777,777
291430,2019,0,1109,1109
291430,2020,0,674,674
291430,2021,0,1114,1114
291440,1988,0,6592,6592
291440,1989,0,5756,5756
291440,1990,0,5098,5098
291440,1991,0,4168,4168
291440,1992,0,5971,5971
291440,1993,0,5517,5517
291440,1994,0,4894,4894
291440,1995,0,2674,2674
291440,1996,0,2518,2518
291440,1997,0,4282,4282
291440,1998,0,4240,4240
291440,1999,0,6586,6586
291440,2000,0,8226,8226
291440,2001,0,8872,8872
291440,2002,0,8338,8338
291440,2003,0,8650,8650
291440,2004,0,10440,10440
291440,2005,0,6020,6020
291440,2006,0,9302,9302
291440,2007,0,9594,9594
291440,2008,0,11127,11127
291440,2009,0,7460,7460
291440,2010,0,7450,7450
291440,2011,0,7579,7579
291440,2012,0,7310,7310
291440,2013,0,5893,5893
291440,2014,0,6408,6408
291440,2015,0,5187,5187
291440,2016,0,6663,6663
291440,2017,0,5634,5634
291440,2018,0,4321,4321
291440,2019,0,4368,4368
291440,2020,0,4443,4443
291440,2021,0,4435,4435
291450,1988,0,2646,2646
291450,1989,0,2669,2669
291450,1990,0,2221,2221
291450,1991,0,2312,2312
291450,1992,0,3590,3590
291450,1993,0,1758,1758
291450,1994,0,2825,2825
291450,1995,0,4886,4886
291450,1996,0,8109,8109
291450,1997,0,9724,9724
291450,1998,0,7574,7574
291450,1999,0,5916,5916
291450,2000,0,6650,6650
291450,2001,0,4941,4941
291450,2002,0,9211,9211
291450,2003,0,9335,9335
291450,2004,0,5472,5472
291450,2005,0,14976,14976
291450,2006,0,18325,18325
291450,2007,0,13856,13856
291450,2008,0,15482,15482
291450,2009,0,15518,15518
291450,2010,0,15532,15532
291450,2011,0,14184,14184
291450,2012,0,7715,7715
291450,2013,0,12808,12808
291450,2014,0,10795,10795
291450,2015,0,8995,8995
291450,2016,0,6974,6974
291450,2017,0,10795,10795
291450,2018,0,5105,5105
291450,2019,0,5130,5130
291450,2020,0,5075,5075
291450,2021,0,5034,5034
291460,1988,0,28720,28720
291460,1989,0,16799,16799
291460,1990,0,12296,12296
291460,1991,0,16807,16807
291460,1992,0,20439,20439
291460,1993,0,17044,17044
291460,1994,0,13665,13665
291460,1995,0,5240,5240
291460,1996,0,7076,7076
291460,1997,0,8723,8723
291460,1998,0,5168,5168
291460,1999,0,5562,5562
291460,2000,0,6290,6290
291460,2001,0,6218,6218
291460,2002,0,6472,6472
291460,2003,0,10665,10665
291460,2004,0,10465,10465
291460,2005,0,11557,11557
291460,2006,0,6010,6010
291460,2007,0,4737,4737
291460,2008,0,3767,3767
291460,2009,0,5467,5467
291460,2010,0,3435,3435
291460,2011,0,7362,7362
291460,2012,0,1177,1177
291460,2013,0,5186,5186
291460,2014,0,5559,5559
291460,2015,0,2364,2364
291460,2016,0,796,796
291460,2017,0,2095,2095
291460,2018,0,1866,1866
291460,2019,0,1712,1712
291460,2020,0,1217,1217
291460,2021,0,1187,1187
291465,1988,0,0,0
291465,1989,0,0,0
291465,1990,0,2337,2337
291465,1991,0,3552,3552
291465,1992,0,3377,3377
291465,1993,0,8738,8738
291465,1994,0,10810,10810
291465,1995,0,7967,7967
291465,1996,0,8053,8053
291465,1997,0,8202,8202
291465,1998,0,4604,4604
291465,1999,0,7219,7219
291465,2000,0,8250,8250
291465,2001,0,8584,8584
291465,2002,0,8327,8327
291465,2003,0,8267,8267
291465,2004,0,8258,8258
291465,2005,0,8205,8205
291465,2006,0,8420,8420
291465,2007,0,8852,8852
291465,2008,0,7960,7960
291465,2009,0,8906,8906
291465,2010,0,8889,8889
291465,2011,0,9271,9271
291465,2012,0,9847,9847
291465,2013,0,10053,10053
291465,2014,0,10893,10893
291465,2015,0,11347,11347
291465,2016,0,15194,15194
291465,2017,0,7288,7288
291465,2018,0,6732,6732
291465,2019,0,6360,6360
291465,2020,0,7040,7040
291465,2021,0,7050,7050
291470,1988,0,5120,5120
291470,1989,0,5092,5092
291470,1990,0,5979,5979
291470,1991,0,4695,4695
291470,1992,0,4749,4749
291470,1993,0,5374,5374
291470,1994,0,3493,3493
291470,1995,0,3401,3401
291470,1996,0,3859,3859
291470,1997,0,3422,3422
291470,1998,0,3795,3795
291470,1999,0,3713,3713
291470,2000,0,2985,2985
291470,2001,0,3285,3285
291470,2002,0,3375,3375
291470,2003,0,3096,3096
291470,2004,0,2807,2807
291470,2005,0,3058,3058
291470,2006,0,5122,5122
291470,2007,0,4109,4109
291470,2008,0,6656,6656
291470,2009,0,3829,3829
291470,2010,0,4317,4317
291470,2011,0,4389,4389
291470,2012,0,2920,2920
291470,2013,0,7363,7363
291470,2014,0,7896,7896
291470,2015,0,10572,10572
291470,2016,0,4753,4753
291470,2017,0,2334,2334
291470,2018,0,2333,2333
291470,2019,0,2600,2600
291470,2020,0,2433,2433
291470,2021,0,2580,2580
291480,1988,0,16392,16392
291480,1989,0,16564,16564
291480,1990,0,16626,16626
291480,1991,0,16753,16753
291480,1992,0,16793,16793
291480,1993,0,16824,16824
291480,1994,0,16873,16873
291480,1995,0,20342,20342
291480,1996,0,19309,19309
291480,1997,0,16945,16945
291480,1998,0,15799,15799
291480,1999,0,12327,12327
291480,2000,0,11676,11676
291480,2001,0,11446,11446
291480,2002,0,11453,11453
291480,2003,0,11453,11453
291480,2004,0,11428,11428
291480,2005,0,11385,11385
291480,2006,0,11646,11646
291480,2007,0,12079,12079
291480,2008,0,12054,12054
291480,2009,0,10779,10779
291480,2010,0,11540,11540
291480,2011,0,11521,11521
291480,2012,0,11516,11516
291480,2013,0,11019,11019
291480,2014,0,11517,11517
291480,2015,0,11532,11532
291480,2016,0,10963,10963
291480,2017,0,7553,7553
291480,2018,0,7537,7537
291480,2019,0,7515,7515
291480,2020,0,7455,7455
291480,2021,0,7540,7540
291490,1988,0,9141,9141
291490,1989,0,9151,9151
291490,1990,0,10831,10831
291490,1991,0,10517,10517
291490,1992,0,13370,13370
291490,1993,0,13355,13355
291490,1994,0,13483,13483
291490,1995,0,19538,19538
291490,1996,0,15832,15832
291490,1997,0,14796,14796
291490,1998,0,15520,15520
291490,1999,0,15278,15278
291490,2000,0,16246,16246
291490,2001,0,14435,14435
291490,2002,0,15985,15985
291490,2003,0,11729,11729
291490,2004,0,16161,16161
291490,2005,0,17282,17282
291490,2006,0,14636,14636
291490,2007,0,17795,17795
291490,2008,0,17416,17416
291490,2009,0,14944,14944
291490,2010,0,14747,14747
291490,2011,0,14930,14930
291490,2012,0,14654,14654
291490,2013,0,16443,16443
291490,2014,0,14864,14864
291490,2015,0,12547,12547
291490,2016,0,17066,17066
291490,2017,0,18600,18600
291490,2018,0,17877,17877
291490,2019,0,17872,17872
291490,2020,0,17818,17818
291490,2021,0,17903,17903
291500,1988,0,5878,5878
291500,1989,0,4039,4039
291500,1990,0,4128,4128
291500,1991,0,14555,14555
291500,1992,0,14230,14230
291500,1993,0,18225,18225
291500,1994,0,13137,13137
291500,1995,0,8340,8340
291500,1996,0,5555,5555
291500,1997,0,7674,7674
291500,1998,0,9039,9039
291500,1999,0,5559,5559
291500,2000,0,5112,5112
291500,2001,0,4592,4592
291500,2002,0,6482,6482
291500,2003,0,4062,4062
291500,2004,0,4664,4664
291500,2005,0,7052,7052
291500,2006,0,3005,3005
291500,2007,0,4929,4929
291500,2008,0,4960,4960
291500,2009,0,6534,6534
291500,2010,0,7078,7078
291500,2011,0,3134,3134
291500,2012,0,330,330
291500,2013,0,32,32
291500,2014,0,713,713
291500,2015,0,923,923
291500,2016,0,330,330
291500,2017,0,1644,1644
291500,2018,0,1412,1412
291500,2019,0,1304,1304
291500,2020,0,1225,1225
291500,2021,0,1313,1313
291510,1988,0,5568,5568
291510,1989,0,5349,5349
291510,1990,0,5185,5185
291510,1991,0,6676,6676
291510,1992,0,7707,7707
291510,1993,0,7707,7707
291510,1994,0,7678,7678
291510,1995,0,7531,7531
291510,1996,0,7308,7308
291510,1997,0,7012,7012
291510,1998,0,7680,7680
291510,1999,0,7480,7480
291510,2000,0,7947,7947
291510,2001,0,7426,7426
291510,2002,0,7414,7414
291510,2003,0,7809,7809
291510,2004,0,7880,7880
291510,2005,0,7842,7842
291510,2006,0,7373,7373
291510,2007,0,7110,7110
291510,2008,0,7088,7088
291510,2009,0,7910,7910
291510,2010,0,7750,7750
291510,2011,0,10869,10869
291510,2012,0,8607,8607
291510,2013,0,7744,7744
291510,2014,0,7366,7366
291510,2015,0,7368,7368
291510,2016,0,7634,7634
291510,2017,0,5751,5751
291510,2018,0,4925,4925
291510,2019,0,4863,4863
291510,2020,0,4706,4706
291510,2021,0,4966,4966
291520,1988,0,5847,5847
291520,1989,0,6955,6955
291520,1990,0,7250,7250
291520,1991,0,7260,7260
291520,1992,0,13070,13070
291520,1993,0,12970,12970
291520,1994,0,12997,12997
291520,1995,0,15079,15079
291520,1996,0,15041,15041
291520,1997,0,14064,14064
291520,1998,0,13814,13814
291520,1999,0,13477,13477
291520,2000,0,13365,13365
291520,2001,0,11916,11916
291520,2002,0,12673,12673
291520,2003,0,12750,12750
291520,2004,0,13726,13726
291520,2005,0,14299,14299
291520,2006,0,14083,14083
291520,2007,0,14240,14240
291520,2008,0,13758,13758
291520,2009,0,12702,12702
291520,2010,0,11600,11600
291520,2011,0,11361,11361
291520,2012,0,11369,11369
291520,2013,0,11246,11246
291520,2014,0,11243,11243
291520,2015,0,10084,10084
291520,2016,0,10185,10185
291520,2017,0,3917,3917
291520,2018,0,4413,4413
291520,2019,0,4438,4438
291520,2020,0,4507,4507
291520,2021,0,4453,4453
291530,1988,0,590,590
291530,1989,0,570,570
291530,1990,0,420,420
291530,1991,0,450,450
291530,1992,0,537,537
291530,1993,0,479,479
291530,1994,0,442,442
291530,1995,0,368,368
291530,1996,0,401,401
291530,1997,0,361,361
291530,1998,0,549,549
291530,1999,0,399,399
291530,2000,0,666,666
291530,2001,0,600,600
291530,2002,0,653,653
291530,2003,0,645,645
291530,2004,0,645,645
291530,2005,0,589,589
291530,2006,0,451,451
291530,2007,0,387,387
291530,2008,0,438,438
291530,2009,0,404,404
291530,2010,0,380,380
291530,2011,0,393,393
291530,2012,0,429,429
291530,2013,0,431,431
291530,2014,0,496,496
291530,2015,0,697,697
291530,2016,0,694,694
291530,2017,0,324,324
291530,2018,0,195,195
291530,2019,0,167,167
291530,2020,0,140,140
291530,2021,0,143,143
291535,1988,0,0,0
291535,1989,0,0,0
291535,1990,0,6722,6722
291535,1991,0,9891,9891
291535,1992,0,10390,10390
291535,1993,0,7591,7591
291535,1994,0,9977,9977
291535,1995,0,6390,6390
291535,1996,0,5601,5601
291535,1997,0,5535,5535
291535,1998,0,5810,5810
291535,1999,0,6300,6300
291535,2000,0,6686,6686
291535,2001,0,8471,8471
291535,2002,0,8045,8045
291535,2003,0,8223,8223
291535,2004,0,9233,9233
291535,2005,0,10141,10141
291535,2006,0,4814,4814
291535,2007,0,3519,3519
291535,2008,0,5627,5627
291535,2009,0,6590,6590
291535,2010,0,5066,5066
291535,2011,0,6996,6996
291535,2012,0,5881,5881
291535,2013,0,5301,5301
291535,2014,0,1616,1616
291535,2015,0,1616,1616
291535,2016,0,1306,1306
291535,2017,0,1375,1375
291535,2018,0,1641,1641
291535,2019,0,1720,1720
291535,2020,0,1701,1701
291535,2021,0,1647,1647
291540,1988,0,1177,1177
291540,1989,0,1191,1191
291540,1990,0,1236,1236
291540,1991,0,1311,1311
291540,1992,0,1346,1346
291540,1993,0,1379,1379
291540,1994,0,1446,1446
291540,1995,0,1720,1720
291540,1996,0,1650,1650
291540,1997,0,1786,1786
291540,1998,0,1225,1225
291540,1999,0,1356,1356
291540,2000,0,1294,1294
291540,2001,0,1388,1388
291540,2002,0,1518,1518
291540,2003,0,1381,1381
291540,2004,0,1355,1355
291540,2005,0,1371,1371
291540,2006,0,1334,1334
291540,2007,0,1431,1431
291540,2008,0,1392,1392
291540,2009,0,1255,1255
291540,2010,0,1305,1305
291540,2011,0,1290,1290
291540,2012,0,1260,1260
291540,2013,0,1188,1188
291540,2014,0,1174,1174
291540,2015,0,1159,1159
291540,2016,0,1176,1176
291540,2017,0,1157,1157
291540,2018,0,1141,1141
291540,2019,0,1135,1135
291540,2020,0,900,900
291540,2021,0,850,850
291550,1988,0,23715,23715
291550,1989,0,23414,23414
291550,1990,0,21111,21111
291550,1991,0,20805,20805
291550,1992,0,20790,20790
291550,1993,0,21720,21720
291550,1994,0,21620,21620
291550,1995,0,22501,22501
291550,1996,0,18530,18530
291550,1997,0,20410,20410
291550,1998,0,22507,22507
291550,1999,0,21750,21750
291550,2000,0,21811,21811
291550,2001,0,20482,20482
291550,2002,0,21751,21751
291550,2003,0,21746,21746
291550,2004,0,11778,11778
291550,2005,0,18366,18366
291550,2006,0,18750,18750
291550,2007,0,18881,18881
291550,2008,0,19039,19039
291550,2009,0,17789,17789
291550,2010,0,16830,16830
291550,2011,0,17600,17600
291550,2012,0,17540,17540
291550,2013,0,18607,18607
291550,2014,0,17730,17730
291550,2015,0,18725,18725
291550,2016,0,18803,18803
291550,2017,0,15101,15101
291550,2018,0,14335,14335
291550,2019,0,13715,13715
291550,2020,0,13406,13406
291550,2021,0,14102,14102
291560,1988,0,46401,46401
291560,1989,11,20477,20466
291560,1990,0,14443,14443
291560,1991,0,21963,21963
291560,1992,0,23323,23323
291560,1993,0,26351,26351
291560,1994,0,23561,23561
291560,1995,0,20909,20909
291560,1996,0,20574,20574
291560,1997,0,22097,22097
291560,1998,0,24618,24618
291560,1999,0,22699,22699
291560,2000,0,25051,25051
291560,2001,0,23060,23060
291560,2002,0,23119,23119
291560,2003,0,24074,24074
291560,2004,0,25275,25275
291560,2005,0,25264,25264
291560,2006,0,21936,21936
291560,2007,0,23177,23177
291560,2008,0,24867,24867
291560,2009,0,23438,23438
291560,2010,0,22675,22675
291560,2011,0,24697,24697
291560,2012,0,26053,26053
291560,2013,0,26016,26016
291560,2014,0,25506,25506
291560,2015,0,26656,26656
291560,2016,0,26186,26186
291560,2017,0,17769,17769
291560,2018,0,17177,17177
291560,2019,0,16183,16183
291560,2020,0,15172,15172
291560,2021,0,15676,15676
291570,1988,0,10236,10236
291570,1989,0,11481,11481
291570,1990,0,11959,11959
291570,1991,0,11945,11945
291570,1992,0,12009,12009
291570,1993,0,10433,10433
291570,1994,0,7485,7485
291570,1995,0,3582,3582
291570,1996,0,3593,3593
291570,1997,0,5420,5420
291570,1998,0,6017,6017
291570,1999,0,4150,4150
291570,2000,0,4208,4208
291570,2001,0,3550,3550
291570,2002,0,4248,4248
291570,2003,0,4326,4326
291570,2004,0,6138,6138
291570,2005,0,4951,4951
291570,2006,0,5210,5210
291570,2007,0,5204,5204
291570,2008,0,5284,5284
291570,2009,0,5499,5499
291570,2010,0,5273,5273
291570,2011,0,5257,5257
291570,2012,0,5269,5269
291570,2013,0,6079,6079
291570,2014,0,6408,6408
291570,2015,0,6235,6235
291570,2016,0,6602,6602
291570,2017,0,5419,5419
291570,2018,0,5213,5213
291570,2019,0,5175,5175
291570,2020,0,5215,5215
291570,2021,0,5330,5330
291580,1988,0,2987,2987
291580,1989,0,2911,2911
291580,1990,0,3003,3003
291580,1991,0,3218,3218
291580,1992,0,5856,5856
291580,1993,0,5129,5129
291580,1994,0,5301,5301
291580,1995,0,5051,5051
291580,1996,0,4981,4981
291580,1997,0,5297,5297
291580,1998,0,5344,5344
291580,1999,0,5141,5141
291580,2000,0,4006,4006
291580,2001,0,5292,5292
291580,2002,0,4030,4030
291580,2003,0,3400,3400
291580,2004,0,3320,3320
291580,2005,0,3000,3000
291580,2006,0,4228,4228
291580,2007,0,4062,4062
291580,2008,0,4682,4682
291580,2009,0,4557,4557
291580,2010,0,3507,3507
291580,2011,0,2250,2250
291580,2012,0,2190,2190
291580,2013,0,3440,3440
291580,2014,0,1830,1830
291580,2015,0,1400,1400
291580,2016,0,3536,3536
291580,2017,0,1627,1627
291580,2018,0,1415,1415
291580,2019,0,1465,1465
291580,2020,0,1315,1315
291580,2021,0,1356,1356
291590,1988,0,425,425
291590,1989,0,656,656
291590,1990,0,602,602
291590,1991,0,598,598
291590,1992,0,1002,1002
291590,1993,0,971,971
291590,1994,0,1136,1136
291590,1995,0,1134,1134
291590,1996,0,1151,1151
291590,1997,0,993,993
291590,1998,0,869,869
291590,1999,0,351,351
291590,2000,0,337,337
291590,2001,0,378,378
291590,2002,0,195,195
291590,2003,0,131,131
291590,2004,0,98,98
291590,2005,0,125,125
291590,2006,0,264,264
291590,2007,0,233,233
291590,2008,0,376,376
291590,2009,0,131,131
291590,2010,0,328,328
291590,2011,0,304,304
291590,2012,0,266,266
291590,2013,0,534,534
291590,2014,0,831,831
291590,2015,0,781,781
291590,2016,0,781,781
291590,2017,0,180,180
291590,2018,0,194,194
291590,2019,0,113,113
291590,2020,0,116,116
291590,2021,0,110,110
291600,1988,0,5758,5758
291600,1989,0,1931,1931
291600,1990,0,1972,1972
291600,1991,0,2024,2024
291600,1992,0,2075,2075
291600,1993,0,2132,2132
291600,1994,0,2350,2350
291600,1995,0,2209,2209
291600,1996,0,2115,2115
291600,1997,0,2321,2321
291600,1998,0,2599,2599
291600,1999,0,2226,2226
291600,2000,0,2465,2465
291600,2001,0,2222,2222
291600,2002,0,2236,2236
291600,2003,0,2233,2233
291600,2004,0,2169,2169
291600,2005,0,2101,2101
291600,2006,0,4398,4398
291600,2007,0,4264,4264
291600,2008,0,4156,4156
291600,2009,0,3707,3707
291600,2010,0,3790,3790
291600,2011,0,3767,3767
291600,2012,0,3802,3802
291600,2013,0,4003,4003
291600,2014,0,3510,3510
291600,2015,0,3408,3408
291600,2016,0,3288,3288
291600,2017,0,2711,2711
291600,2018,0,2282,2282
291600,2019,0,2363,2363
291600,2020,0,1604,1604
291600,2021,0,1581,1581
291610,1988,0,274,274
291610,1989,0,494,494
291610,1990,0,494,494
291610,1991,0,494,494
291610,1992,0,465,465
291610,1993,0,465,465
291610,1994,0,194,194
291610,1995,0,190,190
291610,1996,0,195,195
291610,1997,0,195,195
291610,1998,0,140,140
291610,1999,0,140,140
291610,2000,0,140,140
291610,2001,0,130,130
291610,2002,0,110,110
291610,2003,0,110,110
291610,2004,0,95,95
291610,2005,0,85,85
291610,2006,0,70,70
291610,2007,0,40,40
291610,2008,0,38,38
291610,2009,0,38,38
291610,2010,0,38,38
291610,2011,0,36,36
291610,2012,0,36,36
291610,2013,0,34,34
291610,2014,0,34,34
291610,2015,0,34,34
291610,2016,0,34,34
291610,2017,0,17,17
291610,2018,0,17,17
291610,2019,0,18,18
291610,2020,0,18,18
291610,2021,0,19,19
291620,1988,0,5032,5032
291620,1989,0,5049,5049
291620,1990,0,5112,5112
291620,1991,0,5197,5197
291620,1992,0,4802,4802
291620,1993,0,4819,4819
291620,1994,0,4960,4960
291620,1995,0,4617,4617
291620,1996,0,4492,4492
291620,1997,0,4548,4548
291620,1998,0,3352,3352
291620,1999,0,2163,2163
291620,2000,0,1986,1986
291620,2001,0,1906,1906
291620,2002,0,1885,1885
291620,2003,0,1882,1882
291620,2004,0,1880,1880
291620,2005,0,1626,1626
291620,2006,0,1593,1593
291620,2007,0,1756,1756
291620,2008,0,1746,1746
291620,2009,0,1176,1176
291620,2010,0,1676,1676
291620,2011,0,1678,1678
291620,2012,0,1683,1683
291620,2013,0,1275,1275
291620,2014,0,1641,1641
291620,2015,0,1637,1637
291620,2016,0,1247,1247
291620,2017,0,836,836
291620,2018,0,836,836
291620,2019,0,827,827
291620,2020,0,823,823
291620,2021,0,833,833
291630,1988,0,13238,13238
291630,1989,0,13238,13238
291630,1990,0,12798,12798
291630,1991,0,12860,12860
291630,1992,0,10081,10081
291630,1993,0,14043,14043
291630,1994,0,8291,8291
291630,1995,0,9069,9069
291630,1996,0,9171,9171
291630,1997,0,7480,7480
291630,1998,0,6278,6278
291630,1999,0,6112,6112
291630,2000,0,5742,5742
291630,2001,0,5649,5649
291630,2002,0,4915,4915
291630,2003,0,4900,4900
291630,2004,0,4888,4888
291630,2005,0,4873,4873
291630,2006,0,5614,5614
291630,2007,0,5571,5571
291630,2008,0,5090,5090
291630,2009,0,5091,5091
291630,2010,0,5001,5001
291630,2011,0,5085,5085
291630,2012,0,5096,5096
291630,2013,0,4237,4237
291630,2014,0,5170,5170
291630,2015,0,5231,5231
291630,2016,0,4617,4617
291630,2017,0,1806,1806
291630,2018,0,1514,1514
291630,2019,0,1409,1409
291630,2020,0,1399,1399
291630,2021,0,1453,1453
291640,1988,0,263,263
291640,1989,0,187,187
291640,1990,0,180,180
291640,1991,0,177,177
291640,1992,0,178,178
291640,1993,0,182,182
291640,1994,0,79,79
291640,1995,0,70,70
291640,1996,0,61,61
291640,1997,0,61,61
291640,1998,0,64,64
291640,1999,0,60,60
291640,2000,0,135,135
291640,2001,0,105,105
291640,2002,0,57,57
291640,2003,0,57,57
291640,2004,0,57,57
291640,2005,0,97,97
291640,2006,0,93,93
291640,2007,0,88,88
291640,2008,0,93,93
291640,2009,0,93,93
291640,2010,0,95,95
291640,2011,0,89,89
291640,2012,0,97,97
291640,2013,0,125,125
291640,2014,0,120,120
291640,2015,0,148,148
291640,2016,0,148,148
291640,2017,0,8,8
291640,2018,0,36,36
291640,2019,0,34,34
291640,2020,0,31,31
291640,2021,0,36,36
291650,1988,0,4275,4275
291650,1989,0,12248,12248
291650,1990,0,7145,7145
291650,1991,0,11770,11770
291650,1992,0,6940,6940
291650,1993,0,2910,2910
291650,1994,0,3890,3890
291650,1995,0,6835,6835
291650,1996,0,9190,9190
291650,1997,0,12785,12785
291650,1998,0,12265,12265
291650,1999,0,8305,8305
291650,2000,0,12130,12130
291650,2001,0,9690,9690
291650,2002,0,11880,11880
291650,2003,0,12480,12480
291650,2004,0,11910,11910
291650,2005,0,13750,13750
291650,2006,0,14185,14185
291650,2007,0,13873,13873
291650,2008,0,18660,18660
291650,2009,0,15870,15870
291650,2010,0,17910,17910
291650,2011,0,18960,18960
291650,2012,0,17510,17510
291650,2013,0,17050,17050
291650,2014,0,17000,17000
291650,2015,0,17970,17970
291650,2016,0,12165,12165
291650,2017,0,18741,18741
291650,2018,70,20369,20299
291650,2019,70,20455,20385
291650,2020,50,34512,34462
291650,2021,55,29845,29790
291660,1988,0,2997,2997
291660,1989,0,2729,2729
291660,1990,0,2478,2478
291660,1991,0,2478,2478
291660,1992,0,3240,3240
291660,1993,0,3226,3226
291660,1994,0,3226,3226
291660,1995,0,4341,4341
291660,1996,0,4000,4000
291660,1997,0,4100,4100
291660,1998,0,4331,4331
291660,1999,0,3125,3125
291660,2000,0,3166,3166
291660,2001,0,2975,2975
291660,2002,0,3119,3119
291660,2003,0,3094,3094
291660,2004,0,2130,2130
291660,2005,0,2330,2330
291660,2006,0,2669,2669
291660,2007,0,2562,2562
291660,2008,0,2642,2642
291660,2009,0,2397,2397
291660,2010,0,2380,2380
291660,2011,0,2270,2270
291660,2012,0,2287,2287
291660,2013,0,2637,2637
291660,2014,0,2322,2322
291660,2015,0,2244,2244
291660,2016,0,2623,2623
291660,2017,0,1784,1784
291660,2018,0,1315,1315
291660,2019,0,1312,1312
291660,2020,0,1270,1270
291660,2021,0,1290,1290
291670,1988,0,4677,4677
291670,1989,0,3808,3808
291670,1990,0,3823,3823
291670,1991,0,3692,3692
291670,1992,0,3479,3479
291670,1993,0,1670,1670
291670,1994,0,1373,1373
291670,1995,0,1395,1395
291670,1996,0,1483,1483
291670,1997,0,2088,2088
291670,1998,0,1938,1938
291670,1999,0,1888,1888
291670,2000,0,1410,1410
291670,2001,0,1670,1670
291670,2002,0,1689,1689
291670,2003,0,1851,1851
291670,2004,0,1821,1821
291670,2005,0,1793,1793
291670,2006,0,1561,1561
291670,2007,0,1379,1379
291670,2008,0,1372,1372
291670,2009,0,1251,1251
291670,2010,0,1168,1168
291670,2011,0,1184,1184
291670,2012,0,1258,1258
291670,2013,0,1312,1312
291670,2014,0,1554,1554
291670,2015,0,1554,1554
291670,2016,0,1554,1554
291670,2017,0,232,232
291670,2018,0,292,292
291670,2019,0,298,298
291670,2020,0,434,434
291670,2021,0,469,469
291680,1988,0,1102,1102
291680,1989,0,880,880
291680,1990,0,925,925
291680,1991,0,836,836
291680,1992,0,836,836
291680,1993,0,945,945
291680,1994,0,946,946
291680,1995,0,918,918
291680,1996,0,820,820
291680,1997,0,830,830
291680,1998,0,706,706
291680,1999,0,658,658
291680,2000,0,1034,1034
291680,2001,0,973,973
291680,2002,0,1119,1119
291680,2003,0,1118,1118
291680,2004,0,1118,1118
291680,2005,0,768,768
291680,2006,0,748,748
291680,2007,0,739,739
291680,2008,0,746,746
291680,2009,0,331,331
291680,2010,0,335,335
291680,2011,0,322,322
291680,2012,0,387,387
291680,2013,0,367,367
291680,2014,0,265,265
291680,2015,0,261,261
291680,2016,0,261,261
291680,2017,0,26,26
291680,2018,0,178,178
291680,2019,0,166,166
291680,2020,0,166,166
291680,2021,0,190,190
291685,1988,0,0,0
291685,1989,0,0,0
291685,1990,0,38,38
291685,1991,0,38,38
291685,1992,0,417,417
291685,1993,0,377,377
291685,1994,0,367,367
291685,1995,0,350,350
291685,1996,0,430,430
291685,1997,0,468,468
291685,1998,0,231,231
291685,1999,0,260,260
291685,2000,0,269,269
291685,2001,0,266,266
291685,2002,0,280,280
291685,2003,0,283,283
291685,2004,0,458,458
291685,2005,0,465,465
291685,2006,0,285,285
291685,2007,0,382,382
291685,2008,0,426,426
291685,2009,0,378,378
291685,2010,0,495,495
291685,2011,0,421,421
291685,2012,0,64,64
291685,2013,0,262,262
291685,2014,0,284,284
291685,2015,0,364,364
291685,2016,0,181,181
291685,2017,20,285,265
291685,2018,20,267,247
291685,2019,20,267,247
291685,2020,25,372,347
291685,2021,20,360,340
291690,1988,0,6556,6556
291690,1989,0,8701,8701
291690,1990,0,8137,8137
291690,1991,0,8411,8411
291690,1992,0,6712,6712
291690,1993,0,1299,1299
291690,1994,0,956,956
291690,1995,0,2006,2006
291690,1996,0,2336,2336
291690,1997,0,3656,3656
291690,1998,0,3119,3119
291690,1999,0,3092,3092
291690,2000,0,2550,2550
291690,2001,0,3005,3005
291690,2002,0,2865,2865
291690,2003,0,3291,3291
291690,2004,0,3147,3147
291690,2005,0,3120,3120
291690,2006,0,2716,2716
291690,2007,0,2743,2743
291690,2008,0,2751,2751
291690,2009,0,2912,2912
291690,2010,0,2823,2823
291690,2011,0,3020,3020
291690,2012,0,3155,3155
291690,2013,0,3227,3227
291690,2014,0,2838,2838
291690,2015,0,2838,2838
291690,2016,0,2838,2838
291690,2017,0,684,684
291690,2018,0,947,947
291690,2019,0,1028,1028
291690,2020,0,1001,1001
291690,2021,0,1028,1028
291700,1988,0,11635,11635
291700,1989,0,10332,10332
291700,1990,0,3373,3373
291700,1991,0,6756,6756
291700,1992,0,7420,7420
291700,1993,0,5260,5260
291700,1994,0,7134,7134
291700,1995,0,6715,6715
291700,1996,0,6099,6099
291700,1997,0,17598,17598
291700,1998,0,5918,5918
291700,1999,0,10236,10236
291700,2000,0,17165,17165
291700,2001,0,10671,10671
291700,2002,0,12063,12063
291700,2003,0,13609,13609
291700,2004,0,13167,13167
291700,2005,0,13198,13198
291700,2006,0,15459,15459
291700,2007,0,19743,19743
291700,2008,0,11596,11596
291700,2009,0,9775,9775
291700,2010,0,10065,10065
291700,2011,0,12094,12094
291700,2012,0,7772,7772
291700,2013,0,10373,10373
291700,2014,0,13638,13638
291700,2015,0,15442,15442
291700,2016,0,4642,4642
291700,2017,0,8637,8637
291700,2018,0,7571,7571
291700,2019,0,6224,6224
291700,2020,0,11915,11915
291700,2021,0,10670,10670
291710,1988,0,4908,4908
291710,1989,0,4674,4674
291710,1990,0,4631,4631
291710,1991,0,4590,4590
291710,1992,0,4591,4591
291710,1993,0,4596,4596
291710,1994,0,5447,5447
291710,1995,0,5622,5622
291710,1996,0,5552,5552
291710,1997,0,5916,5916
291710,1998,0,5781,5781
291710,1999,0,5333,5333
291710,2000,0,6259,6259
291710,2001,0,5988,5988
291710,2002,0,6642,6642
291710,2003,0,6522,6522
291710,2004,0,6451,6451
291710,2005,0,6072,6072
291710,2006,0,6037,6037
291710,2007,0,6065,6065
291710,2008,0,6159,6159
291710,2009,0,5861,5861
291710,2010,0,5558,5558
291710,2011,0,5513,5513
291710,2012,0,5515,5515
291710,2013,0,5320,5320
291710,2014,0,5473,5473
291710,2015,0,5035,5035
291710,2016,0,5065,5065
291710,2017,0,1681,1681
291710,2018,0,1669,1669
291710,2019,0,1599,1599
291710,2020,0,1668,1668
291710,2021,0,1768,1768
291720,1988,0,15610,15610
291720,1989,0,14503,14503
291720,1990,0,10775,10775
291720,1991,0,8855,8855
291720,1992,0,14034,14034
291720,1993,0,12879,12879
291720,1994,0,5046,5046
291720,1995,0,4673,4673
291720,1996,0,4423,4423
291720,1997,0,4643,4643
291720,1998,0,5147,5147
291720,1999,0,3515,3515
291720,2000,0,4217,4217
291720,2001,0,4502,4502
291720,2002,0,4102,4102
291720,2003,0,4030,4030
291720,2004,0,4660,4660
291720,2005,0,4915,4915
291720,2006,0,5625,5625
291720,2007,0,6145,6145
291720,2008,0,6865,6865
291720,2009,0,7173,7173
291720,2010,0,6085,6085
291720,2011,0,4485,4485
291720,2012,0,3995,3995
291720,2013,0,4895,4895
291720,2014,0,4947,4947
291720,2015,0,5869,5869
291720,2016,0,7339,7339
291720,2017,0,5961,5961
291720,2018,0,5220,5220
291720,2019,0,5205,5205
291720,2020,0,6514,6514
291720,2021,0,5970,5970
291730,1988,0,10202,10202
291730,1989,0,10958,10958
291730,1990,0,9312,9312
291730,1991,0,9369,9369
291730,1992,0,11173,11173
291730,1993,0,7208,7208
291730,1994,0,7249,7249
291730,1995,0,8990,8990
291730,1996,0,9544,9544
291730,1997,0,10439,10439
291730,1998,0,13575,13575
291730,1999,0,10820,10820
291730,2000,0,17699,17699
291730,2001,0,17881,17881
291730,2002,0,16799,16799
291730,2003,0,18330,18330
291730,2004,0,17255,17255
291730,2005,0,15984,15984
291730,2006,0,18521,18521
291730,2007,0,17185,17185
291730,2008,0,18001,18001
291730,2009,0,17190,17190
291730,2010,0,16548,16548
291730,2011,0,21270,21270
291730,2012,0,20937,20937
291730,2013,0,16706,16706
291730,2014,0,20237,20237
291730,2015,0,20393,20393
291730,2016,0,17426,17426
291730,2017,0,12990,12990
291730,2018,0,12907,12907
291730,2019,0,12610,12610
291730,2020,0,12222,12222
291730,2021,0,12651,12651
291733,1988,0,0,0
291733,1989,0,0,0
291733,1990,0,26383,26383
291733,1991,0,26615,26615
291733,1992,0,29461,29461
291733,1993,0,26633,26633
291733,1994,0,30752,30752
291733,1995,0,34146,34146
291733,1996,0,29063,29063
291733,1997,0,32471,32471
291733,1998,0,19354,19354
291733,1999,0,13263,13263
291733,2000,0,9584,9584
291733,2001,0,8111,8111
291733,2002,0,13480,13480
291733,2003,0,11890,11890
291733,2004,0,12535,12535
291733,2005,0,10055,10055
291733,2006,0,7330,7330
291733,2007,0,7074,7074
291733,2008,0,7715,7715
291733,2009,0,12300,12300
291733,2010,0,9405,9405
291733,2011,0,29775,29775
291733,2012,0,31345,31345
291733,2013,0,34295,34295
291733,2014,0,26876,26876
291733,2015,0,16929,16929
291733,2016,0,6867,6867
291733,2017,0,3970,3970
291733,2018,0,3362,3362
291733,2019,0,3616,3616
291733,2020,0,4277,4277
291733,2021,0,4103,4103
291735,1988,0,2591,2591
291735,1989,0,3586,3586
291735,1990,0,1618,1618
291735,1991,0,2550,2550
291735,1992,0,3946,3946
291735,1993,0,23489,23489
291735,1994,11250,26370,15120
291735,1995,15000,35602,20602
291735,1996,11400,17198,5798
291735,1997,11867,17146,5279
291735,1998,16600,22346,5746
291735,1999,18000,27493,9493
291735,2000,16631,28719,12088
291735,2001,17045,30531,13486
291735,2002,20000,30241,10241
291735,2003,22000,37991,15991
291735,2004,29415,51823,22408
291735,2005,40557,71741,31184
291735,2006,40557,79519,38962
291735,2007,33000,73271,40271
291735,2008,35000,83237,48237
291735,2009,43163,92533,49370
291735,2010,50000,95713,45713
291735,2011,50000,99905,49905
291735,2012,55200,114558,59358
291735,2013,59092,107188,48096
291735,2014,59092,131711,72619
291735,2015,70000,100841,30841
291735,2016,82500,113691,31191
291735,2017,94350,134736,40386
291735,2018,95313,138727,43414
291735,2019,95800,152958,57158
291735,2020,101800,150101,48301
291735,2021,107900,148328,40428
291740,1988,0,4216,4216
291740,1989,0,4840,4840
291740,1990,0,3875,3875
291740,1991,0,3195,3195
291740,1992,0,3222,3222
291740,1993,0,2506,2506
291740,1994,0,2164,2164
291740,1995,0,1968,1968
291740,1996,0,1941,1941
291740,1997,0,2789,2789
291740,1998,0,3258,3258
291740,1999,0,2652,2652
291740,2000,0,2064,2064
291740,2001,0,1248,1248
291740,2002,0,2455,2455
291740,2003,0,2432,2432
291740,2004,0,2466,2466
291740,2005,0,2922,2922
291740,2006,0,3390,3390
291740,2007,0,2620,2620
291740,2008,0,2539,2539
291740,2009,0,2304,2304
291740,2010,0,2404,2404
291740,2011,0,1667,1667
291740,2012,0,1851,1851
291740,2013,0,2075,2075
291740,2014,0,1555,1555
291740,2015,0,2255,2255
291740,2016,0,2258,2258
291740,2017,0,2026,2026
291740,2018,0,2147,2147
291740,2019,0,2057,2057
291740,2020,0,1792,1792
291740,2021,0,2019,2019
291750,1988,0,97959,97959
291750,1989,0,73546,73546
291750,1990,0,43183,43183
291750,1991,0,28837,28837
291750,1992,0,36263,36263
291750,1993,0,42599,42599
291750,1994,0,28014,28014
291750,1995,0,17080,17080
291750,1996,0,14413,14413
291750,1997,0,22941,22941
291750,1998,0,20233,20233
291750,1999,0,11448,11448
291750,2000,0,21452,21452
291750,2001,0,19500,19500
291750,2002,0,15105,15105
291750,2003,0,23093,23093
291750,2004,0,23277,23277
291750,2005,0,28999,28999
291750,2006,0,25089,25089
291750,2007,0,24168,24168
291750,2008,0,24038,24038
291750,2009,0,20742,20742
291750,2010,0,16706,16706
291750,2011,0,18017,18017
291750,2012,0,20760,20760
291750,2013,0,15162,15162
291750,2014,0,19300,19300
291750,2015,0,18970,18970
291750,2016,0,18470,18470
291750,2017,0,4560,4560
291750,2018,0,7797,7797
291750,2019,0,7933,7933
291750,2020,0,7569,7569
291750,2021,0,6934,6934
291760,1988,0,23855,23855
291760,1989,0,18182,18182
291760,1990,0,13791,13791
291760,1991,0,15010,15010
291760,1992,0,13607,13607
291760,1993,0,9918,9918
291760,1994,0,5791,5791
291760,1995,0,5165,5165
291760,1996,0,5695,5695
291760,1997,0,7535,7535
291760,1998,0,7033,7033
291760,1999,0,6936,6936
291760,2000,0,5549,5549
291760,2001,0,6657,6657
291760,2002,0,5899,5899
291760,2003,0,6928,6928
291760,2004,0,6788,6788
291760,2005,0,7167,7167
291760,2006,0,6627,6627
291760,2007,0,7644,7644
291760,2008,0,7111,7111
291760,2009,0,6898,6898
291760,2010,0,6670,6670
291760,2011,0,7020,7020
291760,2012,0,6722,6722
291760,2013,0,6984,6984
291760,2014,0,6478,6478
291760,2015,0,6361,6361
291760,2016,0,6422,6422
291760,2017,0,2813,2813
291760,2018,0,3157,3157
291760,2019,0,3022,3022
291760,2020,0,3079,3079
291760,2021,0,3079,3079
291770,1988,0,5009,5009
291770,1989,0,9677,9677
291770,1990,0,3060,3060
291770,1991,0,4353,4353
291770,1992,0,5875,5875
291770,1993,0,2881,2881
291770,1994,0,2319,2319
291770,1995,0,1886,1886
291770,1996,0,1754,1754
291770,1997,0,3740,3740
291770,1998,0,783,783
291770,1999,0,2545,2545
291770,2000,0,5881,5881
291770,2001,0,2258,2258
291770,2002,0,2517,2517
291770,2003,0,5035,5035
291770,2004,0,4819,4819
291770,2005,0,3989,3989
291770,2006,0,5006,5006
291770,2007,0,7069,7069
291770,2008,0,3716,3716
291770,2009,0,3827,3827
291770,2010,0,4040,4040
291770,2011,0,3868,3868
291770,2012,0,1043,1043
291770,2013,0,2345,2345
291770,2014,0,9492,9492
291770,2015,0,14161,14161
291770,2016,0,1266,1266
291770,2017,0,5604,5604
291770,2018,0,4817,4817
291770,2019,0,4816,4816
291770,2020,0,4361,4361
291770,2021,0,4879,4879
291780,1988,0,5908,5908
291780,1989,0,5867,5867
291780,1990,0,5910,5910
291780,1991,0,5859,5859
291780,1992,0,6347,6347
291780,1993,0,5672,5672
291780,1994,0,5900,5900
291780,1995,0,5810,5810
291780,1996,0,6084,6084
291780,1997,0,6213,6213
291780,1998,0,5940,5940
291780,1999,0,5926,5926
291780,2000,0,5829,5829
291780,2001,0,5735,5735
291780,2002,0,6156,6156
291780,2003,0,6111,6111
291780,2004,0,6106,6106
291780,2005,0,6136,6136
291780,2006,0,6304,6304
291780,2007,0,6230,6230
291780,2008,0,6311,6311
291780,2009,0,6032,6032
291780,2010,0,6003,6003
291780,2011,0,5600,5600
291780,2012,0,5685,5685
291780,2013,0,5475,5475
291780,2014,0,5363,5363
291780,2015,0,5408,5408
291780,2016,0,5541,5541
291780,2017,0,7079,7079
291780,2018,0,7133,7133
291780,2019,0,7693,7693
291780,2020,0,7717,7717
291780,2021,0,7622,7622
291790,1988,0,5370,5370
291790,1989,0,7375,7375
291790,1990,0,11204,11204
291790,1991,0,11698,11698
291790,1992,0,12298,12298
291790,1993,0,12239,12239
291790,1994,0,13250,13250
291790,1995,0,13253,13253
291790,1996,0,13964,13964
291790,1997,0,13861,13861
291790,1998,0,18004,18004
291790,1999,0,14059,14059
291790,2000,0,13626,13626
291790,2001,0,13676,13676
291790,2002,0,13701,13701
291790,2003,0,13680,13680
291790,2004,0,13680,13680
291790,2005,0,13680,13680
291790,2006,0,13965,13965
291790,2007,0,13825,13825
291790,2008,0,13700,13700
291790,2009,0,13660,13660
291790,2010,0,13725,13725
291790,2011,0,14185,14185
291790,2012,0,14335,14335
291790,2013,0,15275,15275
291790,2014,0,17700,17700
291790,2015,0,17239,17239
291790,2016,0,13714,13714
291790,2017,0,5845,5845
291790,2018,0,5394,5394
291790,2019,0,4445,4445
291790,2020,0,3724,3724
291790,2021,0,3695,3695
291800,1988,0,10386,10386
291800,1989,0,9967,9967
291800,1990,0,9403,9403
291800,1991,0,8478,8478
291800,1992,0,10803,10803
291800,1993,0,10803,10803
291800,1994,0,10923,10923
291800,1995,0,11110,11110
291800,1996,0,9941,9941
291800,1997,0,9249,9249
291800,1998,0,8907,8907
291800,1999,0,8337,8337
291800,2000,0,8355,8355
291800,2001,0,8278,8278
291800,2002,0,8527,8527
291800,2003,0,8628,8628
291800,2004,0,8345,8345
291800,2005,0,8180,8180
291800,2006,0,9070,9070
291800,2007,0,9836,9836
291800,2008,0,9771,9771
291800,2009,0,9101,9101
291800,2010,0,8772,8772
291800,2011,0,9360,9360
291800,2012,0,10885,10885
291800,2013,0,9395,9395
291800,2014,0,9105,9105
291800,2015,0,9230,9230
291800,2016,0,10249,10249
291800,2017,0,10464,10464
291800,2018,0,10251,10251
291800,2019,0,9921,9921
291800,2020,0,10265,10265
291800,2021,0,10371,10371
291810,1988,0,28194,28194
291810,1989,0,34090,34090
291810,1990,0,19433,19433
291810,1991,0,33216,33216
291810,1992,0,10402,10402
291810,1993,0,4875,4875
291810,1994,0,9376,9376
291810,1995,0,10322,10322
291810,1996,0,10598,10598
291810,1997,0,11379,11379
291810,1998,0,10256,10256
291810,1999,0,21231,21231
291810,2000,0,28933,28933
291810,2001,0,29612,29612
291810,2002,0,36830,36830
291810,2003,0,37840,37840
291810,2004,0,33043,33043
291810,2005,0,40416,40416
291810,2006,0,40152,40152
291810,2007,0,22285,22285
291810,2008,0,24252,24252
291810,2009,0,26467,26467
291810,2010,0,27525,27525
291810,2011,0,26071,26071
291810,2012,0,14508,14508
291810,2013,0,14408,14408
291810,2014,0,13038,13038
291810,2015,0,12815,12815
291810,2016,0,12451,12451
291810,2017,0,6798,6798
291810,2018,0,12960,12960
291810,2019,0,16047,16047
291810,2020,0,20291,20291
291810,2021,0,26102,26102
291820,1988,0,14565,14565
291820,1989,0,14554,14554
291820,1990,0,8435,8435
291820,1991,0,3000,3000
291820,1992,0,3522,3522
291820,1993,0,3753,3753
291820,1994,0,3723,3723
291820,1995,0,4253,4253
291820,1996,0,4279,4279
291820,1997,0,4226,4226
291820,1998,0,5422,5422
291820,1999,0,5123,5123
291820,2000,0,4911,4911
291820,2001,0,5040,5040
291820,2002,0,4991,4991
291820,2003,0,4748,4748
291820,2004,0,4784,4784
291820,2005,0,5129,5129
291820,2006,0,5390,5390
291820,2007,0,5789,5789
291820,2008,0,5996,5996
291820,2009,0,6070,6070
291820,2010,0,5229,5229
291820,2011,0,5272,5272
291820,2012,0,5202,5202
291820,2013,0,5961,5961
291820,2014,0,5232,5232
291820,2015,0,5237,5237
291820,2016,0,6132,6132
291820,2017,0,6188,6188
291820,2018,0,6185,6185
291820,2019,0,6194,6194
291820,2020,0,6107,6107
291820,2021,0,6501,6501
291830,1988,0,5889,5889
291830,1989,0,5923,5923
291830,1990,0,5775,5775
291830,1991,0,5261,5261
291830,1992,0,8210,8210
291830,1993,0,8210,8210
291830,1994,0,7732,7732
291830,1995,0,7753,7753
291830,1996,0,7403,7403
291830,1997,0,7261,7261
291830,1998,0,6822,6822
291830,1999,0,8654,8654
291830,2000,0,8885,8885
291830,2001,0,8562,8562
291830,2002,0,8592,8592
291830,2003,0,8985,8985
291830,2004,0,8982,8982
291830,2005,0,9321,9321
291830,2006,0,10100,10100
291830,2007,0,10164,10164
291830,2008,0,10287,10287
291830,2009,0,7126,7126
291830,2010,0,7102,7102
291830,2011,0,8048,8048
291830,2012,0,10678,10678
291830,2013,0,7363,7363
291830,2014,0,7617,7617
291830,2015,0,7545,7545
291830,2016,0,7678,7678
291830,2017,0,7451,7451
291830,2018,0,6400,6400
291830,2019,0,6459,6459
291830,2020,0,6473,6473
291830,2021,0,6494,6494
291835,1988,0,72823,72823
291835,1989,0,36299,36299
291835,1990,0,38262,38262
291835,1991,0,53023,53023
291835,1992,0,48414,48414
291835,1993,0,68677,68677
291835,1994,0,73064,73064
291835,1995,0,5235,5235
291835,1996,0,36200,36200
291835,1997,0,42794,42794
291835,1998,0,15629,15629
291835,1999,0,38770,38770
291835,2000,0,40607,40607
291835,2001,0,29642,29642
291835,2002,0,37171,37171
291835,2003,0,39192,39192
291835,2004,0,53728,53728
291835,2005,0,36799,36799
291835,2006,0,8516,8516
291835,2007,0,24581,24581
291835,2008,0,17421,17421
291835,2009,0,18831,18831
291835,2010,0,13061,13061
291835,2011,0,17946,17946
291835,2012,0,5646,5646
291835,2013,0,3186,3186
291835,2014,0,12481,12481
291835,2015,0,11476,11476
291835,2016,0,1706,1706
291835,2017,0,4941,4941
291835,2018,0,4243,4243
291835,2019,0,4568,4568
291835,2020,0,3532,3532
291835,2021,0,3455,3455
291840,1988,0,18843,18843
291840,1989,0,23254,23254
291840,1990,0,19598,19598
291840,1991,0,20559,20559
291840,1992,0,19592,19592
291840,1993,0,24407,24407
291840,1994,0,26178,26178
291840,1995,0,29815,29815
291840,1996,0,28390,28390
291840,1997,0,30809,30809
291840,1998,0,30723,30723
291840,1999,0,26436,26436
291840,2000,0,35630,35630
291840,2001,0,34355,34355
291840,2002,0,36931,36931
291840,2003,0,27879,27879
291840,2004,0,28704,28704
291840,2005,0,32947,32947
291840,2006,0,38979,38979
291840,2007,0,40556,40556
291840,2008,0,40491,40491
291840,2009,0,39055,39055
291840,2010,0,36629,36629
291840,2011,0,35059,35059
291840,2012,0,34227,34227
291840,2013,0,30496,30496
291840,2014,0,28879,28879
291840,2015,0,28939,28939
291840,2016,0,28939,28939
291840,2017,0,31714,31714
291840,2018,0,32474,32474
291840,2019,0,31471,31471
291840,2020,0,33968,33968
291840,2021,0,36603,36603
291845,1988,0,0,0
291845,1989,0,0,0
291845,1990,0,5983,5983
291845,1991,0,7453,7453
291845,1992,0,7695,7695
291845,1993,0,4223,4223
291845,1994,0,4516,4516
291845,1995,0,4084,4084
291845,1996,0,4024,4024
291845,1997,0,4229,4229
291845,1998,0,5393,5393
291845,1999,0,4948,4948
291845,2000,0,5290,5290
291845,2001,0,5731,5731
291845,2002,0,5651,5651
291845,2003,0,5935,5935
291845,2004,0,5914,5914
291845,2005,0,5999,5999
291845,2006,0,5869,5869
291845,2007,0,6743,6743
291845,2008,0,5249,5249
291845,2009,0,5167,5167
291845,2010,0,4980,4980
291845,2011,0,5237,5237
291845,2012,0,5710,5710
291845,2013,0,5749,5749
291845,2014,0,5736,5736
291845,2015,0,6381,6381
291845,2016,0,5553,5553
291845,2017,0,3993,3993
291845,2018,0,2964,2964
291845,2019,0,2918,2918
291845,2020,0,2510,2510
291845,2021,0,2664,2664
291850,1988,0,68147,68147
291850,1989,0,28337,28337
291850,1990,0,46954,46954
291850,1991,0,31275,31275
291850,1992,0,57674,57674
291850,1993,0,35652,35652
291850,1994,0,48548,48548
291850,1995,0,11430,11430
291850,1996,0,19835,19835
291850,1997,0,11161,11161
291850,1998,0,7946,7946
291850,1999,0,14365,14365
291850,2000,0,19638,19638
291850,2001,0,20193,20193
291850,2002,0,21605,21605
291850,2003,0,27169,27169
291850,2004,0,29763,29763
291850,2005,0,26313,26313
291850,2006,0,22446,22446
291850,2007,0,19202,19202
291850,2008,0,19656,19656
291850,2009,0,23327,23327
291850,2010,0,22330,22330
291850,2011,0,22430,22430
291850,2012,0,13323,13323
291850,2013,0,13962,13962
291850,2014,0,16043,16043
291850,2015,0,15073,15073
291850,2016,0,3873,3873
291850,2017,0,4352,4352
291850,2018,0,4195,4195
291850,2019,0,4575,4575
291850,2020,0,4240,4240
291850,2021,0,4193,4193
291855,1988,0,8072,8072
291855,1989,0,8130,8130
291855,1990,0,8169,8169
291855,1991,0,8206,8206
291855,1992,0,8291,8291
291855,1993,0,8313,8313
291855,1994,0,8397,8397
291855,1995,0,9506,9506
291855,1996,0,9372,9372
291855,1997,0,8624,8624
291855,1998,0,5879,5879
291855,1999,0,4924,4924
291855,2000,0,4673,4673
291855,2001,0,4563,4563
291855,2002,0,8523,8523
291855,2003,0,7431,7431
291855,2004,0,7608,7608
291855,2005,0,5345,5345
291855,2006,0,4756,4756
291855,2007,0,4839,4839
291855,2008,0,4846,4846
291855,2009,0,4820,4820
291855,2010,0,4773,4773
291855,2011,0,4773,4773
291855,2012,0,4823,4823
291855,2013,0,4850,4850
291855,2014,0,4829,4829
291855,2015,0,4826,4826
291855,2016,0,4906,4906
291855,2017,0,2352,2352
291855,2018,0,2424,2424
291855,2019,0,2415,2415
291855,2020,0,2190,2190
291855,2021,0,2389,2389
291860,1988,0,2832,2832
291860,1989,0,3018,3018
291860,1990,0,2886,2886
291860,1991,0,3103,3103
291860,1992,0,2778,2778
291860,1993,0,1789,1789
291860,1994,0,1665,1665
291860,1995,0,511,511
291860,1996,0,511,511
291860,1997,0,623,623
291860,1998,0,837,837
291860,1999,0,938,938
291860,2000,0,1903,1903
291860,2001,0,1983,1983
291860,2002,0,1965,1965
291860,2003,0,2045,2045
291860,2004,0,1985,1985
291860,2005,0,1933,1933
291860,2006,0,1776,1776
291860,2007,0,1915,1915
291860,2008,0,2010,2010
291860,2009,0,3256,3256
291860,2010,0,1554,1554
291860,2011,0,1497,1497
291860,2012,0,1533,1533
291860,2013,0,1447,1447
291860,2014,0,1802,1802
291860,2015,0,1951,1951
291860,2016,0,1988,1988
291860,2017,0,1030,1030
291860,2018,0,1044,1044
291860,2019,0,1053,1053
291860,2020,0,1068,1068
291860,2021,0,1027,1027
291870,1988,0,3822,3822
291870,1989,0,3485,3485
291870,1990,0,3587,3587
291870,1991,0,3095,3095
291870,1992,0,3906,3906
291870,1993,0,3836,3836
291870,1994,0,3481,3481
291870,1995,0,3338,3338
291870,1996,0,2646,2646
291870,1997,0,2312,2312
291870,1998,0,1648,1648
291870,1999,0,1702,1702
291870,2000,0,1078,1078
291870,2001,0,955,955
291870,2002,0,1052,1052
291870,2003,0,951,951
291870,2004,0,868,868
291870,2005,0,847,847
291870,2006,0,1168,1168
291870,2007,0,760,760
291870,2008,0,855,855
291870,2009,0,839,839
291870,2010,0,1052,1052
291870,2011,0,973,973
291870,2012,0,733,733
291870,2013,0,682,682
291870,2014,0,868,868
291870,2015,0,995,995
291870,2016,0,1077,1077
291870,2017,0,896,896
291870,2018,0,855,855
291870,2019,0,949,949
291870,2020,0,970,970
291870,2021,0,970,970
291875,1988,0,0,0
291875,1989,0,0,0
291875,1990,0,10247,10247
291875,1991,0,6090,6090
291875,1992,0,3215,3215
291875,1993,0,2847,2847
291875,1994,0,2271,2271
291875,1995,0,2429,2429
291875,1996,0,2203,2203
291875,1997,0,3382,3382
291875,1998,0,3312,3312
291875,1999,0,2453,2453
291875,2000,0,3163,3163
291875,2001,0,1562,1562
291875,2002,0,2585,2585
291875,2003,0,2585,2585
291875,2004,0,3016,3016
291875,2005,0,4489,4489
291875,2006,0,5595,5595
291875,2007,0,4653,4653
291875,2008,0,4537,4537
291875,2009,0,3743,3743
291875,2010,0,3395,3395
291875,2011,0,3617,3617
291875,2012,0,2673,2673
291875,2013,0,2467,2467
291875,2014,0,1472,1472
291875,2015,0,927,927
291875,2016,0,927,927
291875,2017,0,675,675
291875,2018,0,542,542
291875,2019,0,705,705
291875,2020,0,686,686
291875,2021,0,553,553
291880,1988,0,3102,3102
291880,1989,0,2662,2662
291880,1990,0,2642,2642
291880,1991,0,8555,8555
291880,1992,0,10062,10062
291880,1993,0,9059,9059
291880,1994,0,8965,8965
291880,1995,0,4500,4500
291880,1996,0,4501,4501
291880,1997,0,4119,4119
291880,1998,0,4207,4207
291880,1999,0,8390,8390
291880,2000,0,9413,9413
291880,2001,0,9574,9574
291880,2002,0,7314,7314
291880,2003,0,7217,7217
291880,2004,0,6822,6822
291880,2005,0,7040,7040
291880,2006,0,7428,7428
291880,2007,0,8295,8295
291880,2008,0,8011,8011
291880,2009,0,7739,7739
291880,2010,0,7549,7549
291880,2011,0,7622,7622
291880,2012,0,6973,6973
291880,2013,0,7794,7794
291880,2014,0,6553,6553
291880,2015,0,7831,7831
291880,2016,0,8828,8828
291880,2017,0,8431,8431
291880,2018,0,8624,8624
291880,2019,0,8579,8579
291880,2020,0,8273,8273
291880,2021,0,8759,8759
291890,1988,0,560,560
291890,1989,0,256,256
291890,1990,0,524,524
291890,1991,0,490,490
291890,1992,0,514,514
291890,1993,0,568,568
291890,1994,0,687,687
291890,1995,0,800,800
291890,1996,0,831,831
291890,1997,0,1098,1098
291890,1998,0,1099,1099
291890,1999,0,1577,1577
291890,2000,0,1619,1619
291890,2001,0,1465,1465
291890,2002,0,1476,1476
291890,2003,0,1574,1574
291890,2004,0,1682,1682
291890,2005,0,1786,1786
291890,2006,0,2147,2147
291890,2007,0,2092,2092
291890,2008,0,2081,2081
291890,2009,0,1776,1776
291890,2010,0,3324,3324
291890,2011,0,3629,3629
291890,2012,0,3651,3651
291890,2013,0,3646,3646
291890,2014,0,3678,3678
291890,2015,0,3678,3678
291890,2016,0,3934,3934
291890,2017,0,3731,3731
291890,2018,0,3241,3241
291890,2019,0,5223,5223
291890,2020,0,7355,7355
291890,2021,0,7204,7204
291900,1988,0,750,750
291900,1989,0,1175,1175
291900,1990,0,1392,1392
291900,1991,0,1866,1866
291900,1992,0,1401,1401
291900,1993,0,1699,1699
291900,1994,0,1575,1575
291900,1995,0,1240,1240
291900,1996,0,1065,1065
291900,1997,0,732,732
291900,1998,0,762,762
291900,1999,0,604,604
291900,2000,0,543,543
291900,2001,0,540,540
291900,2002,0,668,668
291900,2003,0,355,355
291900,2004,0,210,210
291900,2005,0,294,294
291900,2006,0,470,470
291900,2007,0,379,379
291900,2008,0,524,524
291900,2009,0,585,585
291900,2010,0,395,395
291900,2011,0,695,695
291900,2012,0,80,80
291900,2013,0,1155,1155
291900,2014,0,400,400
291900,2015,0,500,500
291900,2016,0,240,240
291900,2017,0,183,183
291900,2018,0,171,171
291900,2019,0,203,203
291900,2020,0,164,164
291900,2021,0,178,178
291905,1988,0,0,0
291905,1989,0,0,0
291905,1990,0,4604,4604
291905,1991,0,6558,6558
291905,1992,0,5263,5263
291905,1993,0,2890,2890
291905,1994,0,2350,2350
291905,1995,0,2270,2270
291905,1996,0,2435,2435
291905,1997,0,2940,2940
291905,1998,0,3300,3300
291905,1999,0,3166,3166
291905,2000,0,2745,2745
291905,2001,0,4015,4015
291905,2002,0,4030,4030
291905,2003,0,4291,4291
291905,2004,0,4006,4006
291905,2005,0,4020,4020
291905,2006,0,3618,3618
291905,2007,0,3600,3600
291905,2008,0,3616,3616
291905,2009,0,3638,3638
291905,2010,0,3598,3598
291905,2011,0,3723,3723
291905,2012,0,3618,3618
291905,2013,0,4026,4026
291905,2014,0,3577,3577
291905,2015,0,3557,3557
291905,2016,0,3557,3557
291905,2017,0,1763,1763
291905,2018,0,1273,1273
291905,2019,0,1128,1128
291905,2020,0,836,836
291905,2021,0,796,796
291910,1988,0,4633,4633
291910,1989,0,4359,4359
291910,1990,0,1248,1248
291910,1991,0,3578,3578
291910,1992,0,800,800
291910,1993,0,663,663
291910,1994,0,2464,2464
291910,1995,0,3593,3593
291910,1996,0,3346,3346
291910,1997,0,3335,3335
291910,1998,0,1188,1188
291910,1999,0,2483,2483
291910,2000,0,2939,2939
291910,2001,0,2995,2995
291910,2002,0,3295,3295
291910,2003,0,3356,3356
291910,2004,0,2353,2353
291910,2005,0,1153,1153
291910,2006,0,1124,1124
291910,2007,0,1124,1124
291910,2008,0,1124,1124
291910,2009,0,1691,1691
291910,2010,0,2301,2301
291910,2011,0,3248,3248
291910,2012,0,2326,2326
291910,2013,0,1861,1861
291910,2014,0,1906,1906
291910,2015,0,2063,2063
291910,2016,0,1319,1319
291910,2017,0,2073,2073
291910,2018,0,3087,3087
291910,2019,0,3351,3351
291910,2020,0,3374,3374
291910,2021,0,1609,1609
291915,1988,0,51394,51394
291915,1989,0,43836,43836
291915,1990,0,25724,25724
291915,1991,0,48762,48762
291915,1992,0,54023,54023
291915,1993,0,48184,48184
291915,1994,0,46483,46483
291915,1995,0,18518,18518
291915,1996,0,32051,32051
291915,1997,0,53041,53041
291915,1998,0,34772,34772
291915,1999,0,44128,44128
291915,2000,0,43687,43687
291915,2001,0,40969,40969
291915,2002,0,42257,42257
291915,2003,0,49441,49441
291915,2004,0,49151,49151
291915,2005,0,56211,56211
291915,2006,0,19196,19196
291915,2007,0,17540,17540
291915,2008,0,34275,34275
291915,2009,0,28715,28715
291915,2010,0,35465,35465
291915,2011,0,30580,30580
291915,2012,0,18025,18025
291915,2013,0,5580,5580
291915,2014,0,10355,10355
291915,2015,0,18380,18380
291915,2016,0,8450,8450
291915,2017,0,3961,3961
291915,2018,0,4078,4078
291915,2019,0,4790,4790
291915,2020,0,5248,5248
291915,2021,0,5113,5113
291920,1988,0,288,288
291920,1989,0,392,392
291920,1990,0,393,393
291920,1991,0,372,372
291920,1992,0,335,335
291920,1993,0,311,311
291920,1994,0,127,127
291920,1995,0,123,123
291920,1996,0,124,124
291920,1997,0,124,124
291920,1998,0,71,71
291920,1999,0,66,66
291920,2000,0,84,84
291920,2001,0,74,74
291920,2002,0,59,59
291920,2003,0,59,59
291920,2004,0,58,58
291920,2005,0,60,60
291920,2006,0,45,45
291920,2007,0,66,66
291920,2008,0,53,53
291920,2009,0,53,53
291920,2010,0,53,53
291920,2011,0,52,52
291920,2012,0,52,52
291920,2013,0,54,54
291920,2014,0,30,30
291920,2015,0,30,30
291920,2016,0,30,30
291920,2017,0,14,14
291920,2018,0,14,14
291920,2019,0,13,13
291920,2020,0,11,11
291920,2021,0,11,11
291930,1988,0,2715,2715
291930,1989,0,2563,2563
291930,1990,0,2523,2523
291930,1991,0,2514,2514
291930,1992,0,2541,2541
291930,1993,0,2467,2467
291930,1994,0,2082,2082
291930,1995,0,1633,1633
291930,1996,0,1620,1620
291930,1997,0,2005,2005
291930,1998,0,2255,2255
291930,1999,0,1463,1463
291930,2000,0,1973,1973
291930,2001,0,1968,1968
291930,2002,0,2193,2193
291930,2003,0,2205,2205
291930,2004,0,2622,2622
291930,2005,0,1935,1935
291930,2006,0,2690,2690
291930,2007,0,2575,2575
291930,2008,0,3018,3018
291930,2009,0,2193,2193
291930,2010,0,2333,2333
291930,2011,0,1875,1875
291930,2012,0,1720,1720
291930,2013,0,1640,1640
291930,2014,0,1845,1845
291930,2015,0,1764,1764
291930,2016,0,1871,1871
291930,2017,0,1402,1402
291930,2018,0,1521,1521
291930,2019,0,1576,1576
291930,2020,0,1470,1470
291930,2021,0,1389,1389
291940,1988,0,3826,3826
291940,1989,0,4128,4128
291940,1990,0,3941,3941
291940,1991,0,3447,3447
291940,1992,0,3047,3047
291940,1993,0,2378,2378
291940,1994,0,2195,2195
291940,1995,0,1938,1938
291940,1996,0,1912,1912
291940,1997,0,2595,2595
291940,1998,0,2452,2452
291940,1999,0,2417,2417
291940,2000,0,2262,2262
291940,2001,0,1087,1087
291940,2002,0,3499,3499
291940,2003,0,3479,3479
291940,2004,0,3657,3657
291940,2005,0,4844,4844
291940,2006,0,3960,3960
291940,2007,0,2593,2593
291940,2008,0,2202,2202
291940,2009,0,2693,2693
291940,2010,0,2849,2849
291940,2011,0,2352,2352
291940,2012,0,1725,1725
291940,2013,0,2275,2275
291940,2014,0,1335,1335
291940,2015,0,1785,1785
291940,2016,0,2040,2040
291940,2017,0,1848,1848
291940,2018,0,1826,1826
291940,2019,0,2677,2677
291940,2020,0,2086,2086
291940,2021,0,1726,1726
291950,1988,0,9275,9275
291950,1989,0,10725,10725
291950,1990,0,12462,12462
291950,1991,0,13114,13114
291950,1992,0,12477,12477
291950,1993,0,12429,12429
291950,1994,0,11836,11836
291950,1995,0,11465,11465
291950,1996,0,6908,6908
291950,1997,0,14112,14112
291950,1998,0,16004,16004
291950,1999,0,14417,14417
291950,2000,0,15218,15218
291950,2001,0,17000,17000
291950,2002,0,16765,16765
291950,2003,0,15677,15677
291950,2004,0,20420,20420
291950,2005,0,19850,19850
291950,2006,0,20373,20373
291950,2007,0,20958,20958
291950,2008,0,21208,21208
291950,2009,0,17990,17990
291950,2010,0,23660,23660
291950,2011,0,18340,18340
291950,2012,0,18370,18370
291950,2013,0,18610,18610
291950,2014,0,22370,22370
291950,2015,0,19245,19245
291950,2016,0,15405,15405
291950,2017,0,10090,10090
291950,2018,0,8115,8115
291950,2019,0,10242,10242
291950,2020,0,11879,11879
291950,2021,0,11908,11908
291960,1988,0,776,776
291960,1989,0,1497,1497
291960,1990,0,1336,1336
291960,1991,0,1755,1755
291960,1992,0,1700,1700
291960,1993,0,2716,2716
291960,1994,0,1714,1714
291960,1995,0,1549,1549
291960,1996,0,1427,1427
291960,1997,0,1231,1231
291960,1998,0,1338,1338
291960,1999,0,1069,1069
291960,2000,0,1111,1111
291960,2001,0,1012,1012
291960,2002,0,1117,1117
291960,2003,0,856,856
291960,2004,0,556,556
291960,2005,0,417,417
291960,2006,0,1234,1234
291960,2007,0,1000,1000
291960,2008,0,1696,1696
291960,2009,0,1301,1301
291960,2010,0,1137,1137
291960,2011,0,1463,1463
291960,2012,0,1425,1425
291960,2013,0,3745,3745
291960,2014,0,340,340
291960,2015,0,1127,1127
291960,2016,0,388,388
291960,2017,0,766,766
291960,2018,0,736,736
291960,2019,0,856,856
291960,2020,0,801,801
291960,2021,0,826,826
291970,1988,0,761,761
291970,1989,0,576,576
291970,1990,0,560,560
291970,1991,0,535,535
291970,1992,0,535,535
291970,1993,0,551,551
291970,1994,0,557,557
291970,1995,0,548,548
291970,1996,0,499,499
291970,1997,0,487,487
291970,1998,0,437,437
291970,1999,0,417,417
291970,2000,0,490,490
291970,2001,0,383,383
291970,2002,0,388,388
291970,2003,0,388,388
291970,2004,0,438,438
291970,2005,0,304,304
291970,2006,0,299,299
291970,2007,0,292,292
291970,2008,0,294,294
291970,2009,0,277,277
291970,2010,0,282,282
291970,2011,0,264,264
291970,2012,0,270,270
291970,2013,0,289,289
291970,2014,0,179,179
291970,2015,0,187,187
291970,2016,0,223,223
291970,2017,0,222,222
291970,2018,0,221,221
291970,2019,0,203,203
291970,2020,0,185,185
291970,2021,0,179,179
291980,1988,0,10428,10428
291980,1989,0,12042,12042
291980,1990,0,9848,9848
291980,1991,0,9279,9279
291980,1992,0,9061,9061
291980,1993,0,9632,9632
291980,1994,0,6879,6879
291980,1995,0,4518,4518
291980,1996,0,3517,3517
291980,1997,0,10728,10728
291980,1998,0,16681,16681
291980,1999,0,15064,15064
291980,2000,0,14786,14786
291980,2001,0,11246,11246
291980,2002,0,15056,15056
291980,2003,0,13546,13546
291980,2004,0,12868,12868
291980,2005,0,12788,12788
291980,2006,0,12293,12293
291980,2007,0,12965,12965
291980,2008,0,14235,14235
291980,2009,0,7335,7335
291980,2010,0,6313,6313
291980,2011,0,5973,5973
291980,2012,0,7338,7338
291980,2013,0,9558,9558
291980,2014,0,8828,8828
291980,2015,0,8805,8805
291980,2016,0,8795,8795
291980,2017,0,8028,8028
291980,2018,0,7125,7125
291980,2019,0,6091,6091
291980,2020,0,6655,6655
291980,2021,0,6472,6472
291990,1988,0,273,273
291990,1989,0,390,390
291990,1990,0,299,299
291990,1991,0,297,297
291990,1992,0,280,280
291990,1993,0,119,119
291990,1994,0,75,75
291990,1995,0,105,105
291990,1996,0,120,120
291990,1997,0,235,235
291990,1998,0,110,110
291990,1999,0,58,58
291990,2000,0,0,0
291990,2001,0,0,0
291990,2002,0,0,0
291990,2003,0,200,200
291990,2004,0,300,300
291990,2005,0,220,220
291990,2006,0,400,400
291990,2007,0,220,220
291990,2008,0,400,400
291990,2009,0,440,440
291990,2010,0,250,250
291990,2011,0,580,580
291990,2012,0,850,850
291990,2013,0,1,1
291990,2014,0,180,180
291990,2015,0,180,180
291990,2016,0,350,350
291990,2017,0,50,50
291990,2018,0,90,90
291990,2019,0,180,180
291990,2020,0,125,125
291990,2021,0,145,145
291992,1988,0,0,0
291992,1989,0,0,0
291992,1990,0,56,56
291992,1991,0,20,20
291992,1992,0,20,20
291992,1993,0,18,18
291992,1994,0,18,18
291992,1995,0,15,15
291992,1996,0,16,16
291992,1997,0,17,17
291992,1998,0,8,8
291992,1999,0,4,4
291992,2000,0,4,4
291992,2001,0,4,4
291992,2002,0,0,0
291992,2003,0,0,0
291992,2004,0,0,0
291992,2005,0,0,0
291992,2006,0,0,0
291992,2007,0,0,0
291992,2008,0,0,0
291992,2009,0,0,0
291992,2010,0,0,0
291992,2011,0,0,0
291992,2012,0,5,5
291992,2013,0,15,15
291992,2014,0,15,15
291992,2015,0,15,15
291992,2016,0,15,15
291992,2017,0,0,0
291992,2018,0,0,0
291992,2019,0,0,0
291992,2020,0,0,0
291992,2021,0,0,0
291995,1988,0,5444,5444
291995,1989,0,3895,3895
291995,1990,0,3595,3595
291995,1991,0,4260,4260
291995,1992,0,1849,1849
291995,1993,0,1264,1264
291995,1994,0,1719,1719
291995,1995,0,731,731
291995,1996,0,634,634
291995,1997,0,1022,1022
291995,1998,0,811,811
291995,1999,0,1031,1031
291995,2000,0,1036,1036
291995,2001,0,1470,1470
291995,2002,0,1100,1100
291995,2003,0,1420,1420
291995,2004,0,1280,1280
291995,2005,0,980,980
291995,2006,0,1068,1068
291995,2007,0,1398,1398
291995,2008,0,1258,1258
291995,2009,0,638,638
291995,2010,0,660,660
291995,2011,0,738,738
291995,2012,0,718,718
291995,2013,0,785,785
291995,2014,0,685,685
291995,2015,0,685,685
291995,2016,0,685,685
291995,2017,0,631,631
291995,2018,0,569,569
291995,2019,0,564,564
291995,2020,0,476,476
291995,2021,0,510,510
292000,1988,0,321,321
292000,1989,0,245,245
292000,1990,0,221,221
292000,1991,0,195,195
292000,1992,0,195,195
292000,1993,0,208,208
292000,1994,0,218,218
292000,1995,0,207,207
292000,1996,0,185,185
292000,1997,0,186,186
292000,1998,0,153,153
292000,1999,0,142,142
292000,2000,0,292,292
292000,2001,0,181,181
292000,2002,0,230,230
292000,2003,0,230,230
292000,2004,0,230,230
292000,2005,0,153,153
292000,2006,0,151,151
292000,2007,0,146,146
292000,2008,0,151,151
292000,2009,0,136,136
292000,2010,0,141,141
292000,2011,0,123,123
292000,2012,0,129,129
292000,2013,0,131,131
292000,2014,0,141,141
292000,2015,0,141,141
292000,2016,0,141,141
292000,2017,0,132,132
292000,2018,0,151,151
292000,2019,0,154,154
292000,2020,0,156,156
292000,2021,0,149,149
292010,1988,0,5305,5305
292010,1989,0,3465,3465
292010,1990,0,3359,3359
292010,1991,0,3886,3886
292010,1992,0,3018,3018
292010,1993,0,2152,2152
292010,1994,0,2679,2679
292010,1995,0,2855,2855
292010,1996,0,2998,2998
292010,1997,0,3645,3645
292010,1998,0,4673,4673
292010,1999,0,5892,5892
292010,2000,0,5815,5815
292010,2001,0,4170,4170
292010,2002,0,2400,2400
292010,2003,0,3100,3100
292010,2004,0,1900,1900
292010,2005,0,1900,1900
292010,2006,0,2100,2100
292010,2007,0,1700,1700
292010,2008,0,950,950
292010,2009,0,750,750
292010,2010,0,860,860
292010,2011,0,760,760
292010,2012,0,280,280
292010,2013,0,1300,1300
292010,2014,0,2540,2540
292010,2015,0,4055,4055
292010,2016,0,1755,1755
292010,2017,0,2370,2370
292010,2018,0,3750,3750
292010,2019,0,3750,3750
292010,2020,0,2300,2300
292010,2021,0,2458,2458
292020,1988,0,53214,53214
292020,1989,0,41089,41089
292020,1990,0,11306,11306
292020,1991,0,16465,16465
292020,1992,0,20346,20346
292020,1993,0,26633,26633
292020,1994,0,29546,29546
292020,1995,0,30581,30581
292020,1996,0,27625,27625
292020,1997,0,28971,28971
292020,1998,0,21890,21890
292020,1999,0,14241,14241
292020,2000,0,12265,12265
292020,2001,0,9937,9937
292020,2002,0,9765,9765
292020,2003,0,9065,9065
292020,2004,0,17125,17125
292020,2005,0,12820,12820
292020,2006,0,9109,9109
292020,2007,0,9185,9185
292020,2008,0,8971,8971
292020,2009,0,14040,14040
292020,2010,0,21502,21502
292020,2011,0,32072,32072
292020,2012,0,32010,32010
292020,2013,0,34510,34510
292020,2014,0,25571,25571
292020,2015,0,17259,17259
292020,2016,0,6445,6445
292020,2017,655,8962,8307
292020,2018,655,9478,8823
292020,2019,655,10543,9888
292020,2020,600,9642,9042
292020,2021,582,9672,9090
292030,1988,0,3341,3341
292030,1989,0,3038,3038
292030,1990,0,1790,1790
292030,1991,0,2453,2453
292030,1992,0,2236,2236
292030,1993,0,2112,2112
292030,1994,0,2160,2160
292030,1995,0,2158,2158
292030,1996,0,2938,2938
292030,1997,0,2990,2990
292030,1998,0,2848,2848
292030,1999,0,2033,2033
292030,2000,0,2111,2111
292030,2001,0,1025,1025
292030,2002,0,825,825
292030,2003,0,1025,1025
292030,2004,0,960,960
292030,2005,0,1000,1000
292030,2006,0,1000,1000
292030,2007,0,1250,1250
292030,2008,0,1450,1450
292030,2009,0,2080,2080
292030,2010,0,2386,2386
292030,2011,0,2030,2030
292030,2012,0,2040,2040
292030,2013,0,2150,2150
292030,2014,0,1490,1490
292030,2015,0,1490,1490
292030,2016,0,70,70
292030,2017,0,2375,2375
292030,2018,0,1777,1777
292030,2019,0,1762,1762
292030,2020,0,1827,1827
292030,2021,0,1777,1777
292040,1988,0,3733,3733
292040,1989,0,2624,2624
292040,1990,0,2366,2366
292040,1991,0,1947,1947
292040,1992,0,2414,2414
292040,1993,0,2026,2026
292040,1994,0,2365,2365
292040,1995,0,2050,2050
292040,1996,0,1056,1056
292040,1997,0,507,507
292040,1998,0,519,519
292040,1999,0,330,330
292040,2000,0,705,705
292040,2001,0,880,880
292040,2002,0,640,640
292040,2003,0,683,683
292040,2004,0,463,463
292040,2005,0,480,480
292040,2006,0,550,550
292040,2007,0,600,600
292040,2008,0,656,656
292040,2009,0,1428,1428
292040,2010,0,1607,1607
292040,2011,0,1574,1574
292040,2012,0,1136,1136
292040,2013,0,1325,1325
292040,2014,0,1127,1127
292040,2015,0,1141,1141
292040,2016,0,741,741
292040,2017,0,684,684
292040,2018,0,466,466
292040,2019,0,655,655
292040,2020,0,542,542
292040,2021,0,590,590
292045,1988,0,3613,3613
292045,1989,0,3350,3350
292045,1990,0,2130,2130
292045,1991,0,2377,2377
292045,1992,0,1727,1727
292045,1993,0,1614,1614
292045,1994,0,1308,1308
292045,1995,0,1146,1146
292045,1996,0,1151,1151
292045,1997,0,1181,1181
292045,1998,0,1149,1149
292045,1999,0,1284,1284
292045,2000,0,1908,1908
292045,2001,0,1812,1812
292045,2002,0,5615,5615
292045,2003,0,5061,5061
292045,2004,0,5181,5181
292045,2005,0,3650,3650
292045,2006,0,3987,3987
292045,2007,0,2315,2315
292045,2008,0,2600,2600
292045,2009,0,2345,2345
292045,2010,0,2502,2502
292045,2011,0,2450,2450
292045,2012,0,2597,2597
292045,2013,0,1625,1625
292045,2014,0,2290,2290
292045,2015,0,2336,2336
292045,2016,0,2083,2083
292045,2017,0,1359,1359
292045,2018,0,1235,1235
292045,2019,0,1220,1220
292045,2020,0,1564,1564
292045,2021,0,1363,1363
292050,1988,0,6493,6493
292050,1989,0,6534,6534
292050,1990,0,5504,5504
292050,1991,0,3155,3155
292050,1992,0,3053,3053
292050,1993,0,3709,3709
292050,1994,0,2642,2642
292050,1995,0,2150,2150
292050,1996,0,2465,2465
292050,1997,0,2325,2325
292050,1998,0,2925,2925
292050,1999,0,3029,3029
292050,2000,0,1630,1630
292050,2001,0,2245,2245
292050,2002,0,2374,2374
292050,2003,0,2737,2737
292050,2004,0,2657,2657
292050,2005,0,2821,2821
292050,2006,0,2526,2526
292050,2007,0,2256,2256
292050,2008,0,2227,2227
292050,2009,0,2132,2132
292050,2010,0,2119,2119
292050,2011,0,2244,2244
292050,2012,0,2230,2230
292050,2013,0,2055,2055
292050,2014,0,1805,1805
292050,2015,0,1775,1775
292050,2016,0,1775,1775
292050,2017,0,1145,1145
292050,2018,0,1693,1693
292050,2019,0,1873,1873
292050,2020,0,1783,1783
292050,2021,0,1785,1785
292060,1988,0,1903,1903
292060,1989,0,2321,2321
292060,1990,0,2140,2140
292060,1991,0,2234,2234
292060,1992,0,3278,3278
292060,1993,0,3802,3802
292060,1994,0,3902,3902
292060,1995,0,3202,3202
292060,1996,0,3203,3203
292060,1997,0,3133,3133
292060,1998,0,3205,3205
292060,1999,0,4148,4148
292060,2000,0,4172,4172
292060,2001,0,4119,4119
292060,2002,0,4545,4545
292060,2003,0,4716,4716
292060,2004,0,5178,5178
292060,2005,0,4990,4990
292060,2006,0,4706,4706
292060,2007,0,4543,4543
292060,2008,0,4748,4748
292060,2009,0,4118,4118
292060,2010,0,5124,5124
292060,2011,0,4989,4989
292060,2012,0,4969,4969
292060,2013,0,3444,3444
292060,2014,0,5173,5173
292060,2015,0,3778,3778
292060,2016,0,3673,3673
292060,2017,0,2260,2260
292060,2018,0,2161,2161
292060,2019,0,2139,2139
292060,2020,0,2841,2841
292060,2021,0,2888,2888
292070,1988,0,8380,8380
292070,1989,0,8444,8444
292070,1990,0,11425,11425
292070,1991,0,11432,11432
292070,1992,0,11468,11468
292070,1993,0,9975,9975
292070,1994,0,9935,9935
292070,1995,0,10944,10944
292070,1996,0,10350,10350
292070,1997,0,12547,12547
292070,1998,0,13835,13835
292070,1999,0,16547,16547
292070,2000,0,16958,16958
292070,2001,0,17111,17111
292070,2002,0,18436,18436
292070,2003,0,14216,14216
292070,2004,0,18471,18471
292070,2005,0,19673,19673
292070,2006,0,16608,16608
292070,2007,0,16920,16920
292070,2008,0,15483,15483
292070,2009,0,17718,17718
292070,2010,0,16585,16585
292070,2011,0,17075,17075
292070,2012,0,16890,16890
292070,2013,0,18981,18981
292070,2014,0,17283,17283
292070,2015,0,17157,17157
292070,2016,0,19809,19809
292070,2017,0,14051,14051
292070,2018,0,12829,12829
292070,2019,0,12816,12816
292070,2020,0,12958,12958
292070,2021,0,13021,13021
292080,1988,0,1951,1951
292080,1989,0,7297,7297
292080,1990,0,12131,12131
292080,1991,0,12781,12781
292080,1992,0,12487,12487
292080,1993,0,15613,15613
292080,1994,0,8326,8326
292080,1995,0,6648,6648
292080,1996,0,5522,5522
292080,1997,0,2748,2748
292080,1998,0,2969,2969
292080,1999,0,2592,2592
292080,2000,0,1622,1622
292080,2001,0,1787,1787
292080,2002,0,2463,2463
292080,2003,0,1269,1269
292080,2004,0,988,988
292080,2005,0,1115,1115
292080,2006,0,801,801
292080,2007,0,840,840
292080,2008,0,990,990
292080,2009,0,1162,1162
292080,2010,0,964,964
292080,2011,0,739,739
292080,2012,0,174,174
292080,2013,0,13,13
292080,2014,0,563,563
292080,2015,0,873,873
292080,2016,0,558,558
292080,2017,0,73,73
292080,2018,0,87,87
292080,2019,0,126,126
292080,2020,0,87,87
292080,2021,0,93,93
292090,1988,0,10729,10729
292090,1989,0,10769,10769
292090,1990,0,10824,10824
292090,1991,0,10949,10949
292090,1992,0,14145,14145
292090,1993,0,14175,14175
292090,1994,0,14341,14341
292090,1995,0,17056,17056
292090,1996,0,16833,16833
292090,1997,0,16585,16585
292090,1998,0,14314,14314
292090,1999,0,13796,13796
292090,2000,0,12521,12521
292090,2001,0,12087,12087
292090,2002,0,7388,7388
292090,2003,0,7179,7179
292090,2004,0,7408,7408
292090,2005,0,12701,12701
292090,2006,0,12705,12705
292090,2007,0,12833,12833
292090,2008,0,12791,12791
292090,2009,0,12997,12997
292090,2010,0,12745,12745
292090,2011,0,12744,12744
292090,2012,0,12764,12764
292090,2013,0,10323,10323
292090,2014,0,12776,12776
292090,2015,0,12770,12770
292090,2016,0,10467,10467
292090,2017,0,6020,6020
292090,2018,0,5974,5974
292090,2019,0,5970,5970
292090,2020,0,6104,6104
292090,2021,0,5906,5906
292100,1988,0,2401,2401
292100,1989,0,2813,2813
292100,1990,0,2754,2754
292100,1991,0,2757,2757
292100,1992,0,2353,2353
292100,1993,0,2374,2374
292100,1994,0,2616,2616
292100,1995,0,2566,2566
292100,1996,0,2586,2586
292100,1997,0,2425,2425
292100,1998,0,2500,2500
292100,1999,0,2970,2970
292100,2000,0,2741,2741
292100,2001,0,4610,4610
292100,2002,0,1190,1190
292100,2003,0,967,967
292100,2004,0,923,923
292100,2005,0,1056,1056
292100,2006,0,1199,1199
292100,2007,0,1530,1530
292100,2008,0,1484,1484
292100,2009,0,994,994
292100,2010,0,1305,1305
292100,2011,0,1451,1451
292100,2012,0,1259,1259
292100,2013,0,1934,1934
292100,2014,0,2308,2308
292100,2015,0,1958,1958
292100,2016,0,1961,1961
292100,2017,0,829,829
292100,2018,0,654,654
292100,2019,0,659,659
292100,2020,0,595,595
292100,2021,0,604,604
292105,1988,0,0,0
292105,1989,0,0,0
292105,1990,0,1098,1098
292105,1991,0,4445,4445
292105,1992,0,4833,4833
292105,1993,0,6173,6173
292105,1994,0,7284,7284
292105,1995,0,9892,9892
292105,1996,0,10382,10382
292105,1997,0,10856,10856
292105,1998,0,10474,10474
292105,1999,0,12252,12252
292105,2000,0,11241,11241
292105,2001,0,6549,6549
292105,2002,0,6193,6193
292105,2003,0,6415,6415
292105,2004,0,6505,6505
292105,2005,0,2645,2645
292105,2006,0,1093,1093
292105,2007,0,1332,1332
292105,2008,0,1333,1333
292105,2009,0,1571,1571
292105,2010,0,2703,2703
292105,2011,0,3472,3472
292105,2012,0,3765,3765
292105,2013,0,4215,4215
292105,2014,0,3620,3620
292105,2015,0,3740,3740
292105,2016,0,1460,1460
292105,2017,0,1361,1361
292105,2018,0,1470,1470
292105,2019,0,1671,1671
292105,2020,0,1330,1330
292105,2021,0,1327,1327
292110,1988,0,837,837
292110,1989,0,600,600
292110,1990,0,892,892
292110,1991,0,994,994
292110,1992,0,1149,1149
292110,1993,0,1276,1276
292110,1994,0,1433,1433
292110,1995,0,2206,2206
292110,1996,0,2321,2321
292110,1997,0,5158,5158
292110,1998,0,5253,5253
292110,1999,0,3165,3165
292110,2000,0,3224,3224
292110,2001,0,2954,2954
292110,2002,0,2997,2997
292110,2003,0,3033,3033
292110,2004,0,3279,3279
292110,2005,0,3474,3474
292110,2006,0,8385,8385
292110,2007,0,8472,8472
292110,2008,0,8341,8341
292110,2009,0,6993,6993
292110,2010,0,10392,10392
292110,2011,0,12101,12101
292110,2012,0,12126,12126
292110,2013,0,13018,13018
292110,2014,0,11947,11947
292110,2015,0,11809,11809
292110,2016,0,12151,12151
292110,2017,0,11831,11831
292110,2018,0,6169,6169
292110,2019,0,5372,5372
292110,2020,0,4500,4500
292110,2021,0,4490,4490
292120,1988,0,15667,15667
292120,1989,0,8584,8584
292120,1990,0,7971,7971
292120,1991,0,5881,5881
292120,1992,0,6343,6343
292120,1993,0,5429,5429
292120,1994,0,4724,4724
292120,1995,0,5211,5211
292120,1996,0,2683,2683
292120,1997,0,5814,5814
292120,1998,0,4214,4214
292120,1999,0,3374,3374
292120,2000,0,5170,5170
292120,2001,0,4585,4585
292120,2002,0,3880,3880
292120,2003,0,4640,4640
292120,2004,0,4082,4082
292120,2005,0,4389,4389
292120,2006,0,5219,5219
292120,2007,0,5779,5779
292120,2008,0,5719,5719
292120,2009,0,4407,4407
292120,2010,0,5958,5958
292120,2011,0,4004,4004
292120,2012,0,5091,5091
292120,2013,0,8362,8362
292120,2014,0,4037,4037
292120,2015,0,5442,5442
292120,2016,0,5070,5070
292120,2017,0,4185,4185
292120,2018,0,3045,3045
292120,2019,0,2904,2904
292120,2020,0,3035,3035
292120,2021,0,2569,2569
292130,1988,0,660,660
292130,1989,0,307,307
292130,1990,0,159,159
292130,1991,0,279,279
292130,1992,0,225,225
292130,1993,0,180,180
292130,1994,0,220,220
292130,1995,0,270,270
292130,1996,0,335,335
292130,1997,0,635,635
292130,1998,0,585,585
292130,1999,0,571,571
292130,2000,0,566,566
292130,2001,0,550,550
292130,2002,0,510,510
292130,2003,0,495,495
292130,2004,0,503,503
292130,2005,0,542,542
292130,2006,0,481,481
292130,2007,0,587,587
292130,2008,0,582,582
292130,2009,0,535,535
292130,2010,0,540,540
292130,2011,0,553,553
292130,2012,0,672,672
292130,2013,0,742,742
292130,2014,0,569,569
292130,2015,0,569,569
292130,2016,0,569,569
292130,2017,0,87,87
292130,2018,0,55,55
292130,2019,0,49,49
292130,2020,0,40,40
292130,2021,0,37,37
292140,1988,0,44217,44217
292140,1989,0,32892,32892
292140,1990,0,31019,31019
292140,1991,0,22387,22387
292140,1992,0,30779,30779
292140,1993,0,25074,25074
292140,1994,0,16527,16527
292140,1995,0,11844,11844
292140,1996,0,12935,12935
292140,1997,0,12595,12595
292140,1998,0,10532,10532
292140,1999,0,10102,10102
292140,2000,0,15676,15676
292140,2001,0,13925,13925
292140,2002,0,12787,12787
292140,2003,0,11904,11904
292140,2004,0,9860,9860
292140,2005,0,10200,10200
292140,2006,0,12237,12237
292140,2007,0,12282,12282
292140,2008,0,12522,12522
292140,2009,0,11112,11112
292140,2010,0,9400,9400
292140,2011,0,9167,9167
292140,2012,0,7813,7813
292140,2013,0,5350,5350
292140,2014,0,8135,8135
292140,2015,0,10650,10650
292140,2016,0,9400,9400
292140,2017,0,3781,3781
292140,2018,0,3041,3041
292140,2019,0,2913,2913
292140,2020,0,3043,3043
292140,2021,0,2821,2821
292145,1988,0,0,0
292145,1989,0,0,0
292145,1990,0,1450,1450
292145,1991,0,1130,1130
292145,1992,0,1768,1768
292145,1993,0,1279,1279
292145,1994,0,1541,1541
292145,1995,0,1663,1663
292145,1996,0,731,731
292145,1997,0,366,366
292145,1998,0,366,366
292145,1999,0,260,260
292145,2000,0,1115,1115
292145,2001,0,740,740
292145,2002,0,565,565
292145,2003,0,709,709
292145,2004,0,564,564
292145,2005,0,500,500
292145,2006,0,610,610
292145,2007,0,630,630
292145,2008,0,762,762
292145,2009,0,996,996
292145,2010,0,1440,1440
292145,2011,0,1355,1355
292145,2012,0,1055,1055
292145,2013,0,710,710
292145,2014,0,799,799
292145,2015,0,1035,1035
292145,2016,0,835,835
292145,2017,0,731,731
292145,2018,0,494,494
292145,2019,0,557,557
292145,2020,0,437,437
292145,2021,0,437,437
292150,1988,0,42614,42614
292150,1989,0,41659,41659
292150,1990,0,19054,19054
292150,1991,0,31244,31244
292150,1992,0,4065,4065
292150,1993,0,2613,2613
292150,1994,0,20217,20217
292150,1995,0,22216,22216
292150,1996,0,42218,42218
292150,1997,0,44415,44415
292150,1998,0,31038,31038
292150,1999,0,39523,39523
292150,2000,0,28549,28549
292150,2001,0,31149,31149
292150,2002,0,37119,37119
292150,2003,0,23479,23479
292150,2004,0,31849,31849
292150,2005,0,17298,17298
292150,2006,0,43436,43436
292150,2007,0,28174,28174
292150,2008,0,37341,37341
292150,2009,0,35679,35679
292150,2010,0,30720,30720
292150,2011,0,33543,33543
292150,2012,0,9006,9006
292150,2013,0,23833,23833
292150,2014,0,26473,26473
292150,2015,0,32478,32478
292150,2016,0,16978,16978
292150,2017,0,9423,9423
292150,2018,0,30803,30803
292150,2019,0,19210,19210
292150,2020,0,18460,18460
292150,2021,0,18410,18410
292160,1988,0,2034,2034
292160,1989,0,1049,1049
292160,1990,0,515,515
292160,1991,0,522,522
292160,1992,0,607,607
292160,1993,0,1202,1202
292160,1994,0,1960,1960
292160,1995,0,1364,1364
292160,1996,0,478,478
292160,1997,0,1220,1220
292160,1998,0,614,614
292160,1999,0,569,569
292160,2000,0,437,437
292160,2001,0,641,641
292160,2002,0,632,632
292160,2003,0,471,471
292160,2004,0,511,511
292160,2005,0,1949,1949
292160,2006,0,1499,1499
292160,2007,0,1371,1371
292160,2008,0,1829,1829
292160,2009,0,3476,3476
292160,2010,0,1765,1765
292160,2011,0,1549,1549
292160,2012,0,2021,2021
292160,2013,0,1720,1720
292160,2014,0,1860,1860
292160,2015,0,1888,1888
292160,2016,0,1888,1888
292160,2017,0,1831,1831
292160,2018,0,1268,1268
292160,2019,0,1159,1159
292160,2020,0,1152,1152
292160,2021,0,1269,1269
292170,1988,0,34647,34647
292170,1989,0,21237,21237
292170,1990,0,16520,16520
292170,1991,0,9202,9202
292170,1992,0,17187,17187
292170,1993,0,22643,22643
292170,1994,0,21200,21200
292170,1995,0,8697,8697
292170,1996,0,10902,10902
292170,1997,0,22241,22241
292170,1998,0,10833,10833
292170,1999,0,12393,12393
292170,2000,0,19817,19817
292170,2001,0,18578,18578
292170,2002,0,29633,29633
292170,2003,0,39832,39832
292170,2004,0,42165,42165
292170,2005,0,29829,29829
292170,2006,0,43149,43149
292170,2007,0,38897,38897
292170,2008,0,20215,20215
292170,2009,0,3885,3885
292170,2010,0,16785,16785
292170,2011,0,19528,19528
292170,2012,0,20073,20073
292170,2013,0,15573,15573
292170,2014,0,15973,15973
292170,2015,0,16573,16573
292170,2016,0,14143,14143
292170,2017,0,5855,5855
292170,2018,0,5198,5198
292170,2019,0,5283,5283
292170,2020,0,5021,5021
292170,2021,0,4978,4978
292180,1988,0,8017,8017
292180,1989,0,9402,9402
292180,1990,0,7324,7324
292180,1991,0,5021,5021
292180,1992,0,4635,4635
292180,1993,0,3398,3398
292180,1994,0,3524,3524
292180,1995,0,3617,3617
292180,1996,0,3583,3583
292180,1997,0,4123,4123
292180,1998,0,4840,4840
292180,1999,0,4836,4836
292180,2000,0,2603,2603
292180,2001,0,1396,1396
292180,2002,0,2026,2026
292180,2003,0,2026,2026
292180,2004,0,2118,2118
292180,2005,0,4598,4598
292180,2006,0,2657,2657
292180,2007,0,2205,2205
292180,2008,0,2442,2442
292180,2009,0,1667,1667
292180,2010,0,2054,2054
292180,2011,0,2255,2255
292180,2012,0,3420,3420
292180,2013,0,3335,3335
292180,2014,0,2885,2885
292180,2015,0,2975,2975
292180,2016,0,2877,2877
292180,2017,0,1730,1730
292180,2018,0,2010,2010
292180,2019,0,1844,1844
292180,2020,0,1564,1564
292180,2021,0,1708,1708
292190,1988,0,2559,2559
292190,1989,15,3670,3655
292190,1990,15,3816,3801
292190,1991,0,2410,2410
292190,1992,0,3638,3638
292190,1993,0,2820,2820
292190,1994,0,2624,2624
292190,1995,0,1902,1902
292190,1996,0,1937,1937
292190,1997,0,2246,2246
292190,1998,0,1752,1752
292190,1999,0,2926,2926
292190,2000,0,3806,3806
292190,2001,0,6420,6420
292190,2002,0,5559,5559
292190,2003,0,7842,7842
292190,2004,0,8167,8167
292190,2005,0,8484,8484
292190,2006,0,6790,6790
292190,2007,0,7847,7847
292190,2008,0,8590,8590
292190,2009,0,9877,9877
292190,2010,0,12026,12026
292190,2011,0,16219,16219
292190,2012,0,11599,11599
292190,2013,0,9769,9769
292190,2014,0,10651,10651
292190,2015,0,9215,9215
292190,2016,0,10419,10419
292190,2017,0,9533,9533
292190,2018,0,8157,8157
292190,2019,0,8060,8060
292190,2020,0,9405,9405
292190,2021,840,12851,12011
292200,1988,0,7927,7927
292200,1989,0,6887,6887
292200,1990,0,6290,6290
292200,1991,0,5949,5949
292200,1992,0,5975,5975
292200,1993,0,6056,6056
292200,1994,0,6766,6766
292200,1995,0,7521,7521
292200,1996,0,7199,7199
292200,1997,0,10375,10375
292200,1998,0,10732,10732
292200,1999,0,11040,11040
292200,2000,0,11006,11006
292200,2001,0,10371,10371
292200,2002,0,10269,10269
292200,2003,0,10306,10306
292200,2004,0,10321,10321
292200,2005,0,10387,10387
292200,2006,0,12152,12152
292200,2007,0,12510,12510
292200,2008,0,11465,11465
292200,2009,0,10165,10165
292200,2010,0,13373,13373
292200,2011,0,13655,13655
292200,2012,0,13600,13600
292200,2013,0,14263,14263
292200,2014,0,14250,14250
292200,2015,0,14242,14242
292200,2016,0,15008,15008
292200,2017,0,11201,11201
292200,2018,0,10688,10688
292200,2019,0,10296,10296
292200,2020,0,9453,9453
292200,2021,0,9530,9530
292205,1988,0,0,0
292205,1989,0,0,0
292205,1990,0,11948,11948
292205,1991,0,9345,9345
292205,1992,0,19258,19258
292205,1993,0,24575,24575
292205,1994,0,25714,25714
292205,1995,0,24910,24910
292205,1996,0,21690,21690
292205,1997,0,25376,25376
292205,1998,0,27019,27019
292205,1999,0,22971,22971
292205,2000,0,27154,27154
292205,2001,0,24382,24382
292205,2002,0,24529,24529
292205,2003,0,24488,24488
292205,2004,0,28664,28664
292205,2005,0,24459,24459
292205,2006,0,22435,22435
292205,2007,0,25010,25010
292205,2008,0,17244,17244
292205,2009,0,14570,14570
292205,2010,0,11002,11002
292205,2011,0,14362,14362
292205,2012,0,5395,5395
292205,2013,0,6803,6803
292205,2014,0,6905,6905
292205,2015,0,10645,10645
292205,2016,0,8675,8675
292205,2017,0,8550,8550
292205,2018,0,8380,8380
292205,2019,0,8845,8845
292205,2020,0,8360,8360
292205,2021,0,8354,8354
292210,1988,0,13621,13621
292210,1989,0,12128,12128
292210,1990,0,7408,7408
292210,1991,0,8137,8137
292210,1992,0,6440,6440
292210,1993,0,5150,5150
292210,1994,0,5774,5774
292210,1995,0,5007,5007
292210,1996,0,4748,4748
292210,1997,0,5672,5672
292210,1998,0,2053,2053
292210,1999,0,4753,4753
292210,2000,0,5045,5045
292210,2001,0,4887,4887
292210,2002,0,8127,8127
292210,2003,0,7646,7646
292210,2004,0,7190,7190
292210,2005,0,6092,6092
292210,2006,0,8475,8475
292210,2007,0,4729,4729
292210,2008,0,8960,8960
292210,2009,0,7490,7490
292210,2010,0,8330,8330
292210,2011,0,6930,6930
292210,2012,0,4645,4645
292210,2013,0,5995,5995
292210,2014,0,3945,3945
292210,2015,0,1005,1005
292210,2016,0,845,845
292210,2017,0,1800,1800
292210,2018,0,3040,3040
292210,2019,0,3180,3180
292210,2020,0,2650,2650
292210,2021,0,2581,2581
292220,1988,0,2693,2693
292220,1989,0,2729,2729
292220,1990,0,2783,2783
292220,1991,0,2698,2698
292220,1992,0,2889,2889
292220,1993,0,2111,2111
292220,1994,0,2417,2417
292220,1995,0,2266,2266
292220,1996,0,2440,2440
292220,1997,0,2500,2500
292220,1998,0,2387,2387
292220,1999,0,2391,2391
292220,2000,0,2403,2403
292220,2001,0,2417,2417
292220,2002,0,993,993
292220,2003,0,1036,1036
292220,2004,0,1066,1066
292220,2005,0,1078,1078
292220,2006,0,1163,1163
292220,2007,0,1148,1148
292220,2008,0,1176,1176
292220,2009,0,1077,1077
292220,2010,0,1084,1084
292220,2011,0,1083,1083
292220,2012,0,1029,1029
292220,2013,0,1229,1229
292220,2014,0,815,815
292220,2015,0,879,879
292220,2016,0,863,863
292220,2017,0,1044,1044
292220,2018,0,764,764
292220,2019,0,772,772
292220,2020,0,749,749
292220,2021,0,750,750
292225,1988,0,0,0
292225,1989,0,0,0
292225,1990,0,3382,3382
292225,1991,0,4329,4329
292225,1992,0,3739,3739
292225,1993,0,3311,3311
292225,1994,0,6001,6001
292225,1995,0,2228,2228
292225,1996,0,906,906
292225,1997,0,2120,2120
292225,1998,0,925,925
292225,1999,0,1365,1365
292225,2000,0,1073,1073
292225,2001,0,965,965
292225,2002,0,843,843
292225,2003,0,592,592
292225,2004,0,620,620
292225,2005,0,12403,12403
292225,2006,0,9880,9880
292225,2007,0,7902,7902
292225,2008,0,12664,12664
292225,2009,0,19272,19272
292225,2010,0,19055,19055
292225,2011,0,18510,18510
292225,2012,0,15923,15923
292225,2013,0,17085,17085
292225,2014,0,16355,16355
292225,2015,0,37840,37840
292225,2016,0,30363,30363
292225,2017,433,12908,12475
292225,2018,200,15221,15021
292225,2019,150,12896,12746
292225,2020,230,14909,14679
292225,2021,200,16720,16520
292230,1988,0,2608,2608
292230,1989,0,3973,3973
292230,1990,0,1253,1253
292230,1991,0,1316,1316
292230,1992,0,1333,1333
292230,1993,0,1309,1309
292230,1994,0,1508,1508
292230,1995,0,1436,1436
292230,1996,0,1594,1594
292230,1997,0,1436,1436
292230,1998,0,1499,1499
292230,1999,0,1736,1736
292230,2000,0,1762,1762
292230,2001,0,2682,2682
292230,2002,0,3468,3468
292230,2003,0,3815,3815
292230,2004,0,4159,4159
292230,2005,0,4103,4103
292230,2006,0,3947,3947
292230,2007,0,3849,3849
292230,2008,0,3965,3965
292230,2009,0,3453,3453
292230,2010,0,3297,3297
292230,2011,0,3172,3172
292230,2012,0,3527,3527
292230,2013,0,3511,3511
292230,2014,0,3585,3585
292230,2015,0,3652,3652
292230,2016,0,2617,2617
292230,2017,0,1885,1885
292230,2018,0,1594,1594
292230,2019,0,1559,1559
292230,2020,0,1563,1563
292230,2021,0,1551,1551
292240,1988,0,19548,19548
292240,1989,0,20333,20333
292240,1990,0,16983,16983
292240,1991,0,5395,5395
292240,1992,0,6239,6239
292240,1993,0,2891,2891
292240,1994,0,2870,2870
292240,1995,0,3536,3536
292240,1996,0,3678,3678
292240,1997,0,4519,4519
292240,1998,0,5755,5755
292240,1999,0,4783,4783
292240,2000,0,5003,5003
292240,2001,0,4900,4900
292240,2002,0,4044,4044
292240,2003,0,4086,4086
292240,2004,0,4064,4064
292240,2005,0,4909,4909
292240,2006,0,7296,7296
292240,2007,0,6637,6637
292240,2008,0,6919,6919
292240,2009,0,7104,7104
292240,2010,0,6212,6212
292240,2011,0,6189,6189
292240,2012,0,6164,6164
292240,2013,0,7068,7068
292240,2014,0,5729,5729
292240,2015,0,5800,5800
292240,2016,0,6980,6980
292240,2017,0,12197,12197
292240,2018,0,10149,10149
292240,2019,0,10336,10336
292240,2020,0,10088,10088
292240,2021,0,10342,10342
292250,1988,0,2591,2591
292250,1989,0,2550,2550
292250,1990,0,2286,2286
292250,1991,0,2278,2278
292250,1992,0,2585,2585
292250,1993,0,2677,2677
292250,1994,0,2528,2528
292250,1995,0,2488,2488
292250,1996,0,2671,2671
292250,1997,0,2785,2785
292250,1998,0,2437,2437
292250,1999,0,2733,2733
292250,2000,0,2634,2634
292250,2001,0,2551,2551
292250,2002,0,888,888
292250,2003,0,834,834
292250,2004,0,865,865
292250,2005,0,860,860
292250,2006,0,1041,1041
292250,2007,0,1042,1042
292250,2008,0,1043,1043
292250,2009,0,810,810
292250,2010,0,797,797
292250,2011,0,765,765
292250,2012,0,788,788
292250,2013,0,954,954
292250,2014,0,589,589
292250,2015,0,598,598
292250,2016,0,591,591
292250,2017,0,804,804
292250,2018,0,949,949
292250,2019,0,952,952
292250,2020,0,945,945
292250,2021,0,941,941
292260,1988,0,2876,2876
292260,1989,0,3046,3046
292260,1990,0,3270,3270
292260,1991,0,2632,2632
292260,1992,0,3558,3558
292260,1993,0,3962,3962
292260,1994,0,4023,4023
292260,1995,0,4387,4387
292260,1996,0,4254,4254
292260,1997,0,4746,4746
292260,1998,0,8454,8454
292260,1999,0,6314,6314
292260,2000,0,8933,8933
292260,2001,0,8746,8746
292260,2002,0,7826,7826
292260,2003,0,7792,7792
292260,2004,0,7741,7741
292260,2005,0,9530,9530
292260,2006,0,11021,11021
292260,2007,0,9913,9913
292260,2008,0,10735,10735
292260,2009,0,10532,10532
292260,2010,0,10101,10101
292260,2011,0,9364,9364
292260,2012,0,9296,9296
292260,2013,0,10668,10668
292260,2014,0,9046,9046
292260,2015,0,9074,9074
292260,2016,0,10920,10920
292260,2017,0,9996,9996
292260,2018,0,9304,9304
292260,2019,0,9282,9282
292260,2020,0,9166,9166
292260,2021,0,9137,9137
292265,1988,0,3941,3941
292265,1989,0,6150,6150
292265,1990,0,4809,4809
292265,1991,0,4522,4522
292265,1992,0,9136,9136
292265,1993,0,5226,5226
292265,1994,0,6058,6058
292265,1995,0,6010,6010
292265,1996,0,5760,5760
292265,1997,0,5860,5860
292265,1998,0,5518,5518
292265,1999,0,5908,5908
292265,2000,0,6188,6188
292265,2001,0,6686,6686
292265,2002,0,4888,4888
292265,2003,0,4758,4758
292265,2004,0,4800,4800
292265,2005,0,4819,4819
292265,2006,0,4789,4789
292265,2007,0,4810,4810
292265,2008,0,3890,3890
292265,2009,0,2830,2830
292265,2010,0,2650,2650
292265,2011,0,3030,3030
292265,2012,0,3050,3050
292265,2013,0,3050,3050
292265,2014,0,7330,7330
292265,2015,0,7660,7660
292265,2016,0,6555,6555
292265,2017,0,4112,4112
292265,2018,0,5160,5160
292265,2019,0,5170,5170
292265,2020,0,6042,6042
292265,2021,0,5642,5642
292270,1988,0,5421,5421
292270,1989,0,6455,6455
292270,1990,0,6407,6407
292270,1991,0,6501,6501
292270,1992,0,8795,8795
292270,1993,0,6167,6167
292270,1994,0,5788,5788
292270,1995,0,6408,6408
292270,1996,0,4909,4909
292270,1997,0,2920,2920
292270,1998,0,4505,4505
292270,1999,0,3589,3589
292270,2000,0,2250,2250
292270,2001,0,2293,2293
292270,2002,0,2642,2642
292270,2003,0,2057,2057
292270,2004,0,2297,2297
292270,2005,0,2285,2285
292270,2006,0,2033,2033
292270,2007,0,1808,1808
292270,2008,0,1812,1812
292270,2009,0,1738,1738
292270,2010,0,1955,1955
292270,2011,0,1900,1900
292270,2012,0,2125,2125
292270,2013,0,2402,2402
292270,2014,0,3247,3247
292270,2015,0,3247,3247
292270,2016,0,3317,3317
292270,2017,0,2184,2184
292270,2018,0,2355,2355
292270,2019,0,2252,2252
292270,2020,0,2022,2022
292270,2021,0,2079,2079
292273,1988,0,0,0
292273,1989,0,0,0
292273,1990,0,2747,2747
292273,1991,0,3225,3225
292273,1992,0,4827,4827
292273,1993,0,2506,2506
292273,1994,0,1914,1914
292273,1995,0,4130,4130
292273,1996,0,3950,3950
292273,1997,0,2216,2216
292273,1998,0,940,940
292273,1999,0,1030,1030
292273,2000,0,4050,4050
292273,2001,0,1550,1550
292273,2002,0,1290,1290
292273,2003,0,1480,1480
292273,2004,0,1400,1400
292273,2005,0,1530,1530
292273,2006,0,1360,1360
292273,2007,0,1160,1160
292273,2008,0,1180,1180
292273,2009,0,770,770
292273,2010,0,870,870
292273,2011,0,870,870
292273,2012,0,1070,1070
292273,2013,0,844,844
292273,2014,0,1621,1621
292273,2015,0,1621,1621
292273,2016,0,725,725
292273,2017,0,1054,1054
292273,2018,0,911,911
292273,2019,0,727,727
292273,2020,0,1069,1069
292273,2021,0,1055,1055
292275,1988,0,0,0
292275,1989,0,0,0
292275,1990,0,15351,15351
292275,1991,0,15344,15344
292275,1992,0,15721,15721
292275,1993,0,14662,14662
292275,1994,0,6535,6535
292275,1995,0,5875,5875
292275,1996,0,5892,5892
292275,1997,0,6041,6041
292275,1998,0,5524,5524
292275,1999,0,5184,5184
292275,2000,0,5658,5658
292275,2001,0,5144,5144
292275,2002,0,5844,5844
292275,2003,0,5974,5974
292275,2004,0,6753,6753
292275,2005,0,6983,6983
292275,2006,0,7502,7502
292275,2007,0,7604,7604
292275,2008,0,7708,7708
292275,2009,0,7481,7481
292275,2010,0,7077,7077
292275,2011,0,6976,6976
292275,2012,0,6984,6984
292275,2013,0,7849,7849
292275,2014,0,6905,6905
292275,2015,0,8049,8049
292275,2016,0,8067,8067
292275,2017,0,5955,5955
292275,2018,0,6193,6193
292275,2019,0,6491,6491
292275,2020,0,6568,6568
292275,2021,0,6676,6676
292280,1988,0,1908,1908
292280,1989,0,306,306
292280,1990,0,237,237
292280,1991,0,587,587
292280,1992,0,572,572
292280,1993,0,440,440
292280,1994,0,424,424
292280,1995,0,565,565
292280,1996,0,1290,1290
292280,1997,0,1900,1900
292280,1998,0,1850,1850
292280,1999,0,1811,1811
292280,2000,0,1676,1676
292280,2001,0,1875,1875
292280,2002,0,1990,1990
292280,2003,0,1932,1932
292280,2004,0,1894,1894
292280,2005,0,1934,1934
292280,2006,0,1838,1838
292280,2007,0,1925,1925
292280,2008,0,1919,1919
292280,2009,0,1864,1864
292280,2010,0,1705,1705
292280,2011,0,1691,1691
292280,2012,0,2498,2498
292280,2013,0,2327,2327
292280,2014,0,2206,2206
292280,2015,0,1836,1836
292280,2016,0,1836,1836
292280,2017,0,482,482
292280,2018,0,446,446
292280,2019,0,396,396
292280,2020,0,406,406
292280,2021,0,388,388
292285,1988,0,0,0
292285,1989,0,0,0
292285,1990,0,4024,4024
292285,1991,0,4269,4269
292285,1992,0,3675,3675
292285,1993,0,4204,4204
292285,1994,0,3625,3625
292285,1995,0,2075,2075
292285,1996,0,2065,2065
292285,1997,0,3151,3151
292285,1998,0,3275,3275
292285,1999,0,4694,4694
292285,2000,0,4730,4730
292285,2001,0,5030,5030
292285,2002,0,6230,6230
292285,2003,0,6130,6130
292285,2004,0,9120,9120
292285,2005,0,4790,4790
292285,2006,0,6670,6670
292285,2007,0,8430,8430
292285,2008,0,6330,6330
292285,2009,0,5740,5740
292285,2010,0,5303,5303
292285,2011,0,5303,5303
292285,2012,0,2510,2510
292285,2013,0,2108,2108
292285,2014,0,2008,2008
292285,2015,0,2787,2787
292285,2016,0,3037,3037
292285,2017,0,3011,3011
292285,2018,0,2300,2300
292285,2019,0,1840,1840
292285,2020,0,2336,2336
292285,2021,0,2339,2339
292290,1988,0,13185,13185
292290,1989,0,16715,16715
292290,1990,0,9905,9905
292290,1991,0,15605,15605
292290,1992,0,10960,10960
292290,1993,0,7488,7488
292290,1994,0,10793,10793
292290,1995,0,9694,9694
292290,1996,0,11000,11000
292290,1997,0,13685,13685
292290,1998,0,12775,12775
292290,1999,0,10040,10040
292290,2000,0,7460,7460
292290,2001,0,6350,6350
292290,2002,0,4490,4490
292290,2003,0,5160,5160
292290,2004,0,5740,5740
292290,2005,0,7740,7740
292290,2006,0,7437,7437
292290,2007,0,5675,5675
292290,2008,0,8297,8297
292290,2009,0,7789,7789
292290,2010,0,6819,6819
292290,2011,0,7250,7250
292290,2012,0,4233,4233
292290,2013,0,5689,5689
292290,2014,0,5747,5747
292290,2015,0,8313,8313
292290,2016,0,5863,5863
292290,2017,0,3898,3898
292290,2018,0,3617,3617
292290,2019,0,3510,3510
292290,2020,0,3521,3521
292290,2021,0,3536,3536
292300,1988,0,8000,8000
292300,1989,0,3427,3427
292300,1990,0,2740,2740
292300,1991,0,3182,3182
292300,1992,0,3188,3188
292300,1993,0,3299,3299
292300,1994,0,3609,3609
292300,1995,0,3853,3853
292300,1996,0,3809,3809
292300,1997,0,6134,6134
292300,1998,0,6275,6275
292300,1999,0,5271,5271
292300,2000,0,5340,5340
292300,2001,0,3986,3986
292300,2002,0,3957,3957
292300,2003,0,4036,4036
292300,2004,0,3985,3985
292300,2005,0,3581,3581
292300,2006,0,4853,4853
292300,2007,0,5054,5054
292300,2008,0,4893,4893
292300,2009,0,4136,4136
292300,2010,0,4044,4044
292300,2011,0,3831,3831
292300,2012,0,3574,3574
292300,2013,0,4231,4231
292300,2014,0,3349,3349
292300,2015,0,3487,3487
292300,2016,0,3509,3509
292300,2017,0,3403,3403
292300,2018,0,3569,3569
292300,2019,0,3129,3129
292300,2020,0,2440,2440
292300,2021,0,2470,2470
292303,1988,0,0,0
292303,1989,0,0,0
292303,1990,0,806,806
292303,1991,0,594,594
292303,1992,0,775,775
292303,1993,0,882,882
292303,1994,0,774,774
292303,1995,0,410,410
292303,1996,0,466,466
292303,1997,0,610,610
292303,1998,0,626,626
292303,1999,0,1017,1017
292303,2000,0,1685,1685
292303,2001,0,1545,1545
292303,2002,0,1695,1695
292303,2003,0,1495,1495
292303,2004,0,1191,1191
292303,2005,0,634,634
292303,2006,0,1075,1075
292303,2007,0,969,969
292303,2008,0,891,891
292303,2009,0,643,643
292303,2010,0,673,673
292303,2011,0,598,598
292303,2012,0,498,498
292303,2013,0,558,558
292303,2014,0,703,703
292303,2015,0,1166,1166
292303,2016,0,1191,1191
292303,2017,0,1206,1206
292303,2018,0,748,748
292303,2019,0,743,743
292303,2020,0,747,747
292303,2021,0,760,760
292305,1988,0,0,0
292305,1989,0,0,0
292305,1990,0,2745,2745
292305,1991,0,4145,4145
292305,1992,0,3545,3545
292305,1993,0,2695,2695
292305,1994,0,2288,2288
292305,1995,0,2285,2285
292305,1996,0,2295,2295
292305,1997,0,2393,2393
292305,1998,0,2622,2622
292305,1999,0,3070,3070
292305,2000,0,4630,4630
292305,2001,0,4450,4450
292305,2002,0,4500,4500
292305,2003,0,4700,4700
292305,2004,0,4958,4958
292305,2005,0,4748,4748
292305,2006,0,4240,4240
292305,2007,0,4545,4545
292305,2008,0,4670,4670
292305,2009,0,4750,4750
292305,2010,0,4755,4755
292305,2011,0,3960,3960
292305,2012,0,1950,1950
292305,2013,0,3740,3740
292305,2014,0,3790,3790
292305,2015,0,3245,3245
292305,2016,0,3227,3227
292305,2017,0,2631,2631
292305,2018,0,3277,3277
292305,2019,0,3253,3253
292305,2020,0,4755,4755
292305,2021,0,5354,5354
292310,1988,0,6190,6190
292310,1989,0,7375,7375
292310,1990,0,3250,3250
292310,1991,0,6205,6205
292310,1992,0,4020,4020
292310,1993,0,310,310
292310,1994,0,1705,1705
292310,1995,0,2065,2065
292310,1996,0,4655,4655
292310,1997,0,7549,7549
292310,1998,0,6928,6928
292310,1999,0,4325,4325
292310,2000,0,7555,7555
292310,2001,0,4000,4000
292310,2002,0,5210,5210
292310,2003,0,6610,6610
292310,2004,0,5100,5100
292310,2005,0,6230,6230
292310,2006,0,6040,6040
292310,2007,0,5355,5355
292310,2008,0,5860,5860
292310,2009,0,9580,9580
292310,2010,0,5160,5160
292310,2011,0,5468,5468
292310,2012,0,3195,3195
292310,2013,0,3440,3440
292310,2014,0,4340,4340
292310,2015,0,3426,3426
292310,2016,0,4326,4326
292310,2017,0,3660,3660
292310,2018,0,2402,2402
292310,2019,0,2402,2402
292310,2020,0,2382,2382
292310,2021,0,2379,2379
292320,1988,0,1632,1632
292320,1989,0,1616,1616
292320,1990,0,904,904
292320,1991,0,818,818
292320,1992,0,847,847
292320,1993,0,920,920
292320,1994,0,2075,2075
292320,1995,0,454,454
292320,1996,0,450,450
292320,1997,0,879,879
292320,1998,0,770,770
292320,1999,0,646,646
292320,2000,0,791,791
292320,2001,0,1006,1006
292320,2002,0,787,787
292320,2003,0,614,614
292320,2004,0,585,585
292320,2005,0,680,680
292320,2006,0,1192,1192
292320,2007,0,1092,1092
292320,2008,0,1074,1074
292320,2009,0,1374,1374
292320,2010,0,1317,1317
292320,2011,0,1503,1503
292320,2012,0,1194,1194
292320,2013,0,747,747
292320,2014,0,2185,2185
292320,2015,0,884,884
292320,2016,0,2239,2239
292320,2017,0,2730,2730
292320,2018,0,2091,2091
292320,2019,0,1921,1921
292320,2020,0,1980,1980
292320,2021,0,2091,2091
292330,1988,0,519,519
292330,1989,0,564,564
292330,1990,0,460,460
292330,1991,0,611,611
292330,1992,0,661,661
292330,1993,0,652,652
292330,1994,0,767,767
292330,1995,0,797,797
292330,1996,0,924,924
292330,1997,0,917,917
292330,1998,0,567,567
292330,1999,0,537,537
292330,2000,0,742,742
292330,2001,0,607,607
292330,2002,0,817,817
292330,2003,0,1067,1067
292330,2004,0,987,987
292330,2005,0,1097,1097
292330,2006,0,1087,1087
292330,2007,0,758,758
292330,2008,0,768,768
292330,2009,0,660,660
292330,2010,0,638,638
292330,2011,0,649,649
292330,2012,0,415,415
292330,2013,0,238,238
292330,2014,0,238,238
292330,2015,0,213,213
292330,2016,0,213,213
292330,2017,0,373,373
292330,2018,0,665,665
292330,2019,0,700,700
292330,2020,0,738,738
292330,2021,0,743,743
292335,1988,0,0,0
292335,1989,0,0,0
292335,1990,0,27355,27355
292335,1991,0,36208,36208
292335,1992,0,55559,55559
292335,1993,0,65025,65025
292335,1994,0,53414,53414
292335,1995,0,27333,27333
292335,1996,0,24315,24315
292335,1997,0,38730,38730
292335,1998,0,49764,49764
292335,1999,0,28394,28394
292335,2000,0,23087,23087
292335,2001,0,18980,18980
292335,2002,0,14550,14550
292335,2003,0,15525,15525
292335,2004,0,16242,16242
292335,2005,0,15952,15952
292335,2006,0,22052,22052
292335,2007,0,24451,24451
292335,2008,0,23502,23502
292335,2009,0,24054,24054
292335,2010,0,17583,17583
292335,2011,0,14484,14484
292335,2012,0,10420,10420
292335,2013,0,10020,10020
292335,2014,0,17520,17520
292335,2015,0,15430,15430
292335,2016,0,17560,17560
292335,2017,0,5292,5292
292335,2018,0,5201,5201
292335,2019,0,5300,5300
292335,2020,0,5800,5800
292335,2021,0,4940,4940
292340,1988,0,42407,42407
292340,1989,0,31053,31053
292340,1990,0,29290,29290
292340,1991,0,22817,22817
292340,1992,0,31182,31182
292340,1993,0,32769,32769
292340,1994,0,35823,35823
292340,1995,0,37450,37450
292340,1996,0,29661,29661
292340,1997,0,30020,30020
292340,1998,0,24192,24192
292340,1999,0,20567,20567
292340,2000,0,15031,15031
292340,2001,0,8778,8778
292340,2002,0,9360,9360
292340,2003,0,9835,9835
292340,2004,0,9450,9450
292340,2005,0,6540,6540
292340,2006,0,6360,6360
292340,2007,0,6192,6192
292340,2008,0,8920,8920
292340,2009,0,21432,21432
292340,2010,0,21887,21887
292340,2011,0,25906,25906
292340,2012,0,23944,23944
292340,2013,0,21738,21738
292340,2014,0,19773,19773
292340,2015,0,12702,12702
292340,2016,0,4392,4392
292340,2017,0,4132,4132
292340,2018,0,3591,3591
292340,2019,0,4390,4390
292340,2020,0,4151,4151
292340,2021,0,4007,4007
292350,1988,0,1462,1462
292350,1989,0,1287,1287
292350,1990,0,1124,1124
292350,1991,0,1102,1102
292350,1992,0,1409,1409
292350,1993,0,1368,1368
292350,1994,0,1155,1155
292350,1995,0,719,719
292350,1996,0,713,713
292350,1997,0,947,947
292350,1998,0,936,936
292350,1999,0,874,874
292350,2000,0,664,664
292350,2001,0,1154,1154
292350,2002,0,1150,1150
292350,2003,0,1250,1250
292350,2004,0,2162,2162
292350,2005,0,1153,1153
292350,2006,0,1358,1358
292350,2007,0,1760,1760
292350,2008,0,1776,1776
292350,2009,0,971,971
292350,2010,0,979,979
292350,2011,0,916,916
292350,2012,0,1061,1061
292350,2013,0,653,653
292350,2014,0,534,534
292350,2015,0,596,596
292350,2016,0,597,597
292350,2017,0,453,453
292350,2018,0,510,510
292350,2019,0,512,512
292350,2020,0,523,523
292350,2021,0,519,519
292360,1988,0,2856,2856
292360,1989,0,4975,4975
292360,1990,0,3550,3550
292360,1991,0,3845,3845
292360,1992,0,3820,3820
292360,1993,0,2965,2965
292360,1994,0,3295,3295
292360,1995,0,3065,3065
292360,1996,0,2065,2065
292360,1997,0,2590,2590
292360,1998,0,4015,4015
292360,1999,0,6171,6171
292360,2000,0,3970,3970
292360,2001,0,6160,6160
292360,2002,0,6156,6156
292360,2003,0,5899,5899
292360,2004,0,3612,3612
292360,2005,0,3817,3817
292360,2006,0,3758,3758
292360,2007,0,8204,8204
292360,2008,0,1649,1649
292360,2009,0,7982,7982
292360,2010,0,6662,6662
292360,2011,0,2746,2746
292360,2012,0,3564,3564
292360,2013,0,3574,3574
292360,2014,0,3447,3447
292360,2015,0,3497,3497
292360,2016,0,3497,3497
292360,2017,0,2211,2211
292360,2018,0,2582,2582
292360,2019,0,2421,2421
292360,2020,0,3117,3117
292360,2021,0,3135,3135
292370,1988,0,11252,11252
292370,1989,0,10922,10922
292370,1990,0,8512,8512
292370,1991,0,9623,9623
292370,1992,0,8632,8632
292370,1993,0,12030,12030
292370,1994,0,6382,6382
292370,1995,0,12251,12251
292370,1996,0,10255,10255
292370,1997,0,13820,13820
292370,1998,0,8888,8888
292370,1999,0,6260,6260
292370,2000,0,8690,8690
292370,2001,0,9754,9754
292370,2002,0,9464,9464
292370,2003,0,11159,11159
292370,2004,0,7238,7238
292370,2005,0,7437,7437
292370,2006,0,7234,7234
292370,2007,0,7477,7477
292370,2008,0,6768,6768
292370,2009,0,9818,9818
292370,2010,0,4410,4410
292370,2011,0,9975,9975
292370,2012,0,7838,7838
292370,2013,0,9743,9743
292370,2014,0,9164,9164
292370,2015,0,9164,9164
292370,2016,0,9764,9764
292370,2017,0,5498,5498
292370,2018,0,2180,2180
292370,2019,0,2180,2180
292370,2020,0,2222,2222
292370,2021,0,2180,2180
292380,1988,0,82859,82859
292380,1989,0,64734,64734
292380,1990,0,21154,21154
292380,1991,0,32223,32223
292380,1992,0,26053,26053
292380,1993,0,25244,25244
292380,1994,0,29498,29498
292380,1995,0,44750,44750
292380,1996,0,50188,50188
292380,1997,0,52145,52145
292380,1998,0,48673,48673
292380,1999,0,52025,52025
292380,2000,0,54727,54727
292380,2001,0,54502,54502
292380,2002,0,55538,55538
292380,2003,0,45500,45500
292380,2004,0,45388,45388
292380,2005,0,50627,50627
292380,2006,0,47425,47425
292380,2007,0,40565,40565
292380,2008,0,23730,23730
292380,2009,0,26142,26142
292380,2010,0,25725,25725
292380,2011,0,26371,26371
292380,2012,0,21181,21181
292380,2013,0,24780,24780
292380,2014,0,24794,24794
292380,2015,0,29852,29852
292380,2016,0,29833,29833
292380,2017,0,21190,21190
292380,2018,0,26096,26096
292380,2019,0,28103,28103
292380,2020,0,29087,29087
292380,2021,0,28919,28919
292390,1988,0,8849,8849
292390,1989,0,8863,8863
292390,1990,0,8912,8912
292390,1991,0,9025,9025
292390,1992,0,15407,15407
292390,1993,0,15426,15426
292390,1994,0,15427,15427
292390,1995,0,14052,14052
292390,1996,0,12973,12973
292390,1997,0,12647,12647
292390,1998,0,10135,10135
292390,1999,0,9359,9359
292390,2000,0,8410,8410
292390,2001,0,7792,7792
292390,2002,0,8220,8220
292390,2003,0,7588,7588
292390,2004,0,7634,7634
292390,2005,0,8282,8282
292390,2006,0,8195,8195
292390,2007,0,8214,8214
292390,2008,0,8127,8127
292390,2009,0,8114,8114
292390,2010,0,8165,8165
292390,2011,0,8154,8154
292390,2012,0,8194,8194
292390,2013,0,8185,8185
292390,2014,0,8171,8171
292390,2015,0,8127,8127
292390,2016,0,8170,8170
292390,2017,0,4218,4218
292390,2018,0,4215,4215
292390,2019,0,2116,2116
292390,2020,0,2124,2124
292390,2021,0,2324,2324
292400,1988,0,3663,3663
292400,1989,0,2947,2947
292400,1990,0,1565,1565
292400,1991,0,1383,1383
292400,1992,0,1599,1599
292400,1993,0,1007,1007
292400,1994,0,820,820
292400,1995,0,2381,2381
292400,1996,0,1996,1996
292400,1997,0,2375,2375
292400,1998,0,1605,1605
292400,1999,0,960,960
292400,2000,0,7616,7616
292400,2001,0,2356,2356
292400,2002,0,2471,2471
292400,2003,0,590,590
292400,2004,0,490,490
292400,2005,0,2114,2114
292400,2006,0,4741,4741
292400,2007,0,2988,2988
292400,2008,0,4681,4681
292400,2009,0,5246,5246
292400,2010,0,4968,4968
292400,2011,0,6693,6693
292400,2012,0,2045,2045
292400,2013,0,1973,1973
292400,2014,0,1993,1993
292400,2015,0,2073,2073
292400,2016,0,3457,3457
292400,2017,0,9114,9114
292400,2018,0,5412,5412
292400,2019,0,4955,4955
292400,2020,0,6607,6607
292400,2021,0,6612,6612
292405,1988,0,4384,4384
292405,1989,0,8304,8304
292405,1990,0,7413,7413
292405,1991,0,9590,9590
292405,1992,0,14816,14816
292405,1993,0,3010,3010
292405,1994,0,3180,3180
292405,1995,0,2580,2580
292405,1996,0,4400,4400
292405,1997,0,1970,1970
292405,1998,0,590,590
292405,1999,0,1400,1400
292405,2000,0,5250,5250
292405,2001,0,1200,1200
292405,2002,0,1120,1120
292405,2003,0,1170,1170
292405,2004,0,1480,1480
292405,2005,0,1544,1544
292405,2006,0,1080,1080
292405,2007,0,880,880
292405,2008,0,800,800
292405,2009,0,685,685
292405,2010,0,870,870
292405,2011,0,830,830
292405,2012,0,760,760
292405,2013,0,1044,1044
292405,2014,0,1480,1480
292405,2015,0,1480,1480
292405,2016,0,818,818
292405,2017,0,664,664
292405,2018,0,670,670
292405,2019,0,467,467
292405,2020,0,970,970
292405,2021,0,969,969
292410,1988,0,1108,1108
292410,1989,0,1041,1041
292410,1990,0,771,771
292410,1991,0,864,864
292410,1992,0,864,864
292410,1993,0,854,854
292410,1994,0,929,929
292410,1995,0,939,939
292410,1996,0,1231,1231
292410,1997,0,1225,1225
292410,1998,0,983,983
292410,1999,0,598,598
292410,2000,0,555,555
292410,2001,0,545,545
292410,2002,0,535,535
292410,2003,0,535,535
292410,2004,0,535,535
292410,2005,0,535,535
292410,2006,0,997,997
292410,2007,0,877,877
292410,2008,0,812,812
292410,2009,0,775,775
292410,2010,0,780,780
292410,2011,0,706,706
292410,2012,0,890,890
292410,2013,0,528,528
292410,2014,0,528,528
292410,2015,0,489,489
292410,2016,0,494,494
292410,2017,0,492,492
292410,2018,0,437,437
292410,2019,0,432,432
292410,2020,0,489,489
292410,2021,0,472,472
292420,1988,0,7190,7190
292420,1989,0,9597,9597
292420,1990,0,6751,6751
292420,1991,0,11898,11898
292420,1992,0,7864,7864
292420,1993,0,2419,2419
292420,1994,0,3512,3512
292420,1995,0,4085,4085
292420,1996,0,2760,2760
292420,1997,0,7845,7845
292420,1998,0,2755,2755
292420,1999,0,12065,12065
292420,2000,0,17035,17035
292420,2001,0,11465,11465
292420,2002,0,16040,16040
292420,2003,0,22020,22020
292420,2004,0,13210,13210
292420,2005,0,12300,12300
292420,2006,0,17010,17010
292420,2007,0,4099,4099
292420,2008,0,5170,5170
292420,2009,0,18941,18941
292420,2010,0,18670,18670
292420,2011,0,27670,27670
292420,2012,0,13600,13600
292420,2013,0,11776,11776
292420,2014,0,11790,11790
292420,2015,22,11232,11210
292420,2016,0,14288,14288
292420,2017,0,11155,11155
292420,2018,0,7003,7003
292420,2019,0,5383,5383
292420,2020,0,16505,16505
292420,2021,0,8805,8805
292430,1988,500,4378,3878
292430,1989,0,3644,3644
292430,1990,0,3400,3400
292430,1991,0,3560,3560
292430,1992,0,3560,3560
292430,1993,0,3117,3117
292430,1994,0,3058,3058
292430,1995,0,12215,12215
292430,1996,0,2030,2030
292430,1997,0,2185,2185
292430,1998,0,2178,2178
292430,1999,0,2056,2056
292430,2000,0,2513,2513
292430,2001,0,2553,2553
292430,2002,0,2878,2878
292430,2003,0,3510,3510
292430,2004,0,3515,3515
292430,2005,0,3400,3400
292430,2006,0,3388,3388
292430,2007,0,2952,2952
292430,2008,0,3072,3072
292430,2009,0,2704,2704
292430,2010,0,2215,2215
292430,2011,0,2143,2143
292430,2012,0,2510,2510
292430,2013,0,2485,2485
292430,2014,0,3220,3220
292430,2015,0,2830,2830
292430,2016,0,2835,2835
292430,2017,0,1914,1914
292430,2018,0,1719,1719
292430,2019,0,1595,1595
292430,2020,0,1892,1892
292430,2021,0,1870,1870
292440,1988,0,12270,12270
292440,1989,0,14082,14082
292440,1990,0,13588,13588
292440,1991,0,12376,12376
292440,1992,0,8764,8764
292440,1993,0,10219,10219
292440,1994,0,8872,8872
292440,1995,0,12206,12206
292440,1996,0,12696,12696
292440,1997,0,10612,10612
292440,1998,0,10194,10194
292440,1999,0,6196,6196
292440,2000,0,14942,14942
292440,2001,0,18666,18666
292440,2002,0,16612,16612
292440,2003,0,14788,14788
292440,2004,0,12469,12469
292440,2005,0,12519,12519
292440,2006,0,9277,9277
292440,2007,0,11087,11087
292440,2008,0,8381,8381
292440,2009,0,6784,6784
292440,2010,0,7320,7320
292440,2011,0,3189,3189
292440,2012,0,3045,3045
292440,2013,0,725,725
292440,2014,0,2140,2140
292440,2015,0,2160,2160
292440,2016,0,2160,2160
292440,2017,0,3810,3810
292440,2018,0,4632,4632
292440,2019,0,4562,4562
292440,2020,0,4352,4352
292440,2021,0,4524,4524
292450,1988,0,13299,13299
292450,1989,0,10619,10619
292450,1990,0,7887,7887
292450,1991,0,7408,7408
292450,1992,0,15293,15293
292450,1993,0,15743,15743
292450,1994,0,17836,17836
292450,1995,0,19718,19718
292450,1996,0,16288,16288
292450,1997,0,17092,17092
292450,1998,0,12191,12191
292450,1999,0,14259,14259
292450,2000,0,9251,9251
292450,2001,0,7036,7036
292450,2002,0,6764,6764
292450,2003,0,7430,7430
292450,2004,0,8210,8210
292450,2005,0,8030,8030
292450,2006,0,3521,3521
292450,2007,0,4338,4338
292450,2008,0,4559,4559
292450,2009,0,4677,4677
292450,2010,0,8231,8231
292450,2011,0,8795,8795
292450,2012,0,8918,8918
292450,2013,0,10769,10769
292450,2014,0,12444,12444
292450,2015,0,7173,7173
292450,2016,0,3590,3590
292450,2017,0,5203,5203
292450,2018,0,3972,3972
292450,2019,0,3441,3441
292450,2020,0,4205,4205
292450,2021,0,4220,4220
292460,1988,0,5992,5992
292460,1989,0,6146,6146
292460,1990,0,5904,5904
292460,1991,0,8058,8058
292460,1992,0,4147,4147
292460,1993,0,2192,2192
292460,1994,0,1883,1883
292460,1995,0,1425,1425
292460,1996,0,1101,1101
292460,1997,0,4284,4284
292460,1998,0,667,667
292460,1999,0,1851,1851
292460,2000,0,4620,4620
292460,2001,0,1965,1965
292460,2002,0,2529,2529
292460,2003,0,5081,5081
292460,2004,0,5467,5467
292460,2005,0,3836,3836
292460,2006,0,5152,5152
292460,2007,0,7155,7155
292460,2008,0,3187,3187
292460,2009,0,3274,3274
292460,2010,0,3575,3575
292460,2011,0,3236,3236
292460,2012,0,888,888
292460,2013,0,2645,2645
292460,2014,0,5801,5801
292460,2015,0,8907,8907
292460,2016,0,965,965
292460,2017,0,1397,1397
292460,2018,0,1502,1502
292460,2019,0,1492,1492
292460,2020,0,2083,2083
292460,2021,0,2180,2180
292465,1988,0,2402,2402
292465,1989,0,984,984
292465,1990,0,1394,1394
292465,1991,0,1920,1920
292465,1992,0,1544,1544
292465,1993,0,724,724
292465,1994,0,1239,1239
292465,1995,0,1070,1070
292465,1996,0,939,939
292465,1997,0,1171,1171
292465,1998,0,587,587
292465,1999,0,180,180
292465,2000,0,1267,1267
292465,2001,0,2047,2047
292465,2002,0,2754,2754
292465,2003,0,2054,2054
292465,2004,0,1042,1042
292465,2005,0,2030,2030
292465,2006,0,2050,2050
292465,2007,0,1643,1643
292465,2008,0,1030,1030
292465,2009,0,1035,1035
292465,2010,0,1240,1240
292465,2011,0,1240,1240
292465,2012,0,610,610
292465,2013,0,765,765
292465,2014,0,810,810
292465,2015,0,980,980
292465,2016,0,510,510
292465,2017,0,700,700
292465,2018,0,700,700
292465,2019,0,700,700
292465,2020,0,700,700
292465,2021,0,700,700
292467,1988,0,0,0
292467,1989,0,0,0
292467,1990,0,3472,3472
292467,1991,0,4294,4294
292467,1992,0,5152,5152
292467,1993,0,2298,2298
292467,1994,0,2346,2346
292467,1995,0,2706,2706
292467,1996,0,2761,2761
292467,1997,0,2168,2168
292467,1998,0,3865,3865
292467,1999,0,3490,3490
292467,2000,0,3081,3081
292467,2001,0,2973,2973
292467,2002,0,2443,2443
292467,2003,0,2437,2437
292467,2004,0,2468,2468
292467,2005,0,3147,3147
292467,2006,0,4853,4853
292467,2007,0,3016,3016
292467,2008,0,3763,3763
292467,2009,0,3970,3970
292467,2010,0,3588,3588
292467,2011,0,3528,3528
292467,2012,0,3513,3513
292467,2013,0,4359,4359
292467,2014,0,3253,3253
292467,2015,0,3273,3273
292467,2016,0,5101,5101
292467,2017,0,7511,7511
292467,2018,0,7654,7654
292467,2019,0,7679,7679
292467,2020,0,7717,7717
292467,2021,0,7854,7854
292470,1988,0,4584,4584
292470,1989,0,4795,4795
292470,1990,0,3895,3895
292470,1991,0,5020,5020
292470,1992,0,2672,2672
292470,1993,0,1577,1577
292470,1994,0,2194,2194
292470,1995,0,1021,1021
292470,1996,0,984,984
292470,1997,0,2246,2246
292470,1998,0,2016,2016
292470,1999,0,2097,2097
292470,2000,0,2031,2031
292470,2001,0,1400,1400
292470,2002,0,1150,1150
292470,2003,0,960,960
292470,2004,0,985,985
292470,2005,0,850,850
292470,2006,0,1248,1248
292470,2007,0,1468,1468
292470,2008,0,2185,2185
292470,2009,0,1043,1043
292470,2010,0,1055,1055
292470,2011,0,1125,1125
292470,2012,0,1027,1027
292470,2013,0,1172,1172
292470,2014,0,1242,1242
292470,2015,0,1220,1220
292470,2016,0,1220,1220
292470,2017,0,1070,1070
292470,2018,0,840,840
292470,2019,0,845,845
292470,2020,0,730,730
292470,2021,0,766,766
292480,1988,0,7279,7279
292480,1989,0,4904,4904
292480,1990,0,3462,3462
292480,1991,0,4780,4780
292480,1992,0,4517,4517
292480,1993,0,4942,4942
292480,1994,0,3841,3841
292480,1995,0,1439,1439
292480,1996,0,616,616
292480,1997,0,1327,1327
292480,1998,0,989,989
292480,1999,0,4488,4488
292480,2000,0,4692,4692
292480,2001,0,2712,2712
292480,2002,0,4832,4832
292480,2003,0,3419,3419
292480,2004,0,4006,4006
292480,2005,0,3604,3604
292480,2006,0,6806,6806
292480,2007,0,4511,4511
292480,2008,0,8260,8260
292480,2009,0,3850,3850
292480,2010,0,3585,3585
292480,2011,0,3011,3011
292480,2012,0,2300,2300
292480,2013,0,6280,6280
292480,2014,0,980,980
292480,2015,0,960,960
292480,2016,0,760,760
292480,2017,0,2268,2268
292480,2018,0,1892,1892
292480,2019,0,1375,1375
292480,2020,0,1325,1325
292480,2021,0,749,749
292490,1988,0,3999,3999
292490,1989,0,4189,4189
292490,1990,0,4075,4075
292490,1991,0,3088,3088
292490,1992,0,2973,2973
292490,1993,0,1079,1079
292490,1994,0,635,635
292490,1995,0,840,840
292490,1996,0,900,900
292490,1997,0,1240,1240
292490,1998,0,1150,1150
292490,1999,0,1194,1194
292490,2000,0,1360,1360
292490,2001,0,580,580
292490,2002,0,1485,1485
292490,2003,0,1451,1451
292490,2004,0,1443,1443
292490,2005,0,1460,1460
292490,2006,0,1389,1389
292490,2007,0,1433,1433
292490,2008,0,1432,1432
292490,2009,0,1288,1288
292490,2010,0,1178,1178
292490,2011,0,1202,1202
292490,2012,0,1445,1445
292490,2013,0,1517,1517
292490,2014,0,1396,1396
292490,2015,0,1406,1406
292490,2016,0,1396,1396
292490,2017,0,1247,1247
292490,2018,0,1200,1200
292490,2019,0,1177,1177
292490,2020,0,1304,1304
292490,2021,0,1283,1283
292500,1988,0,12222,12222
292500,1989,0,12517,12517
292500,1990,0,12027,12027
292500,1991,0,11981,11981
292500,1992,0,12637,12637
292500,1993,0,12787,12787
292500,1994,0,11521,11521
292500,1995,0,14152,14152
292500,1996,0,11923,11923
292500,1997,0,5300,5300
292500,1998,0,7650,7650
292500,1999,0,4260,4260
292500,2000,0,1890,1890
292500,2001,0,2920,2920
292500,2002,0,3175,3175
292500,2003,0,3430,3430
292500,2004,0,4370,4370
292500,2005,0,5205,5205
292500,2006,0,5540,5540
292500,2007,0,4058,4058
292500,2008,0,3830,3830
292500,2009,0,3690,3690
292500,2010,0,3590,3590
292500,2011,0,3470,3470
292500,2012,0,3770,3770
292500,2013,0,8138,8138
292500,2014,0,8541,8541
292500,2015,0,7618,7618
292500,2016,0,7739,7739
292500,2017,0,3820,3820
292500,2018,0,4992,4992
292500,2019,0,4678,4678
292500,2020,0,4848,4848
292500,2021,0,4802,4802
292510,1988,0,9296,9296
292510,1989,0,11999,11999
292510,1990,0,9113,9113
292510,1991,0,8862,8862
292510,1992,0,9723,9723
292510,1993,0,8760,8760
292510,1994,0,7562,7562
292510,1995,0,8520,8520
292510,1996,0,7204,7204
292510,1997,0,5555,5555
292510,1998,0,6300,6300
292510,1999,0,6650,6650
292510,2000,0,1970,1970
292510,2001,0,3133,3133
292510,2002,0,3000,3000
292510,2003,0,2960,2960
292510,2004,0,3660,3660
292510,2005,0,4770,4770
292510,2006,0,4994,4994
292510,2007,0,4827,4827
292510,2008,0,3544,3544
292510,2009,0,3676,3676
292510,2010,0,4450,4450
292510,2011,0,3540,3540
292510,2012,0,3800,3800
292510,2013,0,4570,4570
292510,2014,0,4764,4764
292510,2015,0,5027,5027
292510,2016,0,4985,4985
292510,2017,0,3028,3028
292510,2018,0,2700,2700
292510,2019,0,2629,2629
292510,2020,0,2423,2423
292510,2021,0,2387,2387
292520,1988,0,479,479
292520,1989,0,745,745
292520,1990,0,688,688
292520,1991,0,592,592
292520,1992,0,476,476
292520,1993,0,500,500
292520,1994,0,567,567
292520,1995,0,609,609
292520,1996,0,628,628
292520,1997,0,591,591
292520,1998,0,619,619
292520,1999,0,1212,1212
292520,2000,0,1492,1492
292520,2001,0,1377,1377
292520,2002,0,877,877
292520,2003,0,667,667
292520,2004,0,523,523
292520,2005,0,712,712
292520,2006,0,770,770
292520,2007,0,378,378
292520,2008,0,936,936
292520,2009,0,457,457
292520,2010,0,681,681
292520,2011,0,700,700
292520,2012,0,767,767
292520,2013,0,665,665
292520,2014,0,67,67
292520,2015,0,70,70
292520,2016,0,98,98
292520,2017,0,55,55
292520,2018,0,45,45
292520,2019,0,63,63
292520,2020,0,63,63
292520,2021,0,68,68
292525,1988,0,0,0
292525,1989,0,0,0
292525,1990,0,843,843
292525,1991,0,3507,3507
292525,1992,0,2246,2246
292525,1993,0,1938,1938
292525,1994,0,12957,12957
292525,1995,0,8159,8159
292525,1996,0,4014,4014
292525,1997,0,7718,7718
292525,1998,0,1964,1964
292525,1999,0,4384,4384
292525,2000,0,6023,6023
292525,2001,0,4932,4932
292525,2002,0,5178,5178
292525,2003,0,5362,5362
292525,2004,0,6655,6655
292525,2005,0,4944,4944
292525,2006,0,6194,6194
292525,2007,0,7298,7298
292525,2008,0,4557,4557
292525,2009,0,4485,4485
292525,2010,0,5390,5390
292525,2011,0,4561,4561
292525,2012,0,1628,1628
292525,2013,0,4582,4582
292525,2014,0,6895,6895
292525,2015,0,9777,9777
292525,2016,0,2195,2195
292525,2017,0,2373,2373
292525,2018,0,1902,1902
292525,2019,0,1779,1779
292525,2020,0,1857,1857
292525,2021,0,1794,1794
292530,1988,0,10401,10401
292530,1989,0,9409,9409
292530,1990,0,6984,6984
292530,1991,0,6868,6868
292530,1992,0,3993,3993
292530,1993,0,5844,5844
292530,1994,0,6547,6547
292530,1995,0,5326,5326
292530,1996,0,5574,5574
292530,1997,0,6361,6361
292530,1998,0,6785,6785
292530,1999,0,7993,7993
292530,2000,0,7995,7995
292530,2001,0,8318,8318
292530,2002,0,7874,7874
292530,2003,0,7847,7847
292530,2004,0,7832,7832
292530,2005,0,7740,7740
292530,2006,0,9812,9812
292530,2007,0,9643,9643
292530,2008,0,9749,9749
292530,2009,0,8349,8349
292530,2010,0,8345,8345
292530,2011,0,8708,8708
292530,2012,0,7838,7838
292530,2013,0,7290,7290
292530,2014,0,8681,8681
292530,2015,0,6018,6018
292530,2016,0,7747,7747
292530,2017,0,10288,10288
292530,2018,0,10955,10955
292530,2019,0,11115,11115
292530,2020,0,11711,11711
292530,2021,0,11752,11752
292540,1988,0,2356,2356
292540,1989,0,2246,2246
292540,1990,0,2235,2235
292540,1991,0,2218,2218
292540,1992,0,2219,2219
292540,1993,0,2236,2236
292540,1994,0,1470,1470
292540,1995,0,807,807
292540,1996,0,784,784
292540,1997,0,632,632
292540,1998,0,685,685
292540,1999,0,545,545
292540,2000,0,620,620
292540,2001,0,438,438
292540,2002,0,633,633
292540,2003,0,544,544
292540,2004,0,544,544
292540,2005,0,1274,1274
292540,2006,0,1273,1273
292540,2007,0,1266,1266
292540,2008,0,1271,1271
292540,2009,0,1245,1245
292540,2010,0,1247,1247
292540,2011,0,1228,1228
292540,2012,0,1245,1245
292540,2013,0,1039,1039
292540,2014,0,1163,1163
292540,2015,0,974,974
292540,2016,0,1003,1003
292540,2017,0,100,100
292540,2018,0,114,114
292540,2019,0,111,111
292540,2020,0,102,102
292540,2021,0,108,108
292550,1988,0,6132,6132
292550,1989,0,5990,5990
292550,1990,0,4933,4933
292550,1991,0,3646,3646
292550,1992,0,6773,6773
292550,1993,0,10969,10969
292550,1994,0,10378,10378
292550,1995,0,12129,12129
292550,1996,0,11909,11909
292550,1997,0,14445,14445
292550,1998,0,15328,15328
292550,1999,0,13692,13692
292550,2000,0,15143,15143
292550,2001,0,15515,15515
292550,2002,0,15883,15883
292550,2003,0,16508,16508
292550,2004,0,17317,17317
292550,2005,0,17587,17587
292550,2006,0,18657,18657
292550,2007,0,17339,17339
292550,2008,0,16550,16550
292550,2009,0,15544,15544
292550,2010,0,15632,15632
292550,2011,0,16988,16988
292550,2012,0,16438,16438
292550,2013,0,15911,15911
292550,2014,0,16640,16640
292550,2015,0,17202,17202
292550,2016,0,16628,16628
292550,2017,0,14253,14253
292550,2018,0,13138,13138
292550,2019,0,12149,12149
292550,2020,0,10092,10092
292550,2021,0,10350,10350
292560,1988,0,25557,25557
292560,1989,0,27759,27759
292560,1990,0,25770,25770
292560,1991,0,35010,35010
292560,1992,0,31339,31339
292560,1993,0,27970,27970
292560,1994,0,29079,29079
292560,1995,0,21416,21416
292560,1996,0,25518,25518
292560,1997,0,26297,26297
292560,1998,0,28332,28332
292560,1999,0,25613,25613
292560,2000,0,30359,30359
292560,2001,0,31865,31865
292560,2002,0,24951,24951
292560,2003,0,26694,26694
292560,2004,0,28395,28395
292560,2005,0,26575,26575
292560,2006,0,23020,23020
292560,2007,0,30613,30613
292560,2008,0,23351,23351
292560,2009,0,17216,17216
292560,2010,0,11246,11246
292560,2011,0,19459,19459
292560,2012,0,14384,14384
292560,2013,0,8076,8076
292560,2014,0,14566,14566
292560,2015,0,14276,14276
292560,2016,0,4016,4016
292560,2017,0,1939,1939
292560,2018,0,1812,1812
292560,2019,0,2122,2122
292560,2020,0,2161,2161
292560,2021,0,2072,2072
292570,1988,0,9022,9022
292570,1989,0,4732,4732
292570,1990,0,3912,3912
292570,1991,0,5037,5037
292570,1992,0,2321,2321
292570,1993,0,1846,1846
292570,1994,0,2234,2234
292570,1995,0,1581,1581
292570,1996,0,1405,1405
292570,1997,0,2132,2132
292570,1998,0,1686,1686
292570,1999,0,2082,2082
292570,2000,0,2116,2116
292570,2001,0,1935,1935
292570,2002,0,1600,1600
292570,2003,0,1460,1460
292570,2004,0,1680,1680
292570,2005,0,1290,1290
292570,2006,0,1517,1517
292570,2007,0,1925,1925
292570,2008,0,2040,2040
292570,2009,0,1117,1117
292570,2010,0,1177,1177
292570,2011,0,1317,1317
292570,2012,0,1072,1072
292570,2013,0,1052,1052
292570,2014,0,1922,1922
292570,2015,0,1652,1652
292570,2016,0,1652,1652
292570,2017,0,1450,1450
292570,2018,0,1602,1602
292570,2019,0,1662,1662
292570,2020,0,1718,1718
292570,2021,0,1744,1744
292575,1988,0,0,0
292575,1989,0,0,0
292575,1990,0,3482,3482
292575,1991,0,3839,3839
292575,1992,0,4490,4490
292575,1993,0,2455,2455
292575,1994,0,2411,2411
292575,1995,0,1786,1786
292575,1996,0,3255,3255
292575,1997,0,3614,3614
292575,1998,0,5620,5620
292575,1999,0,4857,4857
292575,2000,0,6232,6232
292575,2001,0,6276,6276
292575,2002,0,5378,5378
292575,2003,0,5350,5350
292575,2004,0,5742,5742
292575,2005,0,8785,8785
292575,2006,0,9623,9623
292575,2007,0,10968,10968
292575,2008,0,18168,18168
292575,2009,0,10706,10706
292575,2010,0,10223,10223
292575,2011,0,10111,10111
292575,2012,0,9888,9888
292575,2013,0,10250,10250
292575,2014,0,7102,7102
292575,2015,0,7717,7717
292575,2016,0,7848,7848
292575,2017,0,11783,11783
292575,2018,0,13463,13463
292575,2019,0,13532,13532
292575,2020,0,13335,13335
292575,2021,0,13551,13551
292580,1988,0,13182,13182
292580,1989,0,16382,16382
292580,1990,0,13186,13186
292580,1991,0,13848,13848
292580,1992,0,18300,18300
292580,1993,0,13056,13056
292580,1994,0,9403,9403
292580,1995,0,9389,9389
292580,1996,0,9453,9453
292580,1997,0,9959,9959
292580,1998,0,9475,9475
292580,1999,0,10139,10139
292580,2000,0,9759,9759
292580,2001,0,10849,10849
292580,2002,0,8761,8761
292580,2003,0,8436,8436
292580,2004,0,8028,8028
292580,2005,0,8077,8077
292580,2006,0,7479,7479
292580,2007,0,7503,7503
292580,2008,0,7850,7850
292580,2009,0,6450,6450
292580,2010,0,6000,6000
292580,2011,0,6970,6970
292580,2012,0,7000,7000
292580,2013,0,7000,7000
292580,2014,0,3000,3000
292580,2015,0,2400,2400
292580,2016,0,1650,1650
292580,2017,0,3173,3173
292580,2018,0,1903,1903
292580,2019,0,1962,1962
292580,2020,0,2099,2099
292580,2021,0,1780,1780
292590,1988,0,26259,26259
292590,1989,0,29632,29632
292590,1990,0,16802,16802
292590,1991,0,18136,18136
292590,1992,0,2779,2779
292590,1993,0,1572,1572
292590,1994,0,12763,12763
292590,1995,0,12155,12155
292590,1996,0,21660,21660
292590,1997,0,28850,28850
292590,1998,0,21624,21624
292590,1999,0,44724,44724
292590,2000,0,26759,26759
292590,2001,0,33224,33224
292590,2002,0,37158,37158
292590,2003,0,30034,30034
292590,2004,0,56134,56134
292590,2005,0,56604,56604
292590,2006,0,75032,75032
292590,2007,0,73172,73172
292590,2008,0,81775,81775
292590,2009,0,65309,65309
292590,2010,0,52755,52755
292590,2011,0,52699,52699
292590,2012,0,6850,6850
292590,2013,0,25185,25185
292590,2014,0,24770,24770
292590,2015,0,24770,24770
292590,2016,0,20770,20770
292590,2017,0,17687,17687
292590,2018,0,40385,40385
292590,2019,0,35580,35580
292590,2020,0,25455,25455
292590,2021,0,31038,31038
292593,1988,0,0,0
292593,1989,0,0,0
292593,1990,0,1109,1109
292593,1991,0,750,750
292593,1992,0,1047,1047
292593,1993,0,727,727
292593,1994,0,2507,2507
292593,1995,0,1766,1766
292593,1996,0,984,984
292593,1997,0,2486,2486
292593,1998,0,2188,2188
292593,1999,0,1541,1541
292593,2000,0,4152,4152
292593,2001,0,3108,3108
292593,2002,0,2074,2074
292593,2003,0,2125,2125
292593,2004,0,2656,2656
292593,2005,0,2747,2747
292593,2006,0,1047,1047
292593,2007,0,1307,1307
292593,2008,0,1301,1301
292593,2009,0,1017,1017
292593,2010,0,1334,1334
292593,2011,0,821,821
292593,2012,0,810,810
292593,2013,0,8,8
292593,2014,0,888,888
292593,2015,0,1613,1613
292593,2016,0,578,578
292593,2017,0,478,478
292593,2018,0,195,195
292593,2019,0,300,300
292593,2020,0,140,140
292593,2021,0,140,140
292595,1988,0,4024,4024
292595,1989,0,4156,4156
292595,1990,0,2292,2292
292595,1991,0,1567,1567
292595,1992,0,2002,2002
292595,1993,0,908,908
292595,1994,0,2435,2435
292595,1995,0,1997,1997
292595,1996,0,1946,1946
292595,1997,0,2391,2391
292595,1998,0,808,808
292595,1999,0,831,831
292595,2000,0,6080,6080
292595,2001,0,4105,4105
292595,2002,0,490,490
292595,2003,0,880,880
292595,2004,0,4080,4080
292595,2005,0,4500,4500
292595,2006,0,1040,1040
292595,2007,0,838,838
292595,2008,0,630,630
292595,2009,0,830,830
292595,2010,0,1040,1040
292595,2011,0,1040,1040
292595,2012,0,45,45
292595,2013,0,2000,2000
292595,2014,0,3065,3065
292595,2015,0,4030,4030
292595,2016,0,2230,2230
292595,2017,0,2300,2300
292595,2018,0,3200,3200
292595,2019,0,3200,3200
292595,2020,0,3200,3200
292595,2021,0,3152,3152
292600,1988,0,5804,5804
292600,1989,0,9255,9255
292600,1990,0,7666,7666
292600,1991,0,5631,5631
292600,1992,0,3250,3250
292600,1993,0,4424,4424
292600,1994,0,3171,3171
292600,1995,0,4785,4785
292600,1996,0,7724,7724
292600,1997,0,6919,6919
292600,1998,0,3670,3670
292600,1999,0,3260,3260
292600,2000,0,18415,18415
292600,2001,0,21320,21320
292600,2002,0,17325,17325
292600,2003,0,12095,12095
292600,2004,0,8808,8808
292600,2005,0,9310,9310
292600,2006,0,13240,13240
292600,2007,0,17960,17960
292600,2008,0,9063,9063
292600,2009,0,12748,12748
292600,2010,0,12700,12700
292600,2011,0,3725,3725
292600,2012,0,2225,2225
292600,2013,0,1915,1915
292600,2014,0,1475,1475
292600,2015,0,4530,4530
292600,2016,0,1465,1465
292600,2017,0,2216,2216
292600,2018,0,2139,2139
292600,2019,0,2066,2066
292600,2020,0,2415,2415
292600,2021,0,2401,2401
292610,1988,0,10452,10452
292610,1989,0,10662,10662
292610,1990,0,8486,8486
292610,1991,0,8565,8565
292610,1992,0,12418,12418
292610,1993,0,8047,8047
292610,1994,0,7080,7080
292610,1995,0,6781,6781
292610,1996,0,6470,6470
292610,1997,0,6770,6770
292610,1998,0,6650,6650
292610,1999,0,7688,7688
292610,2000,0,7510,7510
292610,2001,0,8087,8087
292610,2002,0,7156,7156
292610,2003,0,7706,7706
292610,2004,0,7606,7606
292610,2005,0,7036,7036
292610,2006,0,6906,6906
292610,2007,0,6915,6915
292610,2008,0,6300,6300
292610,2009,0,7370,7370
292610,2010,0,6900,6900
292610,2011,0,7870,7870
292610,2012,0,7880,7880
292610,2013,0,7122,7122
292610,2014,0,5623,5623
292610,2015,0,5700,5700
292610,2016,0,6410,6410
292610,2017,0,3600,3600
292610,2018,0,4840,4840
292610,2019,0,4435,4435
292610,2020,0,5050,5050
292610,2021,0,6050,6050
292620,1988,6958,13528,6570
292620,1989,1,8323,8322
292620,1990,17144,24631,7487
292620,1991,19730,31752,12022
292620,1992,24358,39154,14796
292620,1993,25400,35386,9986
292620,1994,27776,33523,5747
292620,1995,30743,39287,8544
292620,1996,27577,35540,7963
292620,1997,30192,37874,7682
292620,1998,47987,56204,8217
292620,1999,45594,56798,11204
292620,2000,49027,64513,15486
292620,2001,53930,70194,16264
292620,2002,62558,75158,12600
292620,2003,70733,88188,17455
292620,2004,66300,86857,20557
292620,2005,68704,94355,25651
292620,2006,68900,91271,22371
292620,2007,68200,94946,26746
292620,2008,70000,95711,25711
292620,2009,63850,89437,25587
292620,2010,64194,99649,35455
292620,2011,65527,107072,41545
292620,2012,67617,119550,51933
292620,2013,75555,113730,38175
292620,2014,80466,130217,49751
292620,2015,130000,196049,66049
292620,2016,130000,167107,37107
292620,2017,120200,162920,42720
292620,2018,123458,168925,45467
292620,2019,124500,179040,54540
292620,2020,116500,170743,54243
292620,2021,125000,168078,43078
292630,1988,0,4653,4653
292630,1989,0,6800,6800
292630,1990,0,4322,4322
292630,1991,0,5342,5342
292630,1992,0,11272,11272
292630,1993,0,2020,2020
292630,1994,0,4437,4437
292630,1995,0,3830,3830
292630,1996,0,5845,5845
292630,1997,0,2700,2700
292630,1998,0,770,770
292630,1999,0,431,431
292630,2000,0,7286,7286
292630,2001,0,2858,2858
292630,2002,0,2538,2538
292630,2003,0,1688,1688
292630,2004,0,1868,1868
292630,2005,0,1948,1948
292630,2006,0,1508,1508
292630,2007,0,1108,1108
292630,2008,0,1178,1178
292630,2009,0,898,898
292630,2010,0,1070,1070
292630,2011,0,1070,1070
292630,2012,0,1070,1070
292630,2013,0,972,972
292630,2014,0,1910,1910
292630,2015,0,1910,1910
292630,2016,0,762,762
292630,2017,0,1083,1083
292630,2018,0,1035,1035
292630,2019,0,818,818
292630,2020,0,903,903
292630,2021,0,917,917
292640,1988,0,38102,38102
292640,1989,0,13652,13652
292640,1990,0,3674,3674
292640,1991,0,6539,6539
292640,1992,0,7471,7471
292640,1993,0,9798,9798
292640,1994,0,5353,5353
292640,1995,0,10370,10370
292640,1996,0,10426,10426
292640,1997,0,11947,11947
292640,1998,0,6907,6907
292640,1999,0,12191,12191
292640,2000,0,13815,13815
292640,2001,0,9307,9307
292640,2002,0,18067,18067
292640,2003,0,19299,19299
292640,2004,0,14935,14935
292640,2005,0,14985,14985
292640,2006,0,14755,14755
292640,2007,0,14151,14151
292640,2008,0,15541,15541
292640,2009,0,15453,15453
292640,2010,0,6388,6388
292640,2011,0,14051,14051
292640,2012,0,13501,13501
292640,2013,0,10104,10104
292640,2014,0,9041,9041
292640,2015,0,9124,9124
292640,2016,0,9274,9274
292640,2017,0,8102,8102
292640,2018,0,3830,3830
292640,2019,0,3806,3806
292640,2020,0,3365,3365
292640,2021,0,3830,3830
292650,1988,0,16380,16380
292650,1989,0,8710,8710
292650,1990,0,4620,4620
292650,1991,0,10560,10560
292650,1992,0,6100,6100
292650,1993,0,1935,1935
292650,1994,0,10570,10570
292650,1995,0,2100,2100
292650,1996,0,6310,6310
292650,1997,0,6305,6305
292650,1998,0,5620,5620
292650,1999,0,6840,6840
292650,2000,0,9890,9890
292650,2001,0,10045,10045
292650,2002,0,10010,10010
292650,2003,0,9460,9460
292650,2004,0,9460,9460
292650,2005,0,10195,10195
292650,2006,0,10826,10826
292650,2007,0,11078,11078
292650,2008,0,5843,5843
292650,2009,0,5333,5333
292650,2010,0,5422,5422
292650,2011,0,6588,6588
292650,2012,0,3210,3210
292650,2013,0,4490,4490
292650,2014,0,4636,4636
292650,2015,0,4586,4586
292650,2016,0,4633,4633
292650,2017,0,4336,4336
292650,2018,0,3729,3729
292650,2019,0,4082,4082
292650,2020,0,8068,8068
292650,2021,0,8226,8226
292660,1988,0,73386,73386
292660,1989,0,67689,67689
292660,1990,0,28600,28600
292660,1991,0,38348,38348
292660,1992,0,24848,24848
292660,1993,0,12835,12835
292660,1994,0,31390,31390
292660,1995,0,22785,22785
292660,1996,0,26125,26125
292660,1997,0,26797,26797
292660,1998,0,24441,24441
292660,1999,0,21050,21050
292660,2000,0,17840,17840
292660,2001,0,12240,12240
292660,2002,0,12420,12420
292660,2003,0,17300,17300
292660,2004,0,14615,14615
292660,2005,0,15129,15129
292660,2006,0,14870,14870
292660,2007,0,15070,15070
292660,2008,0,14430,14430
292660,2009,0,13221,13221
292660,2010,0,13246,13246
292660,2011,0,13067,13067
292660,2012,0,8832,8832
292660,2013,0,10552,10552
292660,2014,0,10612,10612
292660,2015,0,9670,9670
292660,2016,0,9490,9490
292660,2017,0,8945,8945
292660,2018,0,6562,6562
292660,2019,0,6562,6562
292660,2020,0,6562,6562
292660,2021,0,7392,7392
292665,1988,0,0,0
292665,1989,0,0,0
292665,1990,0,3575,3575
292665,1991,0,3935,3935
292665,1992,0,6124,6124
292665,1993,0,3924,3924
292665,1994,0,1224,1224
292665,1995,0,6847,6847
292665,1996,0,6505,6505
292665,1997,0,7125,7125
292665,1998,0,7410,7410
292665,1999,0,8383,8383
292665,2000,0,4843,4843
292665,2001,0,5825,5825
292665,2002,0,5100,5100
292665,2003,0,4580,4580
292665,2004,0,4625,4625
292665,2005,0,4840,4840
292665,2006,0,4660,4660
292665,2007,0,3660,3660
292665,2008,0,4870,4870
292665,2009,0,4969,4969
292665,2010,0,3689,3689
292665,2011,0,4369,4369
292665,2012,0,4410,4410
292665,2013,0,4890,4890
292665,2014,0,4810,4810
292665,2015,0,4700,4700
292665,2016,0,4700,4700
292665,2017,0,3525,3525
292665,2018,0,2955,2955
292665,2019,0,2460,2460
292665,2020,0,2665,2665
292665,2021,0,2622,2622
292670,1988,0,5334,5334
292670,1989,0,5111,5111
292670,1990,0,4577,4577
292670,1991,0,4878,4878
292670,1992,0,4646,4646
292670,1993,0,2518,2518
292670,1994,0,2383,2383
292670,1995,0,1800,1800
292670,1996,0,1905,1905
292670,1997,0,2030,2030
292670,1998,0,2060,2060
292670,1999,0,2989,2989
292670,2000,0,3560,3560
292670,2001,0,3374,3374
292670,2002,0,3008,3008
292670,2003,0,3391,3391
292670,2004,0,3608,3608
292670,2005,0,3818,3818
292670,2006,0,3410,3410
292670,2007,0,3300,3300
292670,2008,0,3310,3310
292670,2009,0,3530,3530
292670,2010,0,3300,3300
292670,2011,0,3435,3435
292670,2012,0,4340,4340
292670,2013,0,4010,4010
292670,2014,0,4270,4270
292670,2015,0,4075,4075
292670,2016,0,4075,4075
292670,2017,0,3477,3477
292670,2018,0,2516,2516
292670,2019,0,3198,3198
292670,2020,0,3282,3282
292670,2021,0,3191,3191
292680,1988,0,5714,5714
292680,1989,0,6824,6824
292680,1990,0,5531,5531
292680,1991,0,4166,4166
292680,1992,0,3855,3855
292680,1993,0,2595,2595
292680,1994,0,2330,2330
292680,1995,0,2091,2091
292680,1996,0,2106,2106
292680,1997,0,2865,2865
292680,1998,0,2301,2301
292680,1999,0,2401,2401
292680,2000,0,1418,1418
292680,2001,0,383,383
292680,2002,0,1144,1144
292680,2003,0,1144,1144
292680,2004,0,899,899
292680,2005,0,2507,2507
292680,2006,0,2661,2661
292680,2007,0,3019,3019
292680,2008,0,3247,3247
292680,2009,0,3443,3443
292680,2010,0,3542,3542
292680,2011,0,3445,3445
292680,2012,0,2865,2865
292680,2013,0,2275,2275
292680,2014,0,2285,2285
292680,2015,0,1045,1045
292680,2016,0,1945,1945
292680,2017,0,1657,1657
292680,2018,0,1326,1326
292680,2019,0,1383,1383
292680,2020,0,1465,1465
292680,2021,0,1326,1326
292690,1988,0,3898,3898
292690,1989,0,4751,4751
292690,1990,0,3740,3740
292690,1991,0,3755,3755
292690,1992,0,3641,3641
292690,1993,0,2240,2240
292690,1994,0,1830,1830
292690,1995,0,1573,1573
292690,1996,0,2973,2973
292690,1997,0,3573,3573
292690,1998,0,3855,3855
292690,1999,0,3819,3819
292690,2000,0,3511,3511
292690,2001,0,6016,6016
292690,2002,0,6052,6052
292690,2003,0,5649,5649
292690,2004,0,3229,3229
292690,2005,0,3260,3260
292690,2006,0,3253,3253
292690,2007,0,6678,6678
292690,2008,0,811,811
292690,2009,0,5942,5942
292690,2010,0,5773,5773
292690,2011,0,2144,2144
292690,2012,0,3138,3138
292690,2013,0,2943,2943
292690,2014,0,3117,3117
292690,2015,0,3097,3097
292690,2016,0,3095,3095
292690,2017,0,2143,2143
292690,2018,0,1539,1539
292690,2019,0,1679,1679
292690,2020,0,1366,1366
292690,2021,0,1444,1444
292700,1988,0,4546,4546
292700,1989,0,11884,11884
292700,1990,0,13723,13723
292700,1991,0,16800,16800
292700,1992,0,17738,17738
292700,1993,0,22672,22672
292700,1994,0,26116,26116
292700,1995,0,26851,26851
292700,1996,0,25584,25584
292700,1997,0,28510,28510
292700,1998,0,27351,27351
292700,1999,0,28001,28001
292700,2000,0,27160,27160
292700,2001,0,27310,27310
292700,2002,0,27970,27970
292700,2003,0,24270,24270
292700,2004,0,25979,25979
292700,2005,0,25949,25949
292700,2006,0,28295,28295
292700,2007,0,27745,27745
292700,2008,0,33470,33470
292700,2009,0,27300,27300
292700,2010,0,26885,26885
292700,2011,0,28160,28160
292700,2012,0,29005,29005
292700,2013,0,28120,28120
292700,2014,0,29880,29880
292700,2015,0,29930,29930
292700,2016,0,25015,25015
292700,2017,0,24322,24322
292700,2018,0,24987,24987
292700,2019,0,25190,25190
292700,2020,0,26422,26422
292700,2021,0,24031,24031
292710,1988,0,3798,3798
292710,1989,0,2844,2844
292710,1990,0,1614,1614
292710,1991,0,646,646
292710,1992,0,540,540
292710,1993,0,405,405
292710,1994,0,255,255
292710,1995,0,430,430
292710,1996,0,397,397
292710,1997,0,820,820
292710,1998,0,590,590
292710,1999,0,255,255
292710,2000,0,296,296
292710,2001,0,303,303
292710,2002,0,237,237
292710,2003,0,1015,1015
292710,2004,0,532,532
292710,2005,0,742,742
292710,2006,0,737,737
292710,2007,0,948,948
292710,2008,0,764,764
292710,2009,0,751,751
292710,2010,0,752,752
292710,2011,0,1263,1263
292710,2012,0,642,642
292710,2013,0,1242,1242
292710,2014,0,1465,1465
292710,2015,0,1465,1465
292710,2016,0,1465,1465
292710,2017,0,2315,2315
292710,2018,0,2332,2332
292710,2019,0,2460,2460
292710,2020,0,2475,2475
292710,2021,0,2715,2715
292720,1988,0,1552,1552
292720,1989,0,2168,2168
292720,1990,0,2465,2465
292720,1991,0,2899,2899
292720,1992,0,3271,3271
292720,1993,0,3906,3906
292720,1994,0,2806,2806
292720,1995,0,4667,4667
292720,1996,0,3426,3426
292720,1997,0,1752,1752
292720,1998,0,2230,2230
292720,1999,0,1922,1922
292720,2000,0,3002,3002
292720,2001,0,2678,2678
292720,2002,0,3619,3619
292720,2003,0,2620,2620
292720,2004,0,2255,2255
292720,2005,0,2567,2567
292720,2006,0,2748,2748
292720,2007,0,2395,2395
292720,2008,0,3676,3676
292720,2009,0,2519,2519
292720,2010,0,2479,2479
292720,2011,0,1858,1858
292720,2012,0,625,625
292720,2013,0,80,80
292720,2014,0,922,922
292720,2015,0,1376,1376
292720,2016,0,408,408
292720,2017,0,586,586
292720,2018,0,580,580
292720,2019,0,695,695
292720,2020,0,591,591
292720,2021,0,555,555
292730,1988,0,452,452
292730,1989,0,456,456
292730,1990,0,442,442
292730,1991,0,442,442
292730,1992,0,457,457
292730,1993,0,283,283
292730,1994,0,328,328
292730,1995,0,319,319
292730,1996,0,313,313
292730,1997,0,323,323
292730,1998,0,271,271
292730,1999,0,241,241
292730,2000,0,228,228
292730,2001,0,228,228
292730,2002,0,110,110
292730,2003,0,108,108
292730,2004,0,108,108
292730,2005,0,109,109
292730,2006,0,159,159
292730,2007,0,155,155
292730,2008,0,155,155
292730,2009,0,140,140
292730,2010,0,132,132
292730,2011,0,241,241
292730,2012,0,226,226
292730,2013,0,160,160
292730,2014,0,70,70
292730,2015,0,70,70
292730,2016,0,70,70
292730,2017,0,57,57
292730,2018,0,52,52
292730,2019,0,53,53
292730,2020,0,40,40
292730,2021,0,39,39
292740,1988,0,278,278
292740,1989,0,297,297
292740,1990,0,255,255
292740,1991,0,244,244
292740,1992,0,233,233
292740,1993,0,183,183
292740,1994,0,167,167
292740,1995,0,126,126
292740,1996,0,109,109
292740,1997,0,103,103
292740,1998,0,47,47
292740,1999,0,40,40
292740,2000,0,37,37
292740,2001,0,33,33
292740,2002,0,25,25
292740,2003,0,25,25
292740,2004,0,21,21
292740,2005,0,15,15
292740,2006,0,11,11
292740,2007,0,3,3
292740,2008,0,3,3
292740,2009,0,3,3
292740,2010,0,3,3
292740,2011,0,3,3
292740,2012,0,3,3
292740,2013,0,2,2
292740,2014,0,2,2
292740,2015,0,2,2
292740,2016,0,2,2
292740,2017,0,3,3
292740,2018,0,3,3
292740,2019,0,3,3
292740,2020,0,4,4
292740,2021,0,5,5
292750,1988,0,1003,1003
292750,1989,0,1134,1134
292750,1990,0,1029,1029
292750,1991,0,749,749
292750,1992,0,673,673
292750,1993,0,0,0
292750,1994,0,2222,2222
292750,1995,0,2325,2325
292750,1996,0,3148,3148
292750,1997,0,3114,3114
292750,1998,0,1960,1960
292750,1999,0,1912,1912
292750,2000,0,1902,1902
292750,2001,0,1376,1376
292750,2002,0,1905,1905
292750,2003,0,3092,3092
292750,2004,0,661,661
292750,2005,0,4054,4054
292750,2006,0,4316,4316
292750,2007,0,4455,4455
292750,2008,0,5268,5268
292750,2009,0,6442,6442
292750,2010,0,6644,6644
292750,2011,0,4767,4767
292750,2012,0,1838,1838
292750,2013,0,5335,5335
292750,2014,0,4100,4100
292750,2015,0,3600,3600
292750,2016,0,1850,1850
292750,2017,0,4100,4100
292750,2018,0,1330,1330
292750,2019,0,1730,1730
292750,2020,0,1330,1330
292750,2021,0,1344,1344
292760,1988,0,5229,5229
292760,1989,0,6473,6473
292760,1990,0,4874,4874
292760,1991,0,8846,8846
292760,1992,0,6779,6779
292760,1993,0,2969,2969
292760,1994,0,5604,5604
292760,1995,0,6412,6412
292760,1996,0,5125,5125
292760,1997,0,8085,8085
292760,1998,0,2385,2385
292760,1999,0,8080,8080
292760,2000,0,6860,6860
292760,2001,0,3168,3168
292760,2002,0,3410,3410
292760,2003,0,15500,15500
292760,2004,0,14502,14502
292760,2005,0,9600,9600
292760,2006,0,13300,13300
292760,2007,0,14800,14800
292760,2008,0,15200,15200
292760,2009,0,11140,11140
292760,2010,0,10980,10980
292760,2011,0,11020,11020
292760,2012,0,10640,10640
292760,2013,0,12660,12660
292760,2014,0,7775,7775
292760,2015,0,7287,7287
292760,2016,0,5785,5785
292760,2017,0,11210,11210
292760,2018,0,3930,3930
292760,2019,0,4064,4064
292760,2020,0,3626,3626
292760,2021,0,4485,4485
292770,1988,0,11173,11173
292770,1989,0,8694,8694
292770,1990,0,7722,7722
292770,1991,0,7301,7301
292770,1992,0,3475,3475
292770,1993,0,2050,2050
292770,1994,0,2758,2758
292770,1995,0,3808,3808
292770,1996,0,3901,3901
292770,1997,0,2608,2608
292770,1998,0,5123,5123
292770,1999,0,4801,4801
292770,2000,0,4757,4757
292770,2001,0,4942,4942
292770,2002,0,3165,3165
292770,2003,0,3144,3144
292770,2004,0,3144,3144
292770,2005,0,3096,3096
292770,2006,0,3614,3614
292770,2007,0,3692,3692
292770,2008,0,3698,3698
292770,2009,0,3676,3676
292770,2010,0,3578,3578
292770,2011,0,6351,6351
292770,2012,0,5946,5946
292770,2013,0,4268,4268
292770,2014,0,1585,1585
292770,2015,0,1600,1600
292770,2016,0,1731,1731
292770,2017,0,8325,8325
292770,2018,0,8431,8431
292770,2019,0,8410,8410
292770,2020,0,9164,9164
292770,2021,0,9077,9077
292780,1988,0,1423,1423
292780,1989,0,1368,1368
292780,1990,0,1341,1341
292780,1991,0,1325,1325
292780,1992,0,1325,1325
292780,1993,0,1337,1337
292780,1994,0,1669,1669
292780,1995,0,1629,1629
292780,1996,0,1566,1566
292780,1997,0,1462,1462
292780,1998,0,1284,1284
292780,1999,0,1113,1113
292780,2000,0,1125,1125
292780,2001,0,1133,1133
292780,2002,0,888,888
292780,2003,0,762,762
292780,2004,0,755,755
292780,2005,0,907,907
292780,2006,0,960,960
292780,2007,0,1199,1199
292780,2008,0,1202,1202
292780,2009,0,916,916
292780,2010,0,872,872
292780,2011,0,847,847
292780,2012,0,863,863
292780,2013,0,851,851
292780,2014,0,840,840
292780,2015,0,889,889
292780,2016,0,893,893
292780,2017,0,313,313
292780,2018,0,320,320
292780,2019,0,350,350
292780,2020,0,335,335
292780,2021,0,316,316
292790,1988,0,4030,4030
292790,1989,0,2871,2871
292790,1990,0,2774,2774
292790,1991,0,2786,2786
292790,1992,0,2614,2614
292790,1993,0,1557,1557
292790,1994,0,1290,1290
292790,1995,0,1050,1050
292790,1996,0,985,985
292790,1997,0,1512,1512
292790,1998,0,1337,1337
292790,1999,0,1305,1305
292790,2000,0,605,605
292790,2001,0,695,695
292790,2002,0,505,505
292790,2003,0,743,743
292790,2004,0,747,747
292790,2005,0,774,774
292790,2006,0,798,798
292790,2007,0,856,856
292790,2008,0,863,863
292790,2009,0,844,844
292790,2010,0,664,664
292790,2011,0,650,650
292790,2012,0,751,751
292790,2013,0,829,829
292790,2014,0,741,741
292790,2015,0,741,741
292790,2016,0,735,735
292790,2017,0,128,128
292790,2018,0,159,159
292790,2019,0,130,130
292790,2020,0,140,140
292790,2021,0,136,136
292800,1988,0,32724,32724
292800,1989,0,23929,23929
292800,1990,0,19186,19186
292800,1991,0,18156,18156
292800,1992,0,29508,29508
292800,1993,0,22255,22255
292800,1994,0,15024,15024
292800,1995,0,16285,16285
292800,1996,0,15979,15979
292800,1997,0,16576,16576
292800,1998,0,16223,16223
292800,1999,0,20975,20975
292800,2000,0,20985,20985
292800,2001,0,21781,21781
292800,2002,0,19817,19817
292800,2003,0,19968,19968
292800,2004,0,19970,19970
292800,2005,0,20019,20019
292800,2006,0,19370,19370
292800,2007,0,19403,19403
292800,2008,0,21100,21100
292800,2009,0,31410,31410
292800,2010,0,28450,28450
292800,2011,0,34430,34430
292800,2012,0,34420,34420
292800,2013,0,34420,34420
292800,2014,0,10745,10745
292800,2015,0,19012,19012
292800,2016,0,18628,18628
292800,2017,0,14810,14810
292800,2018,0,13728,13728
292800,2019,0,15115,15115
292800,2020,0,16125,16125
292800,2021,0,17017,17017
292805,1988,0,6258,6258
292805,1989,0,6277,6277
292805,1990,0,6332,6332
292805,1991,0,6437,6437
292805,1992,0,6501,6501
292805,1993,0,6507,6507
292805,1994,0,6528,6528
292805,1995,0,16819,16819
292805,1996,0,16010,16010
292805,1997,0,17842,17842
292805,1998,0,16126,16126
292805,1999,0,15137,15137
292805,2000,0,14753,14753
292805,2001,0,14334,14334
292805,2002,0,12614,12614
292805,2003,0,11535,11535
292805,2004,0,11826,11826
292805,2005,0,15578,15578
292805,2006,0,15622,15622
292805,2007,0,15776,15776
292805,2008,0,15689,15689
292805,2009,0,15835,15835
292805,2010,0,15620,15620
292805,2011,0,15630,15630
292805,2012,0,15643,15643
292805,2013,0,15840,15840
292805,2014,0,15720,15720
292805,2015,0,16408,16408
292805,2016,0,16946,16946
292805,2017,0,8609,8609
292805,2018,0,8620,8620
292805,2019,0,8334,8334
292805,2020,0,8517,8517
292805,2021,0,8509,8509
292810,1988,0,5193,5193
292810,1989,0,7792,7792
292810,1990,0,3410,3410
292810,1991,0,4315,4315
292810,1992,0,11237,11237
292810,1993,0,5300,5300
292810,1994,0,6234,6234
292810,1995,0,5644,5644
292810,1996,0,5567,5567
292810,1997,0,3663,3663
292810,1998,0,4541,4541
292810,1999,0,4443,4443
292810,2000,0,4222,4222
292810,2001,0,5161,5161
292810,2002,0,5463,5463
292810,2003,0,5738,5738
292810,2004,0,5522,5522
292810,2005,0,5551,5551
292810,2006,0,5245,5245
292810,2007,0,5395,5395
292810,2008,0,6182,6182
292810,2009,0,6308,6308
292810,2010,0,7572,7572
292810,2011,0,7994,7994
292810,2012,0,8304,8304
292810,2013,0,7202,7202
292810,2014,0,6852,6852
292810,2015,0,6795,6795
292810,2016,0,6952,6952
292810,2017,0,2740,2740
292810,2018,0,3696,3696
292810,2019,0,3640,3640
292810,2020,0,4499,4499
292810,2021,0,4490,4490
292820,1988,0,5430,5430
292820,1989,0,5519,5519
292820,1990,0,5421,5421
292820,1991,0,5130,5130
292820,1992,0,5360,5360
292820,1993,0,8312,8312
292820,1994,0,10799,10799
292820,1995,0,12175,12175
292820,1996,0,9065,9065
292820,1997,0,8921,8921
292820,1998,0,13353,13353
292820,1999,0,11056,11056
292820,2000,0,13041,13041
292820,2001,0,10044,10044
292820,2002,0,7051,7051
292820,2003,0,9722,9722
292820,2004,0,10475,10475
292820,2005,0,7488,7488
292820,2006,0,9681,9681
292820,2007,0,9661,9661
292820,2008,0,10549,10549
292820,2009,0,7306,7306
292820,2010,1700,9641,7941
292820,2011,1000,8863,7863
292820,2012,450,4840,4390
292820,2013,1670,12288,10618
292820,2014,2005,6477,4472
292820,2015,2005,5577,3572
292820,2016,2005,5579,3574
292820,2017,2500,5796,3296
292820,2018,2005,5424,3419
292820,2019,2100,5669,3569
292820,2020,2500,5387,2887
292820,2021,1685,4449,2764
292830,1988,0,2110,2110
292830,1989,0,1534,1534
292830,1990,0,700,700
292830,1991,0,731,731
292830,1992,0,584,584
292830,1993,0,315,315
292830,1994,0,1756,1756
292830,1995,0,1688,1688
292830,1996,0,3332,3332
292830,1997,0,3292,3292
292830,1998,0,1753,1753
292830,1999,0,1617,1617
292830,2000,0,1542,1542
292830,2001,0,1047,1047
292830,2002,0,1558,1558
292830,2003,0,1745,1745
292830,2004,0,570,570
292830,2005,0,3453,3453
292830,2006,0,3769,3769
292830,2007,0,3780,3780
292830,2008,0,4601,4601
292830,2009,0,6328,6328
292830,2010,0,6896,6896
292830,2011,0,7915,7915
292830,2012,0,2161,2161
292830,2013,0,4300,4300
292830,2014,0,3080,3080
292830,2015,0,2240,2240
292830,2016,0,1410,1410
292830,2017,0,3083,3083
292830,2018,0,1553,1553
292830,2019,0,1847,1847
292830,2020,0,1552,1552
292830,2021,0,1569,1569
292840,1988,0,4438,4438
292840,1989,0,5127,5127
292840,1990,0,3081,3081
292840,1991,0,3122,3122
292840,1992,0,3176,3176
292840,1993,0,2505,2505
292840,1994,0,2425,2425
292840,1995,0,2150,2150
292840,1996,0,1959,1959
292840,1997,0,2030,2030
292840,1998,0,2032,2032
292840,1999,0,2132,2132
292840,2000,0,2768,2768
292840,2001,0,2573,2573
292840,2002,0,17822,17822
292840,2003,0,12928,12928
292840,2004,0,12569,12569
292840,2005,0,9622,9622
292840,2006,0,8248,8248
292840,2007,0,5753,5753
292840,2008,0,5593,5593
292840,2009,0,4813,4813
292840,2010,0,4387,4387
292840,2011,0,4302,4302
292840,2012,0,4390,4390
292840,2013,0,3977,3977
292840,2014,0,4848,4848
292840,2015,0,5129,5129
292840,2016,0,4781,4781
292840,2017,750,5052,4302
292840,2018,650,4470,3820
292840,2019,600,5295,4695
292840,2020,800,4716,3916
292840,2021,800,4667,3867
292850,1988,0,362,362
292850,1989,0,278,278
292850,1990,0,205,205
292850,1991,0,210,210
292850,1992,0,473,473
292850,1993,0,475,475
292850,1994,0,421,421
292850,1995,0,427,427
292850,1996,0,544,544
292850,1997,0,580,580
292850,1998,0,279,279
292850,1999,0,467,467
292850,2000,0,477,477
292850,2001,0,403,403
292850,2002,0,536,536
292850,2003,0,546,546
292850,2004,0,665,665
292850,2005,0,668,668
292850,2006,0,507,507
292850,2007,0,664,664
292850,2008,0,594,594
292850,2009,0,535,535
292850,2010,0,608,608
292850,2011,0,603,603
292850,2012,0,264,264
292850,2013,0,1076,1076
292850,2014,0,664,664
292850,2015,0,547,547
292850,2016,0,483,483
292850,2017,0,358,358
292850,2018,0,358,358
292850,2019,0,351,351
292850,2020,0,358,358
292850,2021,0,354,354
292860,1988,0,11873,11873
292860,1989,0,11583,11583
292860,1990,0,10518,10518
292860,1991,0,10467,10467
292860,1992,0,11089,11089
292860,1993,0,11219,11219
292860,1994,0,11327,11327
292860,1995,0,10896,10896
292860,1996,0,10913,10913
292860,1997,0,11115,11115
292860,1998,0,10744,10744
292860,1999,0,6955,6955
292860,2000,0,14330,14330
292860,2001,0,9554,9554
292860,2002,0,4144,4144
292860,2003,0,6465,6465
292860,2004,0,6469,6469
292860,2005,0,5079,5079
292860,2006,0,5595,5595
292860,2007,0,5374,5374
292860,2008,0,5782,5782
292860,2009,0,3138,3138
292860,2010,0,3500,3500
292860,2011,0,5524,5524
292860,2012,0,4930,4930
292860,2013,0,3342,3342
292860,2014,0,3789,3789
292860,2015,0,1716,1716
292860,2016,0,1659,1659
292860,2017,0,1203,1203
292860,2018,0,1104,1104
292860,2019,0,1111,1111
292860,2020,0,1059,1059
292860,2021,0,1051,1051
292870,1988,0,2556,2556
292870,1989,0,2694,2694
292870,1990,0,1836,1836
292870,1991,0,1638,1638
292870,1992,0,2269,2269
292870,1993,0,2185,2185
292870,1994,0,2541,2541
292870,1995,0,2215,2215
292870,1996,0,2798,2798
292870,1997,0,2963,2963
292870,1998,0,2669,2669
292870,1999,0,2800,2800
292870,2000,0,2700,2700
292870,2001,0,2592,2592
292870,2002,0,3904,3904
292870,2003,0,3871,3871
292870,2004,0,3878,3878
292870,2005,0,3963,3963
292870,2006,0,4458,4458
292870,2007,0,4121,4121
292870,2008,0,4185,4185
292870,2009,0,3624,3624
292870,2010,0,3362,3362
292870,2011,0,3137,3137
292870,2012,0,3212,3212
292870,2013,0,2513,2513
292870,2014,0,2793,2793
292870,2015,0,2689,2689
292870,2016,0,2335,2335
292870,2017,0,2973,2973
292870,2018,0,2451,2451
292870,2019,0,2468,2468
292870,2020,0,2400,2400
292870,2021,0,2391,2391
292880,1988,0,5569,5569
292880,1989,0,4166,4166
292880,1990,0,3126,3126
292880,1991,0,3511,3511
292880,1992,0,640,640
292880,1993,0,116,116
292880,1994,0,4751,4751
292880,1995,0,10224,10224
292880,1996,0,11638,11638
292880,1997,0,10388,10388
292880,1998,0,6096,6096
292880,1999,0,3654,3654
292880,2000,0,4708,4708
292880,2001,0,3777,3777
292880,2002,0,3915,3915
292880,2003,0,4132,4132
292880,2004,0,2497,2497
292880,2005,0,3066,3066
292880,2006,0,5099,5099
292880,2007,0,7033,7033
292880,2008,0,7233,7233
292880,2009,0,8958,8958
292880,2010,0,8920,8920
292880,2011,0,7398,7398
292880,2012,0,6105,6105
292880,2013,0,6194,6194
292880,2014,0,6356,6356
292880,2015,0,4830,4830
292880,2016,0,2841,2841
292880,2017,0,6315,6315
292880,2018,0,6830,6830
292880,2019,0,6570,6570
292880,2020,0,6810,6810
292880,2021,0,6902,6902
292890,1988,75607,121744,46137
292890,1989,175000,219526,44526
292890,1990,147198,177469,30271
292890,1991,64582,103319,38737
292890,1992,98950,133136,34186
292890,1993,102565,136597,34032
292890,1994,112690,155612,42922
292890,1995,110747,155528,44781
292890,1996,98574,150061,51487
292890,1997,132226,198752,66526
292890,1998,162348,212289,49941
292890,1999,165500,234214,68714
292890,2000,182050,279012,96962
292890,2001,198302,302873,104571
292890,2002,230020,316530,86510
292890,2003,260970,364384,103414
292890,2004,256543,415246,158703
292890,2005,269485,443367,173882
292890,2006,270870,436979,166109
292890,2007,254287,454699,200412
292890,2008,255000,476422,221422
292890,2009,230000,463445,233445
292890,2010,241500,441164,199664
292890,2011,211380,461974,250594
292890,2012,262120,532047,269927
292890,2013,262120,448373,186253
292890,2014,279158,525440,246282
292890,2015,350000,597808,247808
292890,2016,376200,546148,169948
292890,2017,394016,561402,167386
292890,2018,392416,593314,200898
292890,2019,384150,602055,217905
292890,2020,384400,576403,192003
292890,2021,404000,588724,184724
292895,1988,0,0,0
292895,1989,0,0,0
292895,1990,0,8000,8000
292895,1991,0,8605,8605
292895,1992,0,11707,11707
292895,1993,0,7921,7921
292895,1994,0,7288,7288
292895,1995,0,6580,6580
292895,1996,0,6410,6410
292895,1997,0,6508,6508
292895,1998,0,7047,7047
292895,1999,0,7476,7476
292895,2000,0,7297,7297
292895,2001,0,8004,8004
292895,2002,0,6804,6804
292895,2003,0,7185,7185
292895,2004,0,7256,7256
292895,2005,0,6775,6775
292895,2006,0,6755,6755
292895,2007,0,6724,6724
292895,2008,0,6640,6640
292895,2009,0,6240,6240
292895,2010,0,5890,5890
292895,2011,0,6680,6680
292895,2012,0,6685,6685
292895,2013,0,6685,6685
292895,2014,0,2806,2806
292895,2015,0,2961,2961
292895,2016,0,2960,2960
292895,2017,0,2800,2800
292895,2018,0,2861,2861
292895,2019,0,3060,3060
292895,2020,0,3067,3067
292895,2021,0,3300,3300
292900,1988,0,697,697
292900,1989,0,932,932
292900,1990,0,905,905
292900,1991,0,955,955
292900,1992,0,666,666
292900,1993,0,755,755
292900,1994,0,804,804
292900,1995,0,719,719
292900,1996,0,716,716
292900,1997,0,713,713
292900,1998,0,737,737
292900,1999,0,838,838
292900,2000,0,848,848
292900,2001,0,1494,1494
292900,2002,0,1517,1517
292900,2003,0,1574,1574
292900,2004,0,1834,1834
292900,2005,0,1925,1925
292900,2006,0,1802,1802
292900,2007,0,1744,1744
292900,2008,0,1714,1714
292900,2009,0,1353,1353
292900,2010,0,1186,1186
292900,2011,0,1227,1227
292900,2012,0,1250,1250
292900,2013,0,1310,1310
292900,2014,0,1262,1262
292900,2015,0,1355,1355
292900,2016,0,1335,1335
292900,2017,0,616,616
292900,2018,0,560,560
292900,2019,0,565,565
292900,2020,0,469,469
292900,2021,0,472,472
292905,1988,0,0,0
292905,1989,0,0,0
292905,1990,0,1603,1603
292905,1991,0,2077,2077
292905,1992,0,5495,5495
292905,1993,0,4300,4300
292905,1994,0,3102,3102
292905,1995,0,3312,3312
292905,1996,0,4122,4122
292905,1997,0,2063,2063
292905,1998,0,2580,2580
292905,1999,0,2534,2534
292905,2000,0,4368,4368
292905,2001,0,4346,4346
292905,2002,0,4160,4160
292905,2003,0,4383,4383
292905,2004,0,4064,4064
292905,2005,400,4905,4505
292905,2006,0,4012,4012
292905,2007,0,3961,3961
292905,2008,400,4224,3824
292905,2009,0,3990,3990
292905,2010,0,4217,4217
292905,2011,0,4154,4154
292905,2012,0,4134,4134
292905,2013,0,3528,3528
292905,2014,45,4127,4082
292905,2015,0,3618,3618
292905,2016,110,3954,3844
292905,2017,0,2826,2826
292905,2018,0,3058,3058
292905,2019,0,3213,3213
292905,2020,0,2729,2729
292905,2021,0,3169,3169
292910,1988,0,2586,2586
292910,1989,0,2719,2719
292910,1990,0,2877,2877
292910,1991,0,3040,3040
292910,1992,0,3196,3196
292910,1993,0,3039,3039
292910,1994,0,2739,2739
292910,1995,0,3208,3208
292910,1996,0,3397,3397
292910,1997,0,3551,3551
292910,1998,0,3118,3118
292910,1999,0,3204,3204
292910,2000,0,3467,3467
292910,2001,0,3520,3520
292910,2002,0,3740,3740
292910,2003,0,3762,3762
292910,2004,0,3761,3761
292910,2005,0,3802,3802
292910,2006,0,4055,4055
292910,2007,0,4111,4111
292910,2008,0,4037,4037
292910,2009,0,3468,3468
292910,2010,0,2882,2882
292910,2011,0,2789,2789
292910,2012,0,2775,2775
292910,2013,0,1797,1797
292910,2014,0,2619,2619
292910,2015,0,2114,2114
292910,2016,0,2649,2649
292910,2017,0,2051,2051
292910,2018,0,1977,1977
292910,2019,0,1876,1876
292910,2020,0,1803,1803
292910,2021,0,1814,1814
292920,1988,0,2063,2063
292920,1989,0,1828,1828
292920,1990,0,1729,1729
292920,1991,0,1770,1770
292920,1992,0,1799,1799
292920,1993,0,1750,1750
292920,1994,0,1789,1789
292920,1995,0,1801,1801
292920,1996,0,1846,1846
292920,1997,0,1920,1920
292920,1998,0,1060,1060
292920,1999,0,1035,1035
292920,2000,0,1008,1008
292920,2001,0,994,994
292920,2002,0,736,736
292920,2003,0,788,788
292920,2004,0,785,785
292920,2005,0,690,690
292920,2006,0,704,704
292920,2007,0,722,722
292920,2008,0,732,732
292920,2009,0,647,647
292920,2010,0,633,633
292920,2011,0,659,659
292920,2012,0,386,386
292920,2013,0,535,535
292920,2014,0,696,696
292920,2015,0,554,554
292920,2016,0,718,718
292920,2017,0,454,454
292920,2018,0,372,372
292920,2019,0,377,377
292920,2020,0,329,329
292920,2021,0,330,330
292925,1988,0,39122,39122
292925,1989,0,24861,24861
292925,1990,0,8995,8995
292925,1991,0,17188,17188
292925,1992,0,33426,33426
292925,1993,0,32188,32188
292925,1994,0,17914,17914
292925,1995,0,10524,10524
292925,1996,0,26304,26304
292925,1997,0,18746,18746
292925,1998,0,14807,14807
292925,1999,0,17303,17303
292925,2000,0,29268,29268
292925,2001,0,26903,26903
292925,2002,0,25613,25613
292925,2003,0,29687,29687
292925,2004,0,30586,30586
292925,2005,0,42986,42986
292925,2006,0,26356,26356
292925,2007,0,29746,29746
292925,2008,0,27786,27786
292925,2009,0,30416,30416
292925,2010,0,28296,28296
292925,2011,0,29191,29191
292925,2012,0,19916,19916
292925,2013,0,23746,23746
292925,2014,0,22914,22914
292925,2015,0,16414,16414
292925,2016,0,3264,3264
292925,2017,0,4432,4432
292925,2018,0,4075,4075
292925,2019,0,4191,4191
292925,2020,0,3822,3822
292925,2021,0,3576,3576
292930,1988,0,973,973
292930,1989,0,984,984
292930,1990,0,1151,1151
292930,1991,0,956,956
292930,1992,0,1043,1043
292930,1993,0,484,484
292930,1994,0,2480,2480
292930,1995,0,2430,2430
292930,1996,0,4028,4028
292930,1997,0,4052,4052
292930,1998,0,3717,3717
292930,1999,0,3173,3173
292930,2000,0,3173,3173
292930,2001,0,3240,3240
292930,2002,0,3705,3705
292930,2003,0,3830,3830
292930,2004,0,3104,3104
292930,2005,0,3677,3677
292930,2006,0,5592,5592
292930,2007,0,6278,6278
292930,2008,0,10958,10958
292930,2009,0,10282,10282
292930,2010,0,10650,10650
292930,2011,0,10012,10012
292930,2012,0,5866,5866
292930,2013,0,3500,3500
292930,2014,0,3500,3500
292930,2015,0,3400,3400
292930,2016,0,3600,3600
292930,2017,0,3600,3600
292930,2018,0,1400,1400
292930,2019,0,1650,1650
292930,2020,0,1400,1400
292930,2021,0,1385,1385
292935,1988,0,0,0
292935,1989,0,0,0
292935,1990,0,4464,4464
292935,1991,0,4590,4590
292935,1992,0,4737,4737
292935,1993,0,4741,4741
292935,1994,0,4752,4752
292935,1995,0,5306,5306
292935,1996,0,5116,5116
292935,1997,0,5266,5266
292935,1998,0,5180,5180
292935,1999,0,4899,4899
292935,2000,0,4647,4647
292935,2001,0,4382,4382
292935,2002,0,3753,3753
292935,2003,0,3753,3753
292935,2004,0,3735,3735
292935,2005,0,2933,2933
292935,2006,0,2901,2901
292935,2007,0,2928,2928
292935,2008,0,3081,3081
292935,2009,0,2889,2889
292935,2010,0,2930,2930
292935,2011,0,2846,2846
292935,2012,0,2899,2899
292935,2013,0,2687,2687
292935,2014,0,2898,2898
292935,2015,0,2898,2898
292935,2016,0,2992,2992
292935,2017,0,3185,3185
292935,2018,0,3023,3023
292935,2019,0,3022,3022
292935,2020,0,2970,2970
292935,2021,0,3022,3022
292937,1988,0,0,0
292937,1989,0,0,0
292937,1990,0,308,308
292937,1991,0,254,254
292937,1992,0,340,340
292937,1993,0,445,445
292937,1994,0,368,368
292937,1995,0,827,827
292937,1996,0,581,581
292937,1997,0,687,687
292937,1998,0,537,537
292937,1999,0,4143,4143
292937,2000,0,5715,5715
292937,2001,0,5197,5197
292937,2002,0,3453,3453
292937,2003,0,3481,3481
292937,2004,0,3276,3276
292937,2005,0,3844,3844
292937,2006,0,3494,3494
292937,2007,0,2923,2923
292937,2008,0,2958,2958
292937,2009,0,2763,2763
292937,2010,0,3478,3478
292937,2011,0,1967,1967
292937,2012,0,1580,1580
292937,2013,0,1002,1002
292937,2014,0,1890,1890
292937,2015,0,980,980
292937,2016,0,660,660
292937,2017,0,460,460
292937,2018,0,190,190
292937,2019,0,300,300
292937,2020,0,110,110
292937,2021,0,175,175
292940,1988,0,4699,4699
292940,1989,0,4436,4436
292940,1990,0,4452,4452
292940,1991,0,3415,3415
292940,1992,0,4059,4059
292940,1993,0,2796,2796
292940,1994,0,3182,3182
292940,1995,0,2686,2686
292940,1996,0,2811,2811
292940,1997,0,2881,2881
292940,1998,0,2367,2367
292940,1999,0,2861,2861
292940,2000,0,8618,8618
292940,2001,0,8476,8476
292940,2002,0,8692,8692
292940,2003,0,8640,8640
292940,2004,0,8760,8760
292940,2005,0,8671,8671
292940,2006,0,10990,10990
292940,2007,0,11504,11504
292940,2008,0,8973,8973
292940,2009,0,7816,7816
292940,2010,0,5770,5770
292940,2011,0,4776,4776
292940,2012,0,4722,4722
292940,2013,0,4195,4195
292940,2014,0,3823,3823
292940,2015,0,4199,4199
292940,2016,0,4188,4188
292940,2017,0,4164,4164
292940,2018,0,4468,4468
292940,2019,0,4923,4923
292940,2020,0,4675,4675
292940,2021,0,4713,4713
292950,1988,0,7682,7682
292950,1989,0,7789,7789
292950,1990,0,6968,6968
292950,1991,0,6699,6699
292950,1992,0,6775,6775
292950,1993,0,7136,7136
292950,1994,0,6933,6933
292950,1995,0,6977,6977
292950,1996,0,7002,7002
292950,1997,0,7012,7012
292950,1998,0,6841,6841
292950,1999,0,4688,4688
292950,2000,0,3752,3752
292950,2001,0,2374,2374
292950,2002,0,2759,2759
292950,2003,0,1483,1483
292950,2004,0,1175,1175
292950,2005,0,979,979
292950,2006,0,1436,1436
292950,2007,0,1530,1530
292950,2008,0,1573,1573
292950,2009,0,2012,2012
292950,2010,0,1964,1964
292950,2011,0,1428,1428
292950,2012,0,1462,1462
292950,2013,0,1493,1493
292950,2014,0,1643,1643
292950,2015,0,392,392
292950,2016,0,244,244
292950,2017,0,434,434
292950,2018,0,372,372
292950,2019,0,370,370
292950,2020,0,338,338
292950,2021,0,347,347
292960,1988,0,6380,6380
292960,1989,0,8896,8896
292960,1990,0,8280,8280
292960,1991,0,8299,8299
292960,1992,0,8057,8057
292960,1993,0,5984,5984
292960,1994,0,5459,5459
292960,1995,0,5987,5987
292960,1996,0,6162,6162
292960,1997,0,6393,6393
292960,1998,0,5828,5828
292960,1999,0,5644,5644
292960,2000,0,5871,5871
292960,2001,0,5918,5918
292960,2002,0,5846,5846
292960,2003,0,5897,5897
292960,2004,0,5901,5901
292960,2005,0,5929,5929
292960,2006,0,6148,6148
292960,2007,0,5313,5313
292960,2008,0,4780,4780
292960,2009,0,3451,3451
292960,2010,0,4453,4453
292960,2011,0,3281,3281
292960,2012,0,3239,3239
292960,2013,0,3550,3550
292960,2014,0,4309,4309
292960,2015,0,4294,4294
292960,2016,0,3605,3605
292960,2017,0,2674,2674
292960,2018,0,2677,2677
292960,2019,0,2630,2630
292960,2020,0,2512,2512
292960,2021,0,2477,2477
292970,1988,0,1122,1122
292970,1989,0,1105,1105
292970,1990,0,1237,1237
292970,1991,0,1237,1237
292970,1992,0,1308,1308
292970,1993,0,9855,9855
292970,1994,0,7235,7235
292970,1995,0,7423,7423
292970,1996,0,8784,8784
292970,1997,0,9785,9785
292970,1998,0,11412,11412
292970,1999,0,8910,8910
292970,2000,0,8430,8430
292970,2001,0,5325,5325
292970,2002,0,9985,9985
292970,2003,0,9980,9980
292970,2004,0,10005,10005
292970,2005,0,10546,10546
292970,2006,0,12322,12322
292970,2007,0,11922,11922
292970,2008,0,14416,14416
292970,2009,0,12767,12767
292970,2010,0,12277,12277
292970,2011,0,11934,11934
292970,2012,0,9793,9793
292970,2013,0,5466,5466
292970,2014,0,5466,5466
292970,2015,0,5884,5884
292970,2016,0,7051,7051
292970,2017,0,6956,6956
292970,2018,0,6514,6514
292970,2019,0,6810,6810
292970,2020,0,4987,4987
292970,2021,0,5002,5002
292975,1988,0,0,0
292975,1989,0,0,0
292975,1990,0,657,657
292975,1991,0,620,620
292975,1992,0,621,621
292975,1993,0,655,655
292975,1994,0,653,653
292975,1995,0,644,644
292975,1996,0,651,651
292975,1997,0,653,653
292975,1998,0,604,604
292975,1999,0,527,527
292975,2000,0,503,503
292975,2001,0,328,328
292975,2002,0,348,348
292975,2003,0,151,151
292975,2004,0,145,145
292975,2005,0,135,135
292975,2006,0,248,248
292975,2007,0,236,236
292975,2008,0,214,214
292975,2009,0,172,172
292975,2010,0,160,160
292975,2011,0,160,160
292975,2012,0,80,80
292975,2013,0,83,83
292975,2014,0,238,238
292975,2015,0,198,198
292975,2016,0,282,282
292975,2017,0,133,133
292975,2018,0,124,124
292975,2019,0,123,123
292975,2020,0,108,108
292975,2021,0,111,111
292980,1988,0,4626,4626
292980,1989,0,5913,5913
292980,1990,0,3589,3589
292980,1991,0,1625,1625
292980,1992,0,2439,2439
292980,1993,0,1685,1685
292980,1994,0,2090,2090
292980,1995,0,1092,1092
292980,1996,0,1208,1208
292980,1997,0,3398,3398
292980,1998,0,1855,1855
292980,1999,0,1177,1177
292980,2000,0,3939,3939
292980,2001,0,3262,3262
292980,2002,0,2582,2582
292980,2003,0,2843,2843
292980,2004,0,2446,2446
292980,2005,0,2740,2740
292980,2006,0,2480,2480
292980,2007,0,2638,2638
292980,2008,0,2601,2601
292980,2009,0,2008,2008
292980,2010,0,1860,1860
292980,2011,0,1155,1155
292980,2012,0,1270,1270
292980,2013,0,100,100
292980,2014,0,1800,1800
292980,2015,0,1750,1750
292980,2016,0,2100,2100
292980,2017,0,1280,1280
292980,2018,0,810,810
292980,2019,0,1060,1060
292980,2020,0,905,905
292980,2021,0,835,835
292990,1988,0,3245,3245
292990,1989,0,2518,2518
292990,1990,0,2391,2391
292990,1991,0,2158,2158
292990,1992,0,3003,3003
292990,1993,0,2940,2940
292990,1994,0,2354,2354
292990,1995,0,1405,1405
292990,1996,0,1489,1489
292990,1997,0,1615,1615
292990,1998,0,1743,1743
292990,1999,0,4430,4430
292990,2000,0,5313,5313
292990,2001,0,5808,5808
292990,2002,0,5936,5936
292990,2003,0,5831,5831
292990,2004,0,6451,6451
292990,2005,0,5557,5557
292990,2006,0,5622,5622
292990,2007,0,8839,8839
292990,2008,0,10436,10436
292990,2009,0,10328,10328
292990,2010,0,9668,9668
292990,2011,0,9566,9566
292990,2012,0,9685,9685
292990,2013,0,9380,9380
292990,2014,0,9120,9120
292990,2015,0,8506,8506
292990,2016,0,8983,8983
292990,2017,0,4391,4391
292990,2018,0,3422,3422
292990,2019,0,3447,3447
292990,2020,0,3432,3432
292990,2021,0,3338,3338
293000,1988,0,28711,28711
293000,1989,0,22513,22513
293000,1990,0,18072,18072
293000,1991,0,13673,13673
293000,1992,0,16108,16108
293000,1993,0,15335,15335
293000,1994,0,17849,17849
293000,1995,0,20194,20194
293000,1996,0,15135,15135
293000,1997,0,16408,16408
293000,1998,0,12100,12100
293000,1999,0,8038,8038
293000,2000,0,9928,9928
293000,2001,0,5845,5845
293000,2002,0,5667,5667
293000,2003,0,6210,6210
293000,2004,0,7475,7475
293000,2005,0,5075,5075
293000,2006,0,5937,5937
293000,2007,0,5761,5761
293000,2008,0,5842,5842
293000,2009,0,6571,6571
293000,2010,0,5231,5231
293000,2011,0,7256,7256
293000,2012,0,11426,11426
293000,2013,0,10839,10839
293000,2014,0,8824,8824
293000,2015,0,5675,5675
293000,2016,0,2558,2558
293000,2017,0,2764,2764
293000,2018,0,2141,2141
293000,2019,0,2362,2362
293000,2020,0,2156,2156
293000,2021,0,2146,2146
293010,1988,0,23942,23942
293010,1989,0,31258,31258
293010,1990,0,12369,12369
293010,1991,0,16746,16746
293010,1992,0,26364,26364
293010,1993,0,9500,9500
293010,1994,0,5377,5377
293010,1995,0,3608,3608
293010,1996,0,2815,2815
293010,1997,0,8222,8222
293010,1998,0,1177,1177
293010,1999,0,3463,3463
293010,2000,0,8340,8340
293010,2001,0,3502,3502
293010,2002,0,3553,3553
293010,2003,0,6032,6032
293010,2004,0,6653,6653
293010,2005,0,5872,5872
293010,2006,0,7600,7600
293010,2007,0,9581,9581
293010,2008,0,5191,5191
293010,2009,0,5473,5473
293010,2010,0,5162,5162
293010,2011,0,4414,4414
293010,2012,0,1314,1314
293010,2013,0,4353,4353
293010,2014,0,6812,6812
293010,2015,0,8907,8907
293010,2016,0,1670,1670
293010,2017,0,2235,2235
293010,2018,0,3114,3114
293010,2019,0,3119,3119
293010,2020,0,3072,3072
293010,2021,0,3842,3842
293015,1988,0,0,0
293015,1989,0,0,0
293015,1990,0,8537,8537
293015,1991,0,11200,11200
293015,1992,0,10970,10970
293015,1993,0,10297,10297
293015,1994,0,13097,13097
293015,1995,0,9768,9768
293015,1996,0,16518,16518
293015,1997,0,17548,17548
293015,1998,0,14223,14223
293015,1999,0,10031,10031
293015,2000,0,10158,10158
293015,2001,0,9884,9884
293015,2002,0,16354,16354
293015,2003,0,21029,21029
293015,2004,270,12826,12556
293015,2005,2800,12206,9406
293015,2006,2600,10215,7615
293015,2007,1000,11746,10746
293015,2008,1618,11095,9477
293015,2009,2421,13436,11015
293015,2010,2300,16189,13889
293015,2011,2040,26417,24377
293015,2012,2200,27050,24850
293015,2013,2000,22686,20686
293015,2014,2000,22105,20105
293015,2015,2450,22960,20510
293015,2016,2450,17690,15240
293015,2017,525,9528,9003
293015,2018,525,7526,7001
293015,2019,4500,11940,7440
293015,2020,4000,9138,5138
293015,2021,4000,11001,7001
293020,1988,0,3715,3715
293020,1989,0,4486,4486
293020,1990,0,3483,3483
293020,1991,0,5291,5291
293020,1992,0,5293,5293
293020,1993,0,6588,6588
293020,1994,0,9029,9029
293020,1995,0,11245,11245
293020,1996,0,8671,8671
293020,1997,0,9160,9160
293020,1998,0,7818,7818
293020,1999,0,6775,6775
293020,2000,0,5793,5793
293020,2001,0,4016,4016
293020,2002,0,4681,4681
293020,2003,0,4972,4972
293020,2004,0,5270,5270
293020,2005,0,4730,4730
293020,2006,0,6451,6451
293020,2007,0,6832,6832
293020,2008,0,6255,6255
293020,2009,0,5519,5519
293020,2010,0,5827,5827
293020,2011,0,4898,4898
293020,2012,0,5662,5662
293020,2013,0,3584,3584
293020,2014,0,11242,11242
293020,2015,0,11242,11242
293020,2016,0,11242,11242
293020,2017,0,1157,1157
293020,2018,0,1217,1217
293020,2019,0,2204,2204
293020,2020,0,1960,1960
293020,2021,0,1807,1807
293030,1988,0,4009,4009
293030,1989,0,4078,4078
293030,1990,0,4293,4293
293030,1991,0,3958,3958
293030,1992,0,3986,3986
293030,1993,0,4836,4836
293030,1994,0,4801,4801
293030,1995,0,6630,6630
293030,1996,0,4284,4284
293030,1997,0,5531,5531
293030,1998,0,3708,3708
293030,1999,0,8688,8688
293030,2000,0,4136,4136
293030,2001,0,4494,4494
293030,2002,0,2346,2346
293030,2003,0,2707,2707
293030,2004,0,3929,3929
293030,2005,0,2612,2612
293030,2006,0,2751,2751
293030,2007,0,2751,2751
293030,2008,0,3011,3011
293030,2009,0,3439,3439
293030,2010,0,3999,3999
293030,2011,0,4210,4210
293030,2012,0,3815,3815
293030,2013,0,4047,4047
293030,2014,0,3807,3807
293030,2015,0,3807,3807
293030,2016,0,3807,3807
293030,2017,0,1670,1670
293030,2018,0,1780,1780
293030,2019,0,1980,1980
293030,2020,0,1595,1595
293030,2021,0,775,775
293040,1988,0,2185,2185
293040,1989,0,1044,1044
293040,1990,0,835,835
293040,1991,0,957,957
293040,1992,0,1190,1190
293040,1993,0,1067,1067
293040,1994,0,1375,1375
293040,1995,0,1175,1175
293040,1996,0,1158,1158
293040,1997,0,1421,1421
293040,1998,0,844,844
293040,1999,0,796,796
293040,2000,0,1022,1022
293040,2001,0,2110,2110
293040,2002,0,2530,2530
293040,2003,0,2026,2026
293040,2004,0,2026,2026
293040,2005,0,2026,2026
293040,2006,0,2046,2046
293040,2007,0,1645,1645
293040,2008,0,1020,1020
293040,2009,0,1030,1030
293040,2010,0,1233,1233
293040,2011,0,1233,1233
293040,2012,0,830,830
293040,2013,0,1335,1335
293040,2014,0,1220,1220
293040,2015,0,1020,1020
293040,2016,0,760,760
293040,2017,0,1100,1100
293040,2018,0,1552,1552
293040,2019,0,1552,1552
293040,2020,0,1552,1552
293040,2021,0,1552,1552
293050,1988,0,17332,17332
293050,1989,0,18059,18059
293050,1990,0,6276,6276
293050,1991,0,11818,11818
293050,1992,0,6115,6115
293050,1993,0,4822,4822
293050,1994,0,6742,6742
293050,1995,0,7169,7169
293050,1996,0,8619,8619
293050,1997,0,8195,8195
293050,1998,0,4180,4180
293050,1999,0,9060,9060
293050,2000,0,7007,7007
293050,2001,0,13864,13864
293050,2002,0,12405,12405
293050,2003,0,15376,15376
293050,2004,0,20058,20058
293050,2005,0,22467,22467
293050,2006,0,20675,20675
293050,2007,0,22877,22877
293050,2008,0,23692,23692
293050,2009,0,24210,24210
293050,2010,0,23323,23323
293050,2011,0,20669,20669
293050,2012,0,9821,9821
293050,2013,0,13269,13269
293050,2014,0,13503,13503
293050,2015,0,14303,14303
293050,2016,0,12750,12750
293050,2017,0,10218,10218
293050,2018,0,12476,12476
293050,2019,0,9662,9662
293050,2020,0,9679,9679
293050,2021,0,7693,7693
293060,1988,0,20952,20952
293060,1989,0,10487,10487
293060,1990,0,7233,7233
293060,1991,0,4002,4002
293060,1992,0,4227,4227
293060,1993,0,4165,4165
293060,1994,0,3719,3719
293060,1995,0,3379,3379
293060,1996,0,2210,2210
293060,1997,0,4340,4340
293060,1998,0,3424,3424
293060,1999,0,2782,2782
293060,2000,0,5052,5052
293060,2001,0,4214,4214
293060,2002,0,2035,2035
293060,2003,0,2146,2146
293060,2004,0,1688,1688
293060,2005,0,1383,1383
293060,2006,0,2623,2623
293060,2007,0,3327,3327
293060,2008,0,3208,3208
293060,2009,0,2607,2607
293060,2010,0,1858,1858
293060,2011,0,3958,3958
293060,2012,0,1542,1542
293060,2013,0,65,65
293060,2014,0,1855,1855
293060,2015,0,2825,2825
293060,2016,0,2525,2525
293060,2017,0,1375,1375
293060,2018,0,691,691
293060,2019,0,870,870
293060,2020,0,750,750
293060,2021,0,790,790
293070,1988,0,346,346
293070,1989,0,454,454
293070,1990,0,453,453
293070,1991,0,434,434
293070,1992,0,413,413
293070,1993,0,417,417
293070,1994,0,154,154
293070,1995,0,150,150
293070,1996,0,160,160
293070,1997,0,155,155
293070,1998,0,100,100
293070,1999,0,247,247
293070,2000,0,237,237
293070,2001,0,237,237
293070,2002,0,320,320
293070,2003,0,320,320
293070,2004,0,320,320
293070,2005,0,324,324
293070,2006,0,355,355
293070,2007,0,187,187
293070,2008,0,176,176
293070,2009,0,166,166
293070,2010,0,166,166
293070,2011,0,169,169
293070,2012,0,210,210
293070,2013,0,304,304
293070,2014,0,258,258
293070,2015,0,258,258
293070,2016,0,192,192
293070,2017,0,192,192
293070,2018,0,201,201
293070,2019,0,195,195
293070,2020,0,212,212
293070,2021,0,202,202
293075,1988,0,0,0
293075,1989,0,0,0
293075,1990,0,2514,2514
293075,1991,0,4769,4769
293075,1992,0,4351,4351
293075,1993,0,4740,4740
293075,1994,0,3135,3135
293075,1995,0,2227,2227
293075,1996,0,5079,5079
293075,1997,0,5533,5533
293075,1998,0,3924,3924
293075,1999,0,5435,5435
293075,2000,0,8557,8557
293075,2001,0,9001,9001
293075,2002,0,14131,14131
293075,2003,0,7180,7180
293075,2004,0,5703,5703
293075,2005,0,5468,5468
293075,2006,0,5380,5380
293075,2007,0,5354,5354
293075,2008,0,6963,6963
293075,2009,0,5715,5715
293075,2010,0,3495,3495
293075,2011,0,7540,7540
293075,2012,270,9320,9050
293075,2013,0,16330,16330
293075,2014,0,14305,14305
293075,2015,0,14305,14305
293075,2016,0,14450,14450
293075,2017,225,2227,2002
293075,2018,225,2603,2378
293075,2019,225,2503,2278
293075,2020,270,1952,1682
293075,2021,225,2603,2378
293076,1988,0,0,0
293076,1989,0,0,0
293076,1990,0,5743,5743
293076,1991,0,10566,10566
293076,1992,0,8557,8557
293076,1993,0,3604,3604
293076,1994,0,8093,8093
293076,1995,0,10589,10589
293076,1996,0,13051,13051
293076,1997,0,11201,11201
293076,1998,0,9406,9406
293076,1999,0,25131,25131
293076,2000,0,20530,20530
293076,2001,0,20330,20330
293076,2002,0,43200,43200
293076,2003,0,40400,40400
293076,2004,0,40420,40420
293076,2005,0,42495,42495
293076,2006,0,42520,42520
293076,2007,0,33888,33888
293076,2008,0,17220,17220
293076,2009,0,17340,17340
293076,2010,0,16875,16875
293076,2011,0,23310,23310
293076,2012,0,17330,17330
293076,2013,0,14165,14165
293076,2014,0,14510,14510
293076,2015,0,13020,13020
293076,2016,0,16720,16720
293076,2017,0,9140,9140
293076,2018,0,4020,4020
293076,2019,0,5849,5849
293076,2020,0,11165,11165
293076,2021,0,11761,11761
293077,1988,0,0,0
293077,1989,0,0,0
293077,1990,0,696,696
293077,1991,0,669,669
293077,1992,0,595,595
293077,1993,0,1003,1003
293077,1994,0,906,906
293077,1995,0,953,953
293077,1996,0,778,778
293077,1997,0,719,719
293077,1998,0,545,545
293077,1999,0,455,455
293077,2000,0,491,491
293077,2001,0,988,988
293077,2002,0,862,862
293077,2003,0,543,543
293077,2004,0,583,583
293077,2005,0,613,613
293077,2006,0,728,728
293077,2007,0,979,979
293077,2008,0,1052,1052
293077,2009,0,1370,1370
293077,2010,0,1638,1638
293077,2011,0,1266,1266
293077,2012,0,1590,1590
293077,2013,0,1780,1780
293077,2014,0,1881,1881
293077,2015,0,1881,1881
293077,2016,0,1881,1881
293077,2017,0,929,929
293077,2018,0,965,965
293077,2019,0,1083,1083
293077,2020,0,1147,1147
293077,2021,0,1115,1115
293080,1988,0,8557,8557
293080,1989,0,6849,6849
293080,1990,0,5797,5797
293080,1991,0,4538,4538
293080,1992,0,6466,6466
293080,1993,0,6178,6178
293080,1994,0,5483,5483
293080,1995,0,2772,2772
293080,1996,0,2645,2645
293080,1997,0,4680,4680
293080,1998,0,4526,4526
293080,1999,0,5474,5474
293080,2000,0,8375,8375
293080,2001,0,9675,9675
293080,2002,0,8625,8625
293080,2003,0,9425,9425
293080,2004,0,12165,12165
293080,2005,0,6415,6415
293080,2006,0,9525,9525
293080,2007,0,11041,11041
293080,2008,0,16971,16971
293080,2009,0,16263,16263
293080,2010,0,12850,12850
293080,2011,0,10411,10411
293080,2012,0,9294,9294
293080,2013,0,5571,5571
293080,2014,0,4845,4845
293080,2015,0,4990,4990
293080,2016,0,4990,4990
293080,2017,0,7381,7381
293080,2018,0,7905,7905
293080,2019,0,7407,7407
293080,2020,0,5818,5818
293080,2021,0,5712,5712
293090,1988,0,3154,3154
293090,1989,0,3260,3260
293090,1990,0,3212,3212
293090,1991,0,3309,3309
293090,1992,0,3259,3259
293090,1993,1050,5625,4575
293090,1994,1100,5721,4621
293090,1995,1100,6467,5367
293090,1996,0,2246,2246
293090,1997,0,3498,3498
293090,1998,0,3143,3143
293090,1999,0,4402,4402
293090,2000,0,3309,3309
293090,2001,0,2618,2618
293090,2002,0,1329,1329
293090,2003,0,2318,2318
293090,2004,0,2909,2909
293090,2005,0,2226,2226
293090,2006,0,3467,3467
293090,2007,0,3467,3467
293090,2008,0,3576,3576
293090,2009,0,2543,2543
293090,2010,0,2622,2622
293090,2011,0,2861,2861
293090,2012,0,2430,2430
293090,2013,0,2910,2910
293090,2014,0,1610,1610
293090,2015,0,1610,1610
293090,2016,0,1610,1610
293090,2017,1370,2375,1005
293090,2018,1200,2100,900
293090,2019,1200,2200,1000
293090,2020,1800,2695,895
293090,2021,1200,2060,860
293100,1988,0,10888,10888
293100,1989,0,10869,10869
293100,1990,0,6644,6644
293100,1991,0,5124,5124
293100,1992,0,13480,13480
293100,1993,0,7814,7814
293100,1994,0,4201,4201
293100,1995,0,4408,4408
293100,1996,0,4265,4265
293100,1997,0,4223,4223
293100,1998,0,4618,4618
293100,1999,0,997,997
293100,2000,0,3154,3154
293100,2001,0,3139,3139
293100,2002,0,2894,2894
293100,2003,0,2752,2752
293100,2004,0,3332,3332
293100,2005,0,3422,3422
293100,2006,0,3302,3302
293100,2007,0,3582,3582
293100,2008,0,3502,3502
293100,2009,0,2357,2357
293100,2010,0,2792,2792
293100,2011,0,2844,2844
293100,2012,0,3150,3150
293100,2013,0,3471,3471
293100,2014,0,2962,2962
293100,2015,0,3020,3020
293100,2016,0,2820,2820
293100,2017,0,2071,2071
293100,2018,0,1862,1862
293100,2019,0,1809,1809
293100,2020,0,2560,2560
293100,2021,0,2075,2075
293105,1988,0,2796,2796
293105,1989,0,3811,3811
293105,1990,0,3287,3287
293105,1991,0,3389,3389
293105,1992,0,3197,3197
293105,1993,0,1933,1933
293105,1994,0,1733,1733
293105,1995,0,1911,1911
293105,1996,0,1871,1871
293105,1997,0,2306,2306
293105,1998,0,2349,2349
293105,1999,0,6157,6157
293105,2000,0,4334,4334
293105,2001,0,6475,6475
293105,2002,0,6502,6502
293105,2003,0,6173,6173
293105,2004,0,3382,3382
293105,2005,0,4394,4394
293105,2006,0,3409,3409
293105,2007,0,6596,6596
293105,2008,0,2382,2382
293105,2009,0,7594,7594
293105,2010,0,7397,7397
293105,2011,0,3100,3100
293105,2012,0,4589,4589
293105,2013,0,4594,4594
293105,2014,0,4812,4812
293105,2015,0,4795,4795
293105,2016,0,4805,4805
293105,2017,0,2744,2744
293105,2018,0,2442,2442
293105,2019,0,1537,1537
293105,2020,0,1934,1934
293105,2021,0,1918,1918
293110,1988,0,2121,2121
293110,1989,0,2392,2392
293110,1990,0,2829,2829
293110,1991,0,2929,2929
293110,1992,0,3264,3264
293110,1993,0,1040,1040
293110,1994,0,4537,4537
293110,1995,0,5950,5950
293110,1996,0,4810,4810
293110,1997,0,1392,1392
293110,1998,0,2210,2210
293110,1999,0,2511,2511
293110,2000,0,1291,1291
293110,2001,0,361,361
293110,2002,0,2491,2491
293110,2003,0,2511,2511
293110,2004,0,3571,3571
293110,2005,0,3821,3821
293110,2006,0,891,891
293110,2007,0,721,721
293110,2008,0,1291,1291
293110,2009,0,851,851
293110,2010,0,990,990
293110,2011,0,1030,1030
293110,2012,0,830,830
293110,2013,0,1182,1182
293110,2014,0,865,865
293110,2015,0,865,865
293110,2016,0,815,815
293110,2017,0,424,424
293110,2018,0,425,425
293110,2019,0,459,459
293110,2020,0,337,337
293110,2021,0,561,561
293120,1988,0,5669,5669
293120,1989,0,5882,5882
293120,1990,0,5739,5739
293120,1991,0,5768,5768
293120,1992,0,7660,7660
293120,1993,0,7650,7650
293120,1994,0,7679,7679
293120,1995,0,8098,8098
293120,1996,0,8280,8280
293120,1997,0,12073,12073
293120,1998,0,13319,13319
293120,1999,0,9361,9361
293120,2000,0,10017,10017
293120,2001,0,10641,10641
293120,2002,0,10191,10191
293120,2003,0,10054,10054
293120,2004,0,10025,10025
293120,2005,0,12190,12190
293120,2006,0,16427,16427
293120,2007,0,16670,16670
293120,2008,0,16886,16886
293120,2009,0,15300,15300
293120,2010,0,15312,15312
293120,2011,0,16449,16449
293120,2012,0,16273,16273
293120,2013,0,15617,15617
293120,2014,0,15373,15373
293120,2015,0,15719,15719
293120,2016,0,13917,13917
293120,2017,0,6726,6726
293120,2018,0,6770,6770
293120,2019,0,6658,6658
293120,2020,0,6615,6615
293120,2021,0,6636,6636
293130,1988,0,6610,6610
293130,1989,0,6697,6697
293130,1990,0,4977,4977
293130,1991,0,5021,5021
293130,1992,0,7232,7232
293130,1993,0,8224,8224
293130,1994,0,10100,10100
293130,1995,0,8445,8445
293130,1996,0,7812,7812
293130,1997,0,7957,7957
293130,1998,0,7460,7460
293130,1999,0,7628,7628
293130,2000,0,4956,4956
293130,2001,0,6660,6660
293130,2002,0,15114,15114
293130,2003,0,16542,16542
293130,2004,0,14771,14771
293130,2005,0,14885,14885
293130,2006,0,17633,17633
293130,2007,0,14665,14665
293130,2008,0,15578,15578
293130,2009,0,10680,10680
293130,2010,0,12610,12610
293130,2011,0,12462,12462
293130,2012,0,8400,8400
293130,2013,0,5000,5000
293130,2014,0,6350,6350
293130,2015,0,3300,3300
293130,2016,0,5440,5440
293130,2017,0,3280,3280
293130,2018,0,2525,2525
293130,2019,0,2490,2490
293130,2020,0,2212,2212
293130,2021,0,1539,1539
293135,1988,0,2975,2975
293135,1989,0,2865,2865
293135,1990,0,2482,2482
293135,1991,0,3668,3668
293135,1992,0,3772,3772
293135,1993,0,3908,3908
293135,1994,0,3994,3994
293135,1995,0,3915,3915
293135,1996,0,3919,3919
293135,1997,0,7590,7590
293135,1998,0,7443,7443
293135,1999,0,5416,5416
293135,2000,0,5371,5371
293135,2001,0,3796,3796
293135,2002,0,3815,3815
293135,2003,0,3808,3808
293135,2004,0,3620,3620
293135,2005,0,2766,2766
293135,2006,0,4670,4670
293135,2007,0,4826,4826
293135,2008,0,4642,4642
293135,2009,0,4022,4022
293135,2010,0,4104,4104
293135,2011,0,3982,3982
293135,2012,0,3480,3480
293135,2013,0,4288,4288
293135,2014,0,3528,3528
293135,2015,0,8529,8529
293135,2016,0,9090,9090
293135,2017,0,7722,7722
293135,2018,0,7447,7447
293135,2019,0,7402,7402
293135,2020,0,4145,4145
293135,2021,0,4207,4207
293140,1988,0,2411,2411
293140,1989,0,2514,2514
293140,1990,0,2429,2429
293140,1991,0,1862,1862
293140,1992,0,2242,2242
293140,1993,0,2367,2367
293140,1994,0,2148,2148
293140,1995,0,2478,2478
293140,1996,0,1809,1809
293140,1997,0,1855,1855
293140,1998,0,1683,1683
293140,1999,0,911,911
293140,2000,0,311,311
293140,2001,0,575,575
293140,2002,0,673,673
293140,2003,0,641,641
293140,2004,0,578,578
293140,2005,0,798,798
293140,2006,0,798,798
293140,2007,0,562,562
293140,2008,0,630,630
293140,2009,0,624,624
293140,2010,0,630,630
293140,2011,0,850,850
293140,2012,0,1162,1162
293140,2013,0,615,615
293140,2014,0,665,665
293140,2015,0,820,820
293140,2016,0,681,681
293140,2017,0,69,69
293140,2018,0,63,63
293140,2019,0,65,65
293140,2020,0,56,56
293140,2021,0,55,55
293150,1988,0,10048,10048
293150,1989,0,9631,9631
293150,1990,0,3260,3260
293150,1991,0,5461,5461
293150,1992,0,2351,2351
293150,1993,0,1439,1439
293150,1994,0,5261,5261
293150,1995,0,3671,3671
293150,1996,0,3225,3225
293150,1997,0,4730,4730
293150,1998,0,2475,2475
293150,1999,0,2424,2424
293150,2000,0,5212,5212
293150,2001,0,5292,5292
293150,2002,0,2937,2937
293150,2003,0,6827,6827
293150,2004,0,7042,7042
293150,2005,0,7210,7210
293150,2006,0,7159,7159
293150,2007,0,7361,7361
293150,2008,0,7325,7325
293150,2009,0,7440,7440
293150,2010,0,7365,7365
293150,2011,0,7755,7755
293150,2012,0,2747,2747
293150,2013,0,4610,4610
293150,2014,0,4230,4230
293150,2015,0,4362,4362
293150,2016,0,3730,3730
293150,2017,0,7380,7380
293150,2018,0,3448,3448
293150,2019,0,3443,3443
293150,2020,0,3398,3398
293150,2021,0,2948,2948
293160,1988,0,5312,5312
293160,1989,0,6023,6023
293160,1990,0,6518,6518
293160,1991,0,6203,6203
293160,1992,0,5684,5684
293160,1993,0,4693,4693
293160,1994,0,4629,4629
293160,1995,0,4353,4353
293160,1996,0,4298,4298
293160,1997,0,6813,6813
293160,1998,0,6843,6843
293160,1999,0,7954,7954
293160,2000,0,8622,8622
293160,2001,0,8361,8361
293160,2002,0,9327,9327
293160,2003,0,9463,9463
293160,2004,0,10648,10648
293160,2005,0,7855,7855
293160,2006,0,8352,8352
293160,2007,0,8530,8530
293160,2008,0,7885,7885
293160,2009,0,7033,7033
293160,2010,0,7232,7232
293160,2011,0,7099,7099
293160,2012,0,7075,7075
293160,2013,0,6804,6804
293160,2014,0,1994,1994
293160,2015,0,7302,7302
293160,2016,0,7319,7319
293160,2017,0,9102,9102
293160,2018,0,9511,9511
293160,2019,0,9481,9481
293160,2020,0,9641,9641
293160,2021,0,9819,9819
293170,1988,0,7281,7281
293170,1989,0,7307,7307
293170,1990,0,7110,7110
293170,1991,0,7185,7185
293170,1992,0,7183,7183
293170,1993,0,7186,7186
293170,1994,0,5378,5378
293170,1995,0,5552,5552
293170,1996,0,6506,6506
293170,1997,0,6389,6389
293170,1998,0,7414,7414
293170,1999,0,7021,7021
293170,2000,0,4182,4182
293170,2001,0,1992,1992
293170,2002,0,3194,3194
293170,2003,0,2268,2268
293170,2004,0,2295,2295
293170,2005,0,5260,5260
293170,2006,0,5262,5262
293170,2007,0,6071,6071
293170,2008,0,6333,6333
293170,2009,0,2021,2021
293170,2010,0,2332,2332
293170,2011,0,5912,5912
293170,2012,0,5744,5744
293170,2013,0,6284,6284
293170,2014,0,6794,6794
293170,2015,0,6699,6699
293170,2016,0,6549,6549
293170,2017,0,156,156
293170,2018,0,155,155
293170,2019,0,149,149
293170,2020,0,148,148
293170,2021,0,147,147
293180,1988,0,20845,20845
293180,1989,0,6180,6180
293180,1990,0,13410,13410
293180,1991,0,8895,8895
293180,1992,0,3365,3365
293180,1993,0,2615,2615
293180,1994,0,1850,1850
293180,1995,0,517,517
293180,1996,0,559,559
293180,1997,0,1397,1397
293180,1998,0,1076,1076
293180,1999,0,1316,1316
293180,2000,0,2136,2136
293180,2001,0,3978,3978
293180,2002,0,2735,2735
293180,2003,0,2518,2518
293180,2004,0,2345,2345
293180,2005,0,2495,2495
293180,2006,0,2475,2475
293180,2007,0,4155,4155
293180,2008,0,4665,4665
293180,2009,0,4122,4122
293180,2010,0,4532,4532
293180,2011,0,4762,4762
293180,2012,0,3215,3215
293180,2013,0,3175,3175
293180,2014,0,4335,4335
293180,2015,0,4635,4635
293180,2016,0,4635,4635
293180,2017,0,4226,4226
293180,2018,0,2712,2712
293180,2019,0,2562,2562
293180,2020,0,2015,2015
293180,2021,0,2145,2145
293190,1988,0,57401,57401
293190,1989,0,66107,66107
293190,1990,0,38506,38506
293190,1991,0,71906,71906
293190,1992,0,5297,5297
293190,1993,0,4305,4305
293190,1994,0,13935,13935
293190,1995,0,22539,22539
293190,1996,0,44922,44922
293190,1997,0,48879,48879
293190,1998,0,41171,41171
293190,1999,0,61096,61096
293190,2000,0,61396,61396
293190,2001,0,40468,40468
293190,2002,0,45453,45453
293190,2003,0,41853,41853
293190,2004,0,45823,45823
293190,2005,0,70133,70133
293190,2006,0,67061,67061
293190,2007,0,52018,52018
293190,2008,0,27982,27982
293190,2009,0,35510,35510
293190,2010,0,35924,35924
293190,2011,0,30573,30573
293190,2012,0,7442,7442
293190,2013,0,23610,23610
293190,2014,0,24891,24891
293190,2015,0,30923,30923
293190,2016,0,23923,23923
293190,2017,0,9388,9388
293190,2018,0,12357,12357
293190,2019,0,11859,11859
293190,2020,0,13099,13099
293190,2021,0,12274,12274
293200,1988,0,2172,2172
293200,1989,0,3016,3016
293200,1990,0,1877,1877
293200,1991,0,4659,4659
293200,1992,0,1709,1709
293200,1993,0,792,792
293200,1994,0,1301,1301
293200,1995,0,1431,1431
293200,1996,0,1545,1545
293200,1997,0,625,625
293200,1998,0,256,256
293200,1999,0,1906,1906
293200,2000,0,2141,2141
293200,2001,0,1666,1666
293200,2002,0,2310,2310
293200,2003,0,1955,1955
293200,2004,0,3455,3455
293200,2005,0,2885,2885
293200,2006,0,3428,3428
293200,2007,0,3769,3769
293200,2008,0,4403,4403
293200,2009,0,3832,3832
293200,2010,0,5581,5581
293200,2011,0,1310,1310
293200,2012,0,800,800
293200,2013,0,950,950
293200,2014,0,850,850
293200,2015,0,850,850
293200,2016,0,600,600
293200,2017,0,427,427
293200,2018,0,515,515
293200,2019,0,620,620
293200,2020,0,712,712
293200,2021,0,4369,4369
293210,1988,0,46534,46534
293210,1989,0,19915,19915
293210,1990,0,19005,19005
293210,1991,0,19418,19418
293210,1992,0,16870,16870
293210,1993,0,15323,15323
293210,1994,0,6440,6440
293210,1995,0,4284,4284
293210,1996,0,4025,4025
293210,1997,0,5172,5172
293210,1998,0,5460,5460
293210,1999,0,5858,5858
293210,2000,0,5771,5771
293210,2001,0,6455,6455
293210,2002,0,6241,6241
293210,2003,0,6717,6717
293210,2004,0,6686,6686
293210,2005,0,6791,6791
293210,2006,0,7212,7212
293210,2007,0,7137,7137
293210,2008,0,7193,7193
293210,2009,0,7723,7723
293210,2010,0,7505,7505
293210,2011,0,7772,7772
293210,2012,0,8145,8145
293210,2013,0,7738,7738
293210,2014,0,8436,8436
293210,2015,0,7900,7900
293210,2016,0,7168,7168
293210,2017,0,7212,7212
293210,2018,0,6171,6171
293210,2019,0,6448,6448
293210,2020,0,5347,5347
293210,2021,0,5393,5393
293220,1988,0,5288,5288
293220,1989,0,5288,5288
293220,1990,0,8887,8887
293220,1991,0,8886,8886
293220,1992,0,8888,8888
293220,1993,0,8349,8349
293220,1994,0,8339,8339
293220,1995,0,7925,7925
293220,1996,0,7245,7245
293220,1997,0,8066,8066
293220,1998,0,8448,8448
293220,1999,0,8039,8039
293220,2000,0,7711,7711
293220,2001,0,6332,6332
293220,2002,0,8569,8569
293220,2003,0,8030,8030
293220,2004,0,8574,8574
293220,2005,0,8041,8041
293220,2006,0,7289,7289
293220,2007,0,8427,8427
293220,2008,0,7788,7788
293220,2009,0,8269,8269
293220,2010,0,7860,7860
293220,2011,0,8660,8660
293220,2012,0,8400,8400
293220,2013,0,7688,7688
293220,2014,0,8484,8484
293220,2015,0,6488,6488
293220,2016,0,8026,8026
293220,2017,0,3863,3863
293220,2018,0,2900,2900
293220,2019,0,2899,2899
293220,2020,0,2822,2822
293220,2021,0,2872,2872
293230,1988,0,4977,4977
293230,1989,0,6531,6531
293230,1990,0,6725,6725
293230,1991,0,6745,6745
293230,1992,0,6944,6944
293230,1993,0,6905,6905
293230,1994,0,5802,5802
293230,1995,0,5684,5684
293230,1996,0,5719,5719
293230,1997,0,5967,5967
293230,1998,0,5749,5749
293230,1999,0,5379,5379
293230,2000,0,5523,5523
293230,2001,0,5140,5140
293230,2002,0,5675,5675
293230,2003,0,5738,5738
293230,2004,0,6546,6546
293230,2005,0,5916,5916
293230,2006,0,6139,6139
293230,2007,0,6698,6698
293230,2008,0,6723,6723
293230,2009,0,6293,6293
293230,2010,0,5684,5684
293230,2011,0,5687,5687
293230,2012,0,5684,5684
293230,2013,0,5605,5605
293230,2014,0,5530,5530
293230,2015,0,5573,5573
293230,2016,0,5948,5948
293230,2017,0,5778,5778
293230,2018,0,5570,5570
293230,2019,0,5574,5574
293230,2020,0,5590,5590
293230,2021,0,5549,5549
293240,1988,0,16560,16560
293240,1989,0,7513,7513
293240,1990,0,7879,7879
293240,1991,0,10697,10697
293240,1992,0,17679,17679
293240,1993,0,13539,13539
293240,1994,0,16472,16472
293240,1995,0,4758,4758
293240,1996,0,10674,10674
293240,1997,0,10074,10074
293240,1998,0,11148,11148
293240,1999,0,17446,17446
293240,2000,0,19826,19826
293240,2001,0,17998,17998
293240,2002,0,14743,14743
293240,2003,0,18763,18763
293240,2004,0,16805,16805
293240,2005,0,15605,15605
293240,2006,0,16647,16647
293240,2007,0,14267,14267
293240,2008,0,13607,13607
293240,2009,0,11477,11477
293240,2010,0,5310,5310
293240,2011,0,6628,6628
293240,2012,0,14087,14087
293240,2013,0,2035,2035
293240,2014,0,4567,4567
293240,2015,0,7867,7867
293240,2016,0,12627,12627
293240,2017,0,4804,4804
293240,2018,0,3120,3120
293240,2019,0,3250,3250
293240,2020,0,3577,3577
293240,2021,0,3397,3397
293245,1988,0,0,0
293245,1989,0,0,0
293245,1990,0,13120,13120
293245,1991,0,11980,11980
293245,1992,0,18011,18011
293245,1993,0,20135,20135
293245,1994,0,14664,14664
293245,1995,0,8815,8815
293245,1996,0,9112,9112
293245,1997,0,13580,13580
293245,1998,0,26172,26172
293245,1999,0,19343,19343
293245,2000,0,17015,17015
293245,2001,0,15050,15050
293245,2002,0,16528,16528
293245,2003,0,16318,16318
293245,2004,0,15580,15580
293245,2005,0,13630,13630
293245,2006,0,9990,9990
293245,2007,0,12310,12310
293245,2008,0,12078,12078
293245,2009,0,11150,11150
293245,2010,0,9390,9390
293245,2011,0,11109,11109
293245,2012,0,6260,6260
293245,2013,0,5260,5260
293245,2014,0,13010,13010
293245,2015,0,12340,12340
293245,2016,0,9870,9870
293245,2017,0,3725,3725
293245,2018,0,3931,3931
293245,2019,0,4120,4120
293245,2020,0,4100,4100
293245,2021,0,3480,3480
293250,1988,0,7710,7710
293250,1989,0,7678,7678
293250,1990,0,7340,7340
293250,1991,0,9541,9541
293250,1992,0,22440,22440
293250,1993,0,23241,23241
293250,1994,0,23435,23435
293250,1995,0,29277,29277
293250,1996,0,26811,26811
293250,1997,0,31711,31711
293250,1998,0,34583,34583
293250,1999,0,31951,31951
293250,2000,0,36165,36165
293250,2001,0,36931,36931
293250,2002,0,33510,33510
293250,2003,0,20913,20913
293250,2004,0,33546,33546
293250,2005,0,34302,34302
293250,2006,0,33169,33169
293250,2007,0,32761,32761
293250,2008,0,29495,29495
293250,2009,0,28422,28422
293250,2010,0,26894,26894
293250,2011,0,27250,27250
293250,2012,0,28941,28941
293250,2013,0,28855,28855
293250,2014,0,29343,29343
293250,2015,0,31983,31983
293250,2016,0,31314,31314
293250,2017,0,25253,25253
293250,2018,0,24127,24127
293250,2019,0,23169,23169
293250,2020,0,22994,22994
293250,2021,0,24364,24364
293260,1988,0,14827,14827
293260,1989,0,13611,13611
293260,1990,0,7830,7830
293260,1991,0,5071,5071
293260,1992,0,4318,4318
293260,1993,0,2951,2951
293260,1994,0,3189,3189
293260,1995,0,3304,3304
293260,1996,0,3364,3364
293260,1997,0,3812,3812
293260,1998,0,4300,4300
293260,1999,0,4392,4392
293260,2000,0,4125,4125
293260,2001,0,1816,1816
293260,2002,0,3247,3247
293260,2003,0,3260,3260
293260,2004,0,3151,3151
293260,2005,0,5913,5913
293260,2006,0,2610,2610
293260,2007,0,3440,3440
293260,2008,0,5435,5435
293260,2009,0,4475,4475
293260,2010,0,4225,4225
293260,2011,0,4390,4390
293260,2012,0,2985,2985
293260,2013,0,4610,4610
293260,2014,0,4315,4315
293260,2015,0,5200,5200
293260,2016,0,3400,3400
293260,2017,0,2408,2408
293260,2018,0,2110,2110
293260,2019,0,2197,2197
293260,2020,0,2211,2211
293260,2021,0,2172,2172
293270,1988,0,9212,9212
293270,1989,0,8742,8742
293270,1990,0,7919,7919
293270,1991,0,7999,7999
293270,1992,0,13461,13461
293270,1993,0,21909,21909
293270,1994,0,21847,21847
293270,1995,0,20211,20211
293270,1996,0,18105,18105
293270,1997,0,20453,20453
293270,1998,0,20329,20329
293270,1999,0,19741,19741
293270,2000,0,20538,20538
293270,2001,0,20979,20979
293270,2002,0,20836,20836
293270,2003,0,10744,10744
293270,2004,0,20855,20855
293270,2005,0,20031,20031
293270,2006,0,19691,19691
293270,2007,0,19883,19883
293270,2008,0,20061,20061
293270,2009,0,17229,17229
293270,2010,0,15323,15323
293270,2011,0,15425,15425
293270,2012,0,15530,15530
293270,2013,0,17751,17751
293270,2014,0,15627,15627
293270,2015,0,15984,15984
293270,2016,0,18321,18321
293270,2017,0,21008,21008
293270,2018,0,21823,21823
293270,2019,0,21073,21073
293270,2020,0,21041,21041
293270,2021,0,21823,21823
293280,1988,0,13285,13285
293280,1989,0,14391,14391
293280,1990,0,5252,5252
293280,1991,0,6323,6323
293280,1992,0,4565,4565
293280,1993,0,1474,1474
293280,1994,0,1259,1259
293280,1995,0,1353,1353
293280,1996,0,1478,1478
293280,1997,0,1389,1389
293280,1998,0,1237,1237
293280,1999,0,2405,2405
293280,2000,0,2443,2443
293280,2001,0,2294,2294
293280,2002,0,2631,2631
293280,2003,0,2311,2311
293280,2004,0,2197,2197
293280,2005,0,2097,2097
293280,2006,0,2520,2520
293280,2007,0,4585,4585
293280,2008,0,3034,3034
293280,2009,0,2735,2735
293280,2010,0,2065,2065
293280,2011,0,2308,2308
293280,2012,0,2850,2850
293280,2013,0,1890,1890
293280,2014,0,1780,1780
293280,2015,0,1780,1780
293280,2016,0,1775,1775
293280,2017,0,1760,1760
293280,2018,0,1749,1749
293280,2019,0,1801,1801
293280,2020,0,1764,1764
293280,2021,0,1257,1257
293290,1988,0,12305,12305
293290,1989,0,12358,12358
293290,1990,0,9650,9650
293290,1991,0,15102,15102
293290,1992,0,20999,20999
293290,1993,0,13308,13308
293290,1994,0,13322,13322
293290,1995,0,12826,12826
293290,1996,0,13653,13653
293290,1997,0,15765,15765
293290,1998,0,21012,21012
293290,1999,0,24174,24174
293290,2000,0,25588,25588
293290,2001,0,25763,25763
293290,2002,0,25051,25051
293290,2003,0,24340,24340
293290,2004,0,24335,24335
293290,2005,0,24470,24470
293290,2006,0,25468,25468
293290,2007,0,26009,26009
293290,2008,0,27463,27463
293290,2009,0,26044,26044
293290,2010,0,25250,25250
293290,2011,0,26570,26570
293290,2012,0,26078,26078
293290,2013,0,26277,26277
293290,2014,0,23127,23127
293290,2015,0,23570,23570
293290,2016,0,22804,22804
293290,2017,0,16395,16395
293290,2018,0,17327,17327
293290,2019,0,17173,17173
293290,2020,0,17048,17048
293290,2021,0,17200,17200
293300,1988,0,18125,18125
293300,1989,0,25530,25530
293300,1990,0,12223,12223
293300,1991,0,12844,12844
293300,1992,0,18466,18466
293300,1993,0,11938,11938
293300,1994,0,9190,9190
293300,1995,0,11472,11472
293300,1996,0,11305,11305
293300,1997,0,11499,11499
293300,1998,0,11037,11037
293300,1999,0,13618,13618
293300,2000,0,13566,13566
293300,2001,0,14869,14869
293300,2002,0,13914,13914
293300,2003,0,13893,13893
293300,2004,0,13966,13966
293300,2005,0,12992,12992
293300,2006,0,12864,12864
293300,2007,0,12876,12876
293300,2008,0,13420,13420
293300,2009,0,12300,12300
293300,2010,0,10890,10890
293300,2011,0,12370,12370
293300,2012,0,12380,12380
293300,2013,0,12540,12540
293300,2014,0,9140,9140
293300,2015,0,10168,10168
293300,2016,0,10598,10598
293300,2017,0,4600,4600
293300,2018,0,5400,5400
293300,2019,0,3681,3681
293300,2020,0,5009,5009
293300,2021,0,3880,3880
293305,1988,0,3338,3338
293305,1989,0,2284,2284
293305,1990,0,2088,2088
293305,1991,0,2161,2161
293305,1992,0,2225,2225
293305,1993,0,2006,2006
293305,1994,0,1724,1724
293305,1995,0,1941,1941
293305,1996,0,1909,1909
293305,1997,0,2513,2513
293305,1998,0,4150,4150
293305,1999,0,4826,4826
293305,2000,0,4312,4312
293305,2001,0,3578,3578
293305,2002,0,1756,1756
293305,2003,0,2255,2255
293305,2004,0,1950,1950
293305,2005,0,1630,1630
293305,2006,0,1780,1780
293305,2007,0,1520,1520
293305,2008,0,635,635
293305,2009,0,1130,1130
293305,2010,0,975,975
293305,2011,0,875,875
293305,2012,0,650,650
293305,2013,0,783,783
293305,2014,0,1656,1656
293305,2015,0,3657,3657
293305,2016,0,1943,1943
293305,2017,0,2522,2522
293305,2018,0,2037,2037
293305,2019,0,2037,2037
293305,2020,0,1832,1832
293305,2021,0,1876,1876
293310,1988,0,9171,9171
293310,1989,0,4653,4653
293310,1990,0,3752,3752
293310,1991,0,2105,2105
293310,1992,0,2887,2887
293310,1993,0,1669,1669
293310,1994,0,1523,1523
293310,1995,0,1369,1369
293310,1996,0,726,726
293310,1997,0,1294,1294
293310,1998,0,1308,1308
293310,1999,0,1761,1761
293310,2000,0,4326,4326
293310,2001,0,3712,3712
293310,2002,0,2469,2469
293310,2003,0,2677,2677
293310,2004,0,926,926
293310,2005,0,967,967
293310,2006,0,3622,3622
293310,2007,0,5108,5108
293310,2008,0,4813,4813
293310,2009,0,3828,3828
293310,2010,0,2965,2965
293310,2011,0,1354,1354
293310,2012,0,2260,2260
293310,2013,0,10,10
293310,2014,0,2230,2230
293310,2015,0,4760,4760
293310,2016,0,4360,4360
293310,2017,0,2510,2510
293310,2018,0,1750,1750
293310,2019,0,1800,1800
293310,2020,0,1800,1800
293310,2021,0,1550,1550
293315,1988,0,6428,6428
293315,1989,0,6623,6623
293315,1990,0,6693,6693
293315,1991,0,10379,10379
293315,1992,0,20859,20859
293315,1993,0,20808,20808
293315,1994,0,12958,12958
293315,1995,0,5248,5248
293315,1996,0,7307,7307
293315,1997,0,8729,8729
293315,1998,0,5724,5724
293315,1999,0,13405,13405
293315,2000,0,15171,15171
293315,2001,0,17900,17900
293315,2002,0,16300,16300
293315,2003,0,23030,23030
293315,2004,0,15492,15492
293315,2005,0,11032,11032
293315,2006,0,18800,18800
293315,2007,0,20560,20560
293315,2008,0,18160,18160
293315,2009,0,13768,13768
293315,2010,0,13940,13940
293315,2011,0,13310,13310
293315,2012,0,13387,13387
293315,2013,0,11000,11000
293315,2014,0,11000,11000
293315,2015,0,12100,12100
293315,2016,0,12100,12100
293315,2017,0,6441,6441
293315,2018,0,6600,6600
293315,2019,0,7400,7400
293315,2020,0,6725,6725
293315,2021,0,6932,6932
293317,1988,0,0,0
293317,1989,0,0,0
293317,1990,0,1024,1024
293317,1991,0,1043,1043
293317,1992,0,1306,1306
293317,1993,0,1084,1084
293317,1994,0,1419,1419
293317,1995,0,1256,1256
293317,1996,0,1557,1557
293317,1997,0,1639,1639
293317,1998,0,1369,1369
293317,1999,0,1330,1330
293317,2000,0,1457,1457
293317,2001,0,1459,1459
293317,2002,0,1763,1763
293317,2003,0,1872,1872
293317,2004,0,1901,1901
293317,2005,0,1839,1839
293317,2006,0,2615,2615
293317,2007,0,2508,2508
293317,2008,0,2945,2945
293317,2009,0,2537,2537
293317,2010,0,2403,2403
293317,2011,0,2206,2206
293317,2012,0,2155,2155
293317,2013,0,2651,2651
293317,2014,0,2492,2492
293317,2015,0,2501,2501
293317,2016,0,2500,2500
293317,2017,0,2163,2163
293317,2018,0,1948,1948
293317,2019,0,2014,2014
293317,2020,0,1933,1933
293317,2021,0,1916,1916
293320,1988,0,695,695
293320,1989,0,964,964
293320,1990,0,959,959
293320,1991,0,816,816
293320,1992,0,787,787
293320,1993,0,787,787
293320,1994,0,616,616
293320,1995,0,622,622
293320,1996,0,592,592
293320,1997,0,590,590
293320,1998,0,469,469
293320,1999,0,469,469
293320,2000,0,438,438
293320,2001,0,398,398
293320,2002,0,398,398
293320,2003,0,398,398
293320,2004,0,371,371
293320,2005,0,335,335
293320,2006,0,283,283
293320,2007,0,238,238
293320,2008,0,233,233
293320,2009,0,232,232
293320,2010,0,222,222
293320,2011,0,211,211
293320,2012,0,209,209
293320,2013,0,203,203
293320,2014,0,175,175
293320,2015,0,175,175
293320,2016,0,173,173
293320,2017,0,204,204
293320,2018,0,211,211
293320,2019,0,208,208
293320,2020,0,217,217
293320,2021,0,220,220
293325,1988,0,0,0
293325,1989,0,0,0
293325,1990,0,254,254
293325,1991,0,307,307
293325,1992,0,313,313
293325,1993,0,387,387
293325,1994,0,824,824
293325,1995,0,877,877
293325,1996,0,849,849
293325,1997,0,992,992
293325,1998,0,1099,1099
293325,1999,0,3874,3874
293325,2000,0,3703,3703
293325,2001,0,3044,3044
293325,2002,0,3110,3110
293325,2003,0,3058,3058
293325,2004,0,2904,2904
293325,2005,0,2179,2179
293325,2006,0,3133,3133
293325,2007,0,2471,2471
293325,2008,0,2249,2249
293325,2009,0,2432,2432
293325,2010,0,2416,2416
293325,2011,0,2073,2073
293325,2012,0,1305,1305
293325,2013,0,1460,1460
293325,2014,0,704,704
293325,2015,0,737,737
293325,2016,0,916,916
293325,2017,0,706,706
293325,2018,0,582,582
293325,2019,0,535,535
293325,2020,0,512,512
293325,2021,0,521,521
293330,1988,0,31875,31875
293330,1989,0,49540,49540
293330,1990,0,37100,37100
293330,1991,0,30205,30205
293330,1992,0,25968,25968
293330,1993,0,20415,20415
293330,1994,0,20685,20685
293330,1995,0,19315,19315
293330,1996,0,15255,15255
293330,1997,0,18133,18133
293330,1998,0,18457,18457
293330,1999,0,17194,17194
293330,2000,0,19381,19381
293330,2001,0,21481,21481
293330,2002,0,19920,19920
293330,2003,0,15230,15230
293330,2004,0,15131,15131
293330,2005,0,13270,13270
293330,2006,0,14860,14860
293330,2007,0,13470,13470
293330,2008,0,16769,16769
293330,2009,0,25169,25169
293330,2010,0,25769,25769
293330,2011,0,12968,12968
293330,2012,0,12845,12845
293330,2013,0,13395,13395
293330,2014,0,13543,13543
293330,2015,0,13894,13894
293330,2016,0,13894,13894
293330,2017,0,12501,12501
293330,2018,0,11101,11101
293330,2019,0,10082,10082
293330,2020,0,10275,10275
293330,2021,0,10194,10194
293340,1988,0,1229,1229
293340,1989,0,1817,1817
293340,1990,0,1856,1856
293340,1991,0,1915,1915
293340,1992,0,2189,2189
293340,1993,0,2745,2745
293340,1994,0,2029,2029
293340,1995,0,2609,2609
293340,1996,0,2017,2017
293340,1997,0,2518,2518
293340,1998,0,3347,3347
293340,1999,0,3129,3129
293340,2000,0,1633,1633
293340,2001,0,1818,1818
293340,2002,0,1955,1955
293340,2003,0,1803,1803
293340,2004,0,1563,1563
293340,2005,0,1654,1654
293340,2006,0,2135,2135
293340,2007,0,2353,2353
293340,2008,0,2386,2386
293340,2009,0,1990,1990
293340,2010,0,1774,1774
293340,2011,0,2219,2219
293340,2012,0,1503,1503
293340,2013,0,205,205
293340,2014,0,1917,1917
293340,2015,0,2362,2362
293340,2016,0,2508,2508
293340,2017,0,1203,1203
293340,2018,0,1172,1172
293340,2019,0,1195,1195
293340,2020,0,1097,1097
293340,2021,0,1087,1087
293345,1988,4025,9503,5478
293345,1989,0,1736,1736
293345,1990,0,1990,1990
293345,1991,0,2819,2819
293345,1992,0,2653,2653
293345,1993,200,1896,1696
293345,1994,0,3794,3794
293345,1995,0,4577,4577
293345,1996,0,4229,4229
293345,1997,0,4473,4473
293345,1998,0,4194,4194
293345,1999,0,4664,4664
293345,2000,0,9452,9452
293345,2001,0,10123,10123
293345,2002,0,5637,5637
293345,2003,0,4769,4769
293345,2004,0,6871,6871
293345,2005,0,6261,6261
293345,2006,0,5528,5528
293345,2007,0,5838,5838
293345,2008,0,8670,8670
293345,2009,0,10059,10059
293345,2010,0,14261,14261
293345,2011,0,14814,14814
293345,2012,0,16438,16438
293345,2013,0,8070,8070
293345,2014,0,12287,12287
293345,2015,0,12930,12930
293345,2016,0,9751,9751
293345,2017,0,2338,2338
293345,2018,0,2232,2232
293345,2019,0,2480,2480
293345,2020,0,4038,4038
293345,2021,0,3971,3971
293350,1988,0,19238,19238
293350,1989,0,22874,22874
293350,1990,0,26148,26148
293350,1991,0,26105,26105
293350,1992,0,25746,25746
293350,1993,0,23087,23087
293350,1994,0,15932,15932
293350,1995,0,12970,12970
293350,1996,0,13009,13009
293350,1997,0,15826,15826
293350,1998,0,15199,15199
293350,1999,0,23845,23845
293350,2000,0,22777,22777
293350,2001,0,22965,22965
293350,2002,0,23385,23385
293350,2003,0,23784,23784
293350,2004,0,26616,26616
293350,2005,0,29304,29304
293350,2006,0,29890,29890
293350,2007,0,25737,25737
293350,2008,0,24848,24848
293350,2009,0,27135,27135
293350,2010,0,25035,25035
293350,2011,0,24680,24680
293350,2012,0,24596,24596
293350,2013,0,25543,25543
293350,2014,0,25515,25515
293350,2015,0,25483,25483
293350,2016,0,23182,23182
293350,2017,0,14802,14802
293350,2018,0,14483,14483
293350,2019,0,14929,14929
293350,2020,0,14176,14176
293350,2021,0,14384,14384
293360,1988,0,24996,24996
293360,1989,0,20463,20463
293360,1990,0,3934,3934
293360,1991,0,4151,4151
293360,1992,0,4609,4609
293360,1993,0,3031,3031
293360,1994,0,1782,1782
293360,1995,0,1323,1323
293360,1996,0,3066,3066
293360,1997,0,4376,4376
293360,1998,0,4398,4398
293360,1999,0,4674,4674
293360,2000,0,4320,4320
293360,2001,0,4127,4127
293360,2002,0,3713,3713
293360,2003,0,4008,4008
293360,2004,0,4540,4540
293360,2005,0,4756,4756
293360,2006,0,2580,2580
293360,2007,0,1553,1553
293360,2008,0,2958,2958
293360,2009,0,2357,2357
293360,2010,0,2004,2004
293360,2011,0,2526,2526
293360,2012,0,2261,2261
293360,2013,0,2359,2359
293360,2014,0,879,879
293360,2015,0,839,839
293360,2016,0,629,629
293360,2017,0,1601,1601
293360,2018,0,1606,1606
293360,2019,0,1680,1680
293360,2020,0,1580,1580
293360,2021,0,1618,1618
310010,1988,0,10555,10555
310010,1989,0,4765,4765
310010,1990,0,3846,3846
310010,1991,0,3951,3951
310010,1992,0,4859,4859
310010,1993,200,5159,4959
310010,1994,445,4032,3587
310010,1995,470,3905,3435
310010,1996,195,2782,2587
310010,1997,153,3442,3289
310010,1998,235,3057,2822
310010,1999,255,3426,3171
310010,2000,200,3371,3171
310010,2001,400,3254,2854
310010,2002,505,2925,2420
310010,2003,850,2949,2099
310010,2004,1405,3527,2122
310010,2005,2550,4304,1754
310010,2006,1908,4211,2303
310010,2007,1530,3516,1986
310010,2008,1400,3678,2278
310010,2009,1750,3821,2071
310010,2010,1550,3792,2242
310010,2011,1600,3878,2278
310010,2012,1100,3420,2320
310010,2013,1700,4354,2654
310010,2014,1450,3045,1595
310010,2015,1600,3041,1441
310010,2016,1720,2840,1120
310010,2017,2850,4479,1629
310010,2018,2850,4640,1790
310010,2019,3000,4750,1750
310010,2020,3000,5268,2268
310010,2021,3500,6094,2594
310020,1988,0,8046,8046
310020,1989,0,6613,6613
310020,1990,0,6606,6606
310020,1991,0,6354,6354
310020,1992,0,6248,6248
310020,1993,0,6346,6346
310020,1994,0,4831,4831
310020,1995,0,4311,4311
310020,1996,5,4522,4517
310020,1997,0,5759,5759
310020,1998,0,4422,4422
310020,1999,5,4595,4590
310020,2000,0,4009,4009
310020,2001,0,4031,4031
310020,2002,0,2940,2940
310020,2003,0,2700,2700
310020,2004,0,3390,3390
310020,2005,0,3339,3339
310020,2006,0,3561,3561
310020,2007,0,2930,2930
310020,2008,0,2991,2991
310020,2009,0,3596,3596
310020,2010,0,3632,3632
310020,2011,0,3876,3876
310020,2012,0,2573,2573
310020,2013,180,2679,2499
310020,2014,280,2789,2509
310020,2015,390,2721,2331
310020,2016,390,2790,2400
310020,2017,390,1862,1472
310020,2018,385,2236,1851
310020,2019,390,2378,1988
310020,2020,390,2133,1743
310020,2021,450,1643,1193
310030,1988,0,10359,10359
310030,1989,0,10962,10962
310030,1990,0,10588,10588
310030,1991,0,9916,9916
310030,1992,0,9763,9763
310030,1993,0,10558,10558
310030,1994,0,10460,10460
310030,1995,0,10053,10053
310030,1996,0,9823,9823
310030,1997,0,12776,12776
310030,1998,0,12772,12772
310030,1999,0,15608,15608
310030,2000,0,14736,14736
310030,2001,0,15876,15876
310030,2002,0,17071,17071
310030,2003,0,16717,16717
310030,2004,0,14034,14034
310030,2005,0,15017,15017
310030,2006,0,14534,14534
310030,2007,0,14534,14534
310030,2008,0,14729,14729
310030,2009,0,14468,14468
310030,2010,0,14366,14366
310030,2011,0,13597,13597
310030,2012,0,12344,12344
310030,2013,0,12289,12289
310030,2014,0,12860,12860
310030,2015,0,12507,12507
310030,2016,0,11924,11924
310030,2017,0,9416,9416
310030,2018,0,10056,10056
310030,2019,0,9487,9487
310030,2020,0,9287,9287
310030,2021,0,9233,9233
310040,1988,0,848,848
310040,1989,0,849,849
310040,1990,0,851,851
310040,1991,0,851,851
310040,1992,0,849,849
310040,1993,0,850,850
310040,1994,0,925,925
310040,1995,0,926,926
310040,1996,0,627,627
310040,1997,0,690,690
310040,1998,0,748,748
310040,1999,0,748,748
310040,2000,0,768,768
310040,2001,0,748,748
310040,2002,0,748,748
310040,2003,0,768,768
310040,2004,0,768,768
310040,2005,0,768,768
310040,2006,0,528,528
310040,2007,0,542,542
310040,2008,0,442,442
310040,2009,0,447,447
310040,2010,0,447,447
310040,2011,0,448,448
310040,2012,0,445,445
310040,2013,0,375,375
310040,2014,0,305,305
310040,2015,0,260,260
310040,2016,0,211,211
310040,2017,0,208,208
310040,2018,0,204,204
310040,2019,0,213,213
310040,2020,0,214,214
310040,2021,0,201,201
310050,1988,0,12842,12842
310050,1989,0,12842,12842
310050,1990,0,12831,12831
310050,1991,0,12821,12821
310050,1992,0,12811,12811
310050,1993,0,12811,12811
310050,1994,0,12811,12811
310050,1995,0,12811,12811
310050,1996,0,4499,4499
310050,1997,0,8560,8560
310050,1998,0,8564,8564
310050,1999,0,7383,7383
310050,2000,0,7383,7383
310050,2001,0,6423,6423
310050,2002,0,4739,4739
310050,2003,0,3451,3451
310050,2004,0,2439,2439
310050,2005,0,1820,1820
310050,2006,0,1740,1740
310050,2007,0,1471,1471
310050,2008,0,1241,1241
310050,2009,0,1266,1266
310050,2010,0,1246,1246
310050,2011,0,1036,1036
310050,2012,0,1835,1835
310050,2013,0,1541,1541
310050,2014,0,1506,1506
310050,2015,0,2116,2116
310050,2016,0,2006,2006
310050,2017,0,746,746
310050,2018,0,842,842
310050,2019,0,1077,1077
310050,2020,0,1081,1081
310050,2021,0,905,905
310060,1988,0,9292,9292
310060,1989,0,8592,8592
310060,1990,0,8343,8343
310060,1991,0,9002,9002
310060,1992,0,8957,8957
310060,1993,0,7402,7402
310060,1994,0,7985,7985
310060,1995,0,8446,8446
310060,1996,0,11301,11301
310060,1997,0,12284,12284
310060,1998,0,8457,8457
310060,1999,0,10396,10396
310060,2000,0,12361,12361
310060,2001,0,11241,11241
310060,2002,0,9907,9907
310060,2003,0,9985,9985
310060,2004,0,9479,9479
310060,2005,0,9519,9519
310060,2006,0,9663,9663
310060,2007,0,8737,8737
310060,2008,0,8077,8077
310060,2009,0,7797,7797
310060,2010,0,7372,7372
310060,2011,0,5851,5851
310060,2012,0,5559,5559
310060,2013,0,4808,4808
310060,2014,0,4996,4996
310060,2015,0,4703,4703
310060,2016,0,4591,4591
310060,2017,0,3925,3925
310060,2018,0,4149,4149
310060,2019,0,4748,4748
310060,2020,0,4566,4566
310060,2021,0,4500,4500
310070,1988,10000,19157,9157
310070,1989,5280,16415,11135
310070,1990,5100,15554,10454
310070,1991,4100,15032,10932
310070,1992,4100,14994,10894
310070,1993,4100,14984,10884
310070,1994,4100,15048,10948
310070,1995,4100,13820,9720
310070,1996,8251,17571,9320
310070,1997,3690,13935,10245
310070,1998,10000,19506,9506
310070,1999,7500,18016,10516
310070,2000,8000,17936,9936
310070,2001,7000,16706,9706
310070,2002,8000,16815,8815
310070,2003,9800,23010,13210
310070,2004,10200,25638,15438
310070,2005,9800,22183,12383
310070,2006,9200,24111,14911
310070,2007,4000,19331,15331
310070,2008,4000,20465,16465
310070,2009,9500,27164,17664
310070,2010,10000,31965,21965
310070,2011,8500,30575,22075
310070,2012,8000,29525,21525
310070,2013,8000,34825,26825
310070,2014,8000,30925,22925
310070,2015,8000,30025,22025
310070,2016,10000,41340,31340
310070,2017,9000,36278,27278
310070,2018,10500,39487,28987
310070,2019,10000,42509,32509
310070,2020,10000,42068,32068
310070,2021,10000,45519,35519
310080,1988,6,4700,4694
310080,1989,8,4626,4618
310080,1990,9,4420,4411
310080,1991,10,3783,3773
310080,1992,10,3784,3774
310080,1993,10,3784,3774
310080,1994,10,3782,3772
310080,1995,0,3779,3779
310080,1996,0,2069,2069
310080,1997,0,2230,2230
310080,1998,0,2036,2036
310080,1999,0,2173,2173
310080,2000,0,2173,2173
310080,2001,0,2181,2181
310080,2002,0,2521,2521
310080,2003,0,2569,2569
310080,2004,0,2597,2597
310080,2005,0,2790,2790
310080,2006,0,2810,2810
310080,2007,0,2765,2765
310080,2008,0,2765,2765
310080,2009,0,2635,2635
310080,2010,0,2615,2615
310080,2011,0,3161,3161
310080,2012,0,3488,3488
310080,2013,0,3696,3696
310080,2014,0,3693,3693
310080,2015,0,3720,3720
310080,2016,0,3942,3942
310080,2017,0,3679,3679
310080,2018,300,2436,2136
310080,2019,300,2666,2366
310080,2020,350,2786,2436
310080,2021,400,3005,2605
310090,1988,0,2342,2342
310090,1989,0,3285,3285
310090,1990,0,3700,3700
310090,1991,0,5395,5395
310090,1992,0,5395,5395
310090,1993,0,5395,5395
310090,1994,0,5515,5515
310090,1995,0,4397,4397
310090,1996,0,2313,2313
310090,1997,0,2324,2324
310090,1998,0,2240,2240
310090,1999,0,2168,2168
310090,2000,0,1991,1991
310090,2001,0,1345,1345
310090,2002,0,1228,1228
310090,2003,0,1292,1292
310090,2004,0,925,925
310090,2005,0,1005,1005
310090,2006,0,906,906
310090,2007,0,951,951
310090,2008,0,821,821
310090,2009,0,1011,1011
310090,2010,0,876,876
310090,2011,0,836,836
310090,2012,0,869,869
310090,2013,0,1056,1056
310090,2014,0,1276,1276
310090,2015,0,1246,1246
310090,2016,0,1195,1195
310090,2017,0,570,570
310090,2018,0,514,514
310090,2019,0,651,651
310090,2020,0,679,679
310090,2021,0,768,768
310100,1988,0,1477,1477
310100,1989,0,1677,1677
310100,1990,0,1786,1786
310100,1991,0,1877,1877
310100,1992,0,1877,1877
310100,1993,0,1877,1877
310100,1994,0,1887,1887
310100,1995,0,1871,1871
310100,1996,0,2209,2209
310100,1997,0,4246,4246
310100,1998,0,5257,5257
310100,1999,0,5151,5151
310100,2000,0,5169,5169
310100,2001,0,5214,5214
310100,2002,0,4526,4526
310100,2003,0,4939,4939
310100,2004,0,4218,4218
310100,2005,0,4415,4415
310100,2006,0,4612,4612
310100,2007,0,3930,3930
310100,2008,0,3930,3930
310100,2009,0,3995,3995
310100,2010,0,3999,3999
310100,2011,0,3083,3083
310100,2012,0,3339,3339
310100,2013,0,3293,3293
310100,2014,0,2495,2495
310100,2015,0,3462,3462
310100,2016,0,3283,3283
310100,2017,0,2482,2482
310100,2018,0,2293,2293
310100,2019,0,2606,2606
310100,2020,0,2644,2644
310100,2021,0,2833,2833
310110,1988,0,12535,12535
310110,1989,0,12885,12885
310110,1990,0,13323,13323
310110,1991,0,15532,15532
310110,1992,0,13747,13747
310110,1993,0,14077,14077
310110,1994,0,14255,14255
310110,1995,0,13770,13770
310110,1996,0,6695,6695
310110,1997,0,6792,6792
310110,1998,0,7292,7292
310110,1999,0,7419,7419
310110,2000,0,7380,7380
310110,2001,0,8418,8418
310110,2002,0,9847,9847
310110,2003,0,9952,9952
310110,2004,0,10042,10042
310110,2005,0,10429,10429
310110,2006,0,7520,7520
310110,2007,0,7521,7521
310110,2008,0,7996,7996
310110,2009,0,7903,7903
310110,2010,0,6928,6928
310110,2011,0,6582,6582
310110,2012,0,6680,6680
310110,2013,0,7044,7044
310110,2014,0,5702,5702
310110,2015,0,4862,4862
310110,2016,0,4402,4402
310110,2017,0,3912,3912
310110,2018,0,2045,2045
310110,2019,0,2128,2128
310110,2020,0,2369,2369
310110,2021,0,1862,1862
310120,1988,0,4891,4891
310120,1989,0,4363,4363
310120,1990,0,4381,4381
310120,1991,0,4107,4107
310120,1992,0,4048,4048
310120,1993,0,4115,4115
310120,1994,0,4198,4198
310120,1995,0,4198,4198
310120,1996,0,4204,4204
310120,1997,0,4204,4204
310120,1998,0,4204,4204
310120,1999,0,4260,4260
310120,2000,0,3424,3424
310120,2001,0,3286,3286
310120,2002,0,2782,2782
310120,2003,0,2582,2582
310120,2004,0,2582,2582
310120,2005,0,2582,2582
310120,2006,0,2075,2075
310120,2007,0,2395,2395
310120,2008,0,2875,2875
310120,2009,0,2075,2075
310120,2010,0,2075,2075
310120,2011,0,2065,2065
310120,2012,0,2065,2065
310120,2013,0,1615,1615
310120,2014,0,1768,1768
310120,2015,0,1691,1691
310120,2016,100,1873,1773
310120,2017,160,1260,1100
310120,2018,240,1355,1115
310120,2019,250,1765,1515
310120,2020,250,1870,1620
310120,2021,250,1875,1625
310130,1988,0,1504,1504
310130,1989,0,1252,1252
310130,1990,0,1036,1036
310130,1991,0,416,416
310130,1992,0,416,416
310130,1993,0,357,357
310130,1994,0,320,320
310130,1995,0,305,305
310130,1996,0,546,546
310130,1997,0,146,146
310130,1998,0,128,128
310130,1999,0,66,66
310130,2000,0,103,103
310130,2001,0,133,133
310130,2002,0,239,239
310130,2003,0,269,269
310130,2004,0,228,228
310130,2005,0,258,258
310130,2006,0,210,210
310130,2007,0,329,329
310130,2008,0,337,337
310130,2009,0,361,361
310130,2010,0,366,366
310130,2011,0,200,200
310130,2012,0,340,340
310130,2013,0,215,215
310130,2014,0,283,283
310130,2015,0,253,253
310130,2016,0,123,123
310130,2017,0,15,15
310130,2018,0,69,69
310130,2019,0,96,96
310130,2020,0,94,94
310130,2021,0,87,87
310140,1988,0,928,928
310140,1989,0,914,914
310140,1990,0,919,919
310140,1991,0,998,998
310140,1992,0,1003,1003
310140,1993,0,1056,1056
310140,1994,0,1004,1004
310140,1995,0,934,934
310140,1996,0,2286,2286
310140,1997,0,2287,2287
310140,1998,0,1239,1239
310140,1999,0,1659,1659
310140,2000,0,1059,1059
310140,2001,0,1079,1079
310140,2002,0,1251,1251
310140,2003,0,1251,1251
310140,2004,0,1611,1611
310140,2005,0,1648,1648
310140,2006,0,1628,1628
310140,2007,0,1233,1233
310140,2008,0,1650,1650
310140,2009,0,1550,1550
310140,2010,0,1550,1550
310140,2011,0,1550,1550
310140,2012,0,1567,1567
310140,2013,0,1572,1572
310140,2014,0,1864,1864
310140,2015,0,1864,1864
310140,2016,0,1530,1530
310140,2017,0,1506,1506
310140,2018,0,1430,1430
310140,2019,0,1480,1480
310140,2020,0,1530,1530
310140,2021,0,1530,1530
310150,1988,0,1441,1441
310150,1989,0,1312,1312
310150,1990,0,1116,1116
310150,1991,0,1083,1083
310150,1992,0,1071,1071
310150,1993,0,1181,1181
310150,1994,0,1103,1103
310150,1995,0,1214,1214
310150,1996,0,1891,1891
310150,1997,0,1065,1065
310150,1998,0,988,988
310150,1999,0,763,763
310150,2000,0,647,647
310150,2001,0,638,638
310150,2002,0,648,648
310150,2003,0,659,659
310150,2004,0,618,618
310150,2005,0,618,618
310150,2006,0,610,610
310150,2007,0,601,601
310150,2008,0,365,365
310150,2009,0,377,377
310150,2010,0,319,319
310150,2011,0,325,325
310150,2012,0,332,332
310150,2013,0,317,317
310150,2014,0,292,292
310150,2015,0,230,230
310150,2016,0,209,209
310150,2017,0,106,106
310150,2018,0,116,116
310150,2019,0,85,85
310150,2020,0,75,75
310150,2021,0,75,75
310160,1988,500,27256,26756
310160,1989,854,30078,29224
310160,1990,300,26880,26580
310160,1991,200,25911,25711
310160,1992,100,22189,22089
310160,1993,170,22942,22772
310160,1994,100,24806,24706
310160,1995,100,20425,20325
310160,1996,80,21185,21105
310160,1997,70,23840,23770
310160,1998,80,22265,22185
310160,1999,80,25565,25485
310160,2000,50,23055,23005
310160,2001,50,24992,24942
310160,2002,0,25302,25302
310160,2003,0,26409,26409
310160,2004,150,25963,25813
310160,2005,150,24172,24022
310160,2006,0,25272,25272
310160,2007,0,22114,22114
310160,2008,0,27393,27393
310160,2009,200,22090,21890
310160,2010,200,22549,22349
310160,2011,200,23250,23050
310160,2012,350,24603,24253
310160,2013,500,25906,25406
310160,2014,2000,26228,24228
310160,2015,2000,24495,22495
310160,2016,3500,28802,25302
310160,2017,5300,29642,24342
310160,2018,4900,36683,31783
310160,2019,5000,37601,32601
310160,2020,7500,36588,29088
310160,2021,11000,39465,28465
310170,1988,0,5476,5476
310170,1989,0,5368,5368
310170,1990,0,5564,5564
310170,1991,0,4810,4810
310170,1992,0,6003,6003
310170,1993,0,5841,5841
310170,1994,0,5841,5841
310170,1995,0,4371,4371
310170,1996,0,4985,4985
310170,1997,0,4849,4849
310170,1998,0,3847,3847
310170,1999,0,5407,5407
310170,2000,0,5229,5229
310170,2001,0,5123,5123
310170,2002,0,6193,6193
310170,2003,0,5970,5970
310170,2004,0,6346,6346
310170,2005,0,6542,6542
310170,2006,0,6831,6831
310170,2007,0,6879,6879
310170,2008,0,7103,7103
310170,2009,0,6877,6877
310170,2010,0,6856,6856
310170,2011,0,7224,7224
310170,2012,0,5521,5521
310170,2013,0,6157,6157
310170,2014,0,5775,5775
310170,2015,0,4694,4694
310170,2016,0,4965,4965
310170,2017,0,3227,3227
310170,2018,0,3194,3194
310170,2019,0,2673,2673
310170,2020,0,2783,2783
310170,2021,0,2851,2851
310180,1988,0,2825,2825
310180,1989,0,2220,2220
310180,1990,0,2346,2346
310180,1991,0,2067,2067
310180,1992,0,1788,1788
310180,1993,0,1635,1635
310180,1994,0,1583,1583
310180,1995,0,1424,1424
310180,1996,0,895,895
310180,1997,0,1469,1469
310180,1998,0,1470,1470
310180,1999,0,1043,1043
310180,2000,0,1043,1043
310180,2001,0,1043,1043
310180,2002,0,1022,1022
310180,2003,0,602,602
310180,2004,0,498,498
310180,2005,0,341,341
310180,2006,0,261,261
310180,2007,0,243,243
310180,2008,0,173,173
310180,2009,0,151,151
310180,2010,0,151,151
310180,2011,0,161,161
310180,2012,0,158,158
310180,2013,0,211,211
310180,2014,0,209,209
310180,2015,0,102,102
310180,2016,0,55,55
310180,2017,0,323,323
310180,2018,0,336,336
310180,2019,0,350,350
310180,2020,0,353,353
310180,2021,0,279,279
310190,1988,0,14715,14715
310190,1989,0,13562,13562
310190,1990,0,11483,11483
310190,1991,0,11977,11977
310190,1992,0,12150,12150
310190,1993,0,11557,11557
310190,1994,0,11655,11655
310190,1995,0,12201,12201
310190,1996,6,11506,11500
310190,1997,0,11599,11599
310190,1998,0,12363,12363
310190,1999,0,10898,10898
310190,2000,0,11512,11512
310190,2001,0,14246,14246
310190,2002,0,15218,15218
310190,2003,230,15588,15358
310190,2004,700,15505,14805
310190,2005,360,15304,14944
310190,2006,0,16176,16176
310190,2007,0,15898,15898
310190,2008,0,15418,15418
310190,2009,500,13764,13264
310190,2010,600,11813,11213
310190,2011,600,12939,12339
310190,2012,400,14040,13640
310190,2013,400,14711,14311
310190,2014,600,15657,15057
310190,2015,1000,15956,14956
310190,2016,1200,15710,14510
310190,2017,3495,17507,14012
310190,2018,3950,17817,13867
310190,2019,4400,19567,15167
310190,2020,5200,20489,15289
310190,2021,5700,20928,15228
310200,1988,0,7253,7253
310200,1989,0,7413,7413
310200,1990,0,7004,7004
310200,1991,0,7182,7182
310200,1992,0,7785,7785
310200,1993,0,7791,7791
310200,1994,0,9736,9736
310200,1995,20,7438,7418
310200,1996,0,7589,7589
310200,1997,0,7946,7946
310200,1998,0,6784,6784
310200,1999,0,6234,6234
310200,2000,0,6778,6778
310200,2001,0,6818,6818
310200,2002,0,6925,6925
310200,2003,0,7701,7701
310200,2004,70,8630,8560
310200,2005,200,8124,7924
310200,2006,0,7931,7931
310200,2007,0,8313,8313
310200,2008,0,8191,8191
310200,2009,0,7876,7876
310200,2010,0,7411,7411
310200,2011,0,7720,7720
310200,2012,0,8610,8610
310200,2013,0,7885,7885
310200,2014,0,8393,8393
310200,2015,0,7618,7618
310200,2016,600,8117,7517
310200,2017,800,7802,7002
310200,2018,900,7260,6360
310200,2019,1000,8166,7166
310200,2020,1200,8424,7224
310200,2021,1200,8517,7317
310210,1988,0,13815,13815
310210,1989,0,13740,13740
310210,1990,0,12894,12894
310210,1991,0,12906,12906
310210,1992,0,12906,12906
310210,1993,0,11977,11977
310210,1994,0,11977,11977
310210,1995,0,7657,7657
310210,1996,0,7657,7657
310210,1997,0,9811,9811
310210,1998,0,9835,9835
310210,1999,0,9835,9835
310210,2000,0,7541,7541
310210,2001,0,7237,7237
310210,2002,0,6714,6714
310210,2003,0,6819,6819
310210,2004,0,6804,6804
310210,2005,0,6914,6914
310210,2006,0,6907,6907
310210,2007,0,6900,6900
310210,2008,0,6900,6900
310210,2009,0,6900,6900
310210,2010,0,5965,5965
310210,2011,0,5965,5965
310210,2012,0,5765,5765
310210,2013,0,5410,5410
310210,2014,0,4265,4265
310210,2015,0,3935,3935
310210,2016,0,4234,4234
310210,2017,0,1903,1903
310210,2018,0,2079,2079
310210,2019,0,2095,2095
310210,2020,0,2236,2236
310210,2021,0,2353,2353
310220,1988,0,2741,2741
310220,1989,0,2705,2705
310220,1990,0,2688,2688
310220,1991,0,2687,2687
310220,1992,0,2673,2673
310220,1993,0,2648,2648
310220,1994,0,2551,2551
310220,1995,0,2256,2256
310220,1996,0,2865,2865
310220,1997,0,3089,3089
310220,1998,0,2437,2437
310220,1999,0,2450,2450
310220,2000,0,2497,2497
310220,2001,0,2277,2277
310220,2002,0,2467,2467
310220,2003,0,2493,2493
310220,2004,0,2546,2546
310220,2005,0,2589,2589
310220,2006,0,2489,2489
310220,2007,0,2438,2438
310220,2008,0,2033,2033
310220,2009,0,1983,1983
310220,2010,0,1915,1915
310220,2011,0,1688,1688
310220,2012,0,1581,1581
310220,2013,0,1578,1578
310220,2014,0,1574,1574
310220,2015,0,1585,1585
310220,2016,0,1584,1584
310220,2017,0,933,933
310220,2018,0,985,985
310220,2019,0,978,978
310220,2020,0,1114,1114
310220,2021,0,984,984
310230,1988,0,4974,4974
310230,1989,0,4811,4811
310230,1990,0,4952,4952
310230,1991,0,4993,4993
310230,1992,0,5024,5024
310230,1993,0,5518,5518
310230,1994,0,5516,5516
310230,1995,0,5496,5496
310230,1996,0,3143,3143
310230,1997,0,3179,3179
310230,1998,2,3180,3178
310230,1999,2,3186,3184
310230,2000,2,2803,2801
310230,2001,0,2547,2547
310230,2002,0,3424,3424
310230,2003,0,3071,3071
310230,2004,0,3133,3133
310230,2005,0,2804,2804
310230,2006,0,2481,2481
310230,2007,0,2356,2356
310230,2008,0,2365,2365
310230,2009,0,2484,2484
310230,2010,0,2206,2206
310230,2011,0,2171,2171
310230,2012,0,1261,1261
310230,2013,0,1929,1929
310230,2014,0,1637,1637
310230,2015,0,1594,1594
310230,2016,0,597,597
310230,2017,0,774,774
310230,2018,0,718,718
310230,2019,0,659,659
310230,2020,0,700,700
310230,2021,0,789,789
310240,1988,0,1576,1576
310240,1989,0,1540,1540
310240,1990,0,1492,1492
310240,1991,0,1509,1509
310240,1992,0,1168,1168
310240,1993,0,1032,1032
310240,1994,0,875,875
310240,1995,0,885,885
310240,1996,0,710,710
310240,1997,0,833,833
310240,1998,0,706,706
310240,1999,0,636,636
310240,2000,0,571,571
310240,2001,0,658,658
310240,2002,0,649,649
310240,2003,0,672,672
310240,2004,0,723,723
310240,2005,0,728,728
310240,2006,0,733,733
310240,2007,0,613,613
310240,2008,0,733,733
310240,2009,0,623,623
310240,2010,0,603,603
310240,2011,0,594,594
310240,2012,0,654,654
310240,2013,0,637,637
310240,2014,0,597,597
310240,2015,0,461,461
310240,2016,0,418,418
310240,2017,0,138,138
310240,2018,0,141,141
310240,2019,0,361,361
310240,2020,0,450,450
310240,2021,0,423,423
310250,1988,0,3752,3752
310250,1989,0,3807,3807
310250,1990,0,3743,3743
310250,1991,0,4080,4080
310250,1992,0,4001,4001
310250,1993,0,3911,3911
310250,1994,0,3918,3918
310250,1995,0,3918,3918
310250,1996,0,3918,3918
310250,1997,0,3916,3916
310250,1998,0,3700,3700
310250,1999,0,3660,3660
310250,2000,0,3659,3659
310250,2001,0,639,639
310250,2002,0,661,661
310250,2003,0,658,658
310250,2004,0,642,642
310250,2005,0,644,644
310250,2006,0,646,646
310250,2007,0,646,646
310250,2008,0,606,606
310250,2009,0,596,596
310250,2010,0,634,634
310250,2011,0,787,787
310250,2012,0,788,788
310250,2013,0,793,793
310250,2014,0,608,608
310250,2015,0,686,686
310250,2016,0,703,703
310250,2017,0,794,794
310250,2018,0,836,836
310250,2019,0,868,868
310250,2020,0,876,876
310250,2021,0,1002,1002
310260,1988,0,15590,15590
310260,1989,0,15465,15465
310260,1990,0,14501,14501
310260,1991,0,12239,12239
310260,1992,0,12582,12582
310260,1993,0,13090,13090
310260,1994,0,13868,13868
310260,1995,0,14535,14535
310260,1996,0,9335,9335
310260,1997,0,10286,10286
310260,1998,0,13013,13013
310260,1999,0,13543,13543
310260,2000,0,13684,13684
310260,2001,0,13990,13990
310260,2002,0,14242,14242
310260,2003,0,13363,13363
310260,2004,0,11133,11133
310260,2005,0,9281,9281
310260,2006,0,9719,9719
310260,2007,0,9209,9209
310260,2008,0,10502,10502
310260,2009,0,9778,9778
310260,2010,0,10415,10415
310260,2011,0,9392,9392
310260,2012,0,10534,10534
310260,2013,0,10490,10490
310260,2014,0,10440,10440
310260,2015,0,9424,9424
310260,2016,0,9857,9857
310260,2017,50,9297,9247
310260,2018,120,11153,11033
310260,2019,180,9708,9528
310260,2020,400,9899,9499
310260,2021,500,6917,6417
310270,1988,0,1325,1325
310270,1989,0,1377,1377
310270,1990,0,1407,1407
310270,1991,0,1407,1407
310270,1992,0,1407,1407
310270,1993,0,1407,1407
310270,1994,0,1407,1407
310270,1995,0,1407,1407
310270,1996,0,1741,1741
310270,1997,0,2196,2196
310270,1998,0,1670,1670
310270,1999,0,1680,1680
310270,2000,0,1680,1680
310270,2001,0,1650,1650
310270,2002,0,1840,1840
310270,2003,0,1625,1625
310270,2004,0,1535,1535
310270,2005,0,1700,1700
310270,2006,0,1862,1862
310270,2007,0,1726,1726
310270,2008,0,1726,1726
310270,2009,0,1641,1641
310270,2010,0,1639,1639
310270,2011,0,1416,1416
310270,2012,0,1284,1284
310270,2013,0,1260,1260
310270,2014,0,1193,1193
310270,2015,0,794,794
310270,2016,0,878,878
310270,2017,0,678,678
310270,2018,0,719,719
310270,2019,0,690,690
310270,2020,0,746,746
310270,2021,0,838,838
310280,1988,0,4868,4868
310280,1989,0,5066,5066
310280,1990,0,5093,5093
310280,1991,0,5025,5025
310280,1992,0,5101,5101
310280,1993,0,5002,5002
310280,1994,0,4890,4890
310280,1995,0,4605,4605
310280,1996,0,4388,4388
310280,1997,2,5045,5043
310280,1998,0,5298,5298
310280,1999,0,4801,4801
310280,2000,0,4817,4817
310280,2001,0,4770,4770
310280,2002,0,4584,4584
310280,2003,60,5149,5089
310280,2004,660,5824,5164
310280,2005,660,5836,5176
310280,2006,0,3910,3910
310280,2007,0,3825,3825
310280,2008,0,3992,3992
310280,2009,0,4202,4202
310280,2010,0,3579,3579
310280,2011,0,3573,3573
310280,2012,0,3673,3673
310280,2013,0,4073,4073
310280,2014,180,4350,4170
310280,2015,300,5830,5530
310280,2016,600,4009,3409
310280,2017,1200,5058,3858
310280,2018,1300,5281,3981
310280,2019,1250,5147,3897
310280,2020,800,5082,4282
310280,2021,1500,5242,3742
310290,1988,0,4272,4272
310290,1989,10,4396,4386
310290,1990,10,4612,4602
310290,1991,10,4736,4726
310290,1992,20,5369,5349
310290,1993,10,4143,4133
310290,1994,5,4135,4130
310290,1995,3,2719,2716
310290,1996,0,2702,2702
310290,1997,14,1492,1478
310290,1998,14,1479,1465
310290,1999,0,1069,1069
310290,2000,0,1361,1361
310290,2001,0,1425,1425
310290,2002,0,1275,1275
310290,2003,0,1320,1320
310290,2004,0,1265,1265
310290,2005,0,1503,1503
310290,2006,0,1400,1400
310290,2007,0,1400,1400
310290,2008,0,1082,1082
310290,2009,0,1082,1082
310290,2010,0,1077,1077
310290,2011,0,1078,1078
310290,2012,0,991,991
310290,2013,0,1093,1093
310290,2014,0,585,585
310290,2015,0,612,612
310290,2016,0,576,576
310290,2017,0,668,668
310290,2018,0,671,671
310290,2019,0,639,639
310290,2020,0,613,613
310290,2021,130,805,675
310300,1988,0,2917,2917
310300,1989,0,2973,2973
310300,1990,0,2944,2944
310300,1991,0,2911,2911
310300,1992,0,2728,2728
310300,1993,0,2644,2644
310300,1994,0,2292,2292
310300,1995,0,2671,2671
310300,1996,0,819,819
310300,1997,0,818,818
310300,1998,0,990,990
310300,1999,0,990,990
310300,2000,0,980,980
310300,2001,0,980,980
310300,2002,0,611,611
310300,2003,0,403,403
310300,2004,0,467,467
310300,2005,0,446,446
310300,2006,0,462,462
310300,2007,0,462,462
310300,2008,0,260,260
310300,2009,0,290,290
310300,2010,0,320,320
310300,2011,0,306,306
310300,2012,0,332,332
310300,2013,0,330,330
310300,2014,0,315,315
310300,2015,0,275,275
310300,2016,0,161,161
310300,2017,0,97,97
310300,2018,0,138,138
310300,2019,0,103,103
310300,2020,0,99,99
310300,2021,0,145,145
310310,1988,0,1145,1145
310310,1989,0,1189,1189
310310,1990,0,1113,1113
310310,1991,0,985,985
310310,1992,0,992,992
310310,1993,0,932,932
310310,1994,0,882,882
310310,1995,0,937,937
310310,1996,0,1410,1410
310310,1997,0,989,989
310310,1998,0,710,710
310310,1999,0,712,712
310310,2000,0,744,744
310310,2001,0,707,707
310310,2002,0,702,702
310310,2003,0,699,699
310310,2004,0,708,708
310310,2005,0,708,708
310310,2006,0,786,786
310310,2007,0,786,786
310310,2008,0,676,676
310310,2009,0,720,720
310310,2010,0,685,685
310310,2011,0,695,695
310310,2012,0,695,695
310310,2013,0,685,685
310310,2014,0,716,716
310310,2015,0,681,681
310310,2016,0,661,661
310310,2017,0,121,121
310310,2018,0,119,119
310310,2019,0,122,122
310310,2020,0,113,113
310310,2021,0,75,75
310320,1988,0,191,191
310320,1989,0,181,181
310320,1990,0,235,235
310320,1991,30,349,319
310320,1992,0,330,330
310320,1993,0,256,256
310320,1994,0,250,250
310320,1995,0,243,243
310320,1996,1,339,338
310320,1997,1,231,230
310320,1998,0,186,186
310320,1999,2,106,104
310320,2000,0,52,52
310320,2001,0,39,39
310320,2002,0,39,39
310320,2003,0,82,82
310320,2004,0,70,70
310320,2005,0,73,73
310320,2006,0,67,67
310320,2007,0,144,144
310320,2008,0,168,168
310320,2009,0,144,144
310320,2010,0,166,166
310320,2011,0,169,169
310320,2012,0,169,169
310320,2013,0,146,146
310320,2014,0,143,143
310320,2015,0,130,130
310320,2016,0,125,125
310320,2017,0,44,44
310320,2018,0,54,54
310320,2019,0,60,60
310320,2020,0,63,63
310320,2021,0,60,60
310330,1988,0,1301,1301
310330,1989,0,1496,1496
310330,1990,0,1200,1200
310330,1991,0,1220,1220
310330,1992,0,1165,1165
310330,1993,0,1134,1134
310330,1994,0,1050,1050
310330,1995,0,1075,1075
310330,1996,0,1075,1075
310330,1997,0,929,929
310330,1998,0,844,844
310330,1999,0,517,517
310330,2000,0,563,563
310330,2001,0,563,563
310330,2002,0,563,563
310330,2003,0,563,563
310330,2004,0,469,469
310330,2005,0,438,438
310330,2006,0,244,244
310330,2007,0,194,194
310330,2008,0,194,194
310330,2009,0,181,181
310330,2010,0,181,181
310330,2011,0,136,136
310330,2012,0,113,113
310330,2013,0,103,103
310330,2014,0,170,170
310330,2015,0,168,168
310330,2016,0,144,144
310330,2017,0,209,209
310330,2018,0,133,133
310330,2019,0,153,153
310330,2020,0,157,157
310330,2021,0,153,153
310340,1988,0,7050,7050
310340,1989,0,7050,7050
310340,1990,0,7054,7054
310340,1991,0,6872,6872
310340,1992,0,6850,6850
310340,1993,0,6609,6609
310340,1994,0,5588,5588
310340,1995,0,2602,2602
310340,1996,0,3599,3599
310340,1997,0,5082,5082
310340,1998,0,1405,1405
310340,1999,0,4682,4682
310340,2000,0,4679,4679
310340,2001,0,2134,2134
310340,2002,0,1466,1466
310340,2003,0,1270,1270
310340,2004,0,1494,1494
310340,2005,0,1704,1704
310340,2006,0,1509,1509
310340,2007,0,1529,1529
310340,2008,0,888,888
310340,2009,0,1870,1870
310340,2010,0,1731,1731
310340,2011,0,1283,1283
310340,2012,0,1627,1627
310340,2013,0,1710,1710
310340,2014,0,2470,2470
310340,2015,0,2965,2965
310340,2016,0,2418,2418
310340,2017,0,2928,2928
310340,2018,0,3287,3287
310340,2019,0,2578,2578
310340,2020,0,2533,2533
310340,2021,0,2561,2561
310350,1988,10200,39188,28988
310350,1989,8000,40796,32796
310350,1990,9000,54098,45098
310350,1991,7200,43728,36528
310350,1992,7200,40260,33060
310350,1993,8100,37817,29717
310350,1994,8500,39118,30618
310350,1995,10000,38295,28295
310350,1996,9504,33795,24291
310350,1997,13800,40062,26262
310350,1998,14000,37000,23000
310350,1999,13000,37265,24265
310350,2000,13000,43288,30288
310350,2001,12610,42868,30258
310350,2002,14500,41896,27396
310350,2003,15500,44577,29077
310350,2004,17000,41895,24895
310350,2005,18000,42219,24219
310350,2006,17500,42490,24990
310350,2007,17100,44094,26994
310350,2008,16000,42777,26777
310350,2009,16500,47615,31115
310350,2010,17500,48745,31245
310350,2011,18000,49576,31576
310350,2012,18500,52034,33534
310350,2013,19500,56364,36864
310350,2014,23000,62600,39600
310350,2015,30500,69347,38847
310350,2016,32500,70884,38384
310350,2017,31500,68334,36834
310350,2018,31500,72205,40705
310350,2019,31500,66542,35042
310350,2020,29000,65922,36922
310350,2021,29000,68227,39227
310360,1988,0,288,288
310360,1989,0,302,302
310360,1990,0,298,298
310360,1991,0,297,297
310360,1992,0,297,297
310360,1993,0,293,293
310360,1994,0,289,289
310360,1995,0,285,285
310360,1996,0,280,280
310360,1997,0,466,466
310360,1998,0,330,330
310360,1999,0,323,323
310360,2000,0,326,326
310360,2001,0,319,319
310360,2002,0,271,271
310360,2003,0,281,281
310360,2004,0,281,281
310360,2005,0,490,490
310360,2006,0,455,455
310360,2007,0,455,455
310360,2008,0,453,453
310360,2009,0,490,490
310360,2010,0,490,490
310360,2011,0,478,478
310360,2012,0,490,490
310360,2013,0,523,523
310360,2014,0,518,518
310360,2015,0,318,318
310360,2016,0,278,278
310360,2017,0,42,42
310360,2018,0,19,19
310360,2019,0,61,61
310360,2020,0,81,81
310360,2021,0,79,79
310370,1988,0,7866,7866
310370,1989,0,7687,7687
310370,1990,0,7816,7816
310370,1991,0,7003,7003
310370,1992,0,7603,7603
310370,1993,0,7606,7606
310370,1994,0,7606,7606
310370,1995,0,6911,6911
310370,1996,0,4939,4939
310370,1997,0,5250,5250
310370,1998,0,4690,4690
310370,1999,0,4584,4584
310370,2000,0,4132,4132
310370,2001,0,3924,3924
310370,2002,0,3942,3942
310370,2003,0,3942,3942
310370,2004,0,4336,4336
310370,2005,0,4336,4336
310370,2006,0,4616,4616
310370,2007,0,4666,4666
310370,2008,0,4816,4816
310370,2009,0,5184,5184
310370,2010,0,5184,5184
310370,2011,0,4724,4724
310370,2012,0,4932,4932
310370,2013,0,5122,5122
310370,2014,0,4684,4684
310370,2015,0,5078,5078
310370,2016,0,5456,5456
310370,2017,0,6142,6142
310370,2018,0,6339,6339
310370,2019,0,5970,5970
310370,2020,0,5947,5947
310370,2021,0,5827,5827
310380,1988,0,3579,3579
310380,1989,0,3815,3815
310380,1990,0,5166,5166
310380,1991,0,2287,2287
310380,1992,0,2057,2057
310380,1993,0,2613,2613
310380,1994,0,3191,3191
310380,1995,0,3696,3696
310380,1996,0,3106,3106
310380,1997,0,2957,2957
310380,1998,0,2587,2587
310380,1999,0,1327,1327
310380,2000,0,1267,1267
310380,2001,0,1135,1135
310380,2002,0,1016,1016
310380,2003,0,1022,1022
310380,2004,0,1121,1121
310380,2005,0,1357,1357
310380,2006,0,1418,1418
310380,2007,0,1105,1105
310380,2008,0,1103,1103
310380,2009,0,1064,1064
310380,2010,0,964,964
310380,2011,0,971,971
310380,2012,0,815,815
310380,2013,0,957,957
310380,2014,0,936,936
310380,2015,0,1125,1125
310380,2016,0,1110,1110
310380,2017,0,597,597
310380,2018,0,612,612
310380,2019,0,982,982
310380,2020,0,971,971
310380,2021,0,961,961
310390,1988,0,827,827
310390,1989,0,827,827
310390,1990,0,1002,1002
310390,1991,0,781,781
310390,1992,0,601,601
310390,1993,0,601,601
310390,1994,20,1156,1136
310390,1995,30,1212,1182
310390,1996,50,1352,1302
310390,1997,0,564,564
310390,1998,0,692,692
310390,1999,0,673,673
310390,2000,0,630,630
310390,2001,0,694,694
310390,2002,0,771,771
310390,2003,0,854,854
310390,2004,0,853,853
310390,2005,0,760,760
310390,2006,0,860,860
310390,2007,0,880,880
310390,2008,0,880,880
310390,2009,0,950,950
310390,2010,0,950,950
310390,2011,0,950,950
310390,2012,0,765,765
310390,2013,0,850,850
310390,2014,0,865,865
310390,2015,0,892,892
310390,2016,90,634,544
310390,2017,0,369,369
310390,2018,75,432,357
310390,2019,75,457,382
310390,2020,75,449,374
310390,2021,100,506,406
310400,1988,0,8815,8815
310400,1989,80,8666,8586
310400,1990,500,9127,8627
310400,1991,600,9361,8761
310400,1992,480,9836,9356
310400,1993,380,8678,8298
310400,1994,300,8338,8038
310400,1995,200,8085,7885
310400,1996,500,6260,5760
310400,1997,850,7808,6958
310400,1998,550,8645,8095
310400,1999,600,9606,9006
310400,2000,600,8725,8125
310400,2001,726,9310,8584
310400,2002,1200,11050,9850
310400,2003,2500,11837,9337
310400,2004,3200,14283,11083
310400,2005,6200,16022,9822
310400,2006,6200,15948,9748
310400,2007,4500,13349,8849
310400,2008,5000,13771,8771
310400,2009,5000,14599,9599
310400,2010,6000,15126,9126
310400,2011,6000,16041,10041
310400,2012,6000,15702,9702
310400,2013,6000,17123,11123
310400,2014,6000,18374,12374
310400,2015,6300,18064,11764
310400,2016,6615,18379,11764
310400,2017,10900,24677,13777
310400,2018,11500,27092,15592
310400,2019,11500,25614,14114
310400,2020,11200,25304,14104
310400,2021,12500,25910,13410
310410,1988,0,3960,3960
310410,1989,0,3662,3662
310410,1990,0,3508,3508
310410,1991,0,3588,3588
310410,1992,0,3662,3662
310410,1993,0,3702,3702
310410,1994,0,4341,4341
310410,1995,0,4355,4355
310410,1996,0,4057,4057
310410,1997,0,3018,3018
310410,1998,0,4314,4314
310410,1999,0,4222,4222
310410,2000,0,4222,4222
310410,2001,0,4172,4172
310410,2002,0,4218,4218
310410,2003,0,5553,5553
310410,2004,0,4879,4879
310410,2005,0,5335,5335
310410,2006,0,3735,3735
310410,2007,0,3825,3825
310410,2008,0,3523,3523
310410,2009,0,3450,3450
310410,2010,0,3367,3367
310410,2011,0,4777,4777
310410,2012,0,4578,4578
310410,2013,0,4768,4768
310410,2014,0,3341,3341
310410,2015,0,3077,3077
310410,2016,0,3437,3437
310410,2017,0,2559,2559
310410,2018,0,2673,2673
310410,2019,0,2665,2665
310410,2020,0,2954,2954
310410,2021,80,2899,2819
310420,1988,90,6552,6462
310420,1989,0,6665,6665
310420,1990,0,6332,6332
310420,1991,25,6417,6392
310420,1992,0,5302,5302
310420,1993,0,4902,4902
310420,1994,0,4135,4135
310420,1995,0,4331,4331
310420,1996,0,4359,4359
310420,1997,0,4337,4337
310420,1998,0,3898,3898
310420,1999,0,2915,2915
310420,2000,0,4098,4098
310420,2001,0,4432,4432
310420,2002,0,4284,4284
310420,2003,0,4143,4143
310420,2004,90,4374,4284
310420,2005,90,4439,4349
310420,2006,0,4920,4920
310420,2007,0,4904,4904
310420,2008,0,6067,6067
310420,2009,0,7550,7550
310420,2010,0,7485,7485
310420,2011,0,7514,7514
310420,2012,0,4672,4672
310420,2013,0,5519,5519
310420,2014,0,4924,4924
310420,2015,0,14164,14164
310420,2016,0,5604,5604
310420,2017,320,5409,5089
310420,2018,470,5180,4710
310420,2019,230,6246,6016
310420,2020,480,7505,7025
310420,2021,4800,13235,8435
310430,1988,0,5613,5613
310430,1989,0,5925,5925
310430,1990,0,5552,5552
310430,1991,0,5548,5548
310430,1992,0,5477,5477
310430,1993,0,5413,5413
310430,1994,0,5699,5699
310430,1995,0,4651,4651
310430,1996,0,6054,6054
310430,1997,0,6178,6178
310430,1998,0,6550,6550
310430,1999,0,6527,6527
310430,2000,0,6165,6165
310430,2001,0,6485,6485
310430,2002,0,5927,5927
310430,2003,0,6505,6505
310430,2004,24,6461,6437
310430,2005,0,5958,5958
310430,2006,0,6117,6117
310430,2007,0,5992,5992
310430,2008,0,6003,6003
310430,2009,0,5665,5665
310430,2010,0,5652,5652
310430,2011,0,5926,5926
310430,2012,0,6504,6504
310430,2013,0,6551,6551
310430,2014,0,6277,6277
310430,2015,0,6042,6042
310430,2016,0,7399,7399
310430,2017,1073,8554,7481
310430,2018,1100,7908,6808
310430,2019,1000,7503,6503
310430,2020,1000,6959,5959
310430,2021,1200,6736,5536
310440,1988,0,910,910
310440,1989,0,767,767
310440,1990,0,634,634
310440,1991,0,642,642
310440,1992,0,539,539
310440,1993,0,539,539
310440,1994,0,539,539
310440,1995,0,543,543
310440,1996,0,503,503
310440,1997,0,322,322
310440,1998,0,298,298
310440,1999,0,250,250
310440,2000,0,206,206
310440,2001,0,233,233
310440,2002,0,200,200
310440,2003,0,176,176
310440,2004,0,191,191
310440,2005,0,183,183
310440,2006,0,168,168
310440,2007,0,146,146
310440,2008,0,146,146
310440,2009,0,146,146
310440,2010,0,145,145
310440,2011,0,120,120
310440,2012,0,100,100
310440,2013,0,79,79
310440,2014,0,68,68
310440,2015,0,77,77
310440,2016,0,48,48
310440,2017,0,80,80
310440,2018,0,72,72
310440,2019,0,73,73
310440,2020,0,69,69
310440,2021,0,61,61
310450,1988,2200,15354,13154
310450,1989,2860,10033,7173
310450,1990,2700,8953,6253
310450,1991,2700,10205,7505
310450,1992,3000,10775,7775
310450,1993,3000,9925,6925
310450,1994,2500,9025,6525
310450,1995,3450,10605,7155
310450,1996,2918,8243,5325
310450,1997,3500,9050,5550
310450,1998,3000,8410,5410
310450,1999,3000,8350,5350
310450,2000,2500,7610,5110
310450,2001,750,2560,1810
310450,2002,2500,8125,5625
310450,2003,2500,9255,6755
310450,2004,3000,8205,5205
310450,2005,3500,11355,7855
310450,2006,4000,10830,6830
310450,2007,6000,21960,15960
310450,2008,6100,10982,4882
310450,2009,6100,11662,5562
310450,2010,6200,11655,5455
310450,2011,6000,10750,4750
310450,2012,6000,12110,6110
310450,2013,9000,16028,7028
310450,2014,10000,16220,6220
310450,2015,10000,16032,6032
310450,2016,4000,12884,8884
310450,2017,3430,9935,6505
310450,2018,3800,11218,7418
310450,2019,3800,9890,6090
310450,2020,4500,14726,10226
310450,2021,6000,11856,5856
310460,1988,0,2537,2537
310460,1989,0,2508,2508
310460,1990,0,2513,2513
310460,1991,0,1466,1466
310460,1992,0,1238,1238
310460,1993,0,1100,1100
310460,1994,0,1160,1160
310460,1995,0,1352,1352
310460,1996,0,1364,1364
310460,1997,0,960,960
310460,1998,0,949,949
310460,1999,0,930,930
310460,2000,0,699,699
310460,2001,0,641,641
310460,2002,0,667,667
310460,2003,0,624,624
310460,2004,0,587,587
310460,2005,0,580,580
310460,2006,0,607,607
310460,2007,0,648,648
310460,2008,0,734,734
310460,2009,0,693,693
310460,2010,0,751,751
310460,2011,0,751,751
310460,2012,0,725,725
310460,2013,0,745,745
310460,2014,0,618,618
310460,2015,0,473,473
310460,2016,0,271,271
310460,2017,0,270,270
310460,2018,0,222,222
310460,2019,0,241,241
310460,2020,0,275,275
310460,2021,0,304,304
310470,1988,0,5000,5000
310470,1989,0,5980,5980
310470,1990,0,3939,3939
310470,1991,0,4472,4472
310470,1992,0,4366,4366
310470,1993,0,3546,3546
310470,1994,0,3416,3416
310470,1995,0,2567,2567
310470,1996,0,2025,2025
310470,1997,0,1131,1131
310470,1998,0,1134,1134
310470,1999,0,1126,1126
310470,2000,0,1101,1101
310470,2001,0,1101,1101
310470,2002,0,1122,1122
310470,2003,0,863,863
310470,2004,0,907,907
310470,2005,0,927,927
310470,2006,0,1087,1087
310470,2007,0,1077,1077
310470,2008,0,1087,1087
310470,2009,0,1087,1087
310470,2010,0,1087,1087
310470,2011,0,1187,1187
310470,2012,0,1192,1192
310470,2013,0,1027,1027
310470,2014,0,962,962
310470,2015,0,791,791
310470,2016,0,971,971
310470,2017,0,299,299
310470,2018,0,352,352
310470,2019,0,440,440
310470,2020,0,383,383
310470,2021,0,461,461
310480,1988,0,1977,1977
310480,1989,0,1937,1937
310480,1990,0,1657,1657
310480,1991,0,6527,6527
310480,1992,0,987,987
310480,1993,0,937,937
310480,1994,0,937,937
310480,1995,0,937,937
310480,1996,0,937,937
310480,1997,10,2023,2013
310480,1998,0,986,986
310480,1999,0,2186,2186
310480,2000,0,2369,2369
310480,2001,0,3119,3119
310480,2002,0,3219,3219
310480,2003,0,2740,2740
310480,2004,0,2816,2816
310480,2005,0,2736,2736
310480,2006,0,2236,2236
310480,2007,0,2886,2886
310480,2008,0,2886,2886
310480,2009,0,2886,2886
310480,2010,0,2918,2918
310480,2011,0,612,612
310480,2012,0,530,530
310480,2013,0,509,509
310480,2014,0,603,603
310480,2015,0,575,575
310480,2016,0,743,743
310480,2017,0,857,857
310480,2018,0,1229,1229
310480,2019,0,925,925
310480,2020,0,1030,1030
310480,2021,0,1036,1036
310490,1988,0,6511,6511
310490,1989,0,5185,5185
310490,1990,0,4528,4528
310490,1991,0,5004,5004
310490,1992,0,5031,5031
310490,1993,0,4884,4884
310490,1994,0,5075,5075
310490,1995,0,5075,5075
310490,1996,0,5002,5002
310490,1997,0,5002,5002
310490,1998,0,5002,5002
310490,1999,0,5026,5026
310490,2000,0,4487,4487
310490,2001,0,4759,4759
310490,2002,0,4739,4739
310490,2003,0,4879,4879
310490,2004,0,4889,4889
310490,2005,0,4888,4888
310490,2006,0,4858,4858
310490,2007,0,4808,4808
310490,2008,0,4858,4858
310490,2009,0,4858,4858
310490,2010,0,4908,4908
310490,2011,0,4962,4962
310490,2012,0,4877,4877
310490,2013,0,4895,4895
310490,2014,0,4737,4737
310490,2015,0,5243,5243
310490,2016,0,4332,4332
310490,2017,340,1565,1225
310490,2018,350,1764,1414
310490,2019,350,1887,1537
310490,2020,350,2217,1867
310490,2021,350,3984,3634
310500,1988,0,3626,3626
310500,1989,0,3786,3786
310500,1990,0,3816,3816
310500,1991,0,4422,4422
310500,1992,0,3607,3607
310500,1993,0,3963,3963
310500,1994,0,3496,3496
310500,1995,0,3621,3621
310500,1996,3,5706,5703
310500,1997,0,3489,3489
310500,1998,0,2189,2189
310500,1999,0,2480,2480
310500,2000,0,2627,2627
310500,2001,0,2744,2744
310500,2002,0,2772,2772
310500,2003,0,2722,2722
310500,2004,0,2734,2734
310500,2005,0,2664,2664
310500,2006,0,2957,2957
310500,2007,0,2950,2950
310500,2008,0,3012,3012
310500,2009,0,2092,2092
310500,2010,0,1730,1730
310500,2011,0,1724,1724
310500,2012,0,2865,2865
310500,2013,0,2830,2830
310500,2014,0,2724,2724
310500,2015,0,2655,2655
310500,2016,0,1833,1833
310500,2017,400,1154,754
310500,2018,400,1283,883
310500,2019,400,1272,872
310500,2020,400,1441,1041
310500,2021,570,1529,959
310510,1988,550,12091,11541
310510,1989,500,10177,9677
310510,1990,1100,10443,9343
310510,1991,1500,12550,11050
310510,1992,1200,11127,9927
310510,1993,1000,12243,11243
310510,1994,800,9852,9052
310510,1995,600,10893,10293
310510,1996,600,10427,9827
310510,1997,60,12623,12563
310510,1998,600,10156,9556
310510,1999,500,8278,7778
310510,2000,500,10433,9933
310510,2001,600,12825,12225
310510,2002,800,13457,12657
310510,2003,1100,15115,14015
310510,2004,1400,16086,14686
310510,2005,2500,17721,15221
310510,2006,2500,17411,14911
310510,2007,4000,17406,13406
310510,2008,3500,19338,15838
310510,2009,1000,19380,18380
310510,2010,1000,20807,19807
310510,2011,1000,23441,22441
310510,2012,1000,24588,23588
310510,2013,3000,28810,25810
310510,2014,3300,31161,27861
310510,2015,3000,28970,25970
310510,2016,5900,33219,27319
310510,2017,6125,29624,23499
310510,2018,5500,30268,24768
310510,2019,7000,31163,24163
310510,2020,8000,35043,27043
310510,2021,9000,34997,25997
310520,1988,0,402,402
310520,1989,0,405,405
310520,1990,0,395,395
310520,1991,0,282,282
310520,1992,0,400,400
310520,1993,0,400,400
310520,1994,0,400,400
310520,1995,0,352,352
310520,1996,0,745,745
310520,1997,0,411,411
310520,1998,0,362,362
310520,1999,0,756,756
310520,2000,0,686,686
310520,2001,0,654,654
310520,2002,0,689,689
310520,2003,0,750,750
310520,2004,0,735,735
310520,2005,0,882,882
310520,2006,0,988,988
310520,2007,0,973,973
310520,2008,0,1017,1017
310520,2009,0,772,772
310520,2010,0,818,818
310520,2011,0,768,768
310520,2012,0,638,638
310520,2013,0,598,598
310520,2014,0,658,658
310520,2015,0,638,638
310520,2016,0,784,784
310520,2017,0,548,548
310520,2018,0,263,263
310520,2019,0,334,334
310520,2020,0,264,264
310520,2021,0,256,256
310530,1988,0,957,957
310530,1989,0,957,957
310530,1990,0,972,972
310530,1991,0,911,911
310530,1992,0,913,913
310530,1993,0,754,754
310530,1994,0,729,729
310530,1995,0,727,727
310530,1996,0,979,979
310530,1997,0,1026,1026
310530,1998,0,1050,1050
310530,1999,0,1054,1054
310530,2000,0,1055,1055
310530,2001,0,1063,1063
310530,2002,0,1060,1060
310530,2003,0,944,944
310530,2004,0,1128,1128
310530,2005,0,1039,1039
310530,2006,0,1171,1171
310530,2007,0,1105,1105
310530,2008,0,986,986
310530,2009,0,836,836
310530,2010,0,757,757
310530,2011,0,661,661
310530,2012,0,786,786
310530,2013,0,766,766
310530,2014,0,716,716
310530,2015,0,666,666
310530,2016,0,679,679
310530,2017,28,425,397
310530,2018,30,544,514
310530,2019,0,524,524
310530,2020,0,415,415
310530,2021,40,465,425
310540,1988,0,992,992
310540,1989,0,965,965
310540,1990,0,1061,1061
310540,1991,0,1161,1161
310540,1992,0,1227,1227
310540,1993,0,1229,1229
310540,1994,0,1254,1254
310540,1995,0,1285,1285
310540,1996,0,1325,1325
310540,1997,0,319,319
310540,1998,0,221,221
310540,1999,0,374,374
310540,2000,0,286,286
310540,2001,0,433,433
310540,2002,0,520,520
310540,2003,0,301,301
310540,2004,0,554,554
310540,2005,0,506,506
310540,2006,0,520,520
310540,2007,0,408,408
310540,2008,0,432,432
310540,2009,0,416,416
310540,2010,0,415,415
310540,2011,0,442,442
310540,2012,0,402,402
310540,2013,0,375,375
310540,2014,0,395,395
310540,2015,0,371,371
310540,2016,0,320,320
310540,2017,0,129,129
310540,2018,0,160,160
310540,2019,0,165,165
310540,2020,0,198,198
310540,2021,0,178,178
310550,1988,0,2354,2354
310550,1989,0,2352,2352
310550,1990,0,2003,2003
310550,1991,0,1405,1405
310550,1992,0,1532,1532
310550,1993,0,1405,1405
310550,1994,0,1317,1317
310550,1995,0,1627,1627
310550,1996,0,1497,1497
310550,1997,0,1164,1164
310550,1998,0,1134,1134
310550,1999,0,1143,1143
310550,2000,0,1148,1148
310550,2001,0,1127,1127
310550,2002,0,1124,1124
310550,2003,0,1120,1120
310550,2004,0,1102,1102
310550,2005,0,1102,1102
310550,2006,0,523,523
310550,2007,0,523,523
310550,2008,0,463,463
310550,2009,0,489,489
310550,2010,0,327,327
310550,2011,0,367,367
310550,2012,0,325,325
310550,2013,0,195,195
310550,2014,0,191,191
310550,2015,0,180,180
310550,2016,0,184,184
310550,2017,0,43,43
310550,2018,0,49,49
310550,2019,0,49,49
310550,2020,0,53,53
310550,2021,0,91,91
310560,1988,40,15441,15401
310560,1989,30,19343,19313
310560,1990,30,16302,16272
310560,1991,20,19231,19211
310560,1992,40,18793,18753
310560,1993,20,10702,10682
310560,1994,10,10698,10688
310560,1995,6,10481,10475
310560,1996,0,10135,10135
310560,1997,6,3762,3756
310560,1998,6,3717,3711
310560,1999,0,3301,3301
310560,2000,0,3029,3029
310560,2001,0,2942,2942
310560,2002,0,2616,2616
310560,2003,0,2785,2785
310560,2004,0,2754,2754
310560,2005,0,3162,3162
310560,2006,0,2977,2977
310560,2007,0,2972,2972
310560,2008,0,2667,2667
310560,2009,0,2667,2667
310560,2010,0,2739,2739
310560,2011,0,2751,2751
310560,2012,0,3288,3288
310560,2013,0,2817,2817
310560,2014,0,5354,5354
310560,2015,0,5234,5234
310560,2016,0,5322,5322
310560,2017,0,2410,2410
310560,2018,0,2401,2401
310560,2019,0,2320,2320
310560,2020,0,2582,2582
310560,2021,0,2785,2785
310570,1988,0,2454,2454
310570,1989,0,2038,2038
310570,1990,0,1911,1911
310570,1991,0,2149,2149
310570,1992,0,2152,2152
310570,1993,0,2077,2077
310570,1994,0,2079,2079
310570,1995,0,2079,2079
310570,1996,0,3374,3374
310570,1997,0,3307,3307
310570,1998,0,1867,1867
310570,1999,0,1987,1987
310570,2000,0,2017,2017
310570,2001,0,1987,1987
310570,2002,0,1987,1987
310570,2003,0,1987,1987
310570,2004,0,1987,1987
310570,2005,0,1987,1987
310570,2006,0,1724,1724
310570,2007,0,875,875
310570,2008,0,890,890
310570,2009,0,880,880
310570,2010,0,880,880
310570,2011,0,899,899
310570,2012,0,745,745
310570,2013,0,1325,1325
310570,2014,0,1292,1292
310570,2015,0,1320,1320
310570,2016,0,786,786
310570,2017,0,398,398
310570,2018,0,364,364
310570,2019,0,445,445
310570,2020,0,509,509
310570,2021,0,471,471
310590,1988,0,1819,1819
310590,1989,0,1860,1860
310590,1990,0,1859,1859
310590,1991,0,1854,1854
310590,1992,0,1854,1854
310590,1993,0,1853,1853
310590,1994,0,1853,1853
310590,1995,0,978,978
310590,1996,0,973,973
310590,1997,0,461,461
310590,1998,0,464,464
310590,1999,0,464,464
310590,2000,0,432,432
310590,2001,0,450,450
310590,2002,0,260,260
310590,2003,0,287,287
310590,2004,0,289,289
310590,2005,0,379,379
310590,2006,0,427,427
310590,2007,0,440,440
310590,2008,0,310,310
310590,2009,0,310,310
310590,2010,0,250,250
310590,2011,0,211,211
310590,2012,0,246,246
310590,2013,0,245,245
310590,2014,0,242,242
310590,2015,0,252,252
310590,2016,0,96,96
310590,2017,0,112,112
310590,2018,0,113,113
310590,2019,0,106,106
310590,2020,0,141,141
310590,2021,0,90,90
310600,1988,0,883,883
310600,1989,0,918,918
310600,1990,0,934,934
310600,1991,0,941,941
310600,1992,0,946,946
310600,1993,0,872,872
310600,1994,0,872,872
310600,1995,0,864,864
310600,1996,0,185,185
310600,1997,0,192,192
310600,1998,0,194,194
310600,1999,0,196,196
310600,2000,0,194,194
310600,2001,0,53,53
310600,2002,0,46,46
310600,2003,0,46,46
310600,2004,0,110,110
310600,2005,0,176,176
310600,2006,0,128,128
310600,2007,0,103,103
310600,2008,0,112,112
310600,2009,0,125,125
310600,2010,0,99,99
310600,2011,0,103,103
310600,2012,0,55,55
310600,2013,0,69,69
310600,2014,0,67,67
310600,2015,0,63,63
310600,2016,0,24,24
310600,2017,0,11,11
310600,2018,0,14,14
310600,2019,0,54,54
310600,2020,0,27,27
310600,2021,0,15,15
310610,1988,0,1240,1240
310610,1989,0,1191,1191
310610,1990,0,990,990
310610,1991,0,1101,1101
310610,1992,0,1834,1834
310610,1993,0,1463,1463
310610,1994,0,1425,1425
310610,1995,0,1439,1439
310610,1996,0,920,920
310610,1997,0,1323,1323
310610,1998,0,688,688
310610,1999,0,793,793
310610,2000,0,749,749
310610,2001,0,713,713
310610,2002,0,563,563
310610,2003,0,403,403
310610,2004,0,394,394
310610,2005,0,391,391
310610,2006,0,391,391
310610,2007,0,355,355
310610,2008,0,375,375
310610,2009,0,393,393
310610,2010,0,418,418
310610,2011,0,423,423
310610,2012,0,422,422
310610,2013,0,423,423
310610,2014,0,231,231
310610,2015,0,170,170
310610,2016,0,77,77
310610,2017,0,60,60
310610,2018,0,79,79
310610,2019,0,100,100
310610,2020,0,92,92
310610,2021,0,97,97
310620,1988,0,0,0
310620,1989,0,0,0
310620,1990,0,0,0
310620,1991,0,0,0
310620,1992,0,0,0
310620,1993,0,0,0
310620,1994,0,0,0
310620,1995,0,0,0
310620,1996,0,312,312
310620,1997,0,0,0
310620,1998,0,0,0
310620,1999,0,0,0
310620,2000,0,0,0
310620,2001,0,0,0
310620,2002,0,0,0
310620,2003,0,0,0
310620,2004,0,0,0
310620,2005,0,0,0
310620,2006,0,0,0
310620,2007,0,0,0
310620,2008,0,0,0
310620,2009,0,0,0
310620,2010,0,0,0
310620,2011,0,0,0
310620,2012,0,0,0
310620,2013,0,0,0
310620,2014,0,0,0
310620,2015,0,0,0
310620,2016,0,0,0
310620,2017,0,0,0
310620,2018,0,0,0
310620,2019,0,0,0
310620,2020,0,0,0
310620,2021,0,0,0
310630,1988,0,6271,6271
310630,1989,0,6271,6271
310630,1990,0,6271,6271
310630,1991,0,6270,6270
310630,1992,0,6262,6262
310630,1993,0,6262,6262
310630,1994,0,6262,6262
310630,1995,0,6262,6262
310630,1996,0,1078,1078
310630,1997,0,1078,1078
310630,1998,0,1356,1356
310630,1999,0,1356,1356
310630,2000,0,1351,1351
310630,2001,0,1274,1274
310630,2002,0,1385,1385
310630,2003,0,1583,1583
310630,2004,0,1583,1583
310630,2005,0,1243,1243
310630,2006,0,1256,1256
310630,2007,0,1256,1256
310630,2008,0,640,640
310630,2009,0,697,697
310630,2010,0,760,760
310630,2011,0,1190,1190
310630,2012,0,853,853
310630,2013,0,853,853
310630,2014,0,845,845
310630,2015,0,809,809
310630,2016,0,477,477
310630,2017,0,279,279
310630,2018,0,323,323
310630,2019,0,317,317
310630,2020,0,322,322
310630,2021,0,381,381
310640,1988,0,2500,2500
310640,1989,0,2618,2618
310640,1990,0,2685,2685
310640,1991,0,2746,2746
310640,1992,0,2538,2538
310640,1993,0,2404,2404
310640,1994,0,1917,1917
310640,1995,0,1906,1906
310640,1996,0,2597,2597
310640,1997,0,2574,2574
310640,1998,0,2578,2578
310640,1999,0,2641,2641
310640,2000,0,2630,2630
310640,2001,0,2238,2238
310640,2002,0,2142,2142
310640,2003,0,1522,1522
310640,2004,0,2128,2128
310640,2005,0,2160,2160
310640,2006,0,2122,2122
310640,2007,0,2061,2061
310640,2008,0,2079,2079
310640,2009,0,2396,2396
310640,2010,0,2514,2514
310640,2011,0,3739,3739
310640,2012,0,3544,3544
310640,2013,0,3279,3279
310640,2014,0,2655,2655
310640,2015,0,2414,2414
310640,2016,0,2429,2429
310640,2017,0,2286,2286
310640,2018,0,2858,2858
310640,2019,0,2339,2339
310640,2020,0,2849,2849
310640,2021,0,3073,3073
310650,1988,0,6640,6640
310650,1989,0,6742,6742
310650,1990,0,6619,6619
310650,1991,0,2292,2292
310650,1992,0,2613,2613
310650,1993,0,2507,2507
310650,1994,0,2478,2478
310650,1995,0,2237,2237
310650,1996,0,3150,3150
310650,1997,0,1986,1986
310650,1998,0,2705,2705
310650,1999,0,2922,2922
310650,2000,0,3030,3030
310650,2001,0,2384,2384
310650,2002,0,2665,2665
310650,2003,0,2228,2228
310650,2004,0,1481,1481
310650,2005,0,1835,1835
310650,2006,0,1800,1800
310650,2007,0,1905,1905
310650,2008,0,1839,1839
310650,2009,0,2037,2037
310650,2010,0,1799,1799
310650,2011,0,2173,2173
310650,2012,0,1723,1723
310650,2013,0,1442,1442
310650,2014,0,1407,1407
310650,2015,0,1828,1828
310650,2016,0,2276,2276
310650,2017,0,1469,1469
310650,2018,0,1773,1773
310650,2019,0,1405,1405
310650,2020,0,1355,1355
310650,2021,0,1565,1565
310660,1988,0,1150,1150
310660,1989,0,1518,1518
310660,1990,0,1532,1532
310660,1991,0,1418,1418
310660,1992,0,1418,1418
310660,1993,0,1418,1418
310660,1994,0,1418,1418
310660,1995,0,1218,1218
310660,1996,0,1661,1661
310660,1997,0,1709,1709
310660,1998,0,1516,1516
310660,1999,0,1516,1516
310660,2000,0,1363,1363
310660,2001,0,1126,1126
310660,2002,0,907,907
310660,2003,0,487,487
310660,2004,0,476,476
310660,2005,0,385,385
310660,2006,0,451,451
310660,2007,0,776,776
310660,2008,0,471,471
310660,2009,0,522,522
310660,2010,0,494,494
310660,2011,0,471,471
310660,2012,0,475,475
310660,2013,0,316,316
310660,2014,0,600,600
310660,2015,0,423,423
310660,2016,0,467,467
310660,2017,0,309,309
310660,2018,0,357,357
310660,2019,0,323,323
310660,2020,0,346,346
310660,2021,0,357,357
310670,1988,27,1284,1257
310670,1989,8,1551,1543
310670,1990,9,1519,1510
310670,1991,6,1571,1565
310670,1992,6,1535,1529
310670,1993,5,1388,1383
310670,1994,3,1092,1089
310670,1995,3,961,958
310670,1996,2,692,690
310670,1997,2,488,486
310670,1998,0,358,358
310670,1999,0,354,354
310670,2000,0,283,283
310670,2001,0,252,252
310670,2002,0,261,261
310670,2003,0,218,218
310670,2004,0,230,230
310670,2005,0,238,238
310670,2006,0,239,239
310670,2007,0,264,264
310670,2008,0,200,200
310670,2009,0,218,218
310670,2010,0,220,220
310670,2011,0,182,182
310670,2012,0,56,56
310670,2013,0,105,105
310670,2014,0,94,94
310670,2015,0,52,52
310670,2016,0,57,57
310670,2017,0,149,149
310670,2018,0,176,176
310670,2019,0,157,157
310670,2020,0,141,141
310670,2021,0,137,137
310680,1988,0,1729,1729
310680,1989,0,1756,1756
310680,1990,0,1490,1490
310680,1991,0,1463,1463
310680,1992,0,1613,1613
310680,1993,0,2926,2926
310680,1994,0,2926,2926
310680,1995,0,2018,2018
310680,1996,0,2015,2015
310680,1997,0,1874,1874
310680,1998,0,1874,1874
310680,1999,0,1880,1880
310680,2000,0,1912,1912
310680,2001,0,1774,1774
310680,2002,0,1121,1121
310680,2003,0,926,926
310680,2004,0,916,916
310680,2005,0,916,916
310680,2006,0,911,911
310680,2007,0,985,985
310680,2008,0,1210,1210
310680,2009,0,1210,1210
310680,2010,0,1210,1210
310680,2011,0,1210,1210
310680,2012,0,800,800
310680,2013,0,1200,1200
310680,2014,0,1040,1040
310680,2015,0,466,466
310680,2016,0,288,288
310680,2017,0,119,119
310680,2018,0,118,118
310680,2019,0,125,125
310680,2020,0,155,155
310680,2021,0,149,149
310690,1988,0,492,492
310690,1989,0,539,539
310690,1990,0,475,475
310690,1991,0,514,514
310690,1992,0,558,558
310690,1993,0,650,650
310690,1994,0,652,652
310690,1995,0,569,569
310690,1996,0,378,378
310690,1997,0,450,450
310690,1998,0,471,471
310690,1999,0,446,446
310690,2000,0,412,412
310690,2001,0,345,345
310690,2002,0,264,264
310690,2003,0,244,244
310690,2004,0,245,245
310690,2005,0,198,198
310690,2006,0,235,235
310690,2007,0,251,251
310690,2008,0,263,263
310690,2009,0,225,225
310690,2010,0,223,223
310690,2011,0,193,193
310690,2012,0,125,125
310690,2013,0,109,109
310690,2014,0,89,89
310690,2015,0,86,86
310690,2016,0,61,61
310690,2017,0,28,28
310690,2018,0,28,28
310690,2019,0,35,35
310690,2020,0,39,39
310690,2021,0,52,52
310700,1988,0,4056,4056
310700,1989,0,3213,3213
310700,1990,0,2536,2536
310700,1991,0,2295,2295
310700,1992,0,1965,1965
310700,1993,0,1712,1712
310700,1994,0,1451,1451
310700,1995,0,1523,1523
310700,1996,0,2012,2012
310700,1997,0,1850,1850
310700,1998,0,1726,1726
310700,1999,0,1821,1821
310700,2000,0,1931,1931
310700,2001,0,1391,1391
310700,2002,0,1306,1306
310700,2003,0,1280,1280
310700,2004,0,1280,1280
310700,2005,0,1280,1280
310700,2006,0,820,820
310700,2007,0,960,960
310700,2008,0,960,960
310700,2009,0,1060,1060
310700,2010,0,1060,1060
310700,2011,0,461,461
310700,2012,0,490,490
310700,2013,0,416,416
310700,2014,0,421,421
310700,2015,0,181,181
310700,2016,0,654,654
310700,2017,0,152,152
310700,2018,0,171,171
310700,2019,0,217,217
310700,2020,0,204,204
310700,2021,100,419,319
310710,1988,0,24031,24031
310710,1989,0,24263,24263
310710,1990,0,22642,22642
310710,1991,0,21393,21393
310710,1992,0,22593,22593
310710,1993,15,24124,24109
310710,1994,15,24608,24593
310710,1995,0,21761,21761
310710,1996,0,20893,20893
310710,1997,0,19622,19622
310710,1998,0,20802,20802
310710,1999,0,20354,20354
310710,2000,0,20854,20854
310710,2001,0,22354,22354
310710,2002,0,22918,22918
310710,2003,0,23130,23130
310710,2004,300,25017,24717
310710,2005,150,18250,18100
310710,2006,290,23540,23250
310710,2007,90,23670,23580
310710,2008,30,27410,27380
310710,2009,360,23811,23451
310710,2010,360,25011,24651
310710,2011,500,30029,29529
310710,2012,400,34224,33824
310710,2013,300,34005,33705
310710,2014,1000,24865,23865
310710,2015,1000,25705,24705
310710,2016,3800,27978,24178
310710,2017,3800,21792,17992
310710,2018,4000,27412,23412
310710,2019,4200,23891,19691
310710,2020,4300,28076,23776
310710,2021,4800,25880,21080
310720,1988,0,1413,1413
310720,1989,0,1411,1411
310720,1990,0,1425,1425
310720,1991,0,1436,1436
310720,1992,0,1400,1400
310720,1993,0,1393,1393
310720,1994,0,1359,1359
310720,1995,0,1324,1324
310720,1996,0,1320,1320
310720,1997,0,1196,1196
310720,1998,0,1285,1285
310720,1999,0,1271,1271
310720,2000,0,1254,1254
310720,2001,0,1246,1246
310720,2002,0,1008,1008
310720,2003,0,1046,1046
310720,2004,0,1043,1043
310720,2005,0,1043,1043
310720,2006,0,1042,1042
310720,2007,0,382,382
310720,2008,0,382,382
310720,2009,0,272,272
310720,2010,0,271,271
310720,2011,0,271,271
310720,2012,0,258,258
310720,2013,0,258,258
310720,2014,0,127,127
310720,2015,0,111,111
310720,2016,0,272,272
310720,2017,0,90,90
310720,2018,0,109,109
310720,2019,0,129,129
310720,2020,0,138,138
310720,2021,0,141,141
310730,1988,3,29791,29788
310730,1989,0,19444,19444
310730,1990,0,17507,17507
310730,1991,0,18073,18073
310730,1992,0,18073,18073
310730,1993,0,19982,19982
310730,1994,0,20682,20682
310730,1995,0,20179,20179
310730,1996,0,13873,13873
310730,1997,0,13646,13646
310730,1998,0,12978,12978
310730,1999,0,13261,13261
310730,2000,0,13413,13413
310730,2001,0,13355,13355
310730,2002,0,13865,13865
310730,2003,0,15014,15014
310730,2004,0,14304,14304
310730,2005,0,14491,14491
310730,2006,0,14632,14632
310730,2007,0,14013,14013
310730,2008,0,13538,13538
310730,2009,0,13629,13629
310730,2010,0,13329,13329
310730,2011,0,13728,13728
310730,2012,0,13711,13711
310730,2013,0,13872,13872
310730,2014,0,7329,7329
310730,2015,0,9539,9539
310730,2016,0,9563,9563
310730,2017,0,6223,6223
310730,2018,0,5822,5822
310730,2019,0,6545,6545
310730,2020,0,5977,5977
310730,2021,0,4289,4289
310740,1988,0,5662,5662
310740,1989,0,5854,5854
310740,1990,0,5802,5802
310740,1991,260,7871,7611
310740,1992,300,8056,7756
310740,1993,300,8961,8661
310740,1994,380,9332,8952
310740,1995,470,9772,9302
310740,1996,500,10252,9752
310740,1997,150,5157,5007
310740,1998,430,8207,7777
310740,1999,100,2887,2787
310740,2000,100,1399,1299
310740,2001,100,1760,1660
310740,2002,150,2265,2115
310740,2003,450,4394,3944
310740,2004,1000,7318,6318
310740,2005,1200,6283,5083
310740,2006,1200,7233,6033
310740,2007,0,4813,4813
310740,2008,800,7085,6285
310740,2009,100,7444,7344
310740,2010,100,7504,7404
310740,2011,150,5205,5055
310740,2012,1200,5807,4607
310740,2013,2000,6486,4486
310740,2014,2000,6954,4954
310740,2015,2000,6911,4911
310740,2016,1100,5869,4769
310740,2017,1980,6230,4250
310740,2018,2100,5869,3769
310740,2019,4800,8803,4003
310740,2020,5800,9828,4028
310740,2021,7800,12013,4213
310750,1988,0,1158,1158
310750,1989,0,1171,1171
310750,1990,0,1153,1153
310750,1991,0,1135,1135
310750,1992,0,1029,1029
310750,1993,0,1005,1005
310750,1994,0,970,970
310750,1995,0,962,962
310750,1996,0,957,957
310750,1997,0,1261,1261
310750,1998,0,1154,1154
310750,1999,0,1133,1133
310750,2000,0,1127,1127
310750,2001,0,1125,1125
310750,2002,0,1036,1036
310750,2003,0,1026,1026
310750,2004,0,1006,1006
310750,2005,0,1006,1006
310750,2006,0,471,471
310750,2007,0,465,465
310750,2008,0,465,465
310750,2009,0,471,471
310750,2010,0,471,471
310750,2011,0,467,467
310750,2012,0,424,424
310750,2013,0,393,393
310750,2014,0,274,274
310750,2015,0,272,272
310750,2016,0,163,163
310750,2017,0,79,79
310750,2018,0,91,91
310750,2019,0,92,92
310750,2020,0,80,80
310750,2021,0,75,75
310760,1988,0,5518,5518
310760,1989,0,5658,5658
310760,1990,0,4654,4654
310760,1991,0,4204,4204
310760,1992,0,4034,4034
310760,1993,0,3874,3874
310760,1994,0,4153,4153
310760,1995,0,4043,4043
310760,1996,30,4184,4154
310760,1997,0,3681,3681
310760,1998,400,4358,3958
310760,1999,200,4958,4758
310760,2000,200,4664,4464
310760,2001,200,4550,4350
310760,2002,250,5050,4800
310760,2003,300,6000,5700
310760,2004,700,9630,8930
310760,2005,700,9650,8950
310760,2006,600,9600,9000
310760,2007,500,8920,8420
310760,2008,500,8950,8450
310760,2009,0,7170,7170
310760,2010,400,7630,7230
310760,2011,400,7340,6940
310760,2012,400,8035,7635
310760,2013,4000,11584,7584
310760,2014,4000,12530,8530
310760,2015,1500,6945,5445
310760,2016,1575,6875,5300
310760,2017,3800,9007,5207
310760,2018,3800,9877,6077
310760,2019,3800,9887,6087
310760,2020,3000,9806,6806
310760,2021,3800,10321,6521
310770,1988,0,1977,1977
310770,1989,0,2374,2374
310770,1990,0,2382,2382
310770,1991,0,2375,2375
310770,1992,0,2397,2397
310770,1993,0,2132,2132
310770,1994,0,1657,1657
310770,1995,0,1594,1594
310770,1996,0,1221,1221
310770,1997,0,1314,1314
310770,1998,0,966,966
310770,1999,0,960,960
310770,2000,0,1159,1159
310770,2001,0,1239,1239
310770,2002,0,1181,1181
310770,2003,0,1229,1229
310770,2004,0,1446,1446
310770,2005,0,1336,1336
310770,2006,0,1366,1366
310770,2007,0,1305,1305
310770,2008,0,1292,1292
310770,2009,0,1140,1140
310770,2010,0,1172,1172
310770,2011,0,1171,1171
310770,2012,0,1163,1163
310770,2013,0,985,985
310770,2014,0,1011,1011
310770,2015,0,1012,1012
310770,2016,0,402,402
310770,2017,0,148,148
310770,2018,0,150,150
310770,2019,0,273,273
310770,2020,0,160,160
310770,2021,0,156,156
310780,1988,0,11002,11002
310780,1989,0,10562,10562
310780,1990,0,10152,10152
310780,1991,0,10103,10103
310780,1992,0,9624,9624
310780,1993,0,9354,9354
310780,1994,0,9261,9261
310780,1995,0,9141,9141
310780,1996,0,7414,7414
310780,1997,0,7232,7232
310780,1998,0,6462,6462
310780,1999,0,6379,6379
310780,2000,0,5453,5453
310780,2001,0,4671,4671
310780,2002,0,4557,4557
310780,2003,0,4384,4384
310780,2004,0,4436,4436
310780,2005,0,4722,4722
310780,2006,0,4224,4224
310780,2007,0,4557,4557
310780,2008,0,3608,3608
310780,2009,0,3604,3604
310780,2010,0,3605,3605
310780,2011,0,3611,3611
310780,2012,0,3555,3555
310780,2013,0,3590,3590
310780,2014,0,3401,3401
310780,2015,0,3625,3625
310780,2016,0,3709,3709
310780,2017,0,3182,3182
310780,2018,0,3343,3343
310780,2019,0,3536,3536
310780,2020,0,3191,3191
310780,2021,0,2759,2759
310790,1988,0,4158,4158
310790,1989,0,3798,3798
310790,1990,0,3438,3438
310790,1991,0,3460,3460
310790,1992,0,3560,3560
310790,1993,0,3920,3920
310790,1994,0,4055,4055
310790,1995,0,4283,4283
310790,1996,0,2618,2618
310790,1997,0,4624,4624
310790,1998,0,3435,3435
310790,1999,0,3935,3935
310790,2000,0,2076,2076
310790,2001,0,2076,2076
310790,2002,0,2296,2296
310790,2003,0,2570,2570
310790,2004,0,1695,1695
310790,2005,0,1294,1294
310790,2006,0,1664,1664
310790,2007,0,2044,2044
310790,2008,0,1950,1950
310790,2009,0,2140,2140
310790,2010,0,2130,2130
310790,2011,0,2123,2123
310790,2012,0,2118,2118
310790,2013,0,2118,2118
310790,2014,0,2125,2125
310790,2015,0,2135,2135
310790,2016,0,1400,1400
310790,2017,0,898,898
310790,2018,0,1153,1153
310790,2019,0,1171,1171
310790,2020,0,1356,1356
310790,2021,0,1455,1455
310800,1988,12,12037,12025
310800,1989,9,10643,10634
310800,1990,9,10558,10549
310800,1991,9,10783,10774
310800,1992,9,9031,9022
310800,1993,0,9229,9229
310800,1994,0,8392,8392
310800,1995,0,7542,7542
310800,1996,0,7470,7470
310800,1997,0,7503,7503
310800,1998,0,6829,6829
310800,1999,0,6902,6902
310800,2000,0,7879,7879
310800,2001,0,7812,7812
310800,2002,0,7932,7932
310800,2003,0,8225,8225
310800,2004,0,8419,8419
310800,2005,0,8346,8346
310800,2006,0,7933,7933
310800,2007,0,7807,7807
310800,2008,0,7217,7217
310800,2009,0,7289,7289
310800,2010,0,6287,6287
310800,2011,0,5680,5680
310800,2012,0,5318,5318
310800,2013,0,4907,4907
310800,2014,0,4227,4227
310800,2015,0,4266,4266
310800,2016,0,4260,4260
310800,2017,0,2749,2749
310800,2018,200,3050,2850
310800,2019,200,3831,3631
310800,2020,150,3672,3522
310800,2021,270,3630,3360
310810,1988,0,3383,3383
310810,1989,0,1906,1906
310810,1990,0,1700,1700
310810,1991,0,1701,1701
310810,1992,0,1871,1871
310810,1993,0,1783,1783
310810,1994,0,1844,1844
310810,1995,0,2941,2941
310810,1996,0,2890,2890
310810,1997,0,2948,2948
310810,1998,1,2967,2966
310810,1999,1,2941,2940
310810,2000,1,1282,1281
310810,2001,1,1067,1066
310810,2002,0,757,757
310810,2003,0,674,674
310810,2004,0,709,709
310810,2005,0,723,723
310810,2006,0,723,723
310810,2007,0,825,825
310810,2008,0,845,845
310810,2009,0,1245,1245
310810,2010,0,1239,1239
310810,2011,0,1279,1279
310810,2012,0,1561,1561
310810,2013,0,1594,1594
310810,2014,0,1560,1560
310810,2015,0,1639,1639
310810,2016,0,1810,1810
310810,2017,0,999,999
310810,2018,0,1123,1123
310810,2019,0,1264,1264
310810,2020,0,1206,1206
310810,2021,0,1197,1197
310820,1988,7000,41352,34352
310820,1989,9000,39453,30453
310820,1990,15000,41581,26581
310820,1991,10000,35994,25994
310820,1992,7000,35759,28759
310820,1993,12000,33582,21582
310820,1994,13000,26570,13570
310820,1995,15000,30840,15840
310820,1996,6712,19735,13023
310820,1997,4000,16858,12858
310820,1998,4350,19158,14808
310820,1999,4000,18085,14085
310820,2000,4000,18399,14399
310820,2001,4000,13783,9783
310820,2002,4500,17593,13093
310820,2003,10900,31436,20536
310820,2004,11000,27783,16783
310820,2005,12200,29272,17072
310820,2006,11950,27906,15956
310820,2007,11950,28559,16609
310820,2008,12500,28424,15924
310820,2009,13450,30863,17413
310820,2010,16270,34787,18517
310820,2011,16500,36697,20197
310820,2012,17500,40388,22888
310820,2013,20650,46938,26288
310820,2014,21650,49656,28006
310820,2015,27300,54791,27491
310820,2016,23136,47629,24493
310820,2017,23640,44226,20586
310820,2018,23600,43858,20258
310820,2019,28000,46906,18906
310820,2020,26900,45641,18741
310820,2021,28050,51303,23253
310830,1988,0,4655,4655
310830,1989,0,4675,4675
310830,1990,0,4081,4081
310830,1991,0,4091,4091
310830,1992,0,4261,4261
310830,1993,0,4901,4901
310830,1994,0,4780,4780
310830,1995,0,4066,4066
310830,1996,0,5607,5607
310830,1997,0,5606,5606
310830,1998,0,5040,5040
310830,1999,0,4376,4376
310830,2000,0,4360,4360
310830,2001,0,2238,2238
310830,2002,0,4225,4225
310830,2003,0,4236,4236
310830,2004,0,5199,5199
310830,2005,0,5199,5199
310830,2006,0,3879,3879
310830,2007,0,3857,3857
310830,2008,0,4409,4409
310830,2009,0,4212,4212
310830,2010,0,4062,4062
310830,2011,0,3993,3993
310830,2012,0,3332,3332
310830,2013,0,4083,4083
310830,2014,0,5180,5180
310830,2015,0,5198,5198
310830,2016,0,3084,3084
310830,2017,80,1686,1606
310830,2018,80,2015,1935
310830,2019,100,2137,2037
310830,2020,100,2017,1917
310830,2021,120,1955,1835
310840,1988,0,10678,10678
310840,1989,0,10603,10603
310840,1990,0,11928,11928
310840,1991,0,10817,10817
310840,1992,0,10328,10328
310840,1993,0,7895,7895
310840,1994,0,9554,9554
310840,1995,0,9226,9226
310840,1996,0,9632,9632
310840,1997,0,9541,9541
310840,1998,0,11712,11712
310840,1999,0,12381,12381
310840,2000,0,12870,12870
310840,2001,0,14375,14375
310840,2002,0,15017,15017
310840,2003,0,12492,12492
310840,2004,58,15117,15059
310840,2005,0,13140,13140
310840,2006,0,13897,13897
310840,2007,0,14308,14308
310840,2008,0,12133,12133
310840,2009,0,9551,9551
310840,2010,0,8930,8930
310840,2011,0,9126,9126
310840,2012,0,7731,7731
310840,2013,0,8357,8357
310840,2014,0,6656,6656
310840,2015,80,11246,11166
310840,2016,300,11266,10966
310840,2017,0,7442,7442
310840,2018,240,7382,7142
310840,2019,240,7594,7354
310840,2020,390,8871,8481
310840,2021,0,8148,8148
310850,1988,0,1252,1252
310850,1989,0,1417,1417
310850,1990,0,1297,1297
310850,1991,0,1269,1269
310850,1992,0,1272,1272
310850,1993,0,1346,1346
310850,1994,0,1346,1346
310850,1995,0,1312,1312
310850,1996,0,2701,2701
310850,1997,0,2456,2456
310850,1998,0,1865,1865
310850,1999,0,1942,1942
310850,2000,0,1942,1942
310850,2001,0,1873,1873
310850,2002,0,1684,1684
310850,2003,0,1680,1680
310850,2004,0,1940,1940
310850,2005,0,1945,1945
310850,2006,0,1945,1945
310850,2007,0,1566,1566
310850,2008,0,1515,1515
310850,2009,0,1785,1785
310850,2010,0,2060,2060
310850,2011,0,2097,2097
310850,2012,0,2042,2042
310850,2013,0,2010,2010
310850,2014,0,1884,1884
310850,2015,0,1647,1647
310850,2016,0,1523,1523
310850,2017,0,1128,1128
310850,2018,0,1446,1446
310850,2019,0,1724,1724
310850,2020,0,1541,1541
310850,2021,0,1178,1178
310860,1988,0,11225,11225
310860,1989,0,7170,7170
310860,1990,0,7356,7356
310860,1991,0,6490,6490
310860,1992,0,7040,7040
310860,1993,0,6985,6985
310860,1994,0,8085,8085
310860,1995,0,9069,9069
310860,1996,0,7246,7246
310860,1997,0,6306,6306
310860,1998,0,6177,6177
310860,1999,0,7527,7527
310860,2000,0,8382,8382
310860,2001,0,5784,5784
310860,2002,0,6761,6761
310860,2003,0,8732,8732
310860,2004,0,7954,7954
310860,2005,0,8245,8245
310860,2006,0,9752,9752
310860,2007,0,9914,9914
310860,2008,0,9120,9120
310860,2009,0,9191,9191
310860,2010,0,8434,8434
310860,2011,0,8355,8355
310860,2012,0,7655,7655
310860,2013,0,7662,7662
310860,2014,0,7306,7306
310860,2015,0,4954,4954
310860,2016,0,5481,5481
310860,2017,0,4074,4074
310860,2018,0,4868,4868
310860,2019,0,5028,5028
310860,2020,0,4727,4727
310860,2021,0,4277,4277
310870,1988,0,2608,2608
310870,1989,0,2609,2609
310870,1990,0,2420,2420
310870,1991,0,2389,2389
310870,1992,0,2289,2289
310870,1993,0,2289,2289
310870,1994,0,2289,2289
310870,1995,0,2702,2702
310870,1996,0,2896,2896
310870,1997,0,2962,2962
310870,1998,0,2379,2379
310870,1999,0,2479,2479
310870,2000,0,2479,2479
310870,2001,0,2466,2466
310870,2002,0,2404,2404
310870,2003,0,1997,1997
310870,2004,0,2292,2292
310870,2005,0,2357,2357
310870,2006,0,1117,1117
310870,2007,0,1136,1136
310870,2008,0,1177,1177
310870,2009,0,972,972
310870,2010,0,986,986
310870,2011,0,1227,1227
310870,2012,0,1054,1054
310870,2013,0,899,899
310870,2014,0,758,758
310870,2015,0,872,872
310870,2016,0,859,859
310870,2017,0,451,451
310870,2018,0,508,508
310870,2019,0,481,481
310870,2020,0,526,526
310870,2021,0,622,622
310880,1988,0,2145,2145
310880,1989,0,2145,2145
310880,1990,0,2147,2147
310880,1991,0,2140,2140
310880,1992,0,2138,2138
310880,1993,0,2138,2138
310880,1994,0,2138,2138
310880,1995,0,2138,2138
310880,1996,0,2079,2079
310880,1997,0,2079,2079
310880,1998,0,2206,2206
310880,1999,0,2206,2206
310880,2000,0,2206,2206
310880,2001,0,1871,1871
310880,2002,0,1225,1225
310880,2003,0,1189,1189
310880,2004,0,800,800
310880,2005,0,379,379
310880,2006,0,607,607
310880,2007,0,607,607
310880,2008,0,288,288
310880,2009,0,765,765
310880,2010,0,673,673
310880,2011,0,673,673
310880,2012,0,611,611
310880,2013,0,583,583
310880,2014,0,578,578
310880,2015,0,1063,1063
310880,2016,0,1020,1020
310880,2017,0,382,382
310880,2018,0,508,508
310880,2019,0,459,459
310880,2020,0,527,527
310880,2021,0,552,552
310890,1988,0,5071,5071
310890,1989,0,4541,4541
310890,1990,0,4411,4411
310890,1991,0,4363,4363
310890,1992,0,4661,4661
310890,1993,0,4415,4415
310890,1994,0,4593,4593
310890,1995,0,4584,4584
310890,1996,0,4726,4726
310890,1997,0,4408,4408
310890,1998,0,4881,4881
310890,1999,0,4739,4739
310890,2000,0,5237,5237
310890,2001,0,5393,5393
310890,2002,0,4379,4379
310890,2003,0,3871,3871
310890,2004,0,3795,3795
310890,2005,0,3859,3859
310890,2006,0,3808,3808
310890,2007,0,3893,3893
310890,2008,0,3889,3889
310890,2009,0,3969,3969
310890,2010,0,4134,4134
310890,2011,0,4863,4863
310890,2012,0,4920,4920
310890,2013,0,4892,4892
310890,2014,0,4748,4748
310890,2015,0,4760,4760
310890,2016,0,4855,4855
310890,2017,0,2076,2076
310890,2018,0,2216,2216
310890,2019,0,2146,2146
310890,2020,0,2202,2202
310890,2021,0,2275,2275
310900,1988,0,3873,3873
310900,1989,0,1751,1751
310900,1990,0,1635,1635
310900,1991,0,1745,1745
310900,1992,0,1664,1664
310900,1993,0,1563,1563
310900,1994,0,1978,1978
310900,1995,0,2020,2020
310900,1996,0,1956,1956
310900,1997,0,1848,1848
310900,1998,5,3745,3740
310900,1999,5,3723,3718
310900,2000,5,3480,3475
310900,2001,5,3283,3278
310900,2002,0,1085,1085
310900,2003,0,1025,1025
310900,2004,0,1341,1341
310900,2005,0,1735,1735
310900,2006,0,1875,1875
310900,2007,0,2145,2145
310900,2008,0,2090,2090
310900,2009,0,1793,1793
310900,2010,0,1796,1796
310900,2011,0,1694,1694
310900,2012,0,1344,1344
310900,2013,0,1392,1392
310900,2014,0,1311,1311
310900,2015,0,1016,1016
310900,2016,0,1016,1016
310900,2017,0,961,961
310900,2018,0,1423,1423
310900,2019,0,1335,1335
310900,2020,0,1435,1435
310900,2021,0,1492,1492
310910,1988,0,5655,5655
310910,1989,0,4675,4675
310910,1990,0,4561,4561
310910,1991,0,3936,3936
310910,1992,0,3937,3937
310910,1993,0,4034,4034
310910,1994,0,4028,4028
310910,1995,0,3433,3433
310910,1996,0,6495,6495
310910,1997,0,6498,6498
310910,1998,0,6077,6077
310910,1999,0,6140,6140
310910,2000,0,6082,6082
310910,2001,0,2691,2691
310910,2002,0,2691,2691
310910,2003,0,2719,2719
310910,2004,0,2664,2664
310910,2005,0,2582,2582
310910,2006,0,2674,2674
310910,2007,0,1867,1867
310910,2008,0,2338,2338
310910,2009,0,4030,4030
310910,2010,0,4046,4046
310910,2011,0,4059,4059
310910,2012,0,3856,3856
310910,2013,0,4074,4074
310910,2014,0,3923,3923
310910,2015,0,3723,3723
310910,2016,0,5462,5462
310910,2017,0,3697,3697
310910,2018,0,4165,4165
310910,2019,0,4186,4186
310910,2020,0,4218,4218
310910,2021,0,4220,4220
310920,1988,0,2710,2710
310920,1989,0,2165,2165
310920,1990,0,2975,2975
310920,1991,0,2735,2735
310920,1992,0,2735,2735
310920,1993,0,5372,5372
310920,1994,0,9017,9017
310920,1995,0,5577,5577
310920,1996,0,5577,5577
310920,1997,0,3299,3299
310920,1998,0,5229,5229
310920,1999,0,3712,3712
310920,2000,0,3837,3837
310920,2001,0,3615,3615
310920,2002,0,4015,4015
310920,2003,0,3962,3962
310920,2004,0,3782,3782
310920,2005,0,3802,3802
310920,2006,0,3342,3342
310920,2007,0,3412,3412
310920,2008,0,3412,3412
310920,2009,0,3401,3401
310920,2010,0,3663,3663
310920,2011,0,3724,3724
310920,2012,0,3421,3421
310920,2013,0,3301,3301
310920,2014,0,3191,3191
310920,2015,0,3025,3025
310920,2016,0,3481,3481
310920,2017,0,1239,1239
310920,2018,0,1298,1298
310920,2019,0,1355,1355
310920,2020,0,1328,1328
310920,2021,0,971,971
310930,1988,33000,75951,42951
310930,1989,45000,68986,23986
310930,1990,35000,53931,18931
310930,1991,40000,62493,22493
310930,1992,25000,49305,24305
310930,1993,38000,49130,11130
310930,1994,40000,52799,12799
310930,1995,50000,68384,18384
310930,1996,24266,40342,16076
310930,1997,20000,39090,19090
310930,1998,36000,51180,15180
310930,1999,30000,50675,20675
310930,2000,25000,51658,26658
310930,2001,25000,52803,27803
310930,2002,25000,59120,34120
310930,2003,40000,76190,36190
310930,2004,48000,99912,51912
310930,2005,55000,90660,35660
310930,2006,55000,85815,30815
310930,2007,58000,84835,26835
310930,2008,60000,100165,40165
310930,2009,66800,108458,41658
310930,2010,75000,108635,33635
310930,2011,72500,126285,53785
310930,2012,68000,121862,53862
310930,2013,76000,118258,42258
310930,2014,75000,120850,45850
310930,2015,85000,135145,50145
310930,2016,93000,131014,38014
310930,2017,95000,140282,45282
310930,2018,85000,123915,38915
310930,2019,88000,131050,43050
310930,2020,90000,125421,35421
310930,2021,90000,135737,45737
310940,1988,2000,7896,5896
310940,1989,2020,7913,5893
310940,1990,1800,7123,5323
310940,1991,0,3558,3558
310940,1992,2300,5864,3564
310940,1993,3000,5867,2867
310940,1994,3000,7188,4188
310940,1995,3180,7070,3890
310940,1996,3200,5830,2630
310940,1997,2370,6264,3894
310940,1998,2600,6125,3525
310940,1999,3246,7809,4563
310940,2000,2800,6345,3545
310940,2001,3500,7774,4274
310940,2002,4000,8294,4294
310940,2003,12000,16268,4268
310940,2004,12000,20494,8494
310940,2005,24000,32841,8841
310940,2006,24000,34203,10203
310940,2007,18680,28168,9488
310940,2008,18680,26872,8192
310940,2009,16000,22279,6279
310940,2010,16000,22426,6426
310940,2011,14500,22946,8446
310940,2012,14000,23532,9532
310940,2013,15000,23761,8761
310940,2014,14000,23454,9454
310940,2015,14000,22383,8383
310940,2016,16000,25290,9290
310940,2017,18064,28771,10707
310940,2018,18681,28494,9813
310940,2019,21059,32611,11552
310940,2020,19546,32890,13344
310940,2021,22100,31506,9406
310950,1988,0,12055,12055
310950,1989,0,12752,12752
310950,1990,0,12752,12752
310950,1991,0,13186,13186
310950,1992,0,12917,12917
310950,1993,0,12967,12967
310950,1994,0,13062,13062
310950,1995,0,13068,13068
310950,1996,0,11698,11698
310950,1997,0,12689,12689
310950,1998,0,13009,13009
310950,1999,0,12331,12331
310950,2000,0,12331,12331
310950,2001,0,11628,11628
310950,2002,0,12287,12287
310950,2003,0,15636,15636
310950,2004,57,17352,17295
310950,2005,53,13465,13412
310950,2006,53,13725,13672
310950,2007,0,14372,14372
310950,2008,50,15189,15139
310950,2009,50,11679,11629
310950,2010,50,13179,13129
310950,2011,50,11149,11099
310950,2012,150,11639,11489
310950,2013,150,10589,10439
310950,2014,150,10734,10584
310950,2015,160,10387,10227
310950,2016,300,10758,10458
310950,2017,50,9797,9747
310950,2018,100,9898,9798
310950,2019,300,10307,10007
310950,2020,300,10613,10313
310950,2021,570,10739,10169
310960,1988,0,282,282
310960,1989,0,309,309
310960,1990,0,292,292
310960,1991,0,106,106
310960,1992,0,122,122
310960,1993,0,98,98
310960,1994,0,89,89
310960,1995,0,92,92
310960,1996,0,165,165
310960,1997,0,164,164
310960,1998,0,131,131
310960,1999,0,124,124
310960,2000,0,114,114
310960,2001,0,95,95
310960,2002,0,43,43
310960,2003,0,21,21
310960,2004,0,39,39
310960,2005,0,34,34
310960,2006,0,54,54
310960,2007,0,51,51
310960,2008,0,45,45
310960,2009,0,40,40
310960,2010,0,38,38
310960,2011,0,38,38
310960,2012,0,20,20
310960,2013,0,19,19
310960,2014,0,8,8
310960,2015,0,0,0
310960,2016,0,0,0
310960,2017,0,5,5
310960,2018,0,6,6
310960,2019,0,7,7
310960,2020,0,10,10
310960,2021,0,9,9
310970,1988,0,4879,4879
310970,1989,0,3949,3949
310970,1990,0,3638,3638
310970,1991,0,3352,3352
310970,1992,0,3738,3738
310970,1993,0,3693,3693
310970,1994,0,4165,4165
310970,1995,0,4616,4616
310970,1996,0,6488,6488
310970,1997,0,5898,5898
310970,1998,0,5656,5656
310970,1999,0,5661,5661
310970,2000,0,5346,5346
310970,2001,0,5238,5238
310970,2002,0,4602,4602
310970,2003,0,3774,3774
310970,2004,0,3521,3521
310970,2005,0,3720,3720
310970,2006,0,4075,4075
310970,2007,0,3381,3381
310970,2008,0,3672,3672
310970,2009,0,3412,3412
310970,2010,0,3888,3888
310970,2011,0,3980,3980
310970,2012,0,3618,3618
310970,2013,0,3640,3640
310970,2014,0,3772,3772
310970,2015,0,3766,3766
310970,2016,0,4314,4314
310970,2017,0,2998,2998
310970,2018,0,3637,3637
310970,2019,0,3597,3597
310970,2020,0,3679,3679
310970,2021,0,3425,3425
310980,1988,1000,4262,3262
310980,1989,1500,4947,3447
310980,1990,1600,7303,5703
310980,1991,2100,9412,7312
310980,1992,2100,9442,7342
310980,1993,3500,9457,5957
310980,1994,4500,12078,7578
310980,1995,6000,13815,7815
310980,1996,4000,9898,5898
310980,1997,5000,10593,5593
310980,1998,4000,10191,6191
310980,1999,3200,8907,5707
310980,2000,3500,8812,5312
310980,2001,2250,6869,4619
310980,2002,3600,8792,5192
310980,2003,4100,8079,3979
310980,2004,4500,8853,4353
310980,2005,5000,9664,4664
310980,2006,4500,8879,4379
310980,2007,7200,15771,8571
310980,2008,7200,13039,5839
310980,2009,5500,12117,6617
310980,2010,6250,12954,6704
310980,2011,6800,13526,6726
310980,2012,6800,14412,7612
310980,2013,7210,14824,7614
310980,2014,7000,15077,8077
310980,2015,8150,16742,8592
310980,2016,8650,16943,8293
310980,2017,8200,14964,6764
310980,2018,6200,13247,7047
310980,2019,8200,16420,8220
310980,2020,8200,16412,8212
310980,2021,8200,15806,7606
310990,1988,0,313,313
310990,1989,0,284,284
310990,1990,0,283,283
310990,1991,20,310,290
310990,1992,0,2000,2000
310990,1993,0,2511,2511
310990,1994,0,1903,1903
310990,1995,0,1842,1842
310990,1996,0,192,192
310990,1997,0,259,259
310990,1998,0,147,147
310990,1999,0,128,128
310990,2000,0,128,128
310990,2001,0,114,114
310990,2002,0,111,111
310990,2003,0,146,146
310990,2004,0,176,176
310990,2005,0,155,155
310990,2006,0,138,138
310990,2007,0,328,328
310990,2008,0,342,342
310990,2009,0,354,354
310990,2010,0,252,252
310990,2011,0,254,254
310990,2012,0,317,317
310990,2013,0,244,244
310990,2014,0,242,242
310990,2015,0,224,224
310990,2016,0,224,224
310990,2017,0,79,79
310990,2018,0,85,85
310990,2019,0,81,81
310990,2020,0,86,86
310990,2021,0,92,92
311000,1988,0,1632,1632
311000,1989,0,1434,1434
311000,1990,0,1894,1894
311000,1991,0,1837,1837
311000,1992,0,1829,1829
311000,1993,0,1719,1719
311000,1994,0,1154,1154
311000,1995,0,1200,1200
311000,1996,0,1354,1354
311000,1997,0,878,878
311000,1998,0,725,725
311000,1999,0,924,924
311000,2000,0,1012,1012
311000,2001,0,1151,1151
311000,2002,0,981,981
311000,2003,0,902,902
311000,2004,0,1248,1248
311000,2005,0,1248,1248
311000,2006,0,1158,1158
311000,2007,0,1065,1065
311000,2008,0,1067,1067
311000,2009,0,1043,1043
311000,2010,0,1049,1049
311000,2011,0,410,410
311000,2012,0,375,375
311000,2013,0,361,361
311000,2014,0,321,321
311000,2015,0,326,326
311000,2016,0,282,282
311000,2017,0,320,320
311000,2018,0,403,403
311000,2019,0,406,406
311000,2020,0,445,445
311000,2021,0,442,442
311010,1988,0,3172,3172
311010,1989,0,3106,3106
311010,1990,0,3009,3009
311010,1991,0,3075,3075
311010,1992,0,3581,3581
311010,1993,0,3655,3655
311010,1994,0,3703,3703
311010,1995,0,3725,3725
311010,1996,0,3617,3617
311010,1997,0,3716,3716
311010,1998,0,3573,3573
311010,1999,0,3558,3558
311010,2000,0,3428,3428
311010,2001,0,3382,3382
311010,2002,0,1992,1992
311010,2003,0,2422,2422
311010,2004,0,2527,2527
311010,2005,0,2516,2516
311010,2006,0,2462,2462
311010,2007,0,2362,2362
311010,2008,0,2901,2901
311010,2009,0,2880,2880
311010,2010,0,2894,2894
311010,2011,0,2844,2844
311010,2012,0,3044,3044
311010,2013,0,2992,2992
311010,2014,0,2777,2777
311010,2015,0,3586,3586
311010,2016,0,3428,3428
311010,2017,0,4335,4335
311010,2018,0,4360,4360
311010,2019,0,4330,4330
311010,2020,0,4338,4338
311010,2021,0,4005,4005
311020,1988,0,2936,2936
311020,1989,0,2484,2484
311020,1990,0,2430,2430
311020,1991,0,2441,2441
311020,1992,0,2477,2477
311020,1993,0,2553,2553
311020,1994,0,2603,2603
311020,1995,0,2662,2662
311020,1996,0,2160,2160
311020,1997,0,2306,2306
311020,1998,0,3019,3019
311020,1999,0,2693,2693
311020,2000,0,2683,2683
311020,2001,0,2303,2303
311020,2002,0,2414,2414
311020,2003,0,2420,2420
311020,2004,0,2450,2450
311020,2005,0,2490,2490
311020,2006,0,2490,2490
311020,2007,0,2570,2570
311020,2008,0,2518,2518
311020,2009,0,2515,2515
311020,2010,0,2513,2513
311020,2011,0,2240,2240
311020,2012,0,2113,2113
311020,2013,0,2210,2210
311020,2014,0,1960,1960
311020,2015,0,1996,1996
311020,2016,0,1563,1563
311020,2017,0,1822,1822
311020,2018,0,1542,1542
311020,2019,0,1620,1620
311020,2020,0,1577,1577
311020,2021,0,1687,1687
311030,1988,0,4468,4468
311030,1989,0,4698,4698
311030,1990,0,4880,4880
311030,1991,0,4455,4455
311030,1992,0,3120,3120
311030,1993,0,3450,3450
311030,1994,0,3545,3545
311030,1995,0,3815,3815
311030,1996,0,3635,3635
311030,1997,0,5050,5050
311030,1998,0,4553,4553
311030,1999,0,4826,4826
311030,2000,0,4480,4480
311030,2001,0,5629,5629
311030,2002,0,5657,5657
311030,2003,0,6137,6137
311030,2004,0,6161,6161
311030,2005,0,5960,5960
311030,2006,0,5449,5449
311030,2007,0,5329,5329
311030,2008,0,5636,5636
311030,2009,0,5254,5254
311030,2010,0,5190,5190
311030,2011,0,5620,5620
311030,2012,0,5997,5997
311030,2013,0,6155,6155
311030,2014,0,5701,5701
311030,2015,0,5996,5996
311030,2016,0,5474,5474
311030,2017,270,3858,3588
311030,2018,300,5526,5226
311030,2019,600,5543,4943
311030,2020,600,5073,4473
311030,2021,500,5062,4562
311040,1988,0,3253,3253
311040,1989,0,3439,3439
311040,1990,0,3671,3671
311040,1991,0,3865,3865
311040,1992,0,3548,3548
311040,1993,0,3420,3420
311040,1994,0,2974,2974
311040,1995,0,2920,2920
311040,1996,0,2600,2600
311040,1997,0,2956,2956
311040,1998,0,2837,2837
311040,1999,0,3070,3070
311040,2000,0,3462,3462
311040,2001,0,2942,2942
311040,2002,0,2940,2940
311040,2003,0,2946,2946
311040,2004,0,3191,3191
311040,2005,0,3326,3326
311040,2006,0,3423,3423
311040,2007,0,3823,3823
311040,2008,0,2658,2658
311040,2009,0,2618,2618
311040,2010,0,2779,2779
311040,2011,0,2599,2599
311040,2012,0,2384,2384
311040,2013,0,2384,2384
311040,2014,0,2576,2576
311040,2015,0,2921,2921
311040,2016,0,3032,3032
311040,2017,0,1367,1367
311040,2018,0,1562,1562
311040,2019,0,1614,1614
311040,2020,0,1945,1945
311040,2021,0,2671,2671
311050,1988,0,1945,1945
311050,1989,0,1443,1443
311050,1990,0,1493,1493
311050,1991,0,1363,1363
311050,1992,0,1353,1353
311050,1993,0,1233,1233
311050,1994,0,1233,1233
311050,1995,0,1323,1323
311050,1996,0,2277,2277
311050,1997,0,1256,1256
311050,1998,0,1803,1803
311050,1999,0,1871,1871
311050,2000,0,1488,1488
311050,2001,0,1488,1488
311050,2002,0,1377,1377
311050,2003,0,1201,1201
311050,2004,0,1261,1261
311050,2005,0,1230,1230
311050,2006,0,1160,1160
311050,2007,0,2170,2170
311050,2008,0,1500,1500
311050,2009,0,1520,1520
311050,2010,0,1240,1240
311050,2011,0,1240,1240
311050,2012,0,1270,1270
311050,2013,0,1253,1253
311050,2014,0,1263,1263
311050,2015,0,1172,1172
311050,2016,0,862,862
311050,2017,0,702,702
311050,2018,0,811,811
311050,2019,0,787,787
311050,2020,0,744,744
311050,2021,0,794,794
311060,1988,0,3236,3236
311060,1989,0,2897,2897
311060,1990,0,2777,2777
311060,1991,0,2707,2707
311060,1992,0,2689,2689
311060,1993,0,2586,2586
311060,1994,0,2428,2428
311060,1995,0,2566,2566
311060,1996,0,2910,2910
311060,1997,0,2213,2213
311060,1998,0,2357,2357
311060,1999,0,2460,2460
311060,2000,0,1771,1771
311060,2001,0,1771,1771
311060,2002,0,1802,1802
311060,2003,0,2167,2167
311060,2004,0,1866,1866
311060,2005,0,1830,1830
311060,2006,0,1716,1716
311060,2007,0,1720,1720
311060,2008,0,2154,2154
311060,2009,0,1943,1943
311060,2010,0,2148,2148
311060,2011,0,2151,2151
311060,2012,0,2192,2192
311060,2013,0,2188,2188
311060,2014,0,2178,2178
311060,2015,0,2166,2166
311060,2016,0,2469,2469
311060,2017,0,752,752
311060,2018,0,820,820
311060,2019,0,864,864
311060,2020,0,1522,1522
311060,2021,0,1338,1338
311070,1988,0,5048,5048
311070,1989,0,4785,4785
311070,1990,0,5072,5072
311070,1991,0,5092,5092
311070,1992,0,5347,5347
311070,1993,0,5237,5237
311070,1994,0,5223,5223
311070,1995,0,5342,5342
311070,1996,0,3331,3331
311070,1997,0,4445,4445
311070,1998,0,5428,5428
311070,1999,0,5428,5428
311070,2000,0,5406,5406
311070,2001,0,5093,5093
311070,2002,0,4963,4963
311070,2003,0,9852,9852
311070,2004,0,10473,10473
311070,2005,150,10473,10323
311070,2006,150,10473,10323
311070,2007,150,10473,10323
311070,2008,0,8909,8909
311070,2009,0,8909,8909
311070,2010,0,8987,8987
311070,2011,0,9011,9011
311070,2012,7,9155,9148
311070,2013,20,9091,9071
311070,2014,0,8656,8656
311070,2015,0,7628,7628
311070,2016,0,10862,10862
311070,2017,940,6411,5471
311070,2018,800,7047,6247
311070,2019,1200,6673,5473
311070,2020,1200,6864,5664
311070,2021,900,6751,5851
311080,1988,0,2158,2158
311080,1989,0,2542,2542
311080,1990,0,1263,1263
311080,1991,0,1183,1183
311080,1992,0,1313,1313
311080,1993,0,1630,1630
311080,1994,0,1532,1532
311080,1995,0,1583,1583
311080,1996,0,1598,1598
311080,1997,0,1629,1629
311080,1998,0,1630,1630
311080,1999,0,1442,1442
311080,2000,0,1119,1119
311080,2001,0,1119,1119
311080,2002,0,1244,1244
311080,2003,0,1186,1186
311080,2004,0,2042,2042
311080,2005,0,1121,1121
311080,2006,0,1221,1221
311080,2007,0,1208,1208
311080,2008,0,926,926
311080,2009,0,877,877
311080,2010,0,877,877
311080,2011,0,542,542
311080,2012,0,417,417
311080,2013,0,358,358
311080,2014,0,344,344
311080,2015,0,883,883
311080,2016,0,422,422
311080,2017,0,421,421
311080,2018,0,398,398
311080,2019,0,391,391
311080,2020,0,408,408
311080,2021,0,350,350
311090,1988,0,5999,5999
311090,1989,0,6108,6108
311090,1990,0,6189,6189
311090,1991,0,6127,6127
311090,1992,0,6086,6086
311090,1993,0,5855,5855
311090,1994,0,6095,6095
311090,1995,0,5831,5831
311090,1996,6,4819,4813
311090,1997,6,5745,5739
311090,1998,0,6058,6058
311090,1999,0,6058,6058
311090,2000,0,6028,6028
311090,2001,0,6377,6377
311090,2002,0,6641,6641
311090,2003,5,6963,6958
311090,2004,5,7503,7498
311090,2005,0,8081,8081
311090,2006,0,7151,7151
311090,2007,0,7783,7783
311090,2008,0,8159,8159
311090,2009,0,8159,8159
311090,2010,0,8479,8479
311090,2011,0,7739,7739
311090,2012,0,7644,7644
311090,2013,0,8449,8449
311090,2014,1200,10389,9189
311090,2015,1200,9650,8450
311090,2016,1200,9948,8748
311090,2017,1940,10734,8794
311090,2018,1800,11386,9586
311090,2019,2800,11201,8401
311090,2020,2800,12207,9407
311090,2021,2500,10404,7904
311100,1988,60,15583,15523
311100,1989,15,15264,15249
311100,1990,15,14009,13994
311100,1991,8,13410,13402
311100,1992,0,13678,13678
311100,1993,0,13511,13511
311100,1994,0,14965,14965
311100,1995,0,14050,14050
311100,1996,0,12972,12972
311100,1997,0,13420,13420
311100,1998,0,15017,15017
311100,1999,0,19595,19595
311100,2000,0,19823,19823
311100,2001,0,20626,20626
311100,2002,0,22641,22641
311100,2003,0,23703,23703
311100,2004,23,24073,24050
311100,2005,30,21552,21522
311100,2006,0,20992,20992
311100,2007,0,17470,17470
311100,2008,0,18522,18522
311100,2009,0,16017,16017
311100,2010,0,13851,13851
311100,2011,0,16994,16994
311100,2012,0,15789,15789
311100,2013,120,17269,17149
311100,2014,400,16261,15861
311100,2015,800,15425,14625
311100,2016,800,14462,13662
311100,2017,210,12671,12461
311100,2018,950,14884,13934
311100,2019,1200,16553,15353
311100,2020,800,13833,13033
311100,2021,1000,14278,13278
311110,1988,0,8027,8027
311110,1989,0,4318,4318
311110,1990,0,2234,2234
311110,1991,0,2165,2165
311110,1992,0,2041,2041
311110,1993,0,2740,2740
311110,1994,0,1628,1628
311110,1995,0,1608,1608
311110,1996,0,6290,6290
311110,1997,0,4363,4363
311110,1998,0,4071,4071
311110,1999,0,4546,4546
311110,2000,0,946,946
311110,2001,0,996,996
311110,2002,0,3996,3996
311110,2003,600,6272,5672
311110,2004,5000,10672,5672
311110,2005,2500,8667,6167
311110,2006,2500,7667,5167
311110,2007,2500,7667,5167
311110,2008,890,6057,5167
311110,2009,885,2052,1167
311110,2010,1400,12162,10762
311110,2011,1370,12055,10685
311110,2012,1370,12290,10920
311110,2013,1370,12482,11112
311110,2014,1370,13422,12052
311110,2015,3612,17098,13486
311110,2016,6412,21138,14726
311110,2017,5312,17833,12521
311110,2018,5312,12381,7069
311110,2019,5202,13051,7849
311110,2020,5800,13219,7419
311110,2021,5500,12252,6752
311120,1988,20,15630,15610
311120,1989,20,15496,15476
311120,1990,22,14990,14968
311120,1991,23,13341,13318
311120,1992,23,11789,11766
311120,1993,23,11802,11779
311120,1994,20,10849,10829
311120,1995,0,10869,10869
311120,1996,0,10484,10484
311120,1997,0,7593,7593
311120,1998,0,10673,10673
311120,1999,0,9713,9713
311120,2000,0,9503,9503
311120,2001,0,9728,9728
311120,2002,0,10188,10188
311120,2003,0,9268,9268
311120,2004,0,8993,8993
311120,2005,0,8525,8525
311120,2006,0,8813,8813
311120,2007,0,8852,8852
311120,2008,0,7502,7502
311120,2009,0,7531,7531
311120,2010,0,7401,7401
311120,2011,0,7401,7401
311120,2012,0,7389,7389
311120,2013,0,7974,7974
311120,2014,0,7674,7674
311120,2015,0,7228,7228
311120,2016,0,7263,7263
311120,2017,0,6765,6765
311120,2018,280,4796,4516
311120,2019,300,6140,5840
311120,2020,250,5419,5169
311120,2021,400,5963,5563
311130,1988,394,14488,14094
311130,1989,0,12855,12855
311130,1990,0,13084,13084
311130,1991,0,12416,12416
311130,1992,0,12716,12716
311130,1993,0,9155,9155
311130,1994,0,9035,9035
311130,1995,0,9105,9105
311130,1996,0,9135,9135
311130,1997,0,9122,9122
311130,1998,0,5681,5681
311130,1999,0,5903,5903
311130,2000,0,6984,6984
311130,2001,0,8420,8420
311130,2002,0,7884,7884
311130,2003,0,9411,9411
311130,2004,0,9072,9072
311130,2005,0,6777,6777
311130,2006,0,9338,9338
311130,2007,0,9391,9391
311130,2008,0,9983,9983
311130,2009,0,9793,9793
311130,2010,300,8020,7720
311130,2011,200,6858,6658
311130,2012,8,6923,6915
311130,2013,0,6720,6720
311130,2014,0,6385,6385
311130,2015,20,7215,7195
311130,2016,500,7195,6695
311130,2017,1240,9101,7861
311130,2018,1500,10927,9427
311130,2019,1800,7871,6071
311130,2020,2000,8224,6224
311130,2021,2000,8651,6651
311140,1988,14000,30198,16198
311140,1989,14500,26850,12350
311140,1990,13000,34805,21805
311140,1991,10000,32303,22303
311140,1992,10000,30323,20323
311140,1993,13000,33720,20720
311140,1994,16000,26819,10819
311140,1995,14000,25965,11965
311140,1996,8475,15883,7408
311140,1997,13500,22679,9179
311140,1998,8000,24793,16793
311140,1999,18000,43751,25751
311140,2000,22000,40579,18579
311140,2001,21000,36901,15901
311140,2002,19000,40622,21622
311140,2003,20000,44580,24580
311140,2004,22000,48484,26484
311140,2005,20000,44982,24982
311140,2006,17000,44265,27265
311140,2007,15000,45829,30829
311140,2008,12000,42394,30394
311140,2009,12000,36248,24248
311140,2010,12000,35688,23688
311140,2011,12000,35687,23687
311140,2012,12000,39669,27669
311140,2013,12000,40169,28169
311140,2014,13000,51126,38126
311140,2015,13000,51934,38934
311140,2016,15000,54375,39375
311140,2017,15000,58570,43570
311140,2018,17000,68567,51567
311140,2019,16000,68074,52074
311140,2020,22000,73716,51716
311140,2021,23000,75798,52798
311150,1988,2500,12055,9555
311150,1989,2792,14158,11366
311150,1990,2117,11611,9494
311150,1991,2300,11582,9282
311150,1992,1336,11360,10024
311150,1993,1200,12087,10887
311150,1994,1300,12320,11020
311150,1995,1450,13525,12075
311150,1996,1000,10224,9224
311150,1997,1500,10645,9145
311150,1998,1500,10580,9080
311150,1999,600,12000,11400
311150,2000,600,12888,12288
311150,2001,600,13207,12607
311150,2002,1000,14412,13412
311150,2003,1300,15127,13827
311150,2004,1500,16518,15018
311150,2005,2200,18112,15912
311150,2006,2000,19893,17893
311150,2007,2200,18207,16007
311150,2008,2500,19657,17157
311150,2009,2700,20106,17406
311150,2010,3000,20053,17053
311150,2011,3000,20715,17715
311150,2012,3000,20601,17601
311150,2013,3000,21306,18306
311150,2014,3000,21556,18556
311150,2015,3300,22126,18826
311150,2016,3500,24751,21251
311150,2017,3700,22461,18761
311150,2018,3500,20897,17397
311150,2019,3500,20433,16933
311150,2020,4000,19693,15693
311150,2021,3800,17788,13988
311160,1988,0,30282,30282
311160,1989,0,30615,30615
311160,1990,0,27101,27101
311160,1991,0,25137,25137
311160,1992,0,24656,24656
311160,1993,160,20016,19856
311160,1994,0,17969,17969
311160,1995,0,16136,16136
311160,1996,0,15409,15409
311160,1997,0,15775,15775
311160,1998,0,20427,20427
311160,1999,100,20547,20447
311160,2000,0,20327,20327
311160,2001,80,21573,21493
311160,2002,0,22588,22588
311160,2003,50,24877,24827
311160,2004,250,25180,24930
311160,2005,180,25190,25010
311160,2006,80,28410,28330
311160,2007,20,23935,23915
311160,2008,80,24343,24263
311160,2009,80,21963,21883
311160,2010,80,26188,26108
311160,2011,80,24181,24101
311160,2012,80,24524,24444
311160,2013,100,24998,24898
311160,2014,0,24336,24336
311160,2015,0,16536,16536
311160,2016,0,21759,21759
311160,2017,1720,24970,23250
311160,2018,1800,25449,23649
311160,2019,1800,25062,23262
311160,2020,1800,29817,28017
311160,2021,1800,27020,25220
311170,1988,0,5598,5598
311170,1989,0,5714,5714
311170,1990,0,5434,5434
311170,1991,0,4960,4960
311170,1992,0,5017,5017
311170,1993,0,5016,5016
311170,1994,0,5016,5016
311170,1995,0,4166,4166
311170,1996,0,3539,3539
311170,1997,0,3958,3958
311170,1998,0,4494,4494
311170,1999,0,3503,3503
311170,2000,0,3453,3453
311170,2001,0,3228,3228
311170,2002,0,3573,3573
311170,2003,0,3593,3593
311170,2004,0,3733,3733
311170,2005,0,3733,3733
311170,2006,0,3733,3733
311170,2007,0,3833,3833
311170,2008,0,3848,3848
311170,2009,0,3879,3879
311170,2010,0,4029,4029
311170,2011,0,2821,2821
311170,2012,0,2721,2721
311170,2013,0,2787,2787
311170,2014,0,2734,2734
311170,2015,0,2288,2288
311170,2016,0,2776,2776
311170,2017,0,3208,3208
311170,2018,0,2617,2617
311170,2019,0,2057,2057
311170,2020,0,2118,2118
311170,2021,0,1812,1812
311180,1988,1200,21715,20515
311180,1989,600,23345,22745
311180,1990,600,22894,22294
311180,1991,600,37632,37032
311180,1992,650,23502,22852
311180,1993,1300,25350,24050
311180,1994,1500,34560,33060
311180,1995,2000,36599,34599
311180,1996,1024,17889,16865
311180,1997,1000,29636,28636
311180,1998,1500,34346,32846
311180,1999,1500,35160,33660
311180,2000,2000,35024,33024
311180,2001,2200,35575,33375
311180,2002,3000,33113,30113
311180,2003,3500,28545,25045
311180,2004,4500,31870,27370
311180,2005,3500,35375,31875
311180,2006,2500,32143,29643
311180,2007,2000,38413,36413
311180,2008,2000,30128,28128
311180,2009,2200,37223,35023
311180,2010,2600,35868,33268
311180,2011,3000,33286,30286
311180,2012,3000,33169,30169
311180,2013,4800,35429,30629
311180,2014,7000,39994,32994
311180,2015,10000,30539,20539
311180,2016,10000,26139,16139
311180,2017,20000,35746,15746
311180,2018,15000,28732,13732
311180,2019,25000,45862,20862
311180,2020,20000,46619,26619
311180,2021,20000,49563,29563
311190,1988,0,4793,4793
311190,1989,0,3940,3940
311190,1990,0,3869,3869
311190,1991,0,3848,3848
311190,1992,0,3406,3406
311190,1993,0,3406,3406
311190,1994,0,3406,3406
311190,1995,0,3406,3406
311190,1996,0,1879,1879
311190,1997,0,2350,2350
311190,1998,0,2279,2279
311190,1999,0,2740,2740
311190,2000,0,2667,2667
311190,2001,0,2767,2767
311190,2002,0,2914,2914
311190,2003,0,3018,3018
311190,2004,0,3113,3113
311190,2005,0,3383,3383
311190,2006,0,3550,3550
311190,2007,0,3418,3418
311190,2008,0,3045,3045
311190,2009,0,3170,3170
311190,2010,0,3165,3165
311190,2011,0,2844,2844
311190,2012,0,2672,2672
311190,2013,0,2669,2669
311190,2014,0,2403,2403
311190,2015,0,2037,2037
311190,2016,0,1694,1694
311190,2017,0,846,846
311190,2018,0,1013,1013
311190,2019,0,1037,1037
311190,2020,0,1118,1118
311190,2021,100,1009,909
311200,1988,10,10982,10972
311200,1989,5,10686,10681
311200,1990,6,10398,10392
311200,1991,8,10798,10790
311200,1992,8,9902,9894
311200,1993,8,9909,9901
311200,1994,8,9710,9702
311200,1995,0,10878,10878
311200,1996,0,10878,10878
311200,1997,0,9406,9406
311200,1998,0,10136,10136
311200,1999,0,9111,9111
311200,2000,0,9511,9511
311200,2001,0,9390,9390
311200,2002,0,9385,9385
311200,2003,0,9383,9383
311200,2004,0,9873,9873
311200,2005,0,9752,9752
311200,2006,0,9462,9462
311200,2007,0,11242,11242
311200,2008,0,10482,10482
311200,2009,0,10717,10717
311200,2010,0,12202,12202
311200,2011,0,12512,12512
311200,2012,0,13262,13262
311200,2013,0,13592,13592
311200,2014,0,13927,13927
311200,2015,0,13839,13839
311200,2016,0,14119,14119
311200,2017,0,13071,13071
311200,2018,1200,10403,9203
311200,2019,1000,12330,11330
311200,2020,1120,12788,11668
311200,2021,1200,12319,11119
311210,1988,0,4588,4588
311210,1989,0,5017,5017
311210,1990,0,4484,4484
311210,1991,0,4659,4659
311210,1992,0,5434,5434
311210,1993,0,5483,5483
311210,1994,0,5664,5664
311210,1995,0,5686,5686
311210,1996,1,7565,7564
311210,1997,0,7573,7573
311210,1998,0,5694,5694
311210,1999,0,5691,5691
311210,2000,0,6065,6065
311210,2001,0,6454,6454
311210,2002,0,6583,6583
311210,2003,0,7350,7350
311210,2004,0,9906,9906
311210,2005,0,7216,7216
311210,2006,0,7483,7483
311210,2007,0,7326,7326
311210,2008,0,8631,8631
311210,2009,0,8426,8426
311210,2010,0,8383,8383
311210,2011,0,7925,7925
311210,2012,0,8445,8445
311210,2013,0,8180,8180
311210,2014,0,7356,7356
311210,2015,0,9184,9184
311210,2016,0,9328,9328
311210,2017,0,7700,7700
311210,2018,0,8152,8152
311210,2019,0,8197,8197
311210,2020,0,8567,8567
311210,2021,0,7674,7674
311220,1988,0,1299,1299
311220,1989,0,1193,1193
311220,1990,0,1116,1116
311220,1991,0,1102,1102
311220,1992,0,1061,1061
311220,1993,0,991,991
311220,1994,0,1021,1021
311220,1995,0,1060,1060
311220,1996,0,1073,1073
311220,1997,0,981,981
311220,1998,0,994,994
311220,1999,0,962,962
311220,2000,0,1040,1040
311220,2001,0,1097,1097
311220,2002,0,1439,1439
311220,2003,0,1507,1507
311220,2004,0,1537,1537
311220,2005,0,1578,1578
311220,2006,0,1433,1433
311220,2007,0,1408,1408
311220,2008,0,1563,1563
311220,2009,0,1868,1868
311220,2010,0,1866,1866
311220,2011,0,1670,1670
311220,2012,0,1670,1670
311220,2013,0,1675,1675
311220,2014,0,1592,1592
311220,2015,0,1648,1648
311220,2016,200,1928,1728
311220,2017,0,1112,1112
311220,2018,0,889,889
311220,2019,0,981,981
311220,2020,0,784,784
311220,2021,0,858,858
311230,1988,0,13490,13490
311230,1989,0,13204,13204
311230,1990,0,12438,12438
311230,1991,0,13267,13267
311230,1992,0,14079,14079
311230,1993,0,11885,11885
311230,1994,0,14275,14275
311230,1995,0,14882,14882
311230,1996,0,13809,13809
311230,1997,0,13827,13827
311230,1998,0,17377,17377
311230,1999,0,19011,19011
311230,2000,0,20988,20988
311230,2001,0,20040,20040
311230,2002,0,18557,18557
311230,2003,0,18347,18347
311230,2004,0,17444,17444
311230,2005,0,20198,20198
311230,2006,0,19654,19654
311230,2007,0,18987,18987
311230,2008,0,15124,15124
311230,2009,0,15369,15369
311230,2010,0,13649,13649
311230,2011,0,12184,12184
311230,2012,0,13631,13631
311230,2013,0,12309,12309
311230,2014,0,12020,12020
311230,2015,0,13316,13316
311230,2016,0,13204,13204
311230,2017,0,10439,10439
311230,2018,0,10932,10932
311230,2019,0,13023,13023
311230,2020,0,13286,13286
311230,2021,0,13081,13081
311240,1988,0,6740,6740
311240,1989,0,6569,6569
311240,1990,0,6397,6397
311240,1991,0,6338,6338
311240,1992,0,6667,6667
311240,1993,0,5747,5747
311240,1994,0,5657,5657
311240,1995,0,4171,4171
311240,1996,0,4133,4133
311240,1997,0,4540,4540
311240,1998,0,3690,3690
311240,1999,0,4444,4444
311240,2000,0,4763,4763
311240,2001,0,4992,4992
311240,2002,0,5027,5027
311240,2003,0,5574,5574
311240,2004,300,5512,5212
311240,2005,300,5342,5042
311240,2006,0,5562,5562
311240,2007,0,5562,5562
311240,2008,0,5712,5712
311240,2009,0,4822,4822
311240,2010,0,5961,5961
311240,2011,0,5759,5759
311240,2012,0,7089,7089
311240,2013,0,5239,5239
311240,2014,0,6059,6059
311240,2015,0,6440,6440
311240,2016,0,6150,6150
311240,2017,400,5864,5464
311240,2018,400,5894,5494
311240,2019,400,7050,6650
311240,2020,850,8241,7391
311240,2021,1150,8445,7295
311250,1988,0,1200,1200
311250,1989,0,1433,1433
311250,1990,0,1302,1302
311250,1991,0,1300,1300
311250,1992,0,1300,1300
311250,1993,0,1591,1591
311250,1994,0,1587,1587
311250,1995,0,1576,1576
311250,1996,0,1591,1591
311250,1997,0,1591,1591
311250,1998,0,1057,1057
311250,1999,0,688,688
311250,2000,0,354,354
311250,2001,0,289,289
311250,2002,0,264,264
311250,2003,0,286,286
311250,2004,0,216,216
311250,2005,0,185,185
311250,2006,0,171,171
311250,2007,0,176,176
311250,2008,0,176,176
311250,2009,0,73,73
311250,2010,0,93,93
311250,2011,0,203,203
311250,2012,0,284,284
311250,2013,0,248,248
311250,2014,0,263,263
311250,2015,0,266,266
311250,2016,0,186,186
311250,2017,0,82,82
311250,2018,0,75,75
311250,2019,0,86,86
311250,2020,0,71,71
311250,2021,0,80,80
311260,1988,6000,28424,22424
311260,1989,9000,28534,19534
311260,1990,7000,28178,21178
311260,1991,5300,28837,23537
311260,1992,6500,26348,19848
311260,1993,8300,31098,22798
311260,1994,9500,34296,24796
311260,1995,7000,30405,23405
311260,1996,8000,27468,19468
311260,1997,9000,27146,18146
311260,1998,10000,30006,20006
311260,1999,13000,28365,15365
311260,2000,16500,27595,11095
311260,2001,18000,28906,10906
311260,2002,24500,40575,16075
311260,2003,26000,34096,8096
311260,2004,27600,41501,13901
311260,2005,23000,36852,13852
311260,2006,20500,37204,16704
311260,2007,21000,42529,21529
311260,2008,21250,44469,23219
311260,2009,22000,43361,21361
311260,2010,23250,50799,27549
311260,2011,24450,48588,24138
311260,2012,23000,51063,28063
311260,2013,26500,56444,29944
311260,2014,27170,56843,29673
311260,2015,31700,53916,22216
311260,2016,32315,60910,28595
311260,2017,32315,60293,27978
311260,2018,32406,61667,29261
311260,2019,32406,60940,28534
311260,2020,32427,63059,30632
311260,2021,32427,63947,31520
311270,1988,0,1582,1582
311270,1989,0,1262,1262
311270,1990,0,1102,1102
311270,1991,0,1079,1079
311270,1992,0,1306,1306
311270,1993,0,1347,1347
311270,1994,0,1346,1346
311270,1995,0,2933,2933
311270,1996,15,2253,2238
311270,1997,15,2406,2391
311270,1998,0,2763,2763
311270,1999,0,2919,2919
311270,2000,0,3101,3101
311270,2001,0,3271,3271
311270,2002,0,2890,2890
311270,2003,0,2349,2349
311270,2004,0,2657,2657
311270,2005,0,2861,2861
311270,2006,0,2927,2927
311270,2007,0,2664,2664
311270,2008,0,4141,4141
311270,2009,0,4141,4141
311270,2010,0,4202,4202
311270,2011,0,3040,3040
311270,2012,0,3055,3055
311270,2013,0,3139,3139
311270,2014,0,2934,2934
311270,2015,0,3297,3297
311270,2016,0,3147,3147
311270,2017,0,1686,1686
311270,2018,0,1350,1350
311270,2019,0,1188,1188
311270,2020,0,1186,1186
311270,2021,0,1308,1308
311280,1988,0,4522,4522
311280,1989,0,4684,4684
311280,1990,0,4193,4193
311280,1991,0,4284,4284
311280,1992,0,5424,5424
311280,1993,0,5220,5220
311280,1994,0,6525,6525
311280,1995,0,6409,6409
311280,1996,0,5304,5304
311280,1997,0,5187,5187
311280,1998,0,4280,4280
311280,1999,0,3673,3673
311280,2000,0,4121,4121
311280,2001,0,4353,4353
311280,2002,0,3727,3727
311280,2003,0,4645,4645
311280,2004,160,4888,4728
311280,2005,100,4449,4349
311280,2006,0,4053,4053
311280,2007,0,2080,2080
311280,2008,0,3651,3651
311280,2009,0,3372,3372
311280,2010,0,3458,3458
311280,2011,0,3422,3422
311280,2012,0,3510,3510
311280,2013,0,3973,3973
311280,2014,0,4285,4285
311280,2015,0,4060,4060
311280,2016,0,3933,3933
311280,2017,135,3252,3117
311280,2018,150,3707,3557
311280,2019,140,3708,3568
311280,2020,140,3145,3005
311280,2021,500,3471,2971
311290,1988,0,4636,4636
311290,1989,0,4902,4902
311290,1990,0,4701,4701
311290,1991,0,4659,4659
311290,1992,0,5006,5006
311290,1993,0,5040,5040
311290,1994,0,4591,4591
311290,1995,0,4410,4410
311290,1996,0,4614,4614
311290,1997,0,4193,4193
311290,1998,0,4344,4344
311290,1999,0,4344,4344
311290,2000,0,4583,4583
311290,2001,0,4526,4526
311290,2002,0,5615,5615
311290,2003,0,6989,6989
311290,2004,0,6936,6936
311290,2005,0,7134,7134
311290,2006,0,6843,6843
311290,2007,0,6818,6818
311290,2008,0,6743,6743
311290,2009,0,6113,6113
311290,2010,0,5813,5813
311290,2011,0,5813,5813
311290,2012,0,5612,5612
311290,2013,0,5813,5813
311290,2014,0,5593,5593
311290,2015,0,5385,5385
311290,2016,0,5735,5735
311290,2017,0,4266,4266
311290,2018,0,4523,4523
311290,2019,0,4937,4937
311290,2020,0,5210,5210
311290,2021,0,5080,5080
311300,1988,0,9670,9670
311300,1989,0,7468,7468
311300,1990,0,6868,6868
311300,1991,0,7094,7094
311300,1992,0,6684,6684
311300,1993,0,6304,6304
311300,1994,0,6219,6219
311300,1995,0,4217,4217
311300,1996,0,5634,5634
311300,1997,0,6403,6403
311300,1998,0,6413,6413
311300,1999,0,6444,6444
311300,2000,0,6722,6722
311300,2001,0,6722,6722
311300,2002,0,6725,6725
311300,2003,0,6685,6685
311300,2004,0,5243,5243
311300,2005,0,5208,5208
311300,2006,0,5432,5432
311300,2007,0,5032,5032
311300,2008,0,4767,4767
311300,2009,0,4767,4767
311300,2010,0,4787,4787
311300,2011,0,5267,5267
311300,2012,0,3950,3950
311300,2013,0,3078,3078
311300,2014,0,3018,3018
311300,2015,0,2425,2425
311300,2016,0,1588,1588
311300,2017,0,2132,2132
311300,2018,0,1862,1862
311300,2019,0,1661,1661
311300,2020,0,1668,1668
311300,2021,0,1455,1455
311310,1988,0,1471,1471
311310,1989,0,1361,1361
311310,1990,0,1257,1257
311310,1991,0,1240,1240
311310,1992,0,1187,1187
311310,1993,0,1077,1077
311310,1994,0,1127,1127
311310,1995,0,1155,1155
311310,1996,0,1162,1162
311310,1997,0,1064,1064
311310,1998,0,1031,1031
311310,1999,0,1067,1067
311310,2000,0,1058,1058
311310,2001,0,1191,1191
311310,2002,0,1182,1182
311310,2003,0,1082,1082
311310,2004,0,975,975
311310,2005,0,994,994
311310,2006,0,958,958
311310,2007,0,929,929
311310,2008,0,947,947
311310,2009,0,919,919
311310,2010,0,902,902
311310,2011,0,890,890
311310,2012,0,894,894
311310,2013,0,874,874
311310,2014,0,866,866
311310,2015,0,866,866
311310,2016,85,1036,951
311310,2017,0,204,204
311310,2018,1,273,272
311310,2019,1,263,262
311310,2020,0,293,293
311310,2021,0,313,313
311320,1988,0,4765,4765
311320,1989,0,5118,5118
311320,1990,0,4781,4781
311320,1991,0,4778,4778
311320,1992,0,4878,4878
311320,1993,0,4713,4713
311320,1994,0,4713,4713
311320,1995,0,6484,6484
311320,1996,0,6436,6436
311320,1997,0,2902,2902
311320,1998,0,2895,2895
311320,1999,0,2841,2841
311320,2000,0,2797,2797
311320,2001,0,8228,8228
311320,2002,0,9058,9058
311320,2003,0,8418,8418
311320,2004,0,9218,9218
311320,2005,0,9513,9513
311320,2006,0,9139,9139
311320,2007,0,8369,8369
311320,2008,0,8284,8284
311320,2009,0,8359,8359
311320,2010,0,7647,7647
311320,2011,0,7719,7719
311320,2012,80,8319,8239
311320,2013,330,7955,7625
311320,2014,350,9707,9357
311320,2015,450,9719,9269
311320,2016,1200,10073,8873
311320,2017,440,8545,8105
311320,2018,500,8959,8459
311320,2019,600,8404,7804
311320,2020,660,8810,8150
311320,2021,600,9598,8998
311330,1988,0,9597,9597
311330,1989,0,9652,9652
311330,1990,0,8211,8211
311330,1991,0,8800,8800
311330,1992,0,11366,11366
311330,1993,0,11651,11651
311330,1994,0,11805,11805
311330,1995,0,11732,11732
311330,1996,0,15611,15611
311330,1997,0,15422,15422
311330,1998,0,13692,13692
311330,1999,0,13528,13528
311330,2000,0,10675,10675
311330,2001,0,10376,10376
311330,2002,0,6076,6076
311330,2003,0,9052,9052
311330,2004,0,9284,9284
311330,2005,0,9499,9499
311330,2006,0,9486,9486
311330,2007,0,9216,9216
311330,2008,0,9565,9565
311330,2009,0,9589,9589
311330,2010,0,9523,9523
311330,2011,0,9476,9476
311330,2012,0,9707,9707
311330,2013,0,9653,9653
311330,2014,0,9443,9443
311330,2015,0,10001,10001
311330,2016,0,9582,9582
311330,2017,0,10704,10704
311330,2018,0,10925,10925
311330,2019,0,9416,9416
311330,2020,0,9876,9876
311330,2021,0,9583,9583
311340,1988,0,27836,27836
311340,1989,0,27908,27908
311340,1990,0,27300,27300
311340,1991,0,27732,27732
311340,1992,0,31294,31294
311340,1993,0,31383,31383
311340,1994,0,30507,30507
311340,1995,0,31186,31186
311340,1996,0,42740,42740
311340,1997,0,27353,27353
311340,1998,0,40598,40598
311340,1999,0,33624,33624
311340,2000,0,30434,30434
311340,2001,0,33431,33431
311340,2002,0,35529,35529
311340,2003,0,33576,33576
311340,2004,0,35868,35868
311340,2005,0,35404,35404
311340,2006,0,35548,35548
311340,2007,0,35895,35895
311340,2008,0,34895,34895
311340,2009,0,34018,34018
311340,2010,0,33913,33913
311340,2011,0,33057,33057
311340,2012,0,33461,33461
311340,2013,0,33429,33429
311340,2014,0,30660,30660
311340,2015,0,30954,30954
311340,2016,0,30585,30585
311340,2017,0,28197,28197
311340,2018,0,26786,26786
311340,2019,0,27254,27254
311340,2020,0,28898,28898
311340,2021,0,25743,25743
311350,1988,2600,5705,3105
311350,1989,1500,3652,2152
311350,1990,2500,5131,2631
311350,1991,2500,5052,2552
311350,1992,2500,5074,2574
311350,1993,4000,6551,2551
311350,1994,1500,3357,1857
311350,1995,4000,5759,1759
311350,1996,600,1909,1309
311350,1997,20,2201,2181
311350,1998,25,1304,1279
311350,1999,20,1324,1304
311350,2000,25,1059,1034
311350,2001,20,960,940
311350,2002,0,980,980
311350,2003,0,1918,1918
311350,2004,0,1296,1296
311350,2005,0,1548,1548
311350,2006,0,3300,3300
311350,2007,0,2410,2410
311350,2008,0,1583,1583
311350,2009,0,3449,3449
311350,2010,0,1377,1377
311350,2011,0,1476,1476
311350,2012,0,3116,3116
311350,2013,0,1076,1076
311350,2014,0,1076,1076
311350,2015,0,999,999
311350,2016,0,769,769
311350,2017,0,655,655
311350,2018,0,673,673
311350,2019,0,890,890
311350,2020,0,806,806
311350,2021,0,835,835
311360,1988,0,3523,3523
311360,1989,0,3412,3412
311360,1990,0,3167,3167
311360,1991,0,3683,3683
311360,1992,0,3751,3751
311360,1993,0,2285,2285
311360,1994,0,2265,2265
311360,1995,0,2265,2265
311360,1996,0,2269,2269
311360,1997,0,2268,2268
311360,1998,0,2064,2064
311360,1999,0,1370,1370
311360,2000,0,1453,1453
311360,2001,0,1417,1417
311360,2002,0,1463,1463
311360,2003,0,1668,1668
311360,2004,0,1699,1699
311360,2005,0,1699,1699
311360,2006,0,2100,2100
311360,2007,0,1939,1939
311360,2008,0,2022,2022
311360,2009,0,1863,1863
311360,2010,0,1863,1863
311360,2011,0,2045,2045
311360,2012,0,2170,2170
311360,2013,0,2066,2066
311360,2014,0,2029,2029
311360,2015,0,2140,2140
311360,2016,35,1762,1727
311360,2017,30,1719,1689
311360,2018,70,1899,1829
311360,2019,400,2326,1926
311360,2020,580,2234,1654
311360,2021,500,2407,1907
311370,1988,0,6894,6894
311370,1989,0,2194,2194
311370,1990,0,2002,2002
311370,1991,0,2544,2544
311370,1992,0,2544,2544
311370,1993,0,2544,2544
311370,1994,0,2244,2244
311370,1995,0,1844,1844
311370,1996,0,1723,1723
311370,1997,0,1737,1737
311370,1998,0,1664,1664
311370,1999,0,1644,1644
311370,2000,0,1359,1359
311370,2001,0,1364,1364
311370,2002,0,1149,1149
311370,2003,0,841,841
311370,2004,0,860,860
311370,2005,0,936,936
311370,2006,0,1331,1331
311370,2007,0,1363,1363
311370,2008,0,649,649
311370,2009,0,646,646
311370,2010,0,666,666
311370,2011,0,374,374
311370,2012,0,424,424
311370,2013,0,453,453
311370,2014,0,378,378
311370,2015,0,440,440
311370,2016,0,401,401
311370,2017,0,203,203
311370,2018,0,261,261
311370,2019,0,263,263
311370,2020,0,259,259
311370,2021,0,266,266
311380,1988,0,834,834
311380,1989,0,834,834
311380,1990,0,835,835
311380,1991,0,894,894
311380,1992,0,871,871
311380,1993,0,867,867
311380,1994,0,1736,1736
311380,1995,0,1497,1497
311380,1996,0,292,292
311380,1997,0,360,360
311380,1998,0,350,350
311380,1999,0,781,781
311380,2000,0,881,881
311380,2001,0,985,985
311380,2002,0,754,754
311380,2003,0,588,588
311380,2004,0,418,418
311380,2005,0,328,328
311380,2006,0,364,364
311380,2007,0,370,370
311380,2008,0,375,375
311380,2009,0,400,400
311380,2010,0,411,411
311380,2011,0,405,405
311380,2012,0,395,395
311380,2013,0,380,380
311380,2014,0,365,365
311380,2015,0,292,292
311380,2016,0,398,398
311380,2017,0,101,101
311380,2018,0,108,108
311380,2019,0,128,128
311380,2020,0,120,120
311380,2021,0,124,124
311390,1988,0,10525,10525
311390,1989,0,9950,9950
311390,1990,0,10138,10138
311390,1991,0,10703,10703
311390,1992,0,11894,11894
311390,1993,0,12066,12066
311390,1994,0,12486,12486
311390,1995,0,12206,12206
311390,1996,27,7463,7436
311390,1997,27,9191,9164
311390,1998,0,12038,12038
311390,1999,0,12838,12838
311390,2000,0,12070,12070
311390,2001,0,13808,13808
311390,2002,120,14996,14876
311390,2003,420,14983,14563
311390,2004,250,14416,14166
311390,2005,18,13777,13759
311390,2006,48,13807,13759
311390,2007,48,14107,14059
311390,2008,100,14726,14626
311390,2009,100,14616,14516
311390,2010,200,18907,18707
311390,2011,250,22692,22442
311390,2012,250,15142,14892
311390,2013,800,18282,17482
311390,2014,1000,19429,18429
311390,2015,2500,19102,16602
311390,2016,2000,19405,17405
311390,2017,2000,13858,11858
311390,2018,500,13505,13005
311390,2019,1500,14597,13097
311390,2020,1500,14877,13377
311390,2021,1500,13962,12462
311400,1988,0,3598,3598
311400,1989,0,3449,3449
311400,1990,0,3413,3413
311400,1991,0,3270,3270
311400,1992,0,3130,3130
311400,1993,0,3093,3093
311400,1994,0,3121,3121
311400,1995,0,3095,3095
311400,1996,0,3065,3065
311400,1997,0,3722,3722
311400,1998,0,3452,3452
311400,1999,0,3370,3370
311400,2000,0,2631,2631
311400,2001,0,2462,2462
311400,2002,0,1957,1957
311400,2003,0,2594,2594
311400,2004,0,2590,2590
311400,2005,0,2700,2700
311400,2006,0,2910,2910
311400,2007,0,2910,2910
311400,2008,0,2910,2910
311400,2009,0,3057,3057
311400,2010,0,3057,3057
311400,2011,0,3057,3057
311400,2012,0,3057,3057
311400,2013,0,3037,3037
311400,2014,90,2161,2071
311400,2015,82,1830,1748
311400,2016,90,1746,1656
311400,2017,121,1536,1415
311400,2018,150,1738,1588
311400,2019,100,1604,1504
311400,2020,100,1599,1499
311400,2021,150,1744,1594
311410,1988,0,4730,4730
311410,1989,0,3745,3745
311410,1990,0,3729,3729
311410,1991,0,3830,3830
311410,1992,0,4504,4504
311410,1993,0,4589,4589
311410,1994,0,4770,4770
311410,1995,0,4921,4921
311410,1996,0,3395,3395
311410,1997,0,4179,4179
311410,1998,0,3911,3911
311410,1999,0,4122,4122
311410,2000,0,4282,4282
311410,2001,0,4615,4615
311410,2002,0,4989,4989
311410,2003,0,5953,5953
311410,2004,0,6275,6275
311410,2005,0,6573,6573
311410,2006,0,6293,6293
311410,2007,0,6627,6627
311410,2008,0,6107,6107
311410,2009,0,5651,5651
311410,2010,0,4931,4931
311410,2011,0,6145,6145
311410,2012,0,5858,5858
311410,2013,250,6174,5924
311410,2014,800,5920,5120
311410,2015,840,7029,6189
311410,2016,1000,6602,5602
311410,2017,900,7718,6818
311410,2018,1000,7164,6164
311410,2019,400,6167,5767
311410,2020,800,6485,5685
311410,2021,1200,6597,5397
311420,1988,0,2418,2418
311420,1989,0,2077,2077
311420,1990,0,1793,1793
311420,1991,0,1847,1847
311420,1992,0,2003,2003
311420,1993,0,2008,2008
311420,1994,0,2008,2008
311420,1995,0,2195,2195
311420,1996,0,1928,1928
311420,1997,0,1870,1870
311420,1998,0,1885,1885
311420,1999,0,1743,1743
311420,2000,0,1433,1433
311420,2001,0,1451,1451
311420,2002,0,893,893
311420,2003,0,956,956
311420,2004,0,1867,1867
311420,2005,0,1579,1579
311420,2006,0,1449,1449
311420,2007,0,1449,1449
311420,2008,0,1452,1452
311420,2009,0,1472,1472
311420,2010,0,1476,1476
311420,2011,0,1479,1479
311420,2012,0,1481,1481
311420,2013,0,1454,1454
311420,2014,0,1635,1635
311420,2015,0,1607,1607
311420,2016,0,1500,1500
311420,2017,0,278,278
311420,2018,0,291,291
311420,2019,0,293,293
311420,2020,0,340,340
311420,2021,0,383,383
311430,1988,575,24769,24194
311430,1989,550,22944,22394
311430,1990,111,22385,22274
311430,1991,140,22130,21990
311430,1992,180,21147,20967
311430,1993,150,20651,20501
311430,1994,157,20979,20822
311430,1995,150,18112,17962
311430,1996,100,9846,9746
311430,1997,80,11898,11818
311430,1998,500,12151,11651
311430,1999,100,13642,13542
311430,2000,0,11562,11562
311430,2001,0,13597,13597
311430,2002,225,13715,13490
311430,2003,350,14532,14182
311430,2004,825,14778,13953
311430,2005,250,13898,13648
311430,2006,0,15044,15044
311430,2007,0,15171,15171
311430,2008,300,14861,14561
311430,2009,0,15504,15504
311430,2010,300,14319,14019
311430,2011,300,14200,13900
311430,2012,250,14805,14555
311430,2013,300,14569,14269
311430,2014,400,14466,14066
311430,2015,420,13838,13418
311430,2016,800,14956,14156
311430,2017,1760,14841,13081
311430,2018,1900,16237,14337
311430,2019,1848,15426,13578
311430,2020,1725,15392,13667
311430,2021,2300,16105,13805
311440,1988,30,14879,14849
311440,1989,30,14625,14595
311440,1990,0,13400,13400
311440,1991,0,16580,16580
311440,1992,0,16052,16052
311440,1993,0,17554,17554
311440,1994,0,23255,23255
311440,1995,0,16918,16918
311440,1996,0,18507,18507
311440,1997,0,17644,17644
311440,1998,0,18685,18685
311440,1999,0,18435,18435
311440,2000,0,22725,22725
311440,2001,0,19835,19835
311440,2002,0,19950,19950
311440,2003,150,24931,24781
311440,2004,300,26879,26579
311440,2005,300,29764,29464
311440,2006,500,28586,28086
311440,2007,500,28712,28212
311440,2008,350,25595,25245
311440,2009,350,20306,19956
311440,2010,350,19262,18912
311440,2011,700,22432,21732
311440,2012,800,20555,19755
311440,2013,800,21885,21085
311440,2014,2500,19638,17138
311440,2015,3660,21302,17642
311440,2016,5500,24432,18932
311440,2017,4670,25328,20658
311440,2018,5000,25647,20647
311440,2019,6500,30455,23955
311440,2020,6500,29757,23257
311440,2021,6700,24666,17966
311450,1988,0,3383,3383
311450,1989,0,3274,3274
311450,1990,0,3248,3248
311450,1991,0,3261,3261
311450,1992,0,2506,2506
311450,1993,0,2338,2338
311450,1994,0,2534,2534
311450,1995,0,2564,2564
311450,1996,2,3670,3668
311450,1997,2,2369,2367
311450,1998,0,2562,2562
311450,1999,0,2597,2597
311450,2000,0,2649,2649
311450,2001,0,2140,2140
311450,2002,0,1655,1655
311450,2003,0,1320,1320
311450,2004,0,1335,1335
311450,2005,0,1410,1410
311450,2006,0,1375,1375
311450,2007,0,1343,1343
311450,2008,0,1339,1339
311450,2009,0,1339,1339
311450,2010,0,1339,1339
311450,2011,0,1339,1339
311450,2012,0,1196,1196
311450,2013,0,1504,1504
311450,2014,0,1612,1612
311450,2015,0,1593,1593
311450,2016,0,1186,1186
311450,2017,0,1266,1266
311450,2018,0,1185,1185
311450,2019,0,1199,1199
311450,2020,0,1091,1091
311450,2021,0,1168,1168
311460,1988,0,3276,3276
311460,1989,0,1854,1854
311460,1990,0,1811,1811
311460,1991,0,3087,3087
311460,1992,0,2142,2142
311460,1993,0,2412,2412
311460,1994,0,2221,2221
311460,1995,0,2051,2051
311460,1996,0,2048,2048
311460,1997,0,1231,1231
311460,1998,0,1975,1975
311460,1999,0,2052,2052
311460,2000,0,1492,1492
311460,2001,0,1463,1463
311460,2002,0,1702,1702
311460,2003,0,2339,2339
311460,2004,600,3920,3320
311460,2005,400,3858,3458
311460,2006,0,3390,3390
311460,2007,0,3112,3112
311460,2008,0,2882,2882
311460,2009,30,2792,2762
311460,2010,240,2903,2663
311460,2011,450,3018,2568
311460,2012,450,3326,2876
311460,2013,600,3828,3228
311460,2014,1118,4699,3581
311460,2015,1150,4933,3783
311460,2016,3000,5853,2853
311460,2017,2070,6522,4452
311460,2018,2000,6550,4550
311460,2019,8500,15731,7231
311460,2020,4000,11282,7282
311460,2021,6500,16695,10195
311470,1988,0,2007,2007
311470,1989,0,2806,2806
311470,1990,0,2489,2489
311470,1991,0,2470,2470
311470,1992,0,2305,2305
311470,1993,0,2417,2417
311470,1994,0,2677,2677
311470,1995,0,2526,2526
311470,1996,0,2384,2384
311470,1997,0,2258,2258
311470,1998,0,2951,2951
311470,1999,0,2958,2958
311470,2000,0,2866,2866
311470,2001,0,2596,2596
311470,2002,0,2688,2688
311470,2003,0,2723,2723
311470,2004,0,2900,2900
311470,2005,0,2567,2567
311470,2006,0,2900,2900
311470,2007,0,1887,1887
311470,2008,0,2036,2036
311470,2009,0,2029,2029
311470,2010,0,2082,2082
311470,2011,0,2101,2101
311470,2012,0,2115,2115
311470,2013,0,2119,2119
311470,2014,0,1988,1988
311470,2015,0,1949,1949
311470,2016,0,1990,1990
311470,2017,8,2114,2106
311470,2018,11,1836,1825
311470,2019,50,1934,1884
311470,2020,80,2057,1977
311470,2021,75,2252,2177
311480,1988,0,2106,2106
311480,1989,0,2146,2146
311480,1990,0,2161,2161
311480,1991,0,2192,2192
311480,1992,0,2162,2162
311480,1993,0,2162,2162
311480,1994,0,2155,2155
311480,1995,0,2155,2155
311480,1996,0,2161,2161
311480,1997,0,2161,2161
311480,1998,0,2153,2153
311480,1999,0,2153,2153
311480,2000,0,3011,3011
311480,2001,0,1119,1119
311480,2002,0,1070,1070
311480,2003,0,1070,1070
311480,2004,0,1070,1070
311480,2005,0,1070,1070
311480,2006,0,1110,1110
311480,2007,0,1030,1030
311480,2008,0,1030,1030
311480,2009,0,685,685
311480,2010,0,685,685
311480,2011,0,685,685
311480,2012,0,685,685
311480,2013,0,360,360
311480,2014,0,360,360
311480,2015,0,356,356
311480,2016,0,330,330
311480,2017,0,100,100
311480,2018,0,122,122
311480,2019,0,140,140
311480,2020,0,230,230
311480,2021,0,326,326
311490,1988,0,2285,2285
311490,1989,0,2028,2028
311490,1990,0,1726,1726
311490,1991,0,1859,1859
311490,1992,0,1731,1731
311490,1993,0,1558,1558
311490,1994,0,1640,1640
311490,1995,0,1726,1726
311490,1996,0,1756,1756
311490,1997,0,1427,1427
311490,1998,0,1504,1504
311490,1999,0,1474,1474
311490,2000,0,1519,1519
311490,2001,0,1115,1115
311490,2002,0,1111,1111
311490,2003,0,1111,1111
311490,2004,0,977,977
311490,2005,0,1003,1003
311490,2006,0,959,959
311490,2007,0,963,963
311490,2008,0,990,990
311490,2009,0,1460,1460
311490,2010,0,1480,1480
311490,2011,0,1237,1237
311490,2012,0,1277,1277
311490,2013,0,1366,1366
311490,2014,0,1364,1364
311490,2015,0,1317,1317
311490,2016,0,1387,1387
311490,2017,115,3941,3826
311490,2018,120,4111,3991
311490,2019,120,4061,3941
311490,2020,150,4306,4156
311490,2021,180,4231,4051
311500,1988,500,1796,1296
311500,1989,1200,3517,2317
311500,1990,1500,3647,2147
311500,1991,1000,3230,2230
311500,1992,1500,3653,2153
311500,1993,1800,3763,1963
311500,1994,1800,3774,1974
311500,1995,1000,3415,2415
311500,1996,220,1801,1581
311500,1997,500,2677,2177
311500,1998,900,2199,1299
311500,1999,780,2109,1329
311500,2000,780,2396,1616
311500,2001,780,2506,1726
311500,2002,960,2614,1654
311500,2003,1800,3658,1858
311500,2004,1500,3562,2062
311500,2005,1500,3571,2071
311500,2006,1400,3614,2214
311500,2007,1400,3444,2044
311500,2008,1400,3372,1972
311500,2009,1000,3548,2548
311500,2010,1200,3519,2319
311500,2011,1200,3634,2434
311500,2012,1200,3474,2274
311500,2013,2200,5618,3418
311500,2014,1500,3732,2232
311500,2015,1700,3003,1303
311500,2016,1700,3352,1652
311500,2017,350,1257,907
311500,2018,800,1763,963
311500,2019,1700,4082,2382
311500,2020,2050,3642,1592
311500,2021,1720,3338,1618
311510,1988,0,17328,17328
311510,1989,0,16620,16620
311510,1990,0,15727,15727
311510,1991,0,16246,16246
311510,1992,0,14372,14372
311510,1993,0,14062,14062
311510,1994,0,14339,14339
311510,1995,0,13648,13648
311510,1996,72,7683,7611
311510,1997,0,11729,11729
311510,1998,150,10295,10145
311510,1999,0,10139,10139
311510,2000,0,9962,9962
311510,2001,0,12084,12084
311510,2002,90,11900,11810
311510,2003,150,12760,12610
311510,2004,160,12745,12585
311510,2005,300,12055,11755
311510,2006,0,11150,11150
311510,2007,0,11050,11050
311510,2008,0,12467,12467
311510,2009,200,11623,11423
311510,2010,0,10904,10904
311510,2011,53,11045,10992
311510,2012,41,9348,9307
311510,2013,650,10363,9713
311510,2014,600,10226,9626
311510,2015,210,10227,10017
311510,2016,700,9965,9265
311510,2017,2360,10749,8389
311510,2018,2500,11349,8849
311510,2019,2500,12822,10322
311510,2020,4300,13534,9234
311510,2021,4100,12474,8374
311520,1988,0,2144,2144
311520,1989,0,2155,2155
311520,1990,0,2146,2146
311520,1991,0,2149,2149
311520,1992,0,2038,2038
311520,1993,0,2030,2030
311520,1994,0,2019,2019
311520,1995,0,2084,2084
311520,1996,1,1721,1720
311520,1997,1,1721,1720
311520,1998,1,1725,1724
311520,1999,1,1794,1793
311520,2000,0,1843,1843
311520,2001,0,1406,1406
311520,2002,0,1490,1490
311520,2003,0,1612,1612
311520,2004,0,1569,1569
311520,2005,0,1569,1569
311520,2006,0,1468,1468
311520,2007,0,1352,1352
311520,2008,45,1594,1549
311520,2009,0,1656,1656
311520,2010,0,1284,1284
311520,2011,0,1211,1211
311520,2012,50,1326,1276
311520,2013,200,1609,1409
311520,2014,200,1800,1600
311520,2015,200,1690,1490
311520,2016,250,1495,1245
311520,2017,155,364,209
311520,2018,120,732,612
311520,2019,250,2106,1856
311520,2020,150,1582,1432
311520,2021,200,1600,1400
311530,1988,0,2721,2721
311530,1989,0,3065,3065
311530,1990,0,3234,3234
311530,1991,0,3294,3294
311530,1992,0,3299,3299
311530,1993,0,3290,3290
311530,1994,0,3236,3236
311530,1995,0,3074,3074
311530,1996,0,2835,2835
311530,1997,0,2886,2886
311530,1998,0,2037,2037
311530,1999,0,1998,1998
311530,2000,0,1864,1864
311530,2001,0,1461,1461
311530,2002,0,1125,1125
311530,2003,0,1039,1039
311530,2004,0,1130,1130
311530,2005,0,1231,1231
311530,2006,0,1041,1041
311530,2007,0,804,804
311530,2008,0,660,660
311530,2009,0,629,629
311530,2010,0,631,631
311530,2011,0,631,631
311530,2012,0,679,679
311530,2013,0,523,523
311530,2014,0,449,449
311530,2015,0,448,448
311530,2016,0,389,389
311530,2017,0,135,135
311530,2018,0,267,267
311530,2019,0,218,218
311530,2020,0,236,236
311530,2021,0,180,180
311540,1988,0,2213,2213
311540,1989,0,2022,2022
311540,1990,0,1788,1788
311540,1991,0,1907,1907
311540,1992,0,1779,1779
311540,1993,0,1702,1702
311540,1994,0,1777,1777
311540,1995,0,1850,1850
311540,1996,0,1850,1850
311540,1997,0,1493,1493
311540,1998,0,1399,1399
311540,1999,0,1285,1285
311540,2000,0,1204,1204
311540,2001,0,1078,1078
311540,2002,0,667,667
311540,2003,0,667,667
311540,2004,0,587,587
311540,2005,0,680,680
311540,2006,0,690,690
311540,2007,0,689,689
311540,2008,0,741,741
311540,2009,0,709,709
311540,2010,0,708,708
311540,2011,0,633,633
311540,2012,0,602,602
311540,2013,0,603,603
311540,2014,0,578,578
311540,2015,0,643,643
311540,2016,0,753,753
311540,2017,0,470,470
311540,2018,0,358,358
311540,2019,0,345,345
311540,2020,0,359,359
311540,2021,0,431,431
311550,1988,0,772,772
311550,1989,0,714,714
311550,1990,0,1143,1143
311550,1991,0,806,806
311550,1992,0,470,470
311550,1993,0,728,728
311550,1994,0,753,753
311550,1995,0,753,753
311550,1996,2,698,696
311550,1997,2,698,696
311550,1998,0,694,694
311550,1999,0,698,698
311550,2000,0,540,540
311550,2001,0,431,431
311550,2002,0,402,402
311550,2003,0,402,402
311550,2004,0,361,361
311550,2005,0,361,361
311550,2006,0,538,538
311550,2007,0,538,538
311550,2008,0,538,538
311550,2009,0,538,538
311550,2010,0,538,538
311550,2011,0,553,553
311550,2012,0,569,569
311550,2013,0,469,469
311550,2014,0,454,454
311550,2015,0,434,434
311550,2016,0,440,440
311550,2017,0,168,168
311550,2018,0,181,181
311550,2019,0,182,182
311550,2020,0,132,132
311550,2021,0,133,133
311560,1988,0,1057,1057
311560,1989,0,1005,1005
311560,1990,0,857,857
311560,1991,0,712,712
311560,1992,0,605,605
311560,1993,0,555,555
311560,1994,0,458,458
311560,1995,0,395,395
311560,1996,0,437,437
311560,1997,0,406,406
311560,1998,0,426,426
311560,1999,0,400,400
311560,2000,0,367,367
311560,2001,0,335,335
311560,2002,0,325,325
311560,2003,0,317,317
311560,2004,0,322,322
311560,2005,0,320,320
311560,2006,0,315,315
311560,2007,0,300,300
311560,2008,0,300,300
311560,2009,0,353,353
311560,2010,0,353,353
311560,2011,0,403,403
311560,2012,0,299,299
311560,2013,0,239,239
311560,2014,0,163,163
311560,2015,0,136,136
311560,2016,0,134,134
311560,2017,0,170,170
311560,2018,0,134,134
311560,2019,0,139,139
311560,2020,0,130,130
311560,2021,0,130,130
311570,1988,0,3800,3800
311570,1989,0,3619,3619
311570,1990,0,3619,3619
311570,1991,0,7142,7142
311570,1992,0,3511,3511
311570,1993,0,2224,2224
311570,1994,0,2051,2051
311570,1995,0,1357,1357
311570,1996,0,1416,1416
311570,1997,0,1378,1378
311570,1998,0,654,654
311570,1999,0,1525,1525
311570,2000,0,1293,1293
311570,2001,0,662,662
311570,2002,0,1200,1200
311570,2003,0,1070,1070
311570,2004,0,392,392
311570,2005,0,385,385
311570,2006,0,370,370
311570,2007,0,453,453
311570,2008,0,638,638
311570,2009,0,827,827
311570,2010,0,888,888
311570,2011,0,685,685
311570,2012,0,641,641
311570,2013,0,641,641
311570,2014,0,701,701
311570,2015,0,709,709
311570,2016,0,730,730
311570,2017,0,91,91
311570,2018,0,175,175
311570,2019,0,118,118
311570,2020,0,162,162
311570,2021,0,175,175
311580,1988,2000,13950,11950
311580,1989,2500,14550,12050
311580,1990,2000,14726,12726
311580,1991,1500,16607,15107
311580,1992,1000,18000,17000
311580,1993,2000,18120,16120
311580,1994,3000,17050,14050
311580,1995,2800,14500,11700
311580,1996,1261,7627,6366
311580,1997,3000,14686,11686
311580,1998,2000,12746,10746
311580,1999,3000,12816,9816
311580,2000,2500,10616,8116
311580,2001,3000,11740,8740
311580,2002,5200,13300,8100
311580,2003,6300,14491,8191
311580,2004,9000,18825,9825
311580,2005,6500,17525,11025
311580,2006,8000,14660,6660
311580,2007,5500,13023,7523
311580,2008,6500,16530,10030
311580,2009,6600,15592,8992
311580,2010,7100,21227,14127
311580,2011,6400,22640,16240
311580,2012,6500,23014,16514
311580,2013,10000,20510,10510
311580,2014,10000,19430,9430
311580,2015,10700,25715,15015
311580,2016,11700,28296,16596
311580,2017,10834,35344,24510
311580,2018,10834,24616,13782
311580,2019,10834,27856,17022
311580,2020,10974,27774,16800
311580,2021,10974,27586,16612
311590,1988,0,654,654
311590,1989,0,615,615
311590,1990,0,543,543
311590,1991,0,572,572
311590,1992,0,572,572
311590,1993,0,705,705
311590,1994,0,840,840
311590,1995,0,648,648
311590,1996,0,600,600
311590,1997,0,576,576
311590,1998,0,304,304
311590,1999,0,249,249
311590,2000,0,255,255
311590,2001,0,251,251
311590,2002,0,221,221
311590,2003,0,221,221
311590,2004,0,203,203
311590,2005,0,203,203
311590,2006,0,288,288
311590,2007,0,170,170
311590,2008,0,185,185
311590,2009,0,182,182
311590,2010,0,71,71
311590,2011,0,61,61
311590,2012,0,31,31
311590,2013,0,30,30
311590,2014,0,25,25
311590,2015,0,22,22
311590,2016,0,14,14
311590,2017,0,9,9
311590,2018,0,22,22
311590,2019,0,35,35
311590,2020,0,28,28
311590,2021,0,19,19
311600,1988,0,3333,3333
311600,1989,0,3274,3274
311600,1990,0,3307,3307
311600,1991,0,3454,3454
311600,1992,0,3382,3382
311600,1993,0,3176,3176
311600,1994,0,2973,2973
311600,1995,0,2961,2961
311600,1996,0,3525,3525
311600,1997,0,2915,2915
311600,1998,0,2239,2239
311600,1999,0,2239,2239
311600,2000,0,2141,2141
311600,2001,0,2144,2144
311600,2002,0,2550,2550
311600,2003,0,2707,2707
311600,2004,0,2749,2749
311600,2005,0,2743,2743
311600,2006,0,2764,2764
311600,2007,0,2751,2751
311600,2008,0,2794,2794
311600,2009,0,2780,2780
311600,2010,0,2780,2780
311600,2011,0,2780,2780
311600,2012,0,3008,3008
311600,2013,0,3018,3018
311600,2014,0,2596,2596
311600,2015,0,3175,3175
311600,2016,0,3040,3040
311600,2017,0,3549,3549
311600,2018,0,3502,3502
311600,2019,0,3020,3020
311600,2020,0,3090,3090
311600,2021,0,2248,2248
311610,1988,0,4068,4068
311610,1989,0,4287,4287
311610,1990,0,4092,4092
311610,1991,0,3300,3300
311610,1992,0,2685,2685
311610,1993,0,2295,2295
311610,1994,0,2076,2076
311610,1995,0,1989,1989
311610,1996,3,1851,1848
311610,1997,0,1471,1471
311610,1998,0,1508,1508
311610,1999,0,1576,1576
311610,2000,0,1543,1543
311610,2001,0,1343,1343
311610,2002,0,1123,1123
311610,2003,0,1076,1076
311610,2004,0,895,895
311610,2005,0,665,665
311610,2006,0,791,791
311610,2007,0,880,880
311610,2008,0,770,770
311610,2009,0,890,890
311610,2010,0,783,783
311610,2011,0,1019,1019
311610,2012,0,910,910
311610,2013,0,548,548
311610,2014,0,538,538
311610,2015,0,605,605
311610,2016,0,340,340
311610,2017,0,806,806
311610,2018,0,561,561
311610,2019,0,530,530
311610,2020,0,633,633
311610,2021,0,531,531
311620,1988,0,1227,1227
311620,1989,0,1150,1150
311620,1990,0,952,952
311620,1991,0,944,944
311620,1992,0,880,880
311620,1993,0,1081,1081
311620,1994,0,1069,1069
311620,1995,0,985,985
311620,1996,0,925,925
311620,1997,0,1086,1086
311620,1998,0,889,889
311620,1999,0,844,844
311620,2000,0,795,795
311620,2001,0,450,450
311620,2002,0,170,170
311620,2003,0,140,140
311620,2004,0,134,134
311620,2005,0,108,108
311620,2006,0,81,81
311620,2007,0,103,103
311620,2008,0,95,95
311620,2009,0,91,91
311620,2010,0,90,90
311620,2011,0,95,95
311620,2012,0,89,89
311620,2013,0,89,89
311620,2014,0,80,80
311620,2015,0,78,78
311620,2016,0,44,44
311620,2017,0,27,27
311620,2018,0,30,30
311620,2019,0,41,41
311620,2020,0,45,45
311620,2021,0,41,41
311630,1988,0,4898,4898
311630,1989,0,4920,4920
311630,1990,0,4530,4530
311630,1991,0,4648,4648
311630,1992,0,4851,4851
311630,1993,0,5539,5539
311630,1994,0,5537,5537
311630,1995,0,5418,5418
311630,1996,0,5421,5421
311630,1997,0,3474,3474
311630,1998,0,3474,3474
311630,1999,0,3501,3501
311630,2000,0,3612,3612
311630,2001,0,4976,4976
311630,2002,0,4750,4750
311630,2003,0,5205,5205
311630,2004,0,5214,5214
311630,2005,0,4929,4929
311630,2006,0,4376,4376
311630,2007,0,3957,3957
311630,2008,0,3416,3416
311630,2009,0,3416,3416
311630,2010,0,3033,3033
311630,2011,0,3033,3033
311630,2012,0,2491,2491
311630,2013,0,2124,2124
311630,2014,0,2052,2052
311630,2015,0,1924,1924
311630,2016,0,1027,1027
311630,2017,0,1803,1803
311630,2018,0,1553,1553
311630,2019,0,1403,1403
311630,2020,0,1252,1252
311630,2021,0,1298,1298
311640,1988,0,4636,4636
311640,1989,0,4606,4606
311640,1990,0,4486,4486
311640,1991,0,4556,4556
311640,1992,0,4356,4356
311640,1993,0,3856,3856
311640,1994,0,3823,3823
311640,1995,0,3825,3825
311640,1996,0,2542,2542
311640,1997,0,3579,3579
311640,1998,0,3454,3454
311640,1999,0,2698,2698
311640,2000,0,3038,3038
311640,2001,0,3083,3083
311640,2002,0,3468,3468
311640,2003,0,3448,3448
311640,2004,0,3248,3248
311640,2005,100,3945,3845
311640,2006,100,4116,4016
311640,2007,100,3987,3887
311640,2008,100,4084,3984
311640,2009,150,4698,4548
311640,2010,150,4068,3918
311640,2011,150,3727,3577
311640,2012,0,3569,3569
311640,2013,0,3794,3794
311640,2014,0,3875,3875
311640,2015,0,3478,3478
311640,2016,0,4360,4360
311640,2017,0,3060,3060
311640,2018,0,3300,3300
311640,2019,0,3738,3738
311640,2020,0,4245,4245
311640,2021,0,4924,4924
311650,1988,0,7622,7622
311650,1989,30,7252,7222
311650,1990,0,7286,7286
311650,1991,0,7692,7692
311650,1992,0,7693,7693
311650,1993,0,7338,7338
311650,1994,0,9200,9200
311650,1995,0,9197,9197
311650,1996,0,3009,3009
311650,1997,0,3446,3446
311650,1998,0,4946,4946
311650,1999,0,5166,5166
311650,2000,0,5191,5191
311650,2001,0,5139,5139
311650,2002,0,5130,5130
311650,2003,0,5128,5128
311650,2004,0,5158,5158
311650,2005,0,3826,3826
311650,2006,0,2593,2593
311650,2007,0,4422,4422
311650,2008,0,4376,4376
311650,2009,0,2958,2958
311650,2010,0,2800,2800
311650,2011,0,2687,2687
311650,2012,0,2367,2367
311650,2013,0,2182,2182
311650,2014,0,2260,2260
311650,2015,0,2222,2222
311650,2016,0,1595,1595
311650,2017,0,1886,1886
311650,2018,0,1681,1681
311650,2019,0,1669,1669
311650,2020,0,1342,1342
311650,2021,0,1170,1170
311660,1988,0,4010,4010
311660,1989,0,4148,4148
311660,1990,0,5050,5050
311660,1991,0,4325,4325
311660,1992,0,6470,6470
311660,1993,0,6394,6394
311660,1994,0,6439,6439
311660,1995,0,6873,6873
311660,1996,0,6413,6413
311660,1997,0,4171,4171
311660,1998,0,4161,4161
311660,1999,0,4015,4015
311660,2000,100,3680,3580
311660,2001,100,3634,3534
311660,2002,0,3710,3710
311660,2003,100,3835,3735
311660,2004,175,4230,4055
311660,2005,0,3236,3236
311660,2006,0,3255,3255
311660,2007,0,3235,3235
311660,2008,0,3235,3235
311660,2009,0,3461,3461
311660,2010,0,3481,3481
311660,2011,0,3481,3481
311660,2012,0,2735,2735
311660,2013,0,3418,3418
311660,2014,170,1762,1592
311660,2015,180,1336,1156
311660,2016,415,1783,1368
311660,2017,370,1168,798
311660,2018,380,1299,919
311660,2019,900,1911,1011
311660,2020,900,2016,1116
311660,2021,690,2188,1498
311670,1988,0,2029,2029
311670,1989,0,2036,2036
311670,1990,0,1997,1997
311670,1991,0,1942,1942
311670,1992,0,1964,1964
311670,1993,0,2204,2204
311670,1994,0,2204,2204
311670,1995,0,2093,2093
311670,1996,0,1568,1568
311670,1997,0,1714,1714
311670,1998,0,2009,2009
311670,1999,0,1569,1569
311670,2000,0,2107,2107
311670,2001,0,1902,1902
311670,2002,0,1930,1930
311670,2003,0,2031,2031
311670,2004,0,1966,1966
311670,2005,0,2216,2216
311670,2006,0,2116,2116
311670,2007,0,2117,2117
311670,2008,0,2056,2056
311670,2009,0,1766,1766
311670,2010,0,1796,1796
311670,2011,0,2073,2073
311670,2012,0,2053,2053
311670,2013,0,1801,1801
311670,2014,0,1541,1541
311670,2015,0,1511,1511
311670,2016,0,1955,1955
311670,2017,0,1902,1902
311670,2018,0,1969,1969
311670,2019,0,2013,2013
311670,2020,0,1989,1989
311670,2021,0,2029,2029
311680,1988,0,3991,3991
311680,1989,0,3648,3648
311680,1990,0,3618,3618
311680,1991,0,3819,3819
311680,1992,0,3817,3817
311680,1993,0,3480,3480
311680,1994,0,2752,2752
311680,1995,0,1954,1954
311680,1996,0,2098,2098
311680,1997,0,1637,1637
311680,1998,0,1630,1630
311680,1999,0,1721,1721
311680,2000,0,1861,1861
311680,2001,0,1568,1568
311680,2002,0,1580,1580
311680,2003,0,1582,1582
311680,2004,0,1978,1978
311680,2005,0,1980,1980
311680,2006,0,2005,2005
311680,2007,0,1889,1889
311680,2008,0,1686,1686
311680,2009,0,1554,1554
311680,2010,0,1492,1492
311680,2011,0,1967,1967
311680,2012,0,2053,2053
311680,2013,0,2053,2053
311680,2014,0,2006,2006
311680,2015,0,1931,1931
311680,2016,0,1655,1655
311680,2017,0,975,975
311680,2018,0,853,853
311680,2019,0,1022,1022
311680,2020,0,1160,1160
311680,2021,0,1155,1155
311690,1988,480,5504,5024
311690,1989,290,2915,2625
311690,1990,268,2123,1855
311690,1991,220,2050,1830
311690,1992,0,3290,3290
311690,1993,0,3535,3535
311690,1994,0,5025,5025
311690,1995,179,13786,13607
311690,1996,45,13964,13919
311690,1997,200,8192,7992
311690,1998,300,7279,6979
311690,1999,300,10915,10615
311690,2000,350,9854,9504
311690,2001,369,10531,10162
311690,2002,416,11026,10610
311690,2003,460,11127,10667
311690,2004,600,11101,10501
311690,2005,650,11092,10442
311690,2006,700,10950,10250
311690,2007,750,12073,11323
311690,2008,100,11490,11390
311690,2009,200,9874,9674
311690,2010,300,11454,11154
311690,2011,400,12104,11704
311690,2012,420,16308,15888
311690,2013,450,17333,16883
311690,2014,1350,18394,17044
311690,2015,900,19843,18943
311690,2016,500,18727,18227
311690,2017,1100,18923,17823
311690,2018,1000,17338,16338
311690,2019,980,19158,18178
311690,2020,700,20185,19485
311690,2021,900,18334,17434
311700,1988,0,2491,2491
311700,1989,0,2436,2436
311700,1990,0,2486,2486
311700,1991,0,2474,2474
311700,1992,0,2474,2474
311700,1993,0,2474,2474
311700,1994,0,2474,2474
311700,1995,0,2474,2474
311700,1996,0,2737,2737
311700,1997,0,2782,2782
311700,1998,0,2367,2367
311700,1999,0,2337,2337
311700,2000,0,2337,2337
311700,2001,0,2282,2282
311700,2002,0,2498,2498
311700,2003,0,2176,2176
311700,2004,0,1946,1946
311700,2005,0,2014,2014
311700,2006,0,2139,2139
311700,2007,0,1879,1879
311700,2008,0,1879,1879
311700,2009,0,1817,1817
311700,2010,0,1820,1820
311700,2011,0,1185,1185
311700,2012,0,1069,1069
311700,2013,0,1549,1549
311700,2014,0,1369,1369
311700,2015,0,1293,1293
311700,2016,0,1052,1052
311700,2017,0,1633,1633
311700,2018,0,1228,1228
311700,2019,0,1164,1164
311700,2020,0,1111,1111
311700,2021,0,1212,1212
311710,1988,0,5944,5944
311710,1989,0,8144,8144
311710,1990,0,8144,8144
311710,1991,0,8852,8852
311710,1992,0,9688,9688
311710,1993,0,8882,8882
311710,1994,0,9874,9874
311710,1995,0,8609,8609
311710,1996,0,9181,9181
311710,1997,0,8412,8412
311710,1998,0,9379,9379
311710,1999,0,9072,9072
311710,2000,0,9397,9397
311710,2001,0,9666,9666
311710,2002,0,10028,10028
311710,2003,0,10034,10034
311710,2004,0,10045,10045
311710,2005,0,10725,10725
311710,2006,0,10430,10430
311710,2007,0,10680,10680
311710,2008,0,11075,11075
311710,2009,0,9935,9935
311710,2010,0,7081,7081
311710,2011,0,7272,7272
311710,2012,0,7457,7457
311710,2013,0,7587,7587
311710,2014,0,6782,6782
311710,2015,3500,10179,6679
311710,2016,3675,11127,7452
311710,2017,735,10934,10199
311710,2018,750,11096,10346
311710,2019,800,10295,9495
311710,2020,800,9872,9072
311710,2021,900,9728,8828
311720,1988,0,1246,1246
311720,1989,0,1196,1196
311720,1990,0,1104,1104
311720,1991,0,1115,1115
311720,1992,0,1025,1025
311720,1993,0,1080,1080
311720,1994,0,1113,1113
311720,1995,0,1115,1115
311720,1996,0,2293,2293
311720,1997,0,2457,2457
311720,1998,0,2654,2654
311720,1999,0,2545,2545
311720,2000,0,2671,2671
311720,2001,0,2750,2750
311720,2002,0,2725,2725
311720,2003,0,2965,2965
311720,2004,0,2963,2963
311720,2005,0,2963,2963
311720,2006,0,2990,2990
311720,2007,0,3013,3013
311720,2008,0,2742,2742
311720,2009,0,2789,2789
311720,2010,0,2964,2964
311720,2011,0,2918,2918
311720,2012,0,2710,2710
311720,2013,0,2970,2970
311720,2014,0,2800,2800
311720,2015,0,2705,2705
311720,2016,0,2684,2684
311720,2017,0,1009,1009
311720,2018,0,1397,1397
311720,2019,0,1960,1960
311720,2020,0,1989,1989
311720,2021,0,2005,2005
311730,1988,28000,45695,17695
311730,1989,30200,45845,15645
311730,1990,27000,45395,18395
311730,1991,23000,45727,22727
311730,1992,25000,44050,19050
311730,1993,31000,46307,15307
311730,1994,35000,45931,10931
311730,1995,30000,41283,11283
311730,1996,22542,34223,11681
311730,1997,26600,44869,18269
311730,1998,25000,67395,42395
311730,1999,32000,65326,33326
311730,2000,35000,71541,36541
311730,2001,32000,63356,31356
311730,2002,35000,57844,22844
311730,2003,35000,63349,28349
311730,2004,35000,68393,33393
311730,2005,35000,83782,48782
311730,2006,30600,95872,65272
311730,2007,18000,60678,42678
311730,2008,20000,88140,68140
311730,2009,20000,83280,63280
311730,2010,25000,84250,59250
311730,2011,25000,81300,56300
311730,2012,25000,85621,60621
311730,2013,25000,85341,60341
311730,2014,25000,92631,67631
311730,2015,25000,94026,69026
311730,2016,25000,98501,73501
311730,2017,29000,101742,72742
311730,2018,36000,114340,78340
311730,2019,35000,106019,71019
311730,2020,35000,107825,72825
311730,2021,35000,102978,67978
311740,1988,0,3469,3469
311740,1989,0,3469,3469
311740,1990,0,3341,3341
311740,1991,0,3441,3441
311740,1992,0,3428,3428
311740,1993,0,2714,2714
311740,1994,0,2205,2205
311740,1995,0,2252,2252
311740,1996,0,1982,1982
311740,1997,0,1480,1480
311740,1998,0,1447,1447
311740,1999,0,1638,1638
311740,2000,0,1560,1560
311740,2001,0,1715,1715
311740,2002,0,1761,1761
311740,2003,0,1703,1703
311740,2004,0,1794,1794
311740,2005,0,1774,1774
311740,2006,0,1479,1479
311740,2007,0,1366,1366
311740,2008,0,1459,1459
311740,2009,0,1479,1479
311740,2010,0,1529,1529
311740,2011,0,1117,1117
311740,2012,0,1123,1123
311740,2013,0,1077,1077
311740,2014,0,959,959
311740,2015,0,892,892
311740,2016,0,792,792
311740,2017,0,845,845
311740,2018,0,1087,1087
311740,2019,0,1418,1418
311740,2020,0,1428,1428
311740,2021,0,1194,1194
311750,1988,0,3370,3370
311750,1989,0,3160,3160
311750,1990,0,2951,2951
311750,1991,0,3045,3045
311750,1992,0,3186,3186
311750,1993,0,3169,3169
311750,1994,0,3331,3331
311750,1995,0,3124,3124
311750,1996,0,2697,2697
311750,1997,0,2294,2294
311750,1998,0,2446,2446
311750,1999,0,3638,3638
311750,2000,0,3578,3578
311750,2001,0,3514,3514
311750,2002,0,2841,2841
311750,2003,0,1861,1861
311750,2004,0,1933,1933
311750,2005,0,1838,1838
311750,2006,0,2028,2028
311750,2007,0,1736,1736
311750,2008,0,1721,1721
311750,2009,0,1761,1761
311750,2010,0,1753,1753
311750,2011,0,1723,1723
311750,2012,0,1450,1450
311750,2013,0,1137,1137
311750,2014,0,1117,1117
311750,2015,0,1121,1121
311750,2016,0,1384,1384
311750,2017,0,427,427
311750,2018,0,435,435
311750,2019,0,578,578
311750,2020,0,618,618
311750,2021,0,1160,1160
311760,1988,0,667,667
311760,1989,0,1182,1182
311760,1990,0,1245,1245
311760,1991,0,1157,1157
311760,1992,0,1261,1261
311760,1993,0,1313,1313
311760,1994,0,1458,1458
311760,1995,0,1386,1386
311760,1996,0,1256,1256
311760,1997,0,994,994
311760,1998,0,1015,1015
311760,1999,0,1006,1006
311760,2000,0,1196,1196
311760,2001,0,1056,1056
311760,2002,0,1290,1290
311760,2003,0,1165,1165
311760,2004,0,1240,1240
311760,2005,0,970,970
311760,2006,0,970,970
311760,2007,0,970,970
311760,2008,0,970,970
311760,2009,0,850,850
311760,2010,0,850,850
311760,2011,0,850,850
311760,2012,0,850,850
311760,2013,0,795,795
311760,2014,0,731,731
311760,2015,0,848,848
311760,2016,0,540,540
311760,2017,0,216,216
311760,2018,0,230,230
311760,2019,0,264,264
311760,2020,0,276,276
311760,2021,0,345,345
311770,1988,0,3941,3941
311770,1989,0,4049,4049
311770,1990,0,3861,3861
311770,1991,0,4061,4061
311770,1992,0,4170,4170
311770,1993,0,3604,3604
311770,1994,0,3604,3604
311770,1995,0,3614,3614
311770,1996,0,3933,3933
311770,1997,0,4076,4076
311770,1998,70,5018,4948
311770,1999,0,5187,5187
311770,2000,0,4826,4826
311770,2001,0,6511,6511
311770,2002,100,7104,7004
311770,2003,100,7339,7239
311770,2004,100,8074,7974
311770,2005,140,8503,8363
311770,2006,180,8823,8643
311770,2007,120,8858,8738
311770,2008,190,8358,8168
311770,2009,700,8618,7918
311770,2010,700,8528,7828
311770,2011,700,8415,7715
311770,2012,700,9835,9135
311770,2013,750,10169,9419
311770,2014,750,10229,9479
311770,2015,600,13619,13019
311770,2016,600,11244,10644
311770,2017,3620,10591,6971
311770,2018,3600,11546,7946
311770,2019,4000,15424,11424
311770,2020,4000,17367,13367
311770,2021,4000,19369,15369
311780,1988,0,1610,1610
311780,1989,0,1560,1560
311780,1990,0,1478,1478
311780,1991,0,1535,1535
311780,1992,0,1612,1612
311780,1993,0,1528,1528
311780,1994,0,1730,1730
311780,1995,0,2051,2051
311780,1996,0,2303,2303
311780,1997,0,2353,2353
311780,1998,0,3004,3004
311780,1999,0,3445,3445
311780,2000,0,3455,3455
311780,2001,0,2992,2992
311780,2002,0,2511,2511
311780,2003,0,1381,1381
311780,2004,0,1418,1418
311780,2005,0,1774,1774
311780,2006,0,1733,1733
311780,2007,0,1261,1261
311780,2008,0,1360,1360
311780,2009,0,1360,1360
311780,2010,0,1033,1033
311780,2011,0,1228,1228
311780,2012,0,1228,1228
311780,2013,0,1285,1285
311780,2014,0,1305,1305
311780,2015,0,976,976
311780,2016,0,534,534
311780,2017,185,1303,1118
311780,2018,200,1296,1096
311780,2019,190,1747,1557
311780,2020,190,1749,1559
311780,2021,190,1510,1320
311790,1988,0,2296,2296
311790,1989,0,2379,2379
311790,1990,0,4015,4015
311790,1991,0,2726,2726
311790,1992,0,2738,2738
311790,1993,0,2877,2877
311790,1994,0,2913,2913
311790,1995,0,3011,3011
311790,1996,0,2500,2500
311790,1997,0,2500,2500
311790,1998,0,2944,2944
311790,1999,0,2226,2226
311790,2000,0,2166,2166
311790,2001,0,1914,1914
311790,2002,0,1903,1903
311790,2003,0,1903,1903
311790,2004,0,1839,1839
311790,2005,0,1807,1807
311790,2006,0,1884,1884
311790,2007,0,1129,1129
311790,2008,0,1156,1156
311790,2009,0,1156,1156
311790,2010,0,1156,1156
311790,2011,0,824,824
311790,2012,0,868,868
311790,2013,0,934,934
311790,2014,0,902,902
311790,2015,0,821,821
311790,2016,0,1027,1027
311790,2017,0,887,887
311790,2018,0,876,876
311790,2019,0,1071,1071
311790,2020,0,1059,1059
311790,2021,0,1157,1157
311800,1988,0,1308,1308
311800,1989,0,1327,1327
311800,1990,0,1381,1381
311800,1991,0,1364,1364
311800,1992,0,1291,1291
311800,1993,0,1151,1151
311800,1994,0,1164,1164
311800,1995,0,1127,1127
311800,1996,0,910,910
311800,1997,0,939,939
311800,1998,0,902,902
311800,1999,0,893,893
311800,2000,0,833,833
311800,2001,0,783,783
311800,2002,0,683,683
311800,2003,0,683,683
311800,2004,0,672,672
311800,2005,0,545,545
311800,2006,0,559,559
311800,2007,0,544,544
311800,2008,0,545,545
311800,2009,0,408,408
311800,2010,0,407,407
311800,2011,0,375,375
311800,2012,0,381,381
311800,2013,0,319,319
311800,2014,0,317,317
311800,2015,0,300,300
311800,2016,0,304,304
311800,2017,0,192,192
311800,2018,0,157,157
311800,2019,0,184,184
311800,2020,0,176,176
311800,2021,0,229,229
311810,1988,0,527,527
311810,1989,0,442,442
311810,1990,0,578,578
311810,1991,0,578,578
311810,1992,0,578,578
311810,1993,0,681,681
311810,1994,0,608,608
311810,1995,0,607,607
311810,1996,0,550,550
311810,1997,0,286,286
311810,1998,0,345,345
311810,1999,0,540,540
311810,2000,0,730,730
311810,2001,0,800,800
311810,2002,0,798,798
311810,2003,0,713,713
311810,2004,0,1286,1286
311810,2005,0,1177,1177
311810,2006,0,1127,1127
311810,2007,0,1271,1271
311810,2008,0,1251,1251
311810,2009,0,1117,1117
311810,2010,0,1107,1107
311810,2011,0,1117,1117
311810,2012,0,1141,1141
311810,2013,0,1107,1107
311810,2014,0,1052,1052
311810,2015,0,1012,1012
311810,2016,0,802,802
311810,2017,0,360,360
311810,2018,0,393,393
311810,2019,0,518,518
311810,2020,0,472,472
311810,2021,0,430,430
311820,1988,1600,28369,26769
311820,1989,3158,30749,27591
311820,1990,3000,32090,29090
311820,1991,3000,24062,21062
311820,1992,3600,21968,18368
311820,1993,3000,19375,16375
311820,1994,4200,22468,18268
311820,1995,4200,19876,15676
311820,1996,3704,16567,12863
311820,1997,4000,19095,15095
311820,1998,3400,20195,16795
311820,1999,7000,25775,18775
311820,2000,8100,27543,19443
311820,2001,9200,30083,20883
311820,2002,11000,27995,16995
311820,2003,12500,23696,11196
311820,2004,13700,26589,12889
311820,2005,12500,28579,16079
311820,2006,8700,25820,17120
311820,2007,5000,23252,18252
311820,2008,2000,22215,20215
311820,2009,3500,26456,22956
311820,2010,6000,28415,22415
311820,2011,7000,30335,23335
311820,2012,8500,31745,23245
311820,2013,8500,35451,26951
311820,2014,8500,43031,34531
311820,2015,10000,40606,30606
311820,2016,13000,39745,26745
311820,2017,12300,40890,28590
311820,2018,12300,37511,25211
311820,2019,9200,33781,24581
311820,2020,10000,36304,26304
311820,2021,12000,41732,29732
311830,1988,0,5060,5060
311830,1989,0,4752,4752
311830,1990,0,4076,4076
311830,1991,0,4364,4364
311830,1992,0,4332,4332
311830,1993,0,4085,4085
311830,1994,0,4278,4278
311830,1995,0,4409,4409
311830,1996,0,4290,4290
311830,1997,0,4183,4183
311830,1998,0,3795,3795
311830,1999,0,3742,3742
311830,2000,0,2752,2752
311830,2001,0,2697,2697
311830,2002,0,1200,1200
311830,2003,0,1268,1268
311830,2004,0,1149,1149
311830,2005,0,1172,1172
311830,2006,0,946,946
311830,2007,0,745,745
311830,2008,0,797,797
311830,2009,0,830,830
311830,2010,0,832,832
311830,2011,0,389,389
311830,2012,0,408,408
311830,2013,0,586,586
311830,2014,0,588,588
311830,2015,0,700,700
311830,2016,0,690,690
311830,2017,0,871,871
311830,2018,0,874,874
311830,2019,0,871,871
311830,2020,0,943,943
311830,2021,0,871,871
311840,1988,0,9738,9738
311840,1989,0,10926,10926
311840,1990,0,10669,10669
311840,1991,0,10869,10869
311840,1992,0,10817,10817
311840,1993,0,10598,10598
311840,1994,0,9549,9549
311840,1995,0,9591,9591
311840,1996,0,6535,6535
311840,1997,0,5992,5992
311840,1998,0,6264,6264
311840,1999,0,7754,7754
311840,2000,0,8092,8092
311840,2001,0,6260,6260
311840,2002,0,8881,8881
311840,2003,0,8142,8142
311840,2004,0,8357,8357
311840,2005,0,8292,8292
311840,2006,0,7830,7830
311840,2007,0,8620,8620
311840,2008,0,9984,9984
311840,2009,0,9956,9956
311840,2010,0,8779,8779
311840,2011,0,8790,8790
311840,2012,0,10781,10781
311840,2013,0,10874,10874
311840,2014,0,11040,11040
311840,2015,0,8071,8071
311840,2016,0,6433,6433
311840,2017,0,6451,6451
311840,2018,0,3927,3927
311840,2019,0,4348,4348
311840,2020,0,4488,4488
311840,2021,0,3644,3644
311850,1988,0,375,375
311850,1989,0,333,333
311850,1990,0,304,304
311850,1991,0,302,302
311850,1992,0,312,312
311850,1993,0,323,323
311850,1994,0,323,323
311850,1995,0,325,325
311850,1996,0,582,582
311850,1997,0,319,319
311850,1998,0,521,521
311850,1999,0,523,523
311850,2000,0,582,582
311850,2001,0,582,582
311850,2002,0,492,492
311850,2003,0,514,514
311850,2004,0,462,462
311850,2005,0,276,276
311850,2006,0,223,223
311850,2007,0,247,247
311850,2008,0,208,208
311850,2009,0,188,188
311850,2010,0,150,150
311850,2011,0,150,150
311850,2012,0,134,134
311850,2013,0,149,149
311850,2014,0,148,148
311850,2015,0,153,153
311850,2016,0,152,152
311850,2017,0,98,98
311850,2018,0,112,112
311850,2019,0,113,113
311850,2020,0,143,143
311850,2021,0,131,131
311860,1988,0,500,500
311860,1989,0,498,498
311860,1990,0,498,498
311860,1991,0,494,494
311860,1992,0,494,494
311860,1993,0,494,494
311860,1994,0,526,526
311860,1995,0,526,526
311860,1996,0,522,522
311860,1997,0,49,49
311860,1998,0,50,50
311860,1999,0,49,49
311860,2000,0,0,0
311860,2001,0,0,0
311860,2002,0,0,0
311860,2003,0,0,0
311860,2004,0,0,0
311860,2005,0,0,0
311860,2006,0,0,0
311860,2007,0,0,0
311860,2008,0,0,0
311860,2009,0,0,0
311860,2010,0,0,0
311860,2011,0,0,0
311860,2012,0,0,0
311860,2013,0,0,0
311860,2014,0,0,0
311860,2015,0,0,0
311860,2016,0,0,0
311860,2017,0,3,3
311860,2018,0,3,3
311860,2019,0,3,3
311860,2020,0,3,3
311860,2021,0,3,3
311870,1988,0,10225,10225
311870,1989,0,9986,9986
311870,1990,0,12012,12012
311870,1991,0,12158,12158
311870,1992,0,12498,12498
311870,1993,0,11518,11518
311870,1994,0,11512,11512
311870,1995,0,10532,10532
311870,1996,0,10532,10532
311870,1997,0,9564,9564
311870,1998,0,10536,10536
311870,1999,0,9536,9536
311870,2000,0,9536,9536
311870,2001,120,11757,11637
311870,2002,120,11667,11547
311870,2003,200,12093,11893
311870,2004,200,12793,12593
311870,2005,200,10981,10781
311870,2006,0,10175,10175
311870,2007,0,10175,10175
311870,2008,0,10187,10187
311870,2009,0,8027,8027
311870,2010,0,8315,8315
311870,2011,0,9364,9364
311870,2012,250,10496,10246
311870,2013,250,10502,10252
311870,2014,250,10192,9942
311870,2015,260,9991,9731
311870,2016,600,11514,10914
311870,2017,880,6268,5388
311870,2018,1570,9634,8064
311870,2019,1570,9755,8185
311870,2020,1500,10795,9295
311870,2021,1650,9207,7557
311880,1988,0,12879,12879
311880,1989,0,12547,12547
311880,1990,0,12565,12565
311880,1991,0,11165,11165
311880,1992,0,11499,11499
311880,1993,0,11239,11239
311880,1994,0,12374,12374
311880,1995,0,12391,12391
311880,1996,0,11071,11071
311880,1997,0,12577,12577
311880,1998,0,15431,15431
311880,1999,0,15941,15941
311880,2000,0,16443,16443
311880,2001,0,16145,16145
311880,2002,0,12882,12882
311880,2003,0,13409,13409
311880,2004,0,13959,13959
311880,2005,0,14275,14275
311880,2006,0,13087,13087
311880,2007,0,14355,14355
311880,2008,0,14782,14782
311880,2009,0,18007,18007
311880,2010,0,18535,18535
311880,2011,0,18247,18247
311880,2012,0,17817,17817
311880,2013,0,15641,15641
311880,2014,0,15882,15882
311880,2015,0,14488,14488
311880,2016,0,15662,15662
311880,2017,0,6732,6732
311880,2018,0,11399,11399
311880,2019,0,10697,10697
311880,2020,0,11798,11798
311880,2021,0,14396,14396
311890,1988,300,1068,768
311890,1989,250,997,747
311890,1990,250,1023,773
311890,1991,350,4509,4159
311890,1992,300,4444,4144
311890,1993,200,4098,3898
311890,1994,180,4207,4027
311890,1995,160,4180,4020
311890,1996,120,2183,2063
311890,1997,120,2249,2129
311890,1998,90,2370,2280
311890,1999,0,2249,2249
311890,2000,46,2064,2018
311890,2001,0,1793,1793
311890,2002,0,1717,1717
311890,2003,0,1436,1436
311890,2004,0,1294,1294
311890,2005,0,1271,1271
311890,2006,0,993,993
311890,2007,0,1038,1038
311890,2008,0,944,944
311890,2009,0,1006,1006
311890,2010,0,1072,1072
311890,2011,0,996,996
311890,2012,0,970,970
311890,2013,0,870,870
311890,2014,0,861,861
311890,2015,0,950,950
311890,2016,0,502,502
311890,2017,0,155,155
311890,2018,0,215,215
311890,2019,0,253,253
311890,2020,0,287,287
311890,2021,0,309,309
311900,1988,140,2471,2331
311900,1989,40,3402,3362
311900,1990,0,2936,2936
311900,1991,0,2822,2822
311900,1992,0,2413,2413
311900,1993,0,2361,2361
311900,1994,0,2431,2431
311900,1995,0,2365,2365
311900,1996,0,2148,2148
311900,1997,0,2765,2765
311900,1998,0,2401,2401
311900,1999,0,2401,2401
311900,2000,0,2401,2401
311900,2001,0,2597,2597
311900,2002,0,3035,3035
311900,2003,0,4455,4455
311900,2004,0,6119,6119
311900,2005,0,6366,6366
311900,2006,0,6386,6386
311900,2007,0,6386,6386
311900,2008,0,6386,6386
311900,2009,0,6386,6386
311900,2010,0,6386,6386
311900,2011,0,6386,6386
311900,2012,0,3835,3835
311900,2013,0,4196,4196
311900,2014,1000,5481,4481
311900,2015,0,4369,4369
311900,2016,2200,7413,5213
311900,2017,1600,5311,3711
311900,2018,2300,5811,3511
311900,2019,2100,6460,4360
311900,2020,2100,6546,4446
311900,2021,3100,7551,4451
311910,1988,30,4311,4281
311910,1989,25,4096,4071
311910,1990,100,5251,5151
311910,1991,100,4266,4166
311910,1992,80,4421,4341
311910,1993,80,4771,4691
311910,1994,0,4893,4893
311910,1995,0,4869,4869
311910,1996,0,4826,4826
311910,1997,7,4353,4346
311910,1998,0,2969,2969
311910,1999,0,2687,2687
311910,2000,0,3015,3015
311910,2001,0,2950,2950
311910,2002,0,3000,3000
311910,2003,0,2725,2725
311910,2004,0,2570,2570
311910,2005,0,3020,3020
311910,2006,0,1905,1905
311910,2007,0,1955,1955
311910,2008,0,1955,1955
311910,2009,0,1955,1955
311910,2010,0,2028,2028
311910,2011,0,3010,3010
311910,2012,0,2757,2757
311910,2013,0,3057,3057
311910,2014,0,3027,3027
311910,2015,0,2956,2956
311910,2016,0,801,801
311910,2017,0,1236,1236
311910,2018,0,1144,1144
311910,2019,308,1364,1056
311910,2020,317,1159,842
311910,2021,308,1147,839
311920,1988,0,4927,4927
311920,1989,0,5171,5171
311920,1990,0,5720,5720
311920,1991,0,6207,6207
311920,1992,0,5215,5215
311920,1993,0,4825,4825
311920,1994,0,4144,4144
311920,1995,0,4603,4603
311920,1996,0,3172,3172
311920,1997,0,4789,4789
311920,1998,0,4790,4790
311920,1999,0,3657,3657
311920,2000,0,2657,2657
311920,2001,0,2657,2657
311920,2002,0,2657,2657
311920,2003,0,1781,1781
311920,2004,0,2022,2022
311920,2005,0,1981,1981
311920,2006,0,2144,2144
311920,2007,0,1929,1929
311920,2008,0,1957,1957
311920,2009,0,1957,1957
311920,2010,0,1957,1957
311920,2011,0,1962,1962
311920,2012,0,935,935
311920,2013,0,774,774
311920,2014,0,1014,1014
311920,2015,0,1301,1301
311920,2016,0,1131,1131
311920,2017,0,303,303
311920,2018,0,312,312
311920,2019,0,368,368
311920,2020,0,345,345
311920,2021,0,324,324
311930,1988,8500,37639,29139
311930,1989,10000,41881,31881
311930,1990,10000,42538,32538
311930,1991,10000,44164,34164
311930,1992,14000,47860,33860
311930,1993,18000,45284,27284
311930,1994,16000,36300,20300
311930,1995,14000,33419,19419
311930,1996,10697,33393,22696
311930,1997,14000,35616,21616
311930,1998,14500,38165,23665
311930,1999,14040,40456,26416
311930,2000,14000,40842,26842
311930,2001,15000,42201,27201
311930,2002,17000,44392,27392
311930,2003,23000,47563,24563
311930,2004,27000,53699,26699
311930,2005,29000,55647,26647
311930,2006,30000,53491,23491
311930,2007,26000,53846,27846
311930,2008,27000,58723,31723
311930,2009,30000,59018,29018
311930,2010,36000,64211,28211
311930,2011,39000,70611,31611
311930,2012,38000,78328,40328
311930,2013,43000,85319,42319
311930,2014,45000,91523,46523
311930,2015,48500,88619,40119
311930,2016,54000,100363,46363
311930,2017,51500,94970,43470
311930,2018,57110,107589,50479
311930,2019,65000,125604,60604
311930,2020,58000,116435,58435
311930,2021,64000,114727,50727
311940,1988,0,442,442
311940,1989,0,433,433
311940,1990,0,432,432
311940,1991,0,432,432
311940,1992,0,402,402
311940,1993,0,385,385
311940,1994,0,272,272
311940,1995,0,263,263
311940,1996,0,158,158
311940,1997,0,158,158
311940,1998,0,270,270
311940,1999,0,172,172
311940,2000,0,171,171
311940,2001,0,184,184
311940,2002,0,258,258
311940,2003,0,258,258
311940,2004,0,217,217
311940,2005,0,239,239
311940,2006,0,243,243
311940,2007,0,243,243
311940,2008,0,105,105
311940,2009,0,105,105
311940,2010,0,110,110
311940,2011,0,111,111
311940,2012,0,115,115
311940,2013,0,117,117
311940,2014,0,100,100
311940,2015,0,78,78
311940,2016,0,49,49
311940,2017,0,30,30
311940,2018,0,38,38
311940,2019,0,64,64
311940,2020,0,46,46
311940,2021,0,34,34
311950,1988,0,2970,2970
311950,1989,0,2970,2970
311950,1990,0,2973,2973
311950,1991,0,2938,2938
311950,1992,0,2913,2913
311950,1993,0,2479,2479
311950,1994,0,2462,2462
311950,1995,0,1338,1338
311950,1996,0,2367,2367
311950,1997,0,2264,2264
311950,1998,0,242,242
311950,1999,0,1537,1537
311950,2000,0,1532,1532
311950,2001,0,482,482
311950,2002,0,338,338
311950,2003,0,370,370
311950,2004,0,455,455
311950,2005,0,468,468
311950,2006,0,634,634
311950,2007,0,634,634
311950,2008,0,238,238
311950,2009,0,465,465
311950,2010,0,392,392
311950,2011,0,437,437
311950,2012,0,573,573
311950,2013,0,489,489
311950,2014,0,457,457
311950,2015,0,572,572
311950,2016,0,503,503
311950,2017,0,458,458
311950,2018,0,523,523
311950,2019,0,486,486
311950,2020,0,480,480
311950,2021,0,469,469
311960,1988,0,823,823
311960,1989,0,994,994
311960,1990,0,979,979
311960,1991,0,990,990
311960,1992,0,957,957
311960,1993,0,1030,1030
311960,1994,0,1090,1090
311960,1995,0,1089,1089
311960,1996,0,1114,1114
311960,1997,0,834,834
311960,1998,0,772,772
311960,1999,0,682,682
311960,2000,0,502,502
311960,2001,0,602,602
311960,2002,0,592,592
311960,2003,0,602,602
311960,2004,0,697,697
311960,2005,0,682,682
311960,2006,0,557,557
311960,2007,0,553,553
311960,2008,0,557,557
311960,2009,0,546,546
311960,2010,0,616,616
311960,2011,0,616,616
311960,2012,0,596,596
311960,2013,0,586,586
311960,2014,0,588,588
311960,2015,0,576,576
311960,2016,0,573,573
311960,2017,0,209,209
311960,2018,0,240,240
311960,2019,0,326,326
311960,2020,0,332,332
311960,2021,0,349,349
311970,1988,0,980,980
311970,1989,0,975,975
311970,1990,0,954,954
311970,1991,0,973,973
311970,1992,0,1041,1041
311970,1993,0,1082,1082
311970,1994,0,1068,1068
311970,1995,0,1626,1626
311970,1996,0,897,897
311970,1997,0,900,900
311970,1998,0,1007,1007
311970,1999,0,1007,1007
311970,2000,0,1054,1054
311970,2001,0,1829,1829
311970,2002,0,1115,1115
311970,2003,0,1025,1025
311970,2004,50,1125,1075
311970,2005,0,1044,1044
311970,2006,0,769,769
311970,2007,0,467,467
311970,2008,0,776,776
311970,2009,0,1174,1174
311970,2010,0,1234,1234
311970,2011,0,1266,1266
311970,2012,0,1472,1472
311970,2013,140,1368,1228
311970,2014,0,1156,1156
311970,2015,0,925,925
311970,2016,70,1096,1026
311970,2017,50,644,594
311970,2018,50,890,840
311970,2019,0,625,625
311970,2020,0,944,944
311970,2021,332,950,618
311980,1988,0,5598,5598
311980,1989,0,5078,5078
311980,1990,0,4748,4748
311980,1991,0,4860,4860
311980,1992,0,4975,4975
311980,1993,0,3705,3705
311980,1994,0,3618,3618
311980,1995,0,4146,4146
311980,1996,0,2235,2235
311980,1997,0,2860,2860
311980,1998,0,2317,2317
311980,1999,0,1000,1000
311980,2000,0,1474,1474
311980,2001,0,1850,1850
311980,2002,0,2007,2007
311980,2003,0,1455,1455
311980,2004,0,1902,1902
311980,2005,0,1898,1898
311980,2006,0,1833,1833
311980,2007,0,1543,1543
311980,2008,0,1673,1673
311980,2009,0,1573,1573
311980,2010,0,1295,1295
311980,2011,0,1255,1255
311980,2012,0,875,875
311980,2013,0,975,975
311980,2014,0,1015,1015
311980,2015,0,979,979
311980,2016,0,944,944
311980,2017,100,1621,1521
311980,2018,100,1870,1770
311980,2019,100,1975,1875
311980,2020,60,2221,2161
311980,2021,100,1951,1851
311990,1988,0,776,776
311990,1989,0,728,728
311990,1990,0,688,688
311990,1991,0,688,688
311990,1992,0,688,688
311990,1993,0,625,625
311990,1994,0,698,698
311990,1995,0,725,725
311990,1996,1,988,987
311990,1997,0,621,621
311990,1998,0,697,697
311990,1999,0,720,720
311990,2000,0,625,625
311990,2001,0,625,625
311990,2002,0,658,658
311990,2003,0,774,774
311990,2004,0,751,751
311990,2005,0,702,702
311990,2006,0,667,667
311990,2007,0,668,668
311990,2008,0,319,319
311990,2009,0,339,339
311990,2010,0,405,405
311990,2011,0,405,405
311990,2012,0,670,670
311990,2013,0,650,650
311990,2014,0,650,650
311990,2015,0,655,655
311990,2016,0,412,412
311990,2017,0,84,84
311990,2018,0,92,92
311990,2019,0,147,147
311990,2020,0,268,268
311990,2021,0,211,211
312000,1988,0,2949,2949
312000,1989,0,2896,2896
312000,1990,0,2813,2813
312000,1991,0,2821,2821
312000,1992,0,2667,2667
312000,1993,0,2649,2649
312000,1994,0,2623,2623
312000,1995,0,2808,2808
312000,1996,0,1869,1869
312000,1997,0,2336,2336
312000,1998,0,1821,1821
312000,1999,0,1746,1746
312000,2000,0,1283,1283
312000,2001,0,1144,1144
312000,2002,0,1743,1743
312000,2003,0,1392,1392
312000,2004,0,1767,1767
312000,2005,0,1452,1452
312000,2006,0,1578,1578
312000,2007,0,1629,1629
312000,2008,0,1583,1583
312000,2009,0,1474,1474
312000,2010,0,1474,1474
312000,2011,0,718,718
312000,2012,0,803,803
312000,2013,0,764,764
312000,2014,0,746,746
312000,2015,0,742,742
312000,2016,0,667,667
312000,2017,0,636,636
312000,2018,0,660,660
312000,2019,0,628,628
312000,2020,0,596,596
312000,2021,0,500,500
312010,1988,0,519,519
312010,1989,0,502,502
312010,1990,0,552,552
312010,1991,0,552,552
312010,1992,0,552,552
312010,1993,0,557,557
312010,1994,0,547,547
312010,1995,0,547,547
312010,1996,0,586,586
312010,1997,0,581,581
312010,1998,0,520,520
312010,1999,0,582,582
312010,2000,0,787,787
312010,2001,0,572,572
312010,2002,0,519,519
312010,2003,0,555,555
312010,2004,0,574,574
312010,2005,0,549,549
312010,2006,420,938,518
312010,2007,420,829,409
312010,2008,0,409,409
312010,2009,0,396,396
312010,2010,0,396,396
312010,2011,0,348,348
312010,2012,0,350,350
312010,2013,0,340,340
312010,2014,0,273,273
312010,2015,0,202,202
312010,2016,0,207,207
312010,2017,0,91,91
312010,2018,0,110,110
312010,2019,0,202,202
312010,2020,0,178,178
312010,2021,0,160,160
312020,1988,12,10698,10686
312020,1989,10,11105,11095
312020,1990,11,10678,10667
312020,1991,12,10692,10680
312020,1992,12,10197,10185
312020,1993,12,10198,10186
312020,1994,10,10386,10376
312020,1995,0,11596,11596
312020,1996,0,12332,12332
312020,1997,0,8303,8303
312020,1998,0,11263,11263
312020,1999,0,9634,9634
312020,2000,0,9914,9914
312020,2001,0,10334,10334
312020,2002,0,13891,13891
312020,2003,0,14097,14097
312020,2004,500,14833,14333
312020,2005,800,15338,14538
312020,2006,300,14548,14248
312020,2007,150,13632,13482
312020,2008,0,12132,12132
312020,2009,0,11582,11582
312020,2010,0,11472,11472
312020,2011,0,12022,12022
312020,2012,0,12812,12812
312020,2013,0,11597,11597
312020,2014,0,11667,11667
312020,2015,0,13444,13444
312020,2016,700,12680,11980
312020,2017,1370,9342,7972
312020,2018,2100,9987,7887
312020,2019,2000,11700,9700
312020,2020,4300,14936,10636
312020,2021,4500,13362,8862
312030,1988,0,771,771
312030,1989,0,827,827
312030,1990,0,622,622
312030,1991,0,629,629
312030,1992,0,627,627
312030,1993,0,666,666
312030,1994,0,666,666
312030,1995,0,1045,1045
312030,1996,0,1035,1035
312030,1997,0,1092,1092
312030,1998,0,1152,1152
312030,1999,0,1182,1182
312030,2000,0,1182,1182
312030,2001,0,959,959
312030,2002,0,846,846
312030,2003,0,829,829
312030,2004,0,1113,1113
312030,2005,0,2078,2078
312030,2006,0,1119,1119
312030,2007,0,1221,1221
312030,2008,0,1219,1219
312030,2009,0,1219,1219
312030,2010,0,873,873
312030,2011,0,939,939
312030,2012,0,839,839
312030,2013,0,572,572
312030,2014,0,572,572
312030,2015,0,568,568
312030,2016,0,474,474
312030,2017,0,887,887
312030,2018,0,925,925
312030,2019,0,531,531
312030,2020,0,554,554
312030,2021,0,745,745
312040,1988,0,983,983
312040,1989,0,1100,1100
312040,1990,0,1007,1007
312040,1991,0,978,978
312040,1992,0,903,903
312040,1993,0,853,853
312040,1994,0,899,899
312040,1995,0,951,951
312040,1996,0,961,961
312040,1997,0,1070,1070
312040,1998,0,823,823
312040,1999,0,866,866
312040,2000,0,908,908
312040,2001,0,903,903
312040,2002,0,805,805
312040,2003,0,807,807
312040,2004,0,755,755
312040,2005,0,762,762
312040,2006,0,738,738
312040,2007,0,732,732
312040,2008,0,743,743
312040,2009,0,718,718
312040,2010,0,876,876
312040,2011,0,726,726
312040,2012,0,651,651
312040,2013,0,568,568
312040,2014,0,581,581
312040,2015,0,500,500
312040,2016,0,846,846
312040,2017,266,913,647
312040,2018,300,1132,832
312040,2019,300,1092,792
312040,2020,300,1016,716
312040,2021,350,1115,765
312050,1988,0,4476,4476
312050,1989,0,3381,3381
312050,1990,0,3495,3495
312050,1991,0,3312,3312
312050,1992,0,3855,3855
312050,1993,0,3682,3682
312050,1994,0,3808,3808
312050,1995,0,3812,3812
312050,1996,0,4202,4202
312050,1997,0,3218,3218
312050,1998,0,3221,3221
312050,1999,0,2912,2912
312050,2000,0,2709,2709
312050,2001,0,3259,3259
312050,2002,0,3773,3773
312050,2003,0,3906,3906
312050,2004,0,4363,4363
312050,2005,0,4182,4182
312050,2006,0,4209,4209
312050,2007,0,4480,4480
312050,2008,0,3954,3954
312050,2009,0,3720,3720
312050,2010,0,3725,3725
312050,2011,0,3789,3789
312050,2012,0,3415,3415
312050,2013,0,3478,3478
312050,2014,0,3032,3032
312050,2015,0,3070,3070
312050,2016,0,3167,3167
312050,2017,0,2913,2913
312050,2018,0,2748,2748
312050,2019,0,2330,2330
312050,2020,0,2204,2204
312050,2021,0,2102,2102
312060,1988,0,1629,1629
312060,1989,0,1516,1516
312060,1990,0,1425,1425
312060,1991,0,1382,1382
312060,1992,0,1277,1277
312060,1993,0,1604,1604
312060,1994,0,1693,1693
312060,1995,0,1697,1697
312060,1996,0,2861,2861
312060,1997,0,1654,1654
312060,1998,0,2111,2111
312060,1999,0,2229,2229
312060,2000,0,2319,2319
312060,2001,0,1892,1892
312060,2002,0,1585,1585
312060,2003,0,1110,1110
312060,2004,0,1173,1173
312060,2005,0,1072,1072
312060,2006,0,1024,1024
312060,2007,0,1171,1171
312060,2008,0,1161,1161
312060,2009,0,1171,1171
312060,2010,0,1171,1171
312060,2011,0,891,891
312060,2012,0,1027,1027
312060,2013,0,927,927
312060,2014,0,970,970
312060,2015,0,953,953
312060,2016,0,742,742
312060,2017,0,922,922
312060,2018,0,886,886
312060,2019,0,926,926
312060,2020,0,1002,1002
312060,2021,0,1004,1004
312070,1988,300,3797,3497
312070,1989,300,3474,3174
312070,1990,350,2354,2004
312070,1991,400,2172,1772
312070,1992,350,2707,2357
312070,1993,300,1837,1537
312070,1994,400,1987,1587
312070,1995,400,1942,1542
312070,1996,126,1127,1001
312070,1997,120,1174,1054
312070,1998,200,1317,1117
312070,1999,180,1487,1307
312070,2000,180,1312,1132
312070,2001,300,1602,1302
312070,2002,300,1700,1400
312070,2003,600,2201,1601
312070,2004,960,2934,1974
312070,2005,1100,3008,1908
312070,2006,1000,3010,2010
312070,2007,480,3043,2563
312070,2008,650,2856,2206
312070,2009,1400,4043,2643
312070,2010,1400,3850,2450
312070,2011,1400,3967,2567
312070,2012,1500,4368,2868
312070,2013,1730,4593,2863
312070,2014,1730,4631,2901
312070,2015,1820,4821,3001
312070,2016,2800,5309,2509
312070,2017,1425,2583,1158
312070,2018,1500,3001,1501
312070,2019,2800,4281,1481
312070,2020,3000,5096,2096
312070,2021,3500,6397,2897
312080,1988,0,4423,4423
312080,1989,0,4461,4461
312080,1990,0,3963,3963
312080,1991,0,4449,4449
312080,1992,0,6722,6722
312080,1993,0,6672,6672
312080,1994,0,7028,7028
312080,1995,0,6997,6997
312080,1996,0,6982,6982
312080,1997,0,6982,6982
312080,1998,0,6982,6982
312080,1999,0,6960,6960
312080,2000,0,5097,5097
312080,2001,0,4607,4607
312080,2002,0,5398,5398
312080,2003,0,5413,5413
312080,2004,0,5440,5440
312080,2005,0,5440,5440
312080,2006,0,5190,5190
312080,2007,0,6501,6501
312080,2008,0,6501,6501
312080,2009,0,6499,6499
312080,2010,0,6554,6554
312080,2011,0,6554,6554
312080,2012,0,6649,6649
312080,2013,0,6176,6176
312080,2014,0,6496,6496
312080,2015,0,6032,6032
312080,2016,800,6440,5640
312080,2017,950,4254,3304
312080,2018,1030,4993,3963
312080,2019,1200,5408,4208
312080,2020,1050,5841,4791
312080,2021,1200,6032,4832
312090,1988,50,7076,7026
312090,1989,120,8045,7925
312090,1990,230,8404,8174
312090,1991,230,9643,9413
312090,1992,170,9701,9531
312090,1993,200,9249,9049
312090,1994,0,8106,8106
312090,1995,10,8465,8455
312090,1996,10,8186,8176
312090,1997,17,7457,7440
312090,1998,0,7025,7025
312090,1999,0,5544,5544
312090,2000,0,5416,5416
312090,2001,0,4246,4246
312090,2002,0,3860,3860
312090,2003,0,3635,3635
312090,2004,0,3946,3946
312090,2005,0,4344,4344
312090,2006,0,4573,4573
312090,2007,0,4718,4718
312090,2008,0,4698,4698
312090,2009,0,4685,4685
312090,2010,0,3196,3196
312090,2011,0,5043,5043
312090,2012,0,2820,2820
312090,2013,0,2848,2848
312090,2014,0,2833,2833
312090,2015,0,2860,2860
312090,2016,0,2552,2552
312090,2017,2,2831,2829
312090,2018,0,3427,3427
312090,2019,0,3192,3192
312090,2020,0,3383,3383
312090,2021,0,3536,3536
312100,1988,0,210,210
312100,1989,0,209,209
312100,1990,0,237,237
312100,1991,0,237,237
312100,1992,0,237,237
312100,1993,0,234,234
312100,1994,0,233,233
312100,1995,0,234,234
312100,1996,0,264,264
312100,1997,0,279,279
312100,1998,0,251,251
312100,1999,0,249,249
312100,2000,0,262,262
312100,2001,0,237,237
312100,2002,0,169,169
312100,2003,0,167,167
312100,2004,0,189,189
312100,2005,0,335,335
312100,2006,0,644,644
312100,2007,0,709,709
312100,2008,0,879,879
312100,2009,0,947,947
312100,2010,0,952,952
312100,2011,0,895,895
312100,2012,0,1093,1093
312100,2013,0,935,935
312100,2014,0,1347,1347
312100,2015,0,1192,1192
312100,2016,0,1060,1060
312100,2017,0,526,526
312100,2018,0,627,627
312100,2019,0,1045,1045
312100,2020,0,1102,1102
312100,2021,40,1226,1186
312110,1988,0,1658,1658
312110,1989,0,1807,1807
312110,1990,0,1261,1261
312110,1991,0,1294,1294
312110,1992,0,1795,1795
312110,1993,0,1435,1435
312110,1994,0,1552,1552
312110,1995,0,1388,1388
312110,1996,0,1112,1112
312110,1997,0,1125,1125
312110,1998,0,827,827
312110,1999,0,680,680
312110,2000,0,580,580
312110,2001,0,540,540
312110,2002,0,437,437
312110,2003,0,375,375
312110,2004,0,333,333
312110,2005,0,331,331
312110,2006,0,601,601
312110,2007,0,638,638
312110,2008,0,602,602
312110,2009,0,607,607
312110,2010,0,456,456
312110,2011,0,461,461
312110,2012,0,470,470
312110,2013,0,456,456
312110,2014,0,479,479
312110,2015,0,371,371
312110,2016,0,492,492
312110,2017,0,219,219
312110,2018,0,346,346
312110,2019,0,266,266
312110,2020,0,266,266
312110,2021,0,275,275
312120,1988,220,10457,10237
312120,1989,170,10199,10029
312120,1990,200,9224,9024
312120,1991,250,8835,8585
312120,1992,60,8532,8472
312120,1993,50,8289,8239
312120,1994,0,7290,7290
312120,1995,170,7630,7460
312120,1996,0,5204,5204
312120,1997,0,5939,5939
312120,1998,100,6282,6182
312120,1999,0,6727,6727
312120,2000,0,5953,5953
312120,2001,0,5770,5770
312120,2002,350,6063,5713
312120,2003,1460,7603,6143
312120,2004,2520,10820,8300
312120,2005,1790,12050,10260
312120,2006,1800,11387,9587
312120,2007,1200,12028,10828
312120,2008,1200,14181,12981
312120,2009,1800,13807,12007
312120,2010,1600,13691,12091
312120,2011,2060,13506,11446
312120,2012,3080,13800,10720
312120,2013,3800,15460,11660
312120,2014,6800,19275,12475
312120,2015,6800,16528,9728
312120,2016,8800,18996,10196
312120,2017,8570,19935,11365
312120,2018,8900,20696,11796
312120,2019,8900,22577,13677
312120,2020,11800,25297,13497
312120,2021,12800,21570,8770
312130,1988,0,2425,2425
312130,1989,0,2491,2491
312130,1990,0,2166,2166
312130,1991,0,2089,2089
312130,1992,0,2015,2015
312130,1993,0,3226,3226
312130,1994,0,2384,2384
312130,1995,0,1990,1990
312130,1996,0,1630,1630
312130,1997,0,1470,1470
312130,1998,0,1277,1277
312130,1999,0,1002,1002
312130,2000,0,1020,1020
312130,2001,0,692,692
312130,2002,0,983,983
312130,2003,0,949,949
312130,2004,0,1010,1010
312130,2005,0,917,917
312130,2006,0,776,776
312130,2007,0,631,631
312130,2008,0,312,312
312130,2009,0,280,280
312130,2010,0,231,231
312130,2011,0,231,231
312130,2012,0,222,222
312130,2013,0,215,215
312130,2014,0,300,300
312130,2015,0,262,262
312130,2016,0,144,144
312130,2017,0,119,119
312130,2018,0,127,127
312130,2019,0,185,185
312130,2020,0,160,160
312130,2021,0,154,154
312140,1988,0,2988,2988
312140,1989,0,3005,3005
312140,1990,0,3111,3111
312140,1991,0,3183,3183
312140,1992,0,3167,3167
312140,1993,0,3027,3027
312140,1994,0,3111,3111
312140,1995,0,3078,3078
312140,1996,0,3056,3056
312140,1997,0,3277,3277
312140,1998,0,3272,3272
312140,1999,0,3477,3477
312140,2000,0,3581,3581
312140,2001,0,3578,3578
312140,2002,0,3509,3509
312140,2003,0,5649,5649
312140,2004,0,4715,4715
312140,2005,0,3713,3713
312140,2006,0,3692,3692
312140,2007,0,3728,3728
312140,2008,0,3770,3770
312140,2009,0,3697,3697
312140,2010,0,3699,3699
312140,2011,0,3098,3098
312140,2012,0,3098,3098
312140,2013,0,2843,2843
312140,2014,0,3031,3031
312140,2015,0,2468,2468
312140,2016,0,2945,2945
312140,2017,0,1050,1050
312140,2018,0,928,928
312140,2019,0,1217,1217
312140,2020,0,1275,1275
312140,2021,0,1858,1858
312150,1988,0,1184,1184
312150,1989,0,1183,1183
312150,1990,0,1059,1059
312150,1991,0,1342,1342
312150,1992,0,1452,1452
312150,1993,0,2134,2134
312150,1994,0,2134,2134
312150,1995,0,1280,1280
312150,1996,0,1280,1280
312150,1997,0,1137,1137
312150,1998,0,1137,1137
312150,1999,0,1137,1137
312150,2000,0,1168,1168
312150,2001,0,1398,1398
312150,2002,0,1567,1567
312150,2003,0,1615,1615
312150,2004,0,1665,1665
312150,2005,0,1665,1665
312150,2006,0,1720,1720
312150,2007,0,1695,1695
312150,2008,0,1695,1695
312150,2009,0,1695,1695
312150,2010,0,1695,1695
312150,2011,0,1715,1715
312150,2012,0,1715,1715
312150,2013,0,1665,1665
312150,2014,0,1435,1435
312150,2015,0,1291,1291
312150,2016,0,1448,1448
312150,2017,0,945,945
312150,2018,0,717,717
312150,2019,0,1030,1030
312150,2020,0,1254,1254
312150,2021,0,1149,1149
312160,1988,0,6444,6444
312160,1989,0,5869,5869
312160,1990,2,5895,5893
312160,1991,0,5771,5771
312160,1992,0,5771,5771
312160,1993,0,5809,5809
312160,1994,0,1277,1277
312160,1995,0,1746,1746
312160,1996,0,2808,2808
312160,1997,0,2262,2262
312160,1998,0,2142,2142
312160,1999,0,2787,2787
312160,2000,0,2986,2986
312160,2001,0,2968,2968
312160,2002,0,2742,2742
312160,2003,0,2835,2835
312160,2004,0,2315,2315
312160,2005,0,2033,2033
312160,2006,0,2206,2206
312160,2007,0,2253,2253
312160,2008,0,2403,2403
312160,2009,0,2401,2401
312160,2010,0,2408,2408
312160,2011,0,2495,2495
312160,2012,0,2314,2314
312160,2013,0,2184,2184
312160,2014,0,2091,2091
312160,2015,0,2261,2261
312160,2016,0,2257,2257
312160,2017,0,1285,1285
312160,2018,0,1333,1333
312160,2019,0,1708,1708
312160,2020,0,1714,1714
312160,2021,0,1681,1681
312170,1988,0,2226,2226
312170,1989,0,2226,2226
312170,1990,0,2229,2229
312170,1991,0,2229,2229
312170,1992,0,2221,2221
312170,1993,0,2221,2221
312170,1994,0,2221,2221
312170,1995,0,2227,2227
312170,1996,0,1079,1079
312170,1997,0,1795,1795
312170,1998,0,1709,1709
312170,1999,0,1724,1724
312170,2000,0,1724,1724
312170,2001,0,1724,1724
312170,2002,0,1724,1724
312170,2003,0,1924,1924
312170,2004,0,1592,1592
312170,2005,0,1590,1590
312170,2006,0,1601,1601
312170,2007,0,1627,1627
312170,2008,0,1831,1831
312170,2009,0,1838,1838
312170,2010,0,1838,1838
312170,2011,0,1834,1834
312170,2012,0,2192,2192
312170,2013,0,2120,2120
312170,2014,0,1415,1415
312170,2015,0,1369,1369
312170,2016,0,1599,1599
312170,2017,0,254,254
312170,2018,0,244,244
312170,2019,0,268,268
312170,2020,0,279,279
312170,2021,0,358,358
312180,1988,0,2967,2967
312180,1989,0,2671,2671
312180,1990,0,2826,2826
312180,1991,0,2826,2826
312180,1992,0,2640,2640
312180,1993,0,2464,2464
312180,1994,0,1961,1961
312180,1995,0,2016,2016
312180,1996,0,1091,1091
312180,1997,0,1205,1205
312180,1998,0,1190,1190
312180,1999,0,1201,1201
312180,2000,0,1048,1048
312180,2001,0,1201,1201
312180,2002,0,1272,1272
312180,2003,0,1175,1175
312180,2004,0,998,998
312180,2005,0,1162,1162
312180,2006,0,973,973
312180,2007,0,878,878
312180,2008,0,894,894
312180,2009,0,820,820
312180,2010,0,680,680
312180,2011,0,670,670
312180,2012,0,514,514
312180,2013,0,530,530
312180,2014,0,530,530
312180,2015,0,512,512
312180,2016,0,587,587
312180,2017,0,355,355
312180,2018,0,380,380
312180,2019,0,440,440
312180,2020,0,500,500
312180,2021,0,510,510
312190,1988,0,1409,1409
312190,1989,0,1355,1355
312190,1990,0,1017,1017
312190,1991,0,1048,1048
312190,1992,0,1048,1048
312190,1993,0,1048,1048
312190,1994,0,1048,1048
312190,1995,0,2458,2458
312190,1996,0,3082,3082
312190,1997,0,3282,3282
312190,1998,0,3580,3580
312190,1999,0,2696,2696
312190,2000,0,2696,2696
312190,2001,0,1565,1565
312190,2002,0,1120,1120
312190,2003,0,1095,1095
312190,2004,0,1471,1471
312190,2005,0,1664,1664
312190,2006,0,1498,1498
312190,2007,0,1362,1362
312190,2008,0,1266,1266
312190,2009,0,953,953
312190,2010,0,545,545
312190,2011,0,388,388
312190,2012,0,399,399
312190,2013,0,402,402
312190,2014,0,496,496
312190,2015,0,904,904
312190,2016,0,971,971
312190,2017,0,350,350
312190,2018,0,326,326
312190,2019,0,328,328
312190,2020,0,351,351
312190,2021,0,339,339
312200,1988,0,11151,11151
312200,1989,0,10993,10993
312200,1990,0,10205,10205
312200,1991,0,10449,10449
312200,1992,0,13253,13253
312200,1993,0,13367,13367
312200,1994,0,14262,14262
312200,1995,0,14371,14371
312200,1996,0,21052,21052
312200,1997,0,21059,21059
312200,1998,0,21362,21362
312200,1999,0,21369,21369
312200,2000,0,18713,18713
312200,2001,0,18306,18306
312200,2002,0,13783,13783
312200,2003,0,15223,15223
312200,2004,0,16239,16239
312200,2005,0,16883,16883
312200,2006,0,16931,16931
312200,2007,0,16251,16251
312200,2008,0,15826,15826
312200,2009,0,15451,15451
312200,2010,0,15416,15416
312200,2011,0,16204,16204
312200,2012,0,17525,17525
312200,2013,0,16302,16302
312200,2014,0,15206,15206
312200,2015,0,14680,14680
312200,2016,0,14227,14227
312200,2017,0,14907,14907
312200,2018,0,16180,16180
312200,2019,0,14820,14820
312200,2020,0,14062,14062
312200,2021,0,12064,12064
312210,1988,0,3791,3791
312210,1989,0,3060,3060
312210,1990,0,3526,3526
312210,1991,0,2794,2794
312210,1992,0,2325,2325
312210,1993,0,1564,1564
312210,1994,0,1521,1521
312210,1995,0,1151,1151
312210,1996,0,421,421
312210,1997,0,465,465
312210,1998,0,303,303
312210,1999,0,343,343
312210,2000,0,319,319
312210,2001,0,313,313
312210,2002,0,226,226
312210,2003,0,131,131
312210,2004,0,154,154
312210,2005,0,153,153
312210,2006,0,126,126
312210,2007,0,144,144
312210,2008,0,135,135
312210,2009,0,132,132
312210,2010,0,132,132
312210,2011,0,185,185
312210,2012,0,171,171
312210,2013,0,171,171
312210,2014,0,221,221
312210,2015,0,166,166
312210,2016,0,113,113
312210,2017,0,191,191
312210,2018,0,255,255
312210,2019,0,189,189
312210,2020,0,189,189
312210,2021,0,200,200
312220,1988,0,1150,1150
312220,1989,0,1630,1630
312220,1990,0,1526,1526
312220,1991,0,1515,1515
312220,1992,0,1347,1347
312220,1993,0,1173,1173
312220,1994,0,818,818
312220,1995,0,615,615
312220,1996,0,733,733
312220,1997,0,537,537
312220,1998,0,625,625
312220,1999,0,625,625
312220,2000,0,636,636
312220,2001,0,601,601
312220,2002,0,594,594
312220,2003,0,557,557
312220,2004,0,642,642
312220,2005,0,668,668
312220,2006,0,672,672
312220,2007,0,636,636
312220,2008,0,559,559
312220,2009,0,516,516
312220,2010,0,498,498
312220,2011,0,508,508
312220,2012,0,424,424
312220,2013,0,424,424
312220,2014,0,421,421
312220,2015,0,654,654
312220,2016,0,495,495
312220,2017,0,368,368
312220,2018,0,373,373
312220,2019,0,329,329
312220,2020,0,331,331
312220,2021,0,325,325
312230,1988,0,2742,2742
312230,1989,0,2345,2345
312230,1990,0,1980,1980
312230,1991,0,1959,1959
312230,1992,0,2224,2224
312230,1993,0,2073,2073
312230,1994,0,2199,2199
312230,1995,0,6101,6101
312230,1996,0,5295,5295
312230,1997,0,2307,2307
312230,1998,0,2915,2915
312230,1999,0,2825,2825
312230,2000,0,2737,2737
312230,2001,0,2702,2702
312230,2002,0,1305,1305
312230,2003,0,1325,1325
312230,2004,0,1255,1255
312230,2005,0,1391,1391
312230,2006,0,1399,1399
312230,2007,0,1399,1399
312230,2008,0,1396,1396
312230,2009,0,1370,1370
312230,2010,0,1370,1370
312230,2011,0,1330,1330
312230,2012,0,568,568
312230,2013,0,651,651
312230,2014,0,650,650
312230,2015,0,637,637
312230,2016,0,518,518
312230,2017,63,466,403
312230,2018,70,523,453
312230,2019,0,469,469
312230,2020,0,403,403
312230,2021,0,432,432
312240,1988,20,4652,4632
312240,1989,20,5157,5137
312240,1990,13,4990,4977
312240,1991,13,5224,5211
312240,1992,13,5347,5334
312240,1993,0,5921,5921
312240,1994,0,5297,5297
312240,1995,0,4206,4206
312240,1996,0,4696,4696
312240,1997,0,4375,4375
312240,1998,0,3745,3745
312240,1999,0,5593,5593
312240,2000,0,5269,5269
312240,2001,0,6226,6226
312240,2002,0,6316,6316
312240,2003,0,6364,6364
312240,2004,0,6523,6523
312240,2005,0,4559,4559
312240,2006,0,4438,4438
312240,2007,0,4067,4067
312240,2008,0,4594,4594
312240,2009,0,3757,3757
312240,2010,0,3726,3726
312240,2011,0,3126,3126
312240,2012,75,3243,3168
312240,2013,75,3281,3206
312240,2014,80,3495,3415
312240,2015,400,3910,3510
312240,2016,395,3883,3488
312240,2017,615,5083,4468
312240,2018,1000,6191,5191
312240,2019,300,4744,4444
312240,2020,400,4264,3864
312240,2021,1200,5980,4780
312250,1988,0,892,892
312250,1989,0,934,934
312250,1990,0,933,933
312250,1991,0,929,929
312250,1992,0,910,910
312250,1993,0,909,909
312250,1994,0,891,891
312250,1995,0,790,790
312250,1996,0,903,903
312250,1997,0,771,771
312250,1998,0,908,908
312250,1999,0,898,898
312250,2000,0,977,977
312250,2001,0,901,901
312250,2002,0,832,832
312250,2003,0,713,713
312250,2004,0,593,593
312250,2005,0,552,552
312250,2006,0,375,375
312250,2007,0,474,474
312250,2008,0,577,577
312250,2009,0,587,587
312250,2010,0,586,586
312250,2011,0,551,551
312250,2012,0,539,539
312250,2013,0,516,516
312250,2014,0,519,519
312250,2015,0,529,529
312250,2016,0,487,487
312250,2017,0,161,161
312250,2018,0,130,130
312250,2019,0,145,145
312250,2020,0,164,164
312250,2021,0,171,171
312260,1988,0,896,896
312260,1989,0,849,849
312260,1990,0,863,863
312260,1991,0,1603,1603
312260,1992,0,1582,1582
312260,1993,0,1584,1584
312260,1994,0,1445,1445
312260,1995,0,1665,1665
312260,1996,0,1313,1313
312260,1997,0,1279,1279
312260,1998,0,833,833
312260,1999,0,837,837
312260,2000,0,1121,1121
312260,2001,0,1121,1121
312260,2002,0,1101,1101
312260,2003,0,891,891
312260,2004,0,1478,1478
312260,2005,0,681,681
312260,2006,0,651,651
312260,2007,0,758,758
312260,2008,0,603,603
312260,2009,0,619,619
312260,2010,0,619,619
312260,2011,0,619,619
312260,2012,0,649,649
312260,2013,0,634,634
312260,2014,0,594,594
312260,2015,0,575,575
312260,2016,0,517,517
312260,2017,0,360,360
312260,2018,0,405,405
312260,2019,0,403,403
312260,2020,0,423,423
312260,2021,0,384,384
312270,1988,0,5619,5619
312270,1989,0,5270,5270
312270,1990,0,5017,5017
312270,1991,0,5051,5051
312270,1992,0,5068,5068
312270,1993,0,4949,4949
312270,1994,0,4949,4949
312270,1995,0,5019,5019
312270,1996,0,2705,2705
312270,1997,0,2920,2920
312270,1998,3,2917,2914
312270,1999,3,2931,2928
312270,2000,3,2663,2660
312270,2001,0,2058,2058
312270,2002,0,1856,1856
312270,2003,0,2039,2039
312270,2004,0,2523,2523
312270,2005,0,2452,2452
312270,2006,0,1807,1807
312270,2007,0,1596,1596
312270,2008,0,1761,1761
312270,2009,0,1658,1658
312270,2010,0,1462,1462
312270,2011,0,1420,1420
312270,2012,0,1705,1705
312270,2013,0,1252,1252
312270,2014,0,1320,1320
312270,2015,0,1190,1190
312270,2016,0,1149,1149
312270,2017,0,559,559
312270,2018,0,589,589
312270,2019,0,597,597
312270,2020,0,603,603
312270,2021,0,569,569
312280,1988,0,1459,1459
312280,1989,0,1423,1423
312280,1990,0,1372,1372
312280,1991,0,1552,1552
312280,1992,0,1610,1610
312280,1993,0,1673,1673
312280,1994,0,1673,1673
312280,1995,0,1684,1684
312280,1996,0,1183,1183
312280,1997,0,978,978
312280,1998,0,835,835
312280,1999,0,936,936
312280,2000,0,795,795
312280,2001,0,800,800
312280,2002,0,829,829
312280,2003,0,1249,1249
312280,2004,0,1151,1151
312280,2005,0,1229,1229
312280,2006,0,1103,1103
312280,2007,0,942,942
312280,2008,0,892,892
312280,2009,0,931,931
312280,2010,0,931,931
312280,2011,0,911,911
312280,2012,0,808,808
312280,2013,0,961,961
312280,2014,0,957,957
312280,2015,0,823,823
312280,2016,0,726,726
312280,2017,0,482,482
312280,2018,0,515,515
312280,2019,0,549,549
312280,2020,0,492,492
312280,2021,0,462,462
312290,1988,0,676,676
312290,1989,0,629,629
312290,1990,0,579,579
312290,1991,0,379,379
312290,1992,0,385,385
312290,1993,0,394,394
312290,1994,0,275,275
312290,1995,0,337,337
312290,1996,0,412,412
312290,1997,0,481,481
312290,1998,0,481,481
312290,1999,0,357,357
312290,2000,0,295,295
312290,2001,0,136,136
312290,2002,0,136,136
312290,2003,0,139,139
312290,2004,0,98,98
312290,2005,0,97,97
312290,2006,0,97,97
312290,2007,0,97,97
312290,2008,0,101,101
312290,2009,0,78,78
312290,2010,0,141,141
312290,2011,0,141,141
312290,2012,0,81,81
312290,2013,0,77,77
312290,2014,0,77,77
312290,2015,0,64,64
312290,2016,0,64,64
312290,2017,0,3,3
312290,2018,0,10,10
312290,2019,0,13,13
312290,2020,0,12,12
312290,2021,0,16,16
312300,1988,0,1546,1546
312300,1989,0,1633,1633
312300,1990,0,1665,1665
312300,1991,0,1656,1656
312300,1992,0,1656,1656
312300,1993,0,1595,1595
312300,1994,0,1593,1593
312300,1995,0,1080,1080
312300,1996,0,1078,1078
312300,1997,0,837,837
312300,1998,0,837,837
312300,1999,0,837,837
312300,2000,0,906,906
312300,2001,0,936,936
312300,2002,0,236,236
312300,2003,0,174,174
312300,2004,0,174,174
312300,2005,0,174,174
312300,2006,0,174,174
312300,2007,0,219,219
312300,2008,0,169,169
312300,2009,0,169,169
312300,2010,0,169,169
312300,2011,0,169,169
312300,2012,0,149,149
312300,2013,0,169,169
312300,2014,0,164,164
312300,2015,0,159,159
312300,2016,0,85,85
312300,2017,100,554,454
312300,2018,180,722,542
312300,2019,200,494,294
312300,2020,200,504,304
312300,2021,200,451,251
312310,1988,0,2399,2399
312310,1989,0,2399,2399
312310,1990,0,2399,2399
312310,1991,0,2376,2376
312310,1992,0,2602,2602
312310,1993,0,2586,2586
312310,1994,0,2902,2902
312310,1995,0,2912,2912
312310,1996,0,1570,1570
312310,1997,0,1533,1533
312310,1998,0,1157,1157
312310,1999,0,1676,1676
312310,2000,0,1653,1653
312310,2001,0,1863,1863
312310,2002,0,1452,1452
312310,2003,0,1281,1281
312310,2004,0,1253,1253
312310,2005,0,964,964
312310,2006,0,624,624
312310,2007,0,412,412
312310,2008,0,313,313
312310,2009,0,346,346
312310,2010,0,670,670
312310,2011,0,630,630
312310,2012,0,610,610
312310,2013,0,510,510
312310,2014,0,480,480
312310,2015,0,634,634
312310,2016,0,600,600
312310,2017,0,594,594
312310,2018,0,652,652
312310,2019,0,570,570
312310,2020,0,482,482
312310,2021,0,340,340
312320,1988,0,3314,3314
312320,1989,0,2628,2628
312320,1990,0,2597,2597
312320,1991,0,2381,2381
312320,1992,0,535,535
312320,1993,0,535,535
312320,1994,0,700,700
312320,1995,0,2279,2279
312320,1996,0,5896,5896
312320,1997,0,5337,5337
312320,1998,0,4394,4394
312320,1999,0,4208,4208
312320,2000,0,3733,3733
312320,2001,0,1602,1602
312320,2002,0,3945,3945
312320,2003,0,3810,3810
312320,2004,0,2062,2062
312320,2005,0,2033,2033
312320,2006,0,1704,1704
312320,2007,0,1725,1725
312320,2008,0,1763,1763
312320,2009,0,2275,2275
312320,2010,0,2275,2275
312320,2011,0,2413,2413
312320,2012,0,1766,1766
312320,2013,0,1336,1336
312320,2014,0,478,478
312320,2015,0,474,474
312320,2016,0,212,212
312320,2017,0,142,142
312320,2018,0,186,186
312320,2019,0,151,151
312320,2020,0,139,139
312320,2021,1200,1331,131
312330,1988,0,2688,2688
312330,1989,0,2684,2684
312330,1990,0,2547,2547
312330,1991,0,2144,2144
312330,1992,0,2037,2037
312330,1993,0,2897,2897
312330,1994,0,2987,2987
312330,1995,0,3488,3488
312330,1996,0,3785,3785
312330,1997,0,3885,3885
312330,1998,0,3841,3841
312330,1999,0,4261,4261
312330,2000,0,4981,4981
312330,2001,0,3102,3102
312330,2002,0,2640,2640
312330,2003,0,2590,2590
312330,2004,0,2482,2482
312330,2005,0,2412,2412
312330,2006,0,2502,2502
312330,2007,0,2372,2372
312330,2008,0,1462,1462
312330,2009,0,1602,1602
312330,2010,0,1802,1802
312330,2011,0,1130,1130
312330,2012,0,930,930
312330,2013,0,930,930
312330,2014,0,887,887
312330,2015,0,939,939
312330,2016,0,979,979
312330,2017,0,523,523
312330,2018,0,485,485
312330,2019,0,690,690
312330,2020,0,620,620
312330,2021,0,636,636
312340,1988,0,1689,1689
312340,1989,0,1706,1706
312340,1990,0,1361,1361
312340,1991,0,1223,1223
312340,1992,0,932,932
312340,1993,0,921,921
312340,1994,0,1055,1055
312340,1995,0,1268,1268
312340,1996,0,1453,1453
312340,1997,0,1269,1269
312340,1998,0,996,996
312340,1999,0,1092,1092
312340,2000,0,1118,1118
312340,2001,0,1047,1047
312340,2002,0,1107,1107
312340,2003,0,688,688
312340,2004,0,676,676
312340,2005,0,600,600
312340,2006,0,605,605
312340,2007,0,472,472
312340,2008,0,545,545
312340,2009,0,564,564
312340,2010,0,507,507
312340,2011,0,504,504
312340,2012,0,545,545
312340,2013,0,615,615
312340,2014,0,688,688
312340,2015,0,886,886
312340,2016,0,967,967
312340,2017,0,481,481
312340,2018,0,903,903
312340,2019,0,1036,1036
312340,2020,0,1075,1075
312340,2021,0,950,950
312350,1988,0,737,737
312350,1989,0,865,865
312350,1990,0,1002,1002
312350,1991,0,1002,1002
312350,1992,0,945,945
312350,1993,0,646,646
312350,1994,0,468,468
312350,1995,0,552,552
312350,1996,0,912,912
312350,1997,50,692,642
312350,1998,0,602,602
312350,1999,0,663,663
312350,2000,0,663,663
312350,2001,0,682,682
312350,2002,0,517,517
312350,2003,0,451,451
312350,2004,180,713,533
312350,2005,380,911,531
312350,2006,120,361,241
312350,2007,0,346,346
312350,2008,0,340,340
312350,2009,0,323,323
312350,2010,0,376,376
312350,2011,0,383,383
312350,2012,0,68,68
312350,2013,240,317,77
312350,2014,350,416,66
312350,2015,150,286,136
312350,2016,300,336,36
312350,2017,460,743,283
312350,2018,680,981,301
312350,2019,500,802,302
312350,2020,600,980,380
312350,2021,650,997,347
312360,1988,0,13311,13311
312360,1989,0,14128,14128
312360,1990,0,14088,14088
312360,1991,0,15034,15034
312360,1992,0,15036,15036
312360,1993,0,14710,14710
312360,1994,0,15279,15279
312360,1995,0,13306,13306
312360,1996,0,13303,13303
312360,1997,0,11827,11827
312360,1998,0,11827,11827
312360,1999,0,11827,11827
312360,2000,0,11827,11827
312360,2001,0,15117,15117
312360,2002,0,15117,15117
312360,2003,0,15420,15420
312360,2004,0,15728,15728
312360,2005,0,13598,13598
312360,2006,0,13598,13598
312360,2007,0,13598,13598
312360,2008,0,14144,14144
312360,2009,0,13644,13644
312360,2010,0,12448,12448
312360,2011,0,12444,12444
312360,2012,0,12441,12441
312360,2013,0,12667,12667
312360,2014,0,12061,12061
312360,2015,0,10357,10357
312360,2016,0,12503,12503
312360,2017,0,7361,7361
312360,2018,650,11285,10635
312360,2019,600,10592,9992
312360,2020,600,13128,12528
312360,2021,2000,16045,14045
312370,1988,0,7236,7236
312370,1989,0,7230,7230
312370,1990,0,7188,7188
312370,1991,0,7187,7187
312370,1992,0,7136,7136
312370,1993,0,7042,7042
312370,1994,0,6667,6667
312370,1995,0,5333,5333
312370,1996,0,1027,1027
312370,1997,0,5129,5129
312370,1998,0,5143,5143
312370,1999,0,3662,3662
312370,2000,0,1062,1062
312370,2001,0,1061,1061
312370,2002,0,1009,1009
312370,2003,0,680,680
312370,2004,0,581,581
312370,2005,0,489,489
312370,2006,0,369,369
312370,2007,0,342,342
312370,2008,0,357,357
312370,2009,0,472,472
312370,2010,0,472,472
312370,2011,0,469,469
312370,2012,0,372,372
312370,2013,0,409,409
312370,2014,0,385,385
312370,2015,0,289,289
312370,2016,0,114,114
312370,2017,0,43,43
312370,2018,0,40,40
312370,2019,0,47,47
312370,2020,0,52,52
312370,2021,0,57,57
312380,1988,0,2397,2397
312380,1989,0,2370,2370
312380,1990,0,2326,2326
312380,1991,0,2360,2360
312380,1992,0,2354,2354
312380,1993,0,3002,3002
312380,1994,0,2982,2982
312380,1995,0,1518,1518
312380,1996,0,1513,1513
312380,1997,0,1541,1541
312380,1998,0,1463,1463
312380,1999,0,1514,1514
312380,2000,0,1619,1619
312380,2001,0,2366,2366
312380,2002,0,2233,2233
312380,2003,0,2087,2087
312380,2004,0,2149,2149
312380,2005,0,2114,2114
312380,2006,0,2124,2124
312380,2007,0,1755,1755
312380,2008,0,1765,1765
312380,2009,0,1858,1858
312380,2010,0,1848,1848
312380,2011,0,1195,1195
312380,2012,0,1595,1595
312380,2013,0,1642,1642
312380,2014,0,1633,1633
312380,2015,0,1645,1645
312380,2016,0,1581,1581
312380,2017,0,552,552
312380,2018,0,764,764
312380,2019,0,1328,1328
312380,2020,0,1551,1551
312380,2021,0,1419,1419
312390,1988,0,3017,3017
312390,1989,0,3050,3050
312390,1990,0,3121,3121
312390,1991,0,3248,3248
312390,1992,0,3226,3226
312390,1993,0,10818,10818
312390,1994,0,10593,10593
312390,1995,0,10587,10587
312390,1996,0,10639,10639
312390,1997,0,10095,10095
312390,1998,0,9716,9716
312390,1999,0,9674,9674
312390,2000,0,9428,9428
312390,2001,0,9280,9280
312390,2002,0,7170,7170
312390,2003,0,7155,7155
312390,2004,0,7021,7021
312390,2005,0,7280,7280
312390,2006,0,7637,7637
312390,2007,0,7523,7523
312390,2008,0,7851,7851
312390,2009,0,9495,9495
312390,2010,0,9500,9500
312390,2011,0,4770,4770
312390,2012,0,4788,4788
312390,2013,0,4378,4378
312390,2014,0,4990,4990
312390,2015,0,4952,4952
312390,2016,0,5022,5022
312390,2017,0,994,994
312390,2018,0,1130,1130
312390,2019,0,1555,1555
312390,2020,0,1862,1862
312390,2021,0,2174,2174
312400,1988,0,15935,15935
312400,1989,0,16347,16347
312400,1990,0,16254,16254
312400,1991,0,15849,15849
312400,1992,0,17342,17342
312400,1993,0,17596,17596
312400,1994,0,17223,17223
312400,1995,0,17224,17224
312400,1996,0,10263,10263
312400,1997,0,14065,14065
312400,1998,0,14542,14542
312400,1999,0,13769,13769
312400,2000,0,13719,13719
312400,2001,0,13919,13919
312400,2002,0,16337,16337
312400,2003,0,14557,14557
312400,2004,0,14034,14034
312400,2005,0,12184,12184
312400,2006,0,13984,13984
312400,2007,0,12484,12484
312400,2008,0,14435,14435
312400,2009,0,10392,10392
312400,2010,0,10592,10592
312400,2011,0,10438,10438
312400,2012,0,10317,10317
312400,2013,0,11788,11788
312400,2014,0,12038,12038
312400,2015,0,13741,13741
312400,2016,0,13178,13178
312400,2017,0,9123,9123
312400,2018,0,9115,9115
312400,2019,0,7186,7186
312400,2020,0,7714,7714
312400,2021,0,7878,7878
312410,1988,0,4695,4695
312410,1989,0,3422,3422
312410,1990,0,3422,3422
312410,1991,0,3704,3704
312410,1992,0,3618,3618
312410,1993,0,3308,3308
312410,1994,0,3314,3314
312410,1995,0,2969,2969
312410,1996,0,2794,2794
312410,1997,0,2737,2737
312410,1998,0,2538,2538
312410,1999,0,2528,2528
312410,2000,0,1530,1530
312410,2001,0,1531,1531
312410,2002,0,912,912
312410,2003,0,1109,1109
312410,2004,0,1173,1173
312410,2005,0,1181,1181
312410,2006,0,1231,1231
312410,2007,0,1211,1211
312410,2008,0,1211,1211
312410,2009,0,914,914
312410,2010,0,916,916
312410,2011,0,907,907
312410,2012,0,688,688
312410,2013,0,648,648
312410,2014,0,606,606
312410,2015,0,589,589
312410,2016,0,376,376
312410,2017,0,298,298
312410,2018,0,300,300
312410,2019,0,296,296
312410,2020,0,305,305
312410,2021,0,308,308
312420,1988,0,8547,8547
312420,1989,0,8951,8951
312420,1990,0,8576,8576
312420,1991,0,8997,8997
312420,1992,0,12113,12113
312420,1993,0,12426,12426
312420,1994,0,12439,12439
312420,1995,0,12477,12477
312420,1996,0,12082,12082
312420,1997,0,12276,12276
312420,1998,0,11597,11597
312420,1999,0,11538,11538
312420,2000,0,10831,10831
312420,2001,0,12223,12223
312420,2002,0,11321,11321
312420,2003,0,11998,11998
312420,2004,0,10840,10840
312420,2005,0,11148,11148
312420,2006,0,11558,11558
312420,2007,0,10052,10052
312420,2008,0,11000,11000
312420,2009,0,10080,10080
312420,2010,0,10127,10127
312420,2011,0,10766,10766
312420,2012,0,10926,10926
312420,2013,0,11116,11116
312420,2014,0,10211,10211
312420,2015,0,10930,10930
312420,2016,0,11650,11650
312420,2017,0,11507,11507
312420,2018,0,11904,11904
312420,2019,0,10991,10991
312420,2020,0,11033,11033
312420,2021,0,10638,10638
312430,1988,0,23647,23647
312430,1989,0,26737,26737
312430,1990,0,25996,25996
312430,1991,0,26361,26361
312430,1992,0,30329,30329
312430,1993,0,23768,23768
312430,1994,0,26165,26165
312430,1995,0,14772,14772
312430,1996,0,8056,8056
312430,1997,0,13160,13160
312430,1998,0,11966,11966
312430,1999,0,11000,11000
312430,2000,0,11132,11132
312430,2001,0,8767,8767
312430,2002,0,7611,7611
312430,2003,0,5867,5867
312430,2004,0,11068,11068
312430,2005,0,11088,11088
312430,2006,0,11275,11275
312430,2007,0,10087,10087
312430,2008,0,9437,9437
312430,2009,0,10866,10866
312430,2010,0,11100,11100
312430,2011,0,9290,9290
312430,2012,0,6340,6340
312430,2013,0,5654,5654
312430,2014,0,5738,5738
312430,2015,0,5362,5362
312430,2016,0,5649,5649
312430,2017,0,4357,4357
312430,2018,0,3334,3334
312430,2019,0,3177,3177
312430,2020,0,3404,3404
312430,2021,0,2597,2597
312440,1988,0,3700,3700
312440,1989,0,3735,3735
312440,1990,0,4002,4002
312440,1991,0,3976,3976
312440,1992,0,4166,4166
312440,1993,0,4168,4168
312440,1994,0,4213,4213
312440,1995,0,4218,4218
312440,1996,0,4415,4415
312440,1997,0,4409,4409
312440,1998,0,5855,5855
312440,1999,0,5576,5576
312440,2000,0,3450,3450
312440,2001,0,3221,3221
312440,2002,0,3221,3221
312440,2003,0,3303,3303
312440,2004,0,2897,2897
312440,2005,0,3628,3628
312440,2006,0,2915,2915
312440,2007,0,2842,2842
312440,2008,0,2985,2985
312440,2009,0,3051,3051
312440,2010,0,3051,3051
312440,2011,0,2976,2976
312440,2012,0,2960,2960
312440,2013,0,2886,2886
312440,2014,0,2976,2976
312440,2015,0,2666,2666
312440,2016,0,2802,2802
312440,2017,0,1918,1918
312440,2018,0,2234,2234
312440,2019,0,2207,2207
312440,2020,0,2174,2174
312440,2021,0,2096,2096
312450,1988,0,1590,1590
312450,1989,0,1775,1775
312450,1990,0,1828,1828
312450,1991,0,1836,1836
312450,1992,0,1760,1760
312450,1993,0,1830,1830
312450,1994,0,1595,1595
312450,1995,0,1494,1494
312450,1996,8,1961,1953
312450,1997,0,1194,1194
312450,1998,0,928,928
312450,1999,0,983,983
312450,2000,0,819,819
312450,2001,0,819,819
312450,2002,0,872,872
312450,2003,0,957,957
312450,2004,0,1000,1000
312450,2005,0,995,995
312450,2006,0,988,988
312450,2007,0,988,988
312450,2008,0,1220,1220
312450,2009,0,1470,1470
312450,2010,0,1570,1570
312450,2011,0,1574,1574
312450,2012,0,1116,1116
312450,2013,0,1098,1098
312450,2014,0,1083,1083
312450,2015,0,1070,1070
312450,2016,0,1294,1294
312450,2017,0,253,253
312450,2018,0,299,299
312450,2019,0,462,462
312450,2020,0,499,499
312450,2021,0,514,514
312460,1988,0,441,441
312460,1989,0,419,419
312460,1990,0,375,375
312460,1991,0,366,366
312460,1992,0,403,403
312460,1993,0,437,437
312460,1994,0,432,432
312460,1995,0,434,434
312460,1996,0,352,352
312460,1997,0,295,295
312460,1998,0,229,229
312460,1999,0,179,179
312460,2000,0,177,177
312460,2001,0,192,192
312460,2002,0,198,198
312460,2003,0,203,203
312460,2004,0,195,195
312460,2005,0,196,196
312460,2006,0,194,194
312460,2007,0,196,196
312460,2008,0,201,201
312460,2009,0,201,201
312460,2010,0,201,201
312460,2011,0,193,193
312460,2012,0,203,203
312460,2013,0,203,203
312460,2014,0,156,156
312460,2015,0,167,167
312460,2016,0,93,93
312460,2017,0,227,227
312460,2018,0,172,172
312460,2019,0,192,192
312460,2020,0,198,198
312460,2021,0,188,188
312470,1988,0,2522,2522
312470,1989,0,1924,1924
312470,1990,0,1913,1913
312470,1991,0,1692,1692
312470,1992,0,589,589
312470,1993,0,589,589
312470,1994,0,678,678
312470,1995,0,818,818
312470,1996,0,2916,2916
312470,1997,0,2523,2523
312470,1998,0,1755,1755
312470,1999,0,1908,1908
312470,2000,0,1233,1233
312470,2001,0,402,402
312470,2002,0,639,639
312470,2003,0,618,618
312470,2004,550,1533,983
312470,2005,1000,2379,1379
312470,2006,550,2878,2328
312470,2007,500,1610,1110
312470,2008,500,1622,1122
312470,2009,600,1922,1322
312470,2010,600,1922,1322
312470,2011,500,1904,1404
312470,2012,500,1630,1130
312470,2013,300,1340,1040
312470,2014,500,1767,1267
312470,2015,150,1669,1519
312470,2016,270,1874,1604
312470,2017,270,1128,858
312470,2018,270,1679,1409
312470,2019,270,1698,1428
312470,2020,120,1601,1481
312470,2021,550,2014,1464
312480,1988,1500,5802,4302
312480,1989,1500,5295,3795
312480,1990,1500,5182,3682
312480,1991,1300,5370,4070
312480,1992,1800,6170,4370
312480,1993,4000,7250,3250
312480,1994,4000,7070,3070
312480,1995,4000,8163,4163
312480,1996,4040,9341,5301
312480,1997,3500,7036,3536
312480,1998,3500,7402,3902
312480,1999,3500,7207,3707
312480,2000,3000,7376,4376
312480,2001,2400,8072,5672
312480,2002,3400,8120,4720
312480,2003,3400,7633,4233
312480,2004,5000,11060,6060
312480,2005,5000,10965,5965
312480,2006,4000,11793,7793
312480,2007,4000,11705,7705
312480,2008,4000,11619,7619
312480,2009,4000,11631,7631
312480,2010,4800,11981,7181
312480,2011,4800,12165,7365
312480,2012,3500,9998,6498
312480,2013,4500,12749,8249
312480,2014,5000,13406,8406
312480,2015,5000,13122,8122
312480,2016,4700,13484,8784
312480,2017,3175,8641,5466
312480,2018,3500,10028,6528
312480,2019,4500,10829,6329
312480,2020,4500,11118,6618
312480,2021,4800,11992,7192
312490,1988,0,4392,4392
312490,1989,0,3778,3778
312490,1990,0,3555,3555
312490,1991,0,3655,3655
312490,1992,0,3729,3729
312490,1993,0,3929,3929
312490,1994,0,4118,4118
312490,1995,0,3213,3213
312490,1996,0,4188,4188
312490,1997,0,4330,4330
312490,1998,0,3258,3258
312490,1999,0,3296,3296
312490,2000,0,3458,3458
312490,2001,0,3469,3469
312490,2002,0,3445,3445
312490,2003,0,3445,3445
312490,2004,0,3243,3243
312490,2005,0,3243,3243
312490,2006,0,3448,3448
312490,2007,0,3448,3448
312490,2008,0,3688,3688
312490,2009,0,3988,3988
312490,2010,0,3888,3888
312490,2011,0,2672,2672
312490,2012,0,2782,2782
312490,2013,0,3450,3450
312490,2014,0,2909,2909
312490,2015,0,2885,2885
312490,2016,0,2423,2423
312490,2017,0,1739,1739
312490,2018,0,1899,1899
312490,2019,0,1853,1853
312490,2020,0,1981,1981
312490,2021,0,1903,1903
312500,1988,0,525,525
312500,1989,0,596,596
312500,1990,0,559,559
312500,1991,0,567,567
312500,1992,0,562,562
312500,1993,0,520,520
312500,1994,0,520,520
312500,1995,0,532,532
312500,1996,0,187,187
312500,1997,0,200,200
312500,1998,0,276,276
312500,1999,0,305,305
312500,2000,0,269,269
312500,2001,0,261,261
312500,2002,0,252,252
312500,2003,0,216,216
312500,2004,0,198,198
312500,2005,0,187,187
312500,2006,0,190,190
312500,2007,0,193,193
312500,2008,0,193,193
312500,2009,0,197,197
312500,2010,0,197,197
312500,2011,0,187,187
312500,2012,0,197,197
312500,2013,0,120,120
312500,2014,0,35,35
312500,2015,0,35,35
312500,2016,0,10,10
312500,2017,0,4,4
312500,2018,0,7,7
312500,2019,0,9,9
312500,2020,0,13,13
312500,2021,0,14,14
312510,1988,0,1405,1405
312510,1989,0,1359,1359
312510,1990,0,1191,1191
312510,1991,0,1179,1179
312510,1992,0,1190,1190
312510,1993,0,1120,1120
312510,1994,0,1123,1123
312510,1995,0,1139,1139
312510,1996,0,1065,1065
312510,1997,0,991,991
312510,1998,0,881,881
312510,1999,0,880,880
312510,2000,0,868,868
312510,2001,0,868,868
312510,2002,0,732,732
312510,2003,0,882,882
312510,2004,0,895,895
312510,2005,0,812,812
312510,2006,0,757,757
312510,2007,0,737,737
312510,2008,0,687,687
312510,2009,0,612,612
312510,2010,0,689,689
312510,2011,0,689,689
312510,2012,0,389,389
312510,2013,0,372,372
312510,2014,0,348,348
312510,2015,0,364,364
312510,2016,0,432,432
312510,2017,0,116,116
312510,2018,150,302,152
312510,2019,150,363,213
312510,2020,150,409,259
312510,2021,150,445,295
312520,1988,0,2292,2292
312520,1989,0,2337,2337
312520,1990,0,2451,2451
312520,1991,0,2782,2782
312520,1992,0,2546,2546
312520,1993,0,2213,2213
312520,1994,0,2152,2152
312520,1995,0,2284,2284
312520,1996,0,2226,2226
312520,1997,0,2182,2182
312520,1998,0,2062,2062
312520,1999,0,2167,2167
312520,2000,0,2047,2047
312520,2001,0,2069,2069
312520,2002,0,2150,2150
312520,2003,0,2140,2140
312520,2004,0,2071,2071
312520,2005,0,2000,2000
312520,2006,0,1973,1973
312520,2007,0,1984,1984
312520,2008,0,2304,2304
312520,2009,0,1949,1949
312520,2010,0,2086,2086
312520,2011,0,1916,1916
312520,2012,0,1748,1748
312520,2013,0,1859,1859
312520,2014,0,1602,1602
312520,2015,0,1932,1932
312520,2016,0,1632,1632
312520,2017,0,1853,1853
312520,2018,70,1770,1700
312520,2019,70,1692,1622
312520,2020,70,1706,1636
312520,2021,100,1841,1741
312530,1988,0,1543,1543
312530,1989,0,1648,1648
312530,1990,0,1482,1482
312530,1991,0,1978,1978
312530,1992,0,1601,1601
312530,1993,0,1693,1693
312530,1994,0,1744,1744
312530,1995,0,1775,1775
312530,1996,0,2092,2092
312530,1997,0,2106,2106
312530,1998,0,1998,1998
312530,1999,0,2000,2000
312530,2000,0,1677,1677
312530,2001,0,1499,1499
312530,2002,0,1019,1019
312530,2003,0,1029,1029
312530,2004,0,1126,1126
312530,2005,0,1170,1170
312530,2006,0,1132,1132
312530,2007,0,964,964
312530,2008,0,1306,1306
312530,2009,0,1181,1181
312530,2010,0,1159,1159
312530,2011,0,1114,1114
312530,2012,0,1079,1079
312530,2013,0,1019,1019
312530,2014,0,985,985
312530,2015,0,723,723
312530,2016,0,681,681
312530,2017,0,754,754
312530,2018,0,796,796
312530,2019,0,689,689
312530,2020,0,697,697
312530,2021,0,698,698
312540,1988,0,1572,1572
312540,1989,0,1618,1618
312540,1990,0,1718,1718
312540,1991,0,1717,1717
312540,1992,0,1717,1717
312540,1993,0,1767,1767
312540,1994,0,1787,1787
312540,1995,0,1787,1787
312540,1996,0,1903,1903
312540,1997,0,1983,1983
312540,1998,0,2152,2152
312540,1999,0,1881,1881
312540,2000,0,1581,1581
312540,2001,0,1587,1587
312540,2002,0,1783,1783
312540,2003,0,1705,1705
312540,2004,0,1675,1675
312540,2005,0,1715,1715
312540,2006,0,1715,1715
312540,2007,0,1747,1747
312540,2008,0,1747,1747
312540,2009,0,1747,1747
312540,2010,0,1747,1747
312540,2011,0,1597,1597
312540,2012,0,1687,1687
312540,2013,0,1698,1698
312540,2014,0,1648,1648
312540,2015,0,1791,1791
312540,2016,0,1885,1885
312540,2017,0,1222,1222
312540,2018,0,1145,1145
312540,2019,0,1351,1351
312540,2020,0,1515,1515
312540,2021,0,1653,1653
312550,1988,0,783,783
312550,1989,0,717,717
312550,1990,0,778,778
312550,1991,0,778,778
312550,1992,0,778,778
312550,1993,0,778,778
312550,1994,0,758,758
312550,1995,0,758,758
312550,1996,0,731,731
312550,1997,0,601,601
312550,1998,0,831,831
312550,1999,0,969,969
312550,2000,0,890,890
312550,2001,0,799,799
312550,2002,0,637,637
312550,2003,0,653,653
312550,2004,0,758,758
312550,2005,0,757,757
312550,2006,0,777,777
312550,2007,0,757,757
312550,2008,0,757,757
312550,2009,0,757,757
312550,2010,0,757,757
312550,2011,0,414,414
312550,2012,0,443,443
312550,2013,0,439,439
312550,2014,0,325,325
312550,2015,0,326,326
312550,2016,0,288,288
312550,2017,0,184,184
312550,2018,0,190,190
312550,2019,0,347,347
312550,2020,0,323,323
312550,2021,0,332,332
312560,1988,0,2448,2448
312560,1989,0,2043,2043
312560,1990,0,2311,2311
312560,1991,0,2298,2298
312560,1992,0,2298,2298
312560,1993,0,2187,2187
312560,1994,0,2102,2102
312560,1995,0,1157,1157
312560,1996,0,2049,2049
312560,1997,0,1986,1986
312560,1998,0,632,632
312560,1999,0,1355,1355
312560,2000,0,1354,1354
312560,2001,0,747,747
312560,2002,0,881,881
312560,2003,0,906,906
312560,2004,0,633,633
312560,2005,0,623,623
312560,2006,0,924,924
312560,2007,0,739,739
312560,2008,0,626,626
312560,2009,0,1013,1013
312560,2010,0,738,738
312560,2011,0,1063,1063
312560,2012,0,1172,1172
312560,2013,0,1107,1107
312560,2014,0,747,747
312560,2015,0,460,460
312560,2016,0,410,410
312560,2017,0,460,460
312560,2018,0,535,535
312560,2019,0,555,555
312560,2020,0,476,476
312560,2021,0,559,559
312570,1988,400,4864,4464
312570,1989,300,4428,4128
312570,1990,300,4388,4088
312570,1991,200,3924,3724
312570,1992,200,3763,3563
312570,1993,200,3753,3553
312570,1994,30,3815,3785
312570,1995,30,3815,3785
312570,1996,100,3890,3790
312570,1997,0,3086,3086
312570,1998,0,3463,3463
312570,1999,0,2715,2715
312570,2000,0,2645,2645
312570,2001,0,776,776
312570,2002,0,697,697
312570,2003,0,138,138
312570,2004,0,598,598
312570,2005,0,1638,1638
312570,2006,0,2342,2342
312570,2007,0,2228,2228
312570,2008,50,2916,2866
312570,2009,50,2971,2921
312570,2010,50,2675,2625
312570,2011,50,2614,2564
312570,2012,50,1758,1708
312570,2013,50,1825,1775
312570,2014,50,1811,1761
312570,2015,50,1770,1720
312570,2016,53,1216,1163
312570,2017,200,1300,1100
312570,2018,200,1397,1197
312570,2019,200,1268,1068
312570,2020,200,1302,1102
312570,2021,225,1211,986
312580,1988,0,6734,6734
312580,1989,0,6732,6732
312580,1990,0,6692,6692
312580,1991,0,6421,6421
312580,1992,0,6659,6659
312580,1993,0,6615,6615
312580,1994,0,6255,6255
312580,1995,0,5117,5117
312580,1996,0,404,404
312580,1997,0,4857,4857
312580,1998,0,4858,4858
312580,1999,0,3471,3471
312580,2000,0,754,754
312580,2001,0,754,754
312580,2002,0,752,752
312580,2003,0,576,576
312580,2004,0,527,527
312580,2005,0,454,454
312580,2006,0,787,787
312580,2007,0,375,375
312580,2008,0,429,429
312580,2009,0,328,328
312580,2010,0,328,328
312580,2011,0,330,330
312580,2012,0,477,477
312580,2013,0,499,499
312580,2014,0,499,499
312580,2015,0,379,379
312580,2016,0,325,325
312580,2017,0,76,76
312580,2018,0,134,134
312580,2019,0,139,139
312580,2020,0,137,137
312580,2021,0,121,121
312590,1988,0,13301,13301
312590,1989,0,13212,13212
312590,1990,0,13219,13219
312590,1991,0,13191,13191
312590,1992,0,12900,12900
312590,1993,0,12808,12808
312590,1994,0,8360,8360
312590,1995,0,7557,7557
312590,1996,0,6615,6615
312590,1997,0,3330,3330
312590,1998,0,3456,3456
312590,1999,0,3178,3178
312590,2000,0,4054,4054
312590,2001,0,4421,4421
312590,2002,0,3908,3908
312590,2003,0,4016,4016
312590,2004,0,3706,3706
312590,2005,0,3262,3262
312590,2006,0,3220,3220
312590,2007,0,3176,3176
312590,2008,0,3226,3226
312590,2009,0,2846,2846
312590,2010,0,2735,2735
312590,2011,0,1795,1795
312590,2012,0,2705,2705
312590,2013,0,2356,2356
312590,2014,0,2096,2096
312590,2015,0,1932,1932
312590,2016,0,1480,1480
312590,2017,0,1018,1018
312590,2018,0,1064,1064
312590,2019,0,1112,1112
312590,2020,0,1038,1038
312590,2021,0,952,952
312600,1988,54,1081,1027
312600,1989,20,1024,1004
312600,1990,20,1066,1046
312600,1991,20,1057,1037
312600,1992,22,993,971
312600,1993,22,964,942
312600,1994,22,1031,1009
312600,1995,22,1006,984
312600,1996,2,706,704
312600,1997,2,733,731
312600,1998,0,1617,1617
312600,1999,0,1184,1184
312600,2000,0,799,799
312600,2001,0,422,422
312600,2002,0,353,353
312600,2003,0,311,311
312600,2004,0,296,296
312600,2005,0,341,341
312600,2006,0,348,348
312600,2007,0,348,348
312600,2008,0,358,358
312600,2009,0,360,360
312600,2010,0,355,355
312600,2011,0,334,334
312600,2012,0,313,313
312600,2013,0,223,223
312600,2014,0,237,237
312600,2015,0,198,198
312600,2016,0,281,281
312600,2017,0,72,72
312600,2018,0,78,78
312600,2019,0,101,101
312600,2020,0,104,104
312600,2021,0,82,82
312610,1988,300,24408,24108
312610,1989,500,22280,21780
312610,1990,500,22411,21911
312610,1991,600,21860,21260
312610,1992,300,22093,21793
312610,1993,180,22500,22320
312610,1994,0,18971,18971
312610,1995,0,21627,21627
312610,1996,50,19011,18961
312610,1997,0,19404,19404
312610,1998,0,18051,18051
312610,1999,0,17208,17208
312610,2000,0,18501,18501
312610,2001,0,18190,18190
312610,2002,0,18022,18022
312610,2003,0,17747,17747
312610,2004,250,18112,17862
312610,2005,1044,18667,17623
312610,2006,300,18305,18005
312610,2007,300,16365,16065
312610,2008,600,18640,18040
312610,2009,300,16420,16120
312610,2010,1300,17410,16110
312610,2011,430,16279,15849
312610,2012,1000,16882,15882
312610,2013,1500,17153,15653
312610,2014,3000,18440,15440
312610,2015,3200,19481,16281
312610,2016,3200,22099,18899
312610,2017,7360,19863,12503
312610,2018,11700,26947,15247
312610,2019,14700,33305,18605
312610,2020,15700,36983,21283
312610,2021,16800,35828,19028
312620,1988,2000,15050,13050
312620,1989,18000,25150,7150
312620,1990,15000,20700,5700
312620,1991,10000,18155,8155
312620,1992,13000,23405,10405
312620,1993,14000,27155,13155
312620,1994,14000,24900,10900
312620,1995,15000,23930,8930
312620,1996,12494,21880,9386
312620,1997,13000,21390,8390
312620,1998,10000,19600,9600
312620,1999,8700,23094,14394
312620,2000,6500,23941,17441
312620,2001,10500,20361,9861
312620,2002,12000,26950,14950
312620,2003,14000,27853,13853
312620,2004,17000,29231,12231
312620,2005,18900,29359,10459
312620,2006,18900,29239,10339
312620,2007,18900,29117,10217
312620,2008,21400,31576,10176
312620,2009,21500,32886,11386
312620,2010,23700,33963,10263
312620,2011,23000,32189,9189
312620,2012,24000,34740,10740
312620,2013,22500,38861,16361
312620,2014,24500,44864,20364
312620,2015,35000,51182,16182
312620,2016,23000,39340,16340
312620,2017,21600,32643,11043
312620,2018,24800,39205,14405
312620,2019,20000,34511,14511
312620,2020,20000,34608,14608
312620,2021,20000,35875,15875
312630,1988,0,3560,3560
312630,1989,0,3380,3380
312630,1990,0,3210,3210
312630,1991,0,2770,2770
312630,1992,0,2800,2800
312630,1993,0,3170,3170
312630,1994,0,3316,3316
312630,1995,0,3347,3347
312630,1996,0,3200,3200
312630,1997,0,3023,3023
312630,1998,0,3319,3319
312630,1999,0,3004,3004
312630,2000,0,2947,2947
312630,2001,0,2957,2957
312630,2002,0,3029,3029
312630,2003,0,3602,3602
312630,2004,0,2527,2527
312630,2005,0,2652,2652
312630,2006,0,2799,2799
312630,2007,0,2179,2179
312630,2008,0,2179,2179
312630,2009,0,2275,2275
312630,2010,0,2255,2255
312630,2011,0,2433,2433
312630,2012,0,2453,2453
312630,2013,0,2563,2563
312630,2014,0,2758,2758
312630,2015,0,2952,2952
312630,2016,0,2954,2954
312630,2017,3,2067,2064
312630,2018,5,2083,2078
312630,2019,0,2223,2223
312630,2020,0,2143,2143
312630,2021,0,2173,2173
312640,1988,5,1125,1120
312640,1989,5,969,964
312640,1990,0,865,865
312640,1991,0,894,894
312640,1992,0,938,938
312640,1993,0,824,824
312640,1994,0,825,825
312640,1995,0,795,795
312640,1996,0,910,910
312640,1997,0,1009,1009
312640,1998,0,657,657
312640,1999,0,662,662
312640,2000,0,936,936
312640,2001,0,918,918
312640,2002,0,900,900
312640,2003,0,628,628
312640,2004,0,625,625
312640,2005,0,573,573
312640,2006,0,634,634
312640,2007,0,526,526
312640,2008,0,453,453
312640,2009,0,352,352
312640,2010,0,310,310
312640,2011,0,311,311
312640,2012,0,263,263
312640,2013,0,247,247
312640,2014,0,245,245
312640,2015,0,212,212
312640,2016,0,205,205
312640,2017,0,57,57
312640,2018,0,150,150
312640,2019,0,150,150
312640,2020,0,137,137
312640,2021,0,147,147
312650,1988,0,3800,3800
312650,1989,0,4110,4110
312650,1990,0,3970,3970
312650,1991,0,3324,3324
312650,1992,0,3925,3925
312650,1993,0,3553,3553
312650,1994,0,3397,3397
312650,1995,0,1515,1515
312650,1996,0,3341,3341
312650,1997,0,3260,3260
312650,1998,0,386,386
312650,1999,0,2649,2649
312650,2000,0,2649,2649
312650,2001,0,1255,1255
312650,2002,0,1055,1055
312650,2003,0,1206,1206
312650,2004,0,1280,1280
312650,2005,0,1100,1100
312650,2006,0,1400,1400
312650,2007,0,1374,1374
312650,2008,0,359,359
312650,2009,0,1417,1417
312650,2010,0,1100,1100
312650,2011,0,1061,1061
312650,2012,0,1211,1211
312650,2013,0,1224,1224
312650,2014,0,1263,1263
312650,2015,0,1168,1168
312650,2016,0,1012,1012
312650,2017,0,652,652
312650,2018,0,497,497
312650,2019,0,509,509
312650,2020,0,610,610
312650,2021,0,621,621
312660,1988,0,974,974
312660,1989,0,892,892
312660,1990,0,838,838
312660,1991,0,842,842
312660,1992,0,842,842
312660,1993,0,882,882
312660,1994,0,882,882
312660,1995,0,2319,2319
312660,1996,0,1416,1416
312660,1997,0,1596,1596
312660,1998,0,1637,1637
312660,1999,0,1767,1767
312660,2000,0,1768,1768
312660,2001,0,1866,1866
312660,2002,0,1834,1834
312660,2003,0,1818,1818
312660,2004,0,1553,1553
312660,2005,0,1913,1913
312660,2006,0,1943,1943
312660,2007,0,1497,1497
312660,2008,0,1511,1511
312660,2009,0,1511,1511
312660,2010,0,1486,1486
312660,2011,0,738,738
312660,2012,0,938,938
312660,2013,0,685,685
312660,2014,0,646,646
312660,2015,0,929,929
312660,2016,0,438,438
312660,2017,0,914,914
312660,2018,0,513,513
312660,2019,0,353,353
312660,2020,0,413,413
312660,2021,0,310,310
312670,1988,0,5064,5064
312670,1989,0,4736,4736
312670,1990,0,2846,2846
312670,1991,0,6805,6805
312670,1992,0,4899,4899
312670,1993,0,3652,3652
312670,1994,0,3667,3667
312670,1995,0,3647,3647
312670,1996,0,5660,5660
312670,1997,0,5007,5007
312670,1998,0,4875,4875
312670,1999,0,5015,5015
312670,2000,0,5356,5356
312670,2001,0,5357,5357
312670,2002,0,3251,3251
312670,2003,0,3079,3079
312670,2004,0,2724,2724
312670,2005,0,3122,3122
312670,2006,0,3085,3085
312670,2007,0,3514,3514
312670,2008,0,3455,3455
312670,2009,0,3485,3485
312670,2010,0,3663,3663
312670,2011,0,3712,3712
312670,2012,0,3757,3757
312670,2013,0,3682,3682
312670,2014,0,3283,3283
312670,2015,0,3360,3360
312670,2016,0,3052,3052
312670,2017,0,2052,2052
312670,2018,0,2493,2493
312670,2019,0,2051,2051
312670,2020,0,2561,2561
312670,2021,0,2572,2572
312680,1988,0,1935,1935
312680,1989,0,1915,1915
312680,1990,0,2556,2556
312680,1991,0,2741,2741
312680,1992,0,2741,2741
312680,1993,0,2281,2281
312680,1994,0,2206,2206
312680,1995,0,1579,1579
312680,1996,0,1681,1681
312680,1997,0,1662,1662
312680,1998,0,1664,1664
312680,1999,0,1672,1672
312680,2000,0,1255,1255
312680,2001,0,1244,1244
312680,2002,0,1334,1334
312680,2003,0,1334,1334
312680,2004,0,1658,1658
312680,2005,0,1173,1173
312680,2006,0,1063,1063
312680,2007,0,1123,1123
312680,2008,0,943,943
312680,2009,0,943,943
312680,2010,0,943,943
312680,2011,0,1123,1123
312680,2012,0,1038,1038
312680,2013,0,986,986
312680,2014,0,941,941
312680,2015,0,838,838
312680,2016,0,899,899
312680,2017,0,200,200
312680,2018,0,243,243
312680,2019,0,254,254
312680,2020,0,273,273
312680,2021,0,254,254
312690,1988,0,1824,1824
312690,1989,0,2058,2058
312690,1990,0,928,928
312690,1991,0,929,929
312690,1992,0,706,706
312690,1993,0,636,636
312690,1994,0,637,637
312690,1995,0,851,851
312690,1996,0,579,579
312690,1997,0,631,631
312690,1998,0,631,631
312690,1999,0,469,469
312690,2000,0,469,469
312690,2001,0,469,469
312690,2002,0,469,469
312690,2003,0,718,718
312690,2004,0,612,612
312690,2005,0,575,575
312690,2006,0,650,650
312690,2007,0,177,177
312690,2008,0,142,142
312690,2009,0,377,377
312690,2010,0,377,377
312690,2011,0,397,397
312690,2012,0,456,456
312690,2013,0,410,410
312690,2014,0,398,398
312690,2015,0,301,301
312690,2016,0,44,44
312690,2017,0,143,143
312690,2018,0,144,144
312690,2019,0,157,157
312690,2020,0,142,142
312690,2021,0,154,154
312700,1988,160,5999,5839
312700,1989,160,6046,5886
312700,1990,140,5559,5419
312700,1991,140,5605,5465
312700,1992,0,5165,5165
312700,1993,485,4555,4070
312700,1994,80,4158,4078
312700,1995,0,4455,4455
312700,1996,800,6252,5452
312700,1997,300,4698,4398
312700,1998,200,4628,4428
312700,1999,600,9160,8560
312700,2000,250,6257,6007
312700,2001,900,6398,5498
312700,2002,1000,5682,4682
312700,2003,240,4500,4260
312700,2004,250,4930,4680
312700,2005,260,5072,4812
312700,2006,300,6222,5922
312700,2007,320,6342,6022
312700,2008,350,6382,6032
312700,2009,400,6602,6202
312700,2010,450,6767,6317
312700,2011,600,6619,6019
312700,2012,200,6109,5909
312700,2013,200,6492,6292
312700,2014,200,5308,5108
312700,2015,200,6155,5955
312700,2016,90,4450,4360
312700,2017,145,1575,1430
312700,2018,150,1806,1656
312700,2019,150,1767,1617
312700,2020,200,2269,2069
312700,2021,230,2157,1927
312705,1988,0,894,894
312705,1989,0,697,697
312705,1990,0,804,804
312705,1991,0,692,692
312705,1992,0,692,692
312705,1993,0,692,692
312705,1994,0,692,692
312705,1995,0,592,592
312705,1996,0,651,651
312705,1997,0,629,629
312705,1998,0,609,609
312705,1999,0,599,599
312705,2000,0,601,601
312705,2001,0,601,601
312705,2002,0,674,674
312705,2003,0,699,699
312705,2004,0,306,306
312705,2005,0,178,178
312705,2006,0,298,298
312705,2007,0,398,398
312705,2008,0,298,298
312705,2009,0,328,328
312705,2010,0,368,368
312705,2011,0,333,333
312705,2012,0,258,258
312705,2013,0,328,328
312705,2014,0,343,343
312705,2015,0,343,343
312705,2016,0,311,311
312705,2017,0,129,129
312705,2018,0,102,102
312705,2019,0,106,106
312705,2020,0,106,106
312705,2021,0,102,102
312710,1988,11270,33463,22193
312710,1989,11270,34816,23546
312710,1990,9970,28819,18849
312710,1991,10970,30203,19233
312710,1992,9870,30818,20948
312710,1993,10865,30065,19200
312710,1994,10100,30858,20758
312710,1995,9000,29817,20817
312710,1996,10000,31092,21092
312710,1997,11000,38856,27856
312710,1998,10500,35237,24737
312710,1999,12500,39600,27100
312710,2000,12500,34021,21521
312710,2001,14530,43543,29013
312710,2002,15000,42980,27980
312710,2003,20000,51517,31517
312710,2004,28000,53176,25176
312710,2005,30000,54389,24389
312710,2006,27000,55956,28956
312710,2007,26000,55926,29926
312710,2008,7500,55418,47918
312710,2009,8000,53538,45538
312710,2010,9000,52930,43930
312710,2011,8100,52727,44627
312710,2012,10000,77280,67280
312710,2013,12000,91682,79682
312710,2014,14000,96270,82270
312710,2015,12000,90357,78357
312710,2016,12000,89212,77212
312710,2017,18400,102088,83688
312710,2018,20500,98662,78162
312710,2019,20500,99588,79088
312710,2020,20100,98740,78640
312710,2021,21700,100253,78553
312720,1988,5,926,921
312720,1989,5,958,953
312720,1990,5,1031,1026
312720,1991,0,1314,1314
312720,1992,0,1130,1130
312720,1993,4,1454,1450
312720,1994,4,1404,1400
312720,1995,6,1388,1382
312720,1996,0,1063,1063
312720,1997,0,1731,1731
312720,1998,0,1583,1583
312720,1999,0,689,689
312720,2000,0,689,689
312720,2001,0,610,610
312720,2002,0,567,567
312720,2003,0,465,465
312720,2004,20,475,455
312720,2005,0,511,511
312720,2006,0,481,481
312720,2007,0,424,424
312720,2008,0,449,449
312720,2009,0,446,446
312720,2010,0,566,566
312720,2011,0,565,565
312720,2012,0,560,560
312720,2013,0,530,530
312720,2014,0,529,529
312720,2015,0,481,481
312720,2016,0,470,470
312720,2017,0,80,80
312720,2018,0,89,89
312720,2019,0,98,98
312720,2020,0,107,107
312720,2021,0,107,107
312730,1988,0,2238,2238
312730,1989,0,2046,2046
312730,1990,0,1827,1827
312730,1991,0,1827,1827
312730,1992,0,1377,1377
312730,1993,0,1293,1293
312730,1994,0,1388,1388
312730,1995,0,1882,1882
312730,1996,0,2681,2681
312730,1997,0,2393,2393
312730,1998,0,2548,2548
312730,1999,0,1354,1354
312730,2000,0,1283,1283
312730,2001,0,1283,1283
312730,2002,0,1283,1283
312730,2003,0,964,964
312730,2004,0,1158,1158
312730,2005,0,1002,1002
312730,2006,0,1069,1069
312730,2007,0,950,950
312730,2008,0,850,850
312730,2009,0,715,715
312730,2010,0,715,715
312730,2011,0,715,715
312730,2012,0,909,909
312730,2013,0,750,750
312730,2014,0,699,699
312730,2015,0,625,625
312730,2016,0,627,627
312730,2017,0,209,209
312730,2018,0,254,254
312730,2019,0,537,537
312730,2020,0,537,537
312730,2021,0,545,545
312740,1988,0,640,640
312740,1989,0,539,539
312740,1990,0,522,522
312740,1991,0,1479,1479
312740,1992,0,1319,1319
312740,1993,0,445,445
312740,1994,0,631,631
312740,1995,0,653,653
312740,1996,0,554,554
312740,1997,0,748,748
312740,1998,0,625,625
312740,1999,0,726,726
312740,2000,0,654,654
312740,2001,0,654,654
312740,2002,0,631,631
312740,2003,0,688,688
312740,2004,0,877,877
312740,2005,0,858,858
312740,2006,0,505,505
312740,2007,0,456,456
312740,2008,0,460,460
312740,2009,0,461,461
312740,2010,0,386,386
312740,2011,0,386,386
312740,2012,0,316,316
312740,2013,0,319,319
312740,2014,0,315,315
312740,2015,0,367,367
312740,2016,0,425,425
312740,2017,0,386,386
312740,2018,0,419,419
312740,2019,0,460,460
312740,2020,0,456,456
312740,2021,0,475,475
312750,1988,0,2901,2901
312750,1989,0,1060,1060
312750,1990,0,1112,1112
312750,1991,0,1112,1112
312750,1992,0,1003,1003
312750,1993,0,1046,1046
312750,1994,0,990,990
312750,1995,0,1000,1000
312750,1996,0,492,492
312750,1997,0,980,980
312750,1998,0,980,980
312750,1999,0,769,769
312750,2000,0,769,769
312750,2001,0,769,769
312750,2002,0,769,769
312750,2003,0,765,765
312750,2004,0,524,524
312750,2005,0,521,521
312750,2006,0,601,601
312750,2007,0,485,485
312750,2008,0,478,478
312750,2009,0,478,478
312750,2010,0,478,478
312750,2011,0,478,478
312750,2012,0,410,410
312750,2013,0,520,520
312750,2014,0,520,520
312750,2015,0,390,390
312750,2016,0,403,403
312750,2017,0,165,165
312750,2018,0,216,216
312750,2019,0,215,215
312750,2020,0,230,230
312750,2021,0,238,238
312760,1988,0,1280,1280
312760,1989,0,1303,1303
312760,1990,0,1348,1348
312760,1991,0,1344,1344
312760,1992,0,1344,1344
312760,1993,0,1346,1346
312760,1994,0,1296,1296
312760,1995,0,1312,1312
312760,1996,0,1386,1386
312760,1997,0,1164,1164
312760,1998,0,1045,1045
312760,1999,0,899,899
312760,2000,0,709,709
312760,2001,0,629,629
312760,2002,0,700,700
312760,2003,0,787,787
312760,2004,0,797,797
312760,2005,0,870,870
312760,2006,0,904,904
312760,2007,0,932,932
312760,2008,1,933,932
312760,2009,1,861,860
312760,2010,1,913,912
312760,2011,0,720,720
312760,2012,0,599,599
312760,2013,0,440,440
312760,2014,0,595,595
312760,2015,0,708,708
312760,2016,0,775,775
312760,2017,0,183,183
312760,2018,0,223,223
312760,2019,0,733,733
312760,2020,0,622,622
312760,2021,0,510,510
312770,1988,0,4557,4557
312770,1989,0,7918,7918
312770,1990,0,7730,7730
312770,1991,0,5659,5659
312770,1992,0,5190,5190
312770,1993,0,4981,4981
312770,1994,0,5162,5162
312770,1995,0,4891,4891
312770,1996,15,4245,4230
312770,1997,15,5809,5794
312770,1998,0,5582,5582
312770,1999,0,4179,4179
312770,2000,0,4179,4179
312770,2001,0,4209,4209
312770,2002,0,4257,4257
312770,2003,0,4107,4107
312770,2004,0,2889,2889
312770,2005,0,2886,2886
312770,2006,0,2724,2724
312770,2007,0,2564,2564
312770,2008,0,2344,2344
312770,2009,0,2334,2334
312770,2010,0,2334,2334
312770,2011,0,2564,2564
312770,2012,0,2374,2374
312770,2013,0,2312,2312
312770,2014,0,2300,2300
312770,2015,0,542,542
312770,2016,0,602,602
312770,2017,0,750,750
312770,2018,0,824,824
312770,2019,0,809,809
312770,2020,0,924,924
312770,2021,0,858,858
312780,1988,0,2146,2146
312780,1989,0,2331,2331
312780,1990,0,1729,1729
312780,1991,0,3535,3535
312780,1992,5,5593,5588
312780,1993,5,5590,5585
312780,1994,0,5822,5822
312780,1995,0,4614,4614
312780,1996,0,5366,5366
312780,1997,0,5495,5495
312780,1998,0,7379,7379
312780,1999,0,7612,7612
312780,2000,0,7609,7609
312780,2001,0,7253,7253
312780,2002,0,5186,5186
312780,2003,0,5214,5214
312780,2004,9,5531,5522
312780,2005,0,5759,5759
312780,2006,0,5301,5301
312780,2007,0,5399,5399
312780,2008,0,3898,3898
312780,2009,0,5141,5141
312780,2010,0,5211,5211
312780,2011,0,5058,5058
312780,2012,0,4886,4886
312780,2013,0,5122,5122
312780,2014,0,4907,4907
312780,2015,0,4770,4770
312780,2016,0,4743,4743
312780,2017,0,4027,4027
312780,2018,0,5079,5079
312780,2019,0,4039,4039
312780,2020,0,3659,3659
312780,2021,0,3833,3833
312790,1988,200,1527,1327
312790,1989,230,1428,1198
312790,1990,230,1368,1138
312790,1991,230,1360,1130
312790,1992,0,768,768
312790,1993,0,774,774
312790,1994,248,802,554
312790,1995,0,497,497
312790,1996,0,557,557
312790,1997,150,536,386
312790,1998,190,464,274
312790,1999,153,461,308
312790,2000,304,619,315
312790,2001,0,674,674
312790,2002,0,402,402
312790,2003,0,396,396
312790,2004,400,1047,647
312790,2005,400,1371,971
312790,2006,400,618,218
312790,2007,60,635,575
312790,2008,100,644,544
312790,2009,400,775,375
312790,2010,500,737,237
312790,2011,500,824,324
312790,2012,600,815,215
312790,2013,600,867,267
312790,2014,600,914,314
312790,2015,700,913,213
312790,2016,600,913,313
312790,2017,780,1162,382
312790,2018,800,1382,582
312790,2019,800,1385,585
312790,2020,700,1192,492
312790,2021,800,1387,587
312800,1988,0,5452,5452
312800,1989,0,5452,5452
312800,1990,0,5459,5459
312800,1991,0,5941,5941
312800,1992,0,5742,5742
312800,1993,0,5232,5232
312800,1994,0,4401,4401
312800,1995,0,3353,3353
312800,1996,0,3246,3246
312800,1997,0,2342,2342
312800,1998,0,2376,2376
312800,1999,0,2476,2476
312800,2000,0,2502,2502
312800,2001,0,2006,2006
312800,2002,0,2112,2112
312800,2003,0,2269,2269
312800,2004,0,2192,2192
312800,2005,0,2020,2020
312800,2006,0,1881,1881
312800,2007,0,1880,1880
312800,2008,0,1744,1744
312800,2009,0,1707,1707
312800,2010,0,1667,1667
312800,2011,0,1750,1750
312800,2012,0,1275,1275
312800,2013,0,1623,1623
312800,2014,0,1593,1593
312800,2015,0,1144,1144
312800,2016,0,1142,1142
312800,2017,0,402,402
312800,2018,0,427,427
312800,2019,0,510,510
312800,2020,0,478,478
312800,2021,0,481,481
312810,1988,0,14532,14532
312810,1989,0,14432,14432
312810,1990,0,14194,14194
312810,1991,0,17408,17408
312810,1992,0,17600,17600
312810,1993,0,17844,17844
312810,1994,0,21344,21344
312810,1995,0,21609,21609
312810,1996,4,8847,8843
312810,1997,0,18515,18515
312810,1998,0,16055,16055
312810,1999,0,8521,8521
312810,2000,0,7255,7255
312810,2001,0,8540,8540
312810,2002,0,10350,10350
312810,2003,0,11100,11100
312810,2004,200,11657,11457
312810,2005,100,11643,11543
312810,2006,0,6808,6808
312810,2007,0,5999,5999
312810,2008,0,7597,7597
312810,2009,80,9466,9386
312810,2010,30,9143,9113
312810,2011,140,12249,12109
312810,2012,140,10847,10707
312810,2013,50,10695,10645
312810,2014,70,10822,10752
312810,2015,350,11205,10855
312810,2016,200,9924,9724
312810,2017,200,9940,9740
312810,2018,1200,11767,10567
312810,2019,1200,11844,10644
312810,2020,3000,15362,12362
312810,2021,3400,16313,12913
312820,1988,0,5686,5686
312820,1989,0,6769,6769
312820,1990,0,6738,6738
312820,1991,0,6732,6732
312820,1992,0,6742,6742
312820,1993,0,6492,6492
312820,1994,0,6494,6494
312820,1995,0,6494,6494
312820,1996,0,6494,6494
312820,1997,0,6493,6493
312820,1998,0,6097,6097
312820,1999,0,6019,6019
312820,2000,0,6021,6021
312820,2001,0,3665,3665
312820,2002,0,4147,4147
312820,2003,0,4086,4086
312820,2004,0,4367,4367
312820,2005,0,4268,4268
312820,2006,0,4188,4188
312820,2007,0,4188,4188
312820,2008,0,3898,3898
312820,2009,0,3565,3565
312820,2010,0,3194,3194
312820,2011,0,2468,2468
312820,2012,0,2481,2481
312820,2013,0,2483,2483
312820,2014,0,2483,2483
312820,2015,0,2454,2454
312820,2016,0,2740,2740
312820,2017,0,2017,2017
312820,2018,0,2023,2023
312820,2019,0,2092,2092
312820,2020,0,1978,1978
312820,2021,0,2022,2022
312830,1988,0,10543,10543
312830,1989,0,11000,11000
312830,1990,0,11058,11058
312830,1991,0,10958,10958
312830,1992,0,11428,11428
312830,1993,0,11378,11378
312830,1994,0,10201,10201
312830,1995,0,9550,9550
312830,1996,0,8842,8842
312830,1997,0,8378,8378
312830,1998,0,8273,8273
312830,1999,0,8013,8013
312830,2000,0,8013,8013
312830,2001,0,7821,7821
312830,2002,0,7951,7951
312830,2003,0,7848,7848
312830,2004,180,9387,9207
312830,2005,90,8836,8746
312830,2006,0,8502,8502
312830,2007,0,7932,7932
312830,2008,0,7666,7666
312830,2009,0,7196,7196
312830,2010,0,7526,7526
312830,2011,0,8559,8559
312830,2012,0,8276,8276
312830,2013,0,7986,7986
312830,2014,160,7605,7445
312830,2015,170,6702,6532
312830,2016,370,5237,4867
312830,2017,280,4520,4240
312830,2018,350,5836,5486
312830,2019,320,5155,4835
312830,2020,320,5395,5075
312830,2021,350,5262,4912
312840,1988,0,3747,3747
312840,1989,0,3765,3765
312840,1990,0,3916,3916
312840,1991,0,4165,4165
312840,1992,0,4186,4186
312840,1993,0,4058,4058
312840,1994,0,5654,5654
312840,1995,0,5679,5679
312840,1996,0,3627,3627
312840,1997,0,3820,3820
312840,1998,0,2742,2742
312840,1999,0,3082,3082
312840,2000,0,3672,3672
312840,2001,0,3572,3572
312840,2002,0,3572,3572
312840,2003,0,3586,3586
312840,2004,0,1993,1993
312840,2005,0,1996,1996
312840,2006,0,1798,1798
312840,2007,0,1748,1748
312840,2008,0,650,650
312840,2009,0,570,570
312840,2010,0,530,530
312840,2011,0,480,480
312840,2012,0,510,510
312840,2013,0,468,468
312840,2014,0,455,455
312840,2015,0,470,470
312840,2016,0,230,230
312840,2017,0,235,235
312840,2018,0,266,266
312840,2019,0,321,321
312840,2020,0,299,299
312840,2021,0,290,290
312850,1988,0,550,550
312850,1989,0,583,583
312850,1990,0,470,470
312850,1991,0,564,564
312850,1992,0,630,630
312850,1993,0,888,888
312850,1994,0,956,956
312850,1995,0,703,703
312850,1996,0,460,460
312850,1997,0,508,508
312850,1998,0,556,556
312850,1999,0,393,393
312850,2000,0,408,408
312850,2001,0,307,307
312850,2002,0,326,326
312850,2003,0,323,323
312850,2004,0,202,202
312850,2005,0,187,187
312850,2006,0,271,271
312850,2007,0,232,232
312850,2008,0,263,263
312850,2009,0,129,129
312850,2010,0,129,129
312850,2011,0,94,94
312850,2012,0,88,88
312850,2013,0,101,101
312850,2014,0,105,105
312850,2015,0,71,71
312850,2016,0,61,61
312850,2017,0,110,110
312850,2018,0,118,118
312850,2019,0,119,119
312850,2020,0,107,107
312850,2021,0,82,82
312860,1988,15000,31099,16099
312860,1989,18000,34802,16802
312860,1990,13000,28571,15571
312860,1991,13000,31336,18336
312860,1992,11000,30296,19296
312860,1993,16000,39134,23134
312860,1994,18000,42003,24003
312860,1995,20000,42055,22055
312860,1996,19800,39933,20133
312860,1997,18500,38938,20438
312860,1998,21000,40312,19312
312860,1999,21000,38645,17645
312860,2000,15000,27106,12106
312860,2001,20000,31596,11596
312860,2002,20000,32152,12152
312860,2003,35000,45708,10708
312860,2004,40000,49566,9566
312860,2005,40000,48066,8066
312860,2006,38000,47095,9095
312860,2007,38000,46703,8703
312860,2008,37500,48846,11346
312860,2009,39000,53945,14945
312860,2010,50000,68445,18445
312860,2011,50000,71414,21414
312860,2012,50000,76754,26754
312860,2013,53000,78636,25636
312860,2014,53000,94687,41687
312860,2015,55000,89795,34795
312860,2016,60000,81829,21829
312860,2017,55000,84338,29338
312860,2018,59000,89921,30921
312860,2019,60000,86736,26736
312860,2020,60000,86858,26858
312860,2021,79300,112022,32722
312870,1988,40,10543,10503
312870,1989,80,10999,10919
312870,1990,30,10275,10245
312870,1991,0,9625,9625
312870,1992,0,9599,9599
312870,1993,160,9304,9144
312870,1994,160,9292,9132
312870,1995,0,9180,9180
312870,1996,0,8667,8667
312870,1997,110,9373,9263
312870,1998,120,9541,9421
312870,1999,120,9483,9363
312870,2000,0,9363,9363
312870,2001,120,9392,9272
312870,2002,120,9422,9302
312870,2003,200,9493,9293
312870,2004,200,9596,9396
312870,2005,260,8073,7813
312870,2006,0,9362,9362
312870,2007,0,8672,8672
312870,2008,0,8637,8637
312870,2009,0,7947,7947
312870,2010,0,8599,8599
312870,2011,0,7929,7929
312870,2012,0,8219,8219
312870,2013,0,8209,8209
312870,2014,0,7659,7659
312870,2015,0,7463,7463
312870,2016,400,7237,6837
312870,2017,470,5703,5233
312870,2018,480,7081,6601
312870,2019,480,6487,6007
312870,2020,700,7017,6317
312870,2021,853,6631,5778
312880,1988,0,3262,3262
312880,1989,0,3188,3188
312880,1990,0,3430,3430
312880,1991,0,3145,3145
312880,1992,0,3145,3145
312880,1993,0,2501,2501
312880,1994,0,2491,2491
312880,1995,0,2185,2185
312880,1996,0,925,925
312880,1997,0,923,923
312880,1998,0,908,908
312880,1999,0,1008,1008
312880,2000,0,728,728
312880,2001,0,717,717
312880,2002,0,748,748
312880,2003,0,778,778
312880,2004,0,1029,1029
312880,2005,0,1074,1074
312880,2006,0,1099,1099
312880,2007,0,1111,1111
312880,2008,0,1121,1121
312880,2009,0,1108,1108
312880,2010,0,1095,1095
312880,2011,0,1069,1069
312880,2012,0,865,865
312880,2013,0,841,841
312880,2014,0,638,638
312880,2015,0,640,640
312880,2016,0,688,688
312880,2017,0,211,211
312880,2018,0,245,245
312880,2019,0,480,480
312880,2020,0,425,425
312880,2021,0,392,392
312890,1988,140,3091,2951
312890,1989,140,3085,2945
312890,1990,50,3597,3547
312890,1991,0,3587,3587
312890,1992,0,3360,3360
312890,1993,12,3297,3285
312890,1994,300,3854,3554
312890,1995,300,4348,4048
312890,1996,267,2525,2258
312890,1997,240,3245,3005
312890,1998,800,3832,3032
312890,1999,600,3793,3193
312890,2000,600,3655,3055
312890,2001,400,3126,2726
312890,2002,720,3472,2752
312890,2003,800,3780,2980
312890,2004,1250,4591,3341
312890,2005,1300,4615,3315
312890,2006,1300,4542,3242
312890,2007,1300,4666,3366
312890,2008,1000,4293,3293
312890,2009,1000,4903,3903
312890,2010,1150,4985,3835
312890,2011,1000,5102,4102
312890,2012,1050,5449,4399
312890,2013,3000,6862,3862
312890,2014,3300,7095,3795
312890,2015,3700,7403,3703
312890,2016,4200,7550,3350
312890,2017,4440,10619,6179
312890,2018,4500,11121,6621
312890,2019,5500,12271,6771
312890,2020,5000,14058,9058
312890,2021,5500,14803,9303
312900,1988,0,4732,4732
312900,1989,0,4180,4180
312900,1990,0,3988,3988
312900,1991,0,3654,3654
312900,1992,0,3384,3384
312900,1993,0,3384,3384
312900,1994,0,3384,3384
312900,1995,0,2241,2241
312900,1996,0,2067,2067
312900,1997,0,2160,2160
312900,1998,0,2160,2160
312900,1999,0,2517,2517
312900,2000,0,2412,2412
312900,2001,0,2533,2533
312900,2002,0,2815,2815
312900,2003,0,2998,2998
312900,2004,0,3433,3433
312900,2005,0,3606,3606
312900,2006,0,3619,3619
312900,2007,0,3623,3623
312900,2008,0,3558,3558
312900,2009,0,3546,3546
312900,2010,0,2888,2888
312900,2011,0,2693,2693
312900,2012,0,2993,2993
312900,2013,0,2752,2752
312900,2014,0,2028,2028
312900,2015,0,1332,1332
312900,2016,0,866,866
312900,2017,0,755,755
312900,2018,0,728,728
312900,2019,0,662,662
312900,2020,0,694,694
312900,2021,0,737,737
312910,1988,50,4783,4733
312910,1989,70,2858,2788
312910,1990,70,2613,2543
312910,1991,180,3128,2948
312910,1992,180,3570,3390
312910,1993,150,3559,3409
312910,1994,180,3457,3277
312910,1995,243,4264,4021
312910,1996,257,4629,4372
312910,1997,250,4277,4027
312910,1998,100,3989,3889
312910,1999,0,3235,3235
312910,2000,0,1977,1977
312910,2001,0,1942,1942
312910,2002,0,1617,1617
312910,2003,290,1933,1643
312910,2004,690,3583,2893
312910,2005,540,3980,3440
312910,2006,1710,3804,2094
312910,2007,50,2164,2114
312910,2008,0,2223,2223
312910,2009,230,5575,5345
312910,2010,100,7043,6943
312910,2011,300,7095,6795
312910,2012,125,6102,5977
312910,2013,150,6101,5951
312910,2014,0,6687,6687
312910,2015,77,9189,9112
312910,2016,85,9395,9310
312910,2017,82,9364,9282
312910,2018,312,9674,9362
312910,2019,725,9907,9182
312910,2020,1000,10191,9191
312910,2021,2000,11811,9811
312920,1988,0,5157,5157
312920,1989,0,5230,5230
312920,1990,0,5163,5163
312920,1991,0,5161,5161
312920,1992,0,5159,5159
312920,1993,0,4827,4827
312920,1994,0,4627,4627
312920,1995,0,4627,4627
312920,1996,0,4627,4627
312920,1997,0,2158,2158
312920,1998,0,2522,2522
312920,1999,0,2568,2568
312920,2000,0,2543,2543
312920,2001,0,2579,2579
312920,2002,0,2628,2628
312920,2003,0,2861,2861
312920,2004,0,3031,3031
312920,2005,0,3370,3370
312920,2006,0,3636,3636
312920,2007,0,3817,3817
312920,2008,0,4177,4177
312920,2009,0,4561,4561
312920,2010,0,4571,4571
312920,2011,0,4443,4443
312920,2012,0,4494,4494
312920,2013,0,4494,4494
312920,2014,45,4065,4020
312920,2015,0,3830,3830
312920,2016,0,3960,3960
312920,2017,0,3017,3017
312920,2018,0,3501,3501
312920,2019,0,4231,4231
312920,2020,0,4204,4204
312920,2021,67,4312,4245
312930,1988,0,8130,8130
312930,1989,0,8585,8585
312930,1990,0,8596,8596
312930,1991,0,8622,8622
312930,1992,0,8614,8614
312930,1993,0,8614,8614
312930,1994,0,8614,8614
312930,1995,0,8614,8614
312930,1996,0,3595,3595
312930,1997,0,3589,3589
312930,1998,0,3690,3690
312930,1999,0,3690,3690
312930,2000,0,3548,3548
312930,2001,0,3482,3482
312930,2002,0,1591,1591
312930,2003,0,1290,1290
312930,2004,0,1186,1186
312930,2005,0,1006,1006
312930,2006,0,1379,1379
312930,2007,0,1379,1379
312930,2008,0,804,804
312930,2009,0,854,854
312930,2010,0,864,864
312930,2011,0,813,813
312930,2012,0,729,729
312930,2013,0,617,617
312930,2014,0,568,568
312930,2015,0,495,495
312930,2016,0,384,384
312930,2017,0,513,513
312930,2018,0,634,634
312930,2019,0,596,596
312930,2020,0,625,625
312930,2021,0,599,599
312940,1988,0,3914,3914
312940,1989,0,4194,4194
312940,1990,0,3468,3468
312940,1991,0,3558,3558
312940,1992,0,3608,3608
312940,1993,0,3732,3732
312940,1994,0,3732,3732
312940,1995,0,2006,2006
312940,1996,0,2005,2005
312940,1997,0,1895,1895
312940,1998,0,1895,1895
312940,1999,0,1883,1883
312940,2000,0,1923,1923
312940,2001,0,1827,1827
312940,2002,0,1383,1383
312940,2003,0,1375,1375
312940,2004,0,1465,1465
312940,2005,0,1465,1465
312940,2006,0,1493,1493
312940,2007,0,715,715
312940,2008,0,765,765
312940,2009,0,765,765
312940,2010,0,765,765
312940,2011,0,765,765
312940,2012,0,857,857
312940,2013,0,908,908
312940,2014,0,883,883
312940,2015,0,856,856
312940,2016,0,514,514
312940,2017,160,2160,2000
312940,2018,160,2287,2127
312940,2019,160,2688,2528
312940,2020,260,3169,2909
312940,2021,400,2989,2589
312950,1988,3612,18151,14539
312950,1989,3800,17100,13300
312950,1990,3582,14801,11219
312950,1991,2800,13141,10341
312950,1992,2800,14256,11456
312950,1993,3000,16201,13201
312950,1994,3500,16446,12946
312950,1995,2800,14603,11803
312950,1996,1600,11360,9760
312950,1997,2400,15075,12675
312950,1998,4000,16449,12449
312950,1999,5000,19040,14040
312950,2000,5500,20789,15289
312950,2001,5500,25820,20320
312950,2002,6000,24310,18310
312950,2003,6000,25161,19161
312950,2004,14000,36196,22196
312950,2005,14000,44777,30777
312950,2006,16000,47112,31112
312950,2007,15000,45175,30175
312950,2008,10000,48840,38840
312950,2009,13000,56868,43868
312950,2010,15000,56553,41553
312950,2011,16000,56754,40754
312950,2012,14000,54335,40335
312950,2013,20000,61812,41812
312950,2014,22000,61359,39359
312950,2015,24000,68092,44092
312950,2016,30000,67562,37562
312950,2017,37350,77550,40200
312950,2018,38000,81754,43754
312950,2019,40000,80354,40354
312950,2020,40000,77873,37873
312950,2021,50000,95643,45643
312960,1988,0,2849,2849
312960,1989,0,2361,2361
312960,1990,0,2219,2219
312960,1991,0,2565,2565
312960,1992,0,2588,2588
312960,1993,0,2384,2384
312960,1994,0,2421,2421
312960,1995,0,2380,2380
312960,1996,0,3320,3320
312960,1997,0,3273,3273
312960,1998,6,2524,2518
312960,1999,6,2573,2567
312960,2000,0,2961,2961
312960,2001,0,2544,2544
312960,2002,0,2785,2785
312960,2003,0,2592,2592
312960,2004,0,1883,1883
312960,2005,0,2480,2480
312960,2006,0,2563,2563
312960,2007,0,2784,2784
312960,2008,0,2604,2604
312960,2009,0,2553,2553
312960,2010,0,2553,2553
312960,2011,0,3087,3087
312960,2012,0,2439,2439
312960,2013,0,2882,2882
312960,2014,0,3106,3106
312960,2015,0,2702,2702
312960,2016,0,3128,3128
312960,2017,0,343,343
312960,2018,0,1014,1014
312960,2019,0,1407,1407
312960,2020,560,1793,1233
312960,2021,1069,3288,2219
312970,1988,0,10666,10666
312970,1989,0,15305,15305
312970,1990,0,15085,15085
312970,1991,0,14686,14686
312970,1992,0,14579,14579
312970,1993,0,3832,3832
312970,1994,250,8290,8040
312970,1995,250,7820,7570
312970,1996,5,7566,7561
312970,1997,0,8252,8252
312970,1998,0,7990,7990
312970,1999,0,7310,7310
312970,2000,0,7765,7765
312970,2001,0,8094,8094
312970,2002,0,8895,8895
312970,2003,73,8263,8190
312970,2004,400,9670,9270
312970,2005,300,9570,9270
312970,2006,350,9150,8800
312970,2007,300,9133,8833
312970,2008,300,10183,9883
312970,2009,60,9413,9353
312970,2010,170,10053,9883
312970,2011,170,11360,11190
312970,2012,1300,13126,11826
312970,2013,1300,13296,11996
312970,2014,1300,13556,12256
312970,2015,800,12696,11896
312970,2016,1200,15481,14281
312970,2017,250,12443,12193
312970,2018,250,12732,12482
312970,2019,300,15438,15138
312970,2020,400,15603,15203
312970,2021,600,12444,11844
312980,1988,0,779,779
312980,1989,0,794,794
312980,1990,0,701,701
312980,1991,0,1146,1146
312980,1992,0,1423,1423
312980,1993,0,1628,1628
312980,1994,0,1638,1638
312980,1995,0,1621,1621
312980,1996,0,1717,1717
312980,1997,0,240,240
312980,1998,0,239,239
312980,1999,0,294,294
312980,2000,0,255,255
312980,2001,0,279,279
312980,2002,0,249,249
312980,2003,0,337,337
312980,2004,0,285,285
312980,2005,0,206,206
312980,2006,0,83,83
312980,2007,0,89,89
312980,2008,0,71,71
312980,2009,0,46,46
312980,2010,0,46,46
312980,2011,0,47,47
312980,2012,0,62,62
312980,2013,0,116,116
312980,2014,0,108,108
312980,2015,0,108,108
312980,2016,0,58,58
312980,2017,0,61,61
312980,2018,0,77,77
312980,2019,0,77,77
312980,2020,0,91,91
312980,2021,0,108,108
312990,1988,0,2202,2202
312990,1989,0,2217,2217
312990,1990,0,2080,2080
312990,1991,0,1683,1683
312990,1992,0,1723,1723
312990,1993,0,1635,1635
312990,1994,0,1655,1655
312990,1995,0,1615,1615
312990,1996,0,1692,1692
312990,1997,0,1705,1705
312990,1998,0,1670,1670
312990,1999,0,1560,1560
312990,2000,0,1660,1660
312990,2001,0,1734,1734
312990,2002,0,1738,1738
312990,2003,0,1540,1540
312990,2004,0,1695,1695
312990,2005,0,1418,1418
312990,2006,0,1745,1745
312990,2007,0,1705,1705
312990,2008,0,1727,1727
312990,2009,0,1680,1680
312990,2010,0,1781,1781
312990,2011,0,1471,1471
312990,2012,0,1533,1533
312990,2013,0,1879,1879
312990,2014,0,1879,1879
312990,2015,0,1679,1679
312990,2016,0,1777,1777
312990,2017,0,1518,1518
312990,2018,0,1463,1463
312990,2019,0,1465,1465
312990,2020,0,1521,1521
312990,2021,0,1718,1718
313000,1988,0,3281,3281
313000,1989,0,2256,2256
313000,1990,0,2250,2250
313000,1991,0,2521,2521
313000,1992,0,2418,2418
313000,1993,0,2238,2238
313000,1994,0,2068,2068
313000,1995,0,1920,1920
313000,1996,0,1931,1931
313000,1997,0,1957,1957
313000,1998,0,1960,1960
313000,1999,0,2011,2011
313000,2000,0,2144,2144
313000,2001,0,2182,2182
313000,2002,0,2223,2223
313000,2003,0,2381,2381
313000,2004,0,2416,2416
313000,2005,0,2281,2281
313000,2006,0,2177,2177
313000,2007,0,2177,2177
313000,2008,0,2267,2267
313000,2009,0,2227,2227
313000,2010,0,1551,1551
313000,2011,0,1486,1486
313000,2012,0,1466,1466
313000,2013,0,1216,1216
313000,2014,0,1176,1176
313000,2015,0,1181,1181
313000,2016,45,986,941
313000,2017,0,594,594
313000,2018,0,585,585
313000,2019,20,847,827
313000,2020,0,943,943
313000,2021,10,1073,1063
313010,1988,2,1229,1227
313010,1989,2,1224,1222
313010,1990,2,1204,1202
313010,1991,0,998,998
313010,1992,0,963,963
313010,1993,0,883,883
313010,1994,0,876,876
313010,1995,0,810,810
313010,1996,0,700,700
313010,1997,0,639,639
313010,1998,0,880,880
313010,1999,0,800,800
313010,2000,0,735,735
313010,2001,0,717,717
313010,2002,0,290,290
313010,2003,0,290,290
313010,2004,0,183,183
313010,2005,0,198,198
313010,2006,0,201,201
313010,2007,0,326,326
313010,2008,0,340,340
313010,2009,0,336,336
313010,2010,0,342,342
313010,2011,0,403,403
313010,2012,0,346,346
313010,2013,0,332,332
313010,2014,0,336,336
313010,2015,0,305,305
313010,2016,0,171,171
313010,2017,0,209,209
313010,2018,0,214,214
313010,2019,0,239,239
313010,2020,0,249,249
313010,2021,0,216,216
313020,1988,0,959,959
313020,1989,0,1007,1007
313020,1990,0,952,952
313020,1991,0,860,860
313020,1992,0,779,779
313020,1993,0,720,720
313020,1994,0,652,652
313020,1995,0,648,648
313020,1996,0,946,946
313020,1997,0,812,812
313020,1998,0,828,828
313020,1999,0,838,838
313020,2000,0,336,336
313020,2001,0,181,181
313020,2002,0,114,114
313020,2003,0,91,91
313020,2004,0,91,91
313020,2005,0,92,92
313020,2006,0,91,91
313020,2007,0,91,91
313020,2008,0,89,89
313020,2009,0,88,88
313020,2010,0,89,89
313020,2011,0,88,88
313020,2012,0,101,101
313020,2013,0,99,99
313020,2014,0,160,160
313020,2015,0,104,104
313020,2016,0,55,55
313020,2017,0,152,152
313020,2018,0,84,84
313020,2019,0,82,82
313020,2020,0,71,71
313020,2021,0,56,56
313030,1988,140,6268,6128
313030,1989,80,5620,5540
313030,1990,100,5245,5145
313030,1991,100,5493,5393
313030,1992,100,5245,5145
313030,1993,100,5242,5142
313030,1994,0,4065,4065
313030,1995,0,4953,4953
313030,1996,0,4803,4803
313030,1997,120,4446,4326
313030,1998,120,4019,3899
313030,1999,120,3502,3382
313030,2000,0,4353,4353
313030,2001,80,3014,2934
313030,2002,300,5705,5405
313030,2003,580,6742,6162
313030,2004,3800,10479,6679
313030,2005,2500,9441,6941
313030,2006,1200,8595,7395
313030,2007,2000,23733,21733
313030,2008,3000,27000,24000
313030,2009,3000,26000,23000
313030,2010,3000,18000,15000
313030,2011,3000,14900,11900
313030,2012,3000,15900,12900
313030,2013,3000,18466,15466
313030,2014,4000,15800,11800
313030,2015,3500,13643,10143
313030,2016,4100,15943,11843
313030,2017,3900,9112,5212
313030,2018,3900,13813,9913
313030,2019,2250,14113,11863
313030,2020,1350,12416,11066
313030,2021,8875,20563,11688
313040,1988,10,3173,3163
313040,1989,0,3160,3160
313040,1990,0,3117,3117
313040,1991,0,3230,3230
313040,1992,0,3233,3233
313040,1993,0,2460,2460
313040,1994,0,2307,2307
313040,1995,0,2358,2358
313040,1996,0,1351,1351
313040,1997,0,2283,2283
313040,1998,0,1391,1391
313040,1999,0,1462,1462
313040,2000,0,1422,1422
313040,2001,0,1448,1448
313040,2002,0,1375,1375
313040,2003,0,1383,1383
313040,2004,0,1225,1225
313040,2005,0,1155,1155
313040,2006,0,1165,1165
313040,2007,0,1115,1115
313040,2008,0,1175,1175
313040,2009,0,1112,1112
313040,2010,0,1159,1159
313040,2011,0,1199,1199
313040,2012,0,1141,1141
313040,2013,0,1054,1054
313040,2014,0,839,839
313040,2015,0,754,754
313040,2016,0,835,835
313040,2017,0,377,377
313040,2018,80,612,532
313040,2019,0,835,835
313040,2020,0,897,897
313040,2021,170,920,750
313050,1988,0,8921,8921
313050,1989,0,8999,8999
313050,1990,0,8962,8962
313050,1991,0,8662,8662
313050,1992,0,8962,8962
313050,1993,0,8024,8024
313050,1994,0,7984,7984
313050,1995,0,7869,7869
313050,1996,0,8069,8069
313050,1997,0,7588,7588
313050,1998,0,8032,8032
313050,1999,0,8128,8128
313050,2000,0,8098,8098
313050,2001,0,9478,9478
313050,2002,0,10648,10648
313050,2003,0,9448,9448
313050,2004,0,11647,11647
313050,2005,0,8787,8787
313050,2006,0,9546,9546
313050,2007,0,8812,8812
313050,2008,0,8472,8472
313050,2009,0,7022,7022
313050,2010,0,7302,7302
313050,2011,0,7142,7142
313050,2012,0,7632,7632
313050,2013,0,8292,8292
313050,2014,0,6982,6982
313050,2015,0,6812,6812
313050,2016,0,7000,7000
313050,2017,0,6850,6850
313050,2018,80,6362,6282
313050,2019,75,5448,5373
313050,2020,0,6141,6141
313050,2021,0,6845,6845
313060,1988,0,3124,3124
313060,1989,0,3196,3196
313060,1990,0,3235,3235
313060,1991,0,3086,3086
313060,1992,0,2988,2988
313060,1993,0,2969,2969
313060,1994,0,2529,2529
313060,1995,0,2421,2421
313060,1996,0,2358,2358
313060,1997,0,2359,2359
313060,1998,0,2426,2426
313060,1999,0,2396,2396
313060,2000,0,2226,2226
313060,2001,0,1619,1619
313060,2002,0,2070,2070
313060,2003,0,2072,2072
313060,2004,0,1657,1657
313060,2005,0,1852,1852
313060,2006,0,1629,1629
313060,2007,0,1181,1181
313060,2008,0,1375,1375
313060,2009,0,1528,1528
313060,2010,0,1579,1579
313060,2011,0,1679,1679
313060,2012,0,1238,1238
313060,2013,0,1312,1312
313060,2014,0,1549,1549
313060,2015,0,1571,1571
313060,2016,0,1810,1810
313060,2017,0,1813,1813
313060,2018,0,1870,1870
313060,2019,0,1805,1805
313060,2020,0,2668,2668
313060,2021,0,2928,2928
313070,1988,5000,11152,6152
313070,1989,6000,13885,7885
313070,1990,6200,14801,8601
313070,1991,5000,12869,7869
313070,1992,8000,15203,7203
313070,1993,9600,16147,6547
313070,1994,9600,16121,6521
313070,1995,10500,18450,7950
313070,1996,7847,18568,10721
313070,1997,8000,18186,10186
313070,1998,8500,16818,8318
313070,1999,9000,15503,6503
313070,2000,10000,17830,7830
313070,2001,10450,17021,6571
313070,2002,12650,22180,9530
313070,2003,11000,23142,12142
313070,2004,11000,24177,13177
313070,2005,11000,25172,14172
313070,2006,11000,25357,14357
313070,2007,9000,20919,11919
313070,2008,9000,22446,13446
313070,2009,9000,24452,15452
313070,2010,9000,24022,15022
313070,2011,9516,25638,16122
313070,2012,9045,25703,16658
313070,2013,9710,27291,17581
313070,2014,10000,29213,19213
313070,2015,11000,28555,17555
313070,2016,15000,31313,16313
313070,2017,18100,38493,20393
313070,2018,19000,41077,22077
313070,2019,19000,40569,21569
313070,2020,20000,40802,20802
313070,2021,20500,38903,18403
313080,1988,0,3042,3042
313080,1989,0,3056,3056
313080,1990,0,3022,3022
313080,1991,0,3191,3191
313080,1992,0,3408,3408
313080,1993,0,3058,3058
313080,1994,0,3367,3367
313080,1995,0,3574,3574
313080,1996,0,3453,3453
313080,1997,0,2594,2594
313080,1998,0,3376,3376
313080,1999,0,3580,3580
313080,2000,0,3790,3790
313080,2001,0,3007,3007
313080,2002,0,3135,3135
313080,2003,0,3535,3535
313080,2004,80,3949,3869
313080,2005,80,3404,3324
313080,2006,0,3004,3004
313080,2007,0,2422,2422
313080,2008,0,2362,2362
313080,2009,0,2402,2402
313080,2010,0,2232,2232
313080,2011,0,2463,2463
313080,2012,0,2502,2502
313080,2013,0,2605,2605
313080,2014,0,2780,2780
313080,2015,0,2783,2783
313080,2016,450,3628,3178
313080,2017,960,3875,2915
313080,2018,1200,4572,3372
313080,2019,2000,6280,4280
313080,2020,2300,6637,4337
313080,2021,2800,6904,4104
313090,1988,0,12810,12810
313090,1989,0,10929,10929
313090,1990,0,11339,11339
313090,1991,0,11263,11263
313090,1992,0,11244,11244
313090,1993,0,11092,11092
313090,1994,0,13529,13529
313090,1995,0,14464,14464
313090,1996,0,15187,15187
313090,1997,0,13057,13057
313090,1998,0,12256,12256
313090,1999,0,11044,11044
313090,2000,0,10158,10158
313090,2001,0,11157,11157
313090,2002,0,12205,12205
313090,2003,0,12065,12065
313090,2004,0,12978,12978
313090,2005,0,13933,13933
313090,2006,0,12748,12748
313090,2007,0,15160,15160
313090,2008,0,14592,14592
313090,2009,0,13743,13743
313090,2010,0,13771,13771
313090,2011,0,13983,13983
313090,2012,0,14084,14084
313090,2013,0,14506,14506
313090,2014,0,14137,14137
313090,2015,0,14299,14299
313090,2016,0,13191,13191
313090,2017,0,9594,9594
313090,2018,0,9832,9832
313090,2019,0,10258,10258
313090,2020,0,10060,10060
313090,2021,0,9897,9897
313100,1988,5,1378,1373
313100,1989,5,1540,1535
313100,1990,5,1416,1411
313100,1991,0,1297,1297
313100,1992,0,1806,1806
313100,1993,4,1708,1704
313100,1994,5,1668,1663
313100,1995,5,1669,1664
313100,1996,0,1142,1142
313100,1997,0,1447,1447
313100,1998,80,1509,1429
313100,1999,80,1470,1390
313100,2000,170,1630,1460
313100,2001,170,988,818
313100,2002,0,749,749
313100,2003,0,700,700
313100,2004,0,494,494
313100,2005,0,1065,1065
313100,2006,0,1030,1030
313100,2007,0,943,943
313100,2008,220,1211,991
313100,2009,200,1035,835
313100,2010,190,806,616
313100,2011,190,806,616
313100,2012,360,882,522
313100,2013,360,918,558
313100,2014,360,917,557
313100,2015,380,897,517
313100,2016,190,673,483
313100,2017,0,47,47
313100,2018,0,44,44
313100,2019,0,43,43
313100,2020,0,50,50
313100,2021,360,412,52
313110,1988,12,1486,1474
313110,1989,20,1729,1709
313110,1990,30,1941,1911
313110,1991,30,2268,2238
313110,1992,30,2267,2237
313110,1993,0,1863,1863
313110,1994,0,1708,1708
313110,1995,0,1708,1708
313110,1996,0,1708,1708
313110,1997,0,792,792
313110,1998,0,1244,1244
313110,1999,0,1144,1144
313110,2000,0,1149,1149
313110,2001,0,1118,1118
313110,2002,0,1100,1100
313110,2003,0,1160,1160
313110,2004,0,1270,1270
313110,2005,0,1280,1280
313110,2006,0,1170,1170
313110,2007,0,1840,1840
313110,2008,0,1520,1520
313110,2009,0,1520,1520
313110,2010,0,1520,1520
313110,2011,0,1520,1520
313110,2012,0,1140,1140
313110,2013,0,1100,1100
313110,2014,0,1180,1180
313110,2015,0,1124,1124
313110,2016,0,280,280
313110,2017,0,4,4
313110,2018,0,8,8
313110,2019,0,8,8
313110,2020,0,27,27
313110,2021,0,34,34
313120,1988,0,5858,5858
313120,1989,0,6018,6018
313120,1990,0,5878,5878
313120,1991,0,6275,6275
313120,1992,0,5296,5296
313120,1993,0,5624,5624
313120,1994,0,4909,4909
313120,1995,0,4884,4884
313120,1996,0,4751,4751
313120,1997,0,3530,3530
313120,1998,0,3282,3282
313120,1999,0,3502,3502
313120,2000,0,3768,3768
313120,2001,0,3686,3686
313120,2002,0,3521,3521
313120,2003,0,3335,3335
313120,2004,0,3481,3481
313120,2005,0,3435,3435
313120,2006,0,2345,2345
313120,2007,0,3329,3329
313120,2008,0,3359,3359
313120,2009,0,3397,3397
313120,2010,0,3706,3706
313120,2011,0,3231,3231
313120,2012,0,3164,3164
313120,2013,0,3113,3113
313120,2014,0,3034,3034
313120,2015,0,1253,1253
313120,2016,0,1012,1012
313120,2017,0,993,993
313120,2018,0,922,922
313120,2019,0,946,946
313120,2020,0,998,998
313120,2021,0,967,967
313130,1988,0,634,634
313130,1989,0,634,634
313130,1990,0,634,634
313130,1991,0,634,634
313130,1992,0,634,634
313130,1993,0,634,634
313130,1994,0,634,634
313130,1995,0,634,634
313130,1996,0,153,153
313130,1997,0,153,153
313130,1998,0,201,201
313130,1999,0,201,201
313130,2000,0,197,197
313130,2001,0,264,264
313130,2002,0,464,464
313130,2003,0,1215,1215
313130,2004,0,1176,1176
313130,2005,0,232,232
313130,2006,0,577,577
313130,2007,0,577,577
313130,2008,0,90,90
313130,2009,0,110,110
313130,2010,0,95,95
313130,2011,0,92,92
313130,2012,0,62,62
313130,2013,0,63,63
313130,2014,0,52,52
313130,2015,0,25,25
313130,2016,0,25,25
313130,2017,0,29,29
313130,2018,0,48,48
313130,2019,0,54,54
313130,2020,0,62,62
313130,2021,0,49,49
313140,1988,1100,8681,7581
313140,1989,800,8010,7210
313140,1990,800,7820,7020
313140,1991,600,4619,4019
313140,1992,585,4240,3655
313140,1993,400,5456,5056
313140,1994,400,6271,5871
313140,1995,500,6639,6139
313140,1996,140,6748,6608
313140,1997,200,6025,5825
313140,1998,2100,7842,5742
313140,1999,1800,7287,5487
313140,2000,3142,8084,4942
313140,2001,5800,9663,3863
313140,2002,6300,9948,3648
313140,2003,9502,12164,2662
313140,2004,9000,14023,5023
313140,2005,4243,10956,6713
313140,2006,4123,12846,8723
313140,2007,1950,10703,8753
313140,2008,1950,9576,7626
313140,2009,2795,10232,7437
313140,2010,4100,11674,7574
313140,2011,5000,13067,8067
313140,2012,4200,14108,9908
313140,2013,6300,16551,10251
313140,2014,7313,19164,11851
313140,2015,7856,19457,11601
313140,2016,8490,19681,11191
313140,2017,8625,21764,13139
313140,2018,8990,19924,10934
313140,2019,8190,21881,13691
313140,2020,10198,26675,16477
313140,2021,9998,25697,15699
313150,1988,0,4439,4439
313150,1989,0,4447,4447
313150,1990,0,4448,4448
313150,1991,0,2459,2459
313150,1992,0,2777,2777
313150,1993,0,2977,2977
313150,1994,0,3159,3159
313150,1995,0,5063,5063
313150,1996,0,2656,2656
313150,1997,0,3031,3031
313150,1998,0,4851,4851
313150,1999,0,5135,5135
313150,2000,0,4269,4269
313150,2001,0,4619,4619
313150,2002,0,7269,7269
313150,2003,0,6309,6309
313150,2004,0,4864,4864
313150,2005,0,5912,5912
313150,2006,0,5411,5411
313150,2007,0,5281,5281
313150,2008,0,5181,5181
313150,2009,0,6032,6032
313150,2010,0,5894,5894
313150,2011,0,5140,5140
313150,2012,0,5570,5570
313150,2013,0,5570,5570
313150,2014,0,4905,4905
313150,2015,0,4185,4185
313150,2016,0,4883,4883
313150,2017,0,650,650
313150,2018,0,1445,1445
313150,2019,0,1492,1492
313150,2020,250,2942,2692
313150,2021,0,2962,2962
313160,1988,3500,8192,4692
313160,1989,2200,7036,4836
313160,1990,4000,9767,5767
313160,1991,3400,9290,5890
313160,1992,2250,9552,7302
313160,1993,3500,8516,5016
313160,1994,1835,7157,5322
313160,1995,3000,7683,4683
313160,1996,1696,6558,4862
313160,1997,2000,7478,5478
313160,1998,3000,9661,6661
313160,1999,2000,8386,6386
313160,2000,1500,7444,5944
313160,2001,1500,7191,5691
313160,2002,2500,7226,4726
313160,2003,3000,7333,4333
313160,2004,2000,7005,5005
313160,2005,2000,7005,5005
313160,2006,2100,7220,5120
313160,2007,2100,7070,4970
313160,2008,2100,7230,5130
313160,2009,2100,7042,4942
313160,2010,2800,7262,4462
313160,2011,2800,8848,6048
313160,2012,1200,7699,6499
313160,2013,960,7292,6332
313160,2014,960,9359,8399
313160,2015,1000,7366,6366
313160,2016,3700,10155,6455
313160,2017,2850,6265,3415
313160,2018,3000,7030,4030
313160,2019,3500,10260,6760
313160,2020,4000,9476,5476
313160,2021,4250,9635,5385
313170,1988,0,4881,4881
313170,1989,0,4601,4601
313170,1990,0,4607,4607
313170,1991,0,4717,4717
313170,1992,0,5348,5348
313170,1993,0,3972,3972
313170,1994,0,3552,3552
313170,1995,0,3366,3366
313170,1996,0,3320,3320
313170,1997,0,2628,2628
313170,1998,0,2070,2070
313170,1999,0,2131,2131
313170,2000,0,2581,2581
313170,2001,0,2867,2867
313170,2002,0,1849,1849
313170,2003,0,1545,1545
313170,2004,0,1486,1486
313170,2005,0,1383,1383
313170,2006,0,1371,1371
313170,2007,0,1059,1059
313170,2008,0,903,903
313170,2009,0,882,882
313170,2010,0,877,877
313170,2011,0,783,783
313170,2012,0,716,716
313170,2013,0,669,669
313170,2014,0,624,624
313170,2015,0,569,569
313170,2016,0,387,387
313170,2017,0,152,152
313170,2018,0,195,195
313170,2019,0,200,200
313170,2020,0,214,214
313170,2021,0,227,227
313180,1988,0,9750,9750
313180,1989,0,8487,8487
313180,1990,0,8974,8974
313180,1991,0,9670,9670
313180,1992,0,7826,7826
313180,1993,0,5839,5839
313180,1994,0,5705,5705
313180,1995,0,4414,4414
313180,1996,0,3082,3082
313180,1997,0,2580,2580
313180,1998,0,2152,2152
313180,1999,0,2699,2699
313180,2000,0,2693,2693
313180,2001,0,2723,2723
313180,2002,0,2711,2711
313180,2003,0,2227,2227
313180,2004,0,2317,2317
313180,2005,0,2145,2145
313180,2006,0,2012,2012
313180,2007,0,1192,1192
313180,2008,0,1872,1872
313180,2009,0,662,662
313180,2010,0,573,573
313180,2011,0,569,569
313180,2012,0,584,584
313180,2013,0,514,514
313180,2014,0,690,690
313180,2015,0,805,805
313180,2016,0,779,779
313180,2017,0,177,177
313180,2018,0,261,261
313180,2019,0,401,401
313180,2020,0,390,390
313180,2021,0,405,405
313190,1988,0,904,904
313190,1989,0,958,958
313190,1990,0,975,975
313190,1991,0,847,847
313190,1992,0,842,842
313190,1993,0,870,870
313190,1994,0,1807,1807
313190,1995,0,1997,1997
313190,1996,0,501,501
313190,1997,0,542,542
313190,1998,0,1449,1449
313190,1999,0,1449,1449
313190,2000,0,1449,1449
313190,2001,0,1449,1449
313190,2002,0,1472,1472
313190,2003,0,2002,2002
313190,2004,0,1997,1997
313190,2005,0,1968,1968
313190,2006,0,1853,1853
313190,2007,0,2045,2045
313190,2008,0,2086,2086
313190,2009,0,2117,2117
313190,2010,0,2117,2117
313190,2011,0,2126,2126
313190,2012,0,2551,2551
313190,2013,0,2525,2525
313190,2014,0,2074,2074
313190,2015,0,1794,1794
313190,2016,0,1003,1003
313190,2017,0,143,143
313190,2018,0,158,158
313190,2019,0,400,400
313190,2020,0,304,304
313190,2021,0,318,318
313200,1988,0,457,457
313200,1989,0,793,793
313200,1990,0,818,818
313200,1991,0,943,943
313200,1992,0,942,942
313200,1993,0,972,972
313200,1994,0,992,992
313200,1995,0,1233,1233
313200,1996,0,2151,2151
313200,1997,0,2021,2021
313200,1998,0,1842,1842
313200,1999,0,1923,1923
313200,2000,0,1903,1903
313200,2001,0,1864,1864
313200,2002,0,1367,1367
313200,2003,0,1444,1444
313200,2004,0,1464,1464
313200,2005,0,1563,1563
313200,2006,0,1563,1563
313200,2007,0,1566,1566
313200,2008,0,1466,1466
313200,2009,0,1536,1536
313200,2010,0,1536,1536
313200,2011,0,1316,1316
313200,2012,0,1289,1289
313200,2013,0,1019,1019
313200,2014,0,940,940
313200,2015,0,771,771
313200,2016,0,804,804
313200,2017,0,747,747
313200,2018,0,714,714
313200,2019,0,699,699
313200,2020,0,676,676
313200,2021,0,757,757
313210,1988,0,4885,4885
313210,1989,0,4475,4475
313210,1990,0,4025,4025
313210,1991,0,5422,5422
313210,1992,0,5191,5191
313210,1993,0,5486,5486
313210,1994,0,8741,8741
313210,1995,0,8594,8594
313210,1996,2,2233,2231
313210,1997,2,2245,2243
313210,1998,0,7938,7938
313210,1999,0,7978,7978
313210,2000,0,7977,7977
313210,2001,0,7977,7977
313210,2002,0,7977,7977
313210,2003,0,3449,3449
313210,2004,0,3730,3730
313210,2005,0,3839,3839
313210,2006,0,4189,4189
313210,2007,0,4043,4043
313210,2008,0,4368,4368
313210,2009,0,3888,3888
313210,2010,30,4629,4599
313210,2011,30,3330,3300
313210,2012,356,4021,3665
313210,2013,811,4617,3806
313210,2014,1000,5070,4070
313210,2015,1000,4030,3030
313210,2016,1030,5244,4214
313210,2017,1030,3939,2909
313210,2018,1030,3996,2966
313210,2019,250,3681,3431
313210,2020,1000,4433,3433
313210,2021,1492,4502,3010
313220,1988,0,3693,3693
313220,1989,0,4000,4000
313220,1990,0,4161,4161
313220,1991,0,4067,4067
313220,1992,0,4045,4045
313220,1993,0,5019,5019
313220,1994,0,5045,5045
313220,1995,0,5075,5075
313220,1996,0,3066,3066
313220,1997,0,5041,5041
313220,1998,0,4456,4456
313220,1999,0,3331,3331
313220,2000,0,3438,3438
313220,2001,0,2725,2725
313220,2002,0,1986,1986
313220,2003,0,2974,2974
313220,2004,0,2970,2970
313220,2005,0,2295,2295
313220,2006,0,1415,1415
313220,2007,0,1515,1515
313220,2008,0,1732,1732
313220,2009,0,1644,1644
313220,2010,0,1647,1647
313220,2011,0,1136,1136
313220,2012,0,1213,1213
313220,2013,0,955,955
313220,2014,0,986,986
313220,2015,0,937,937
313220,2016,0,1089,1089
313220,2017,0,527,527
313220,2018,0,491,491
313220,2019,0,792,792
313220,2020,0,874,874
313220,2021,120,1039,919
313230,1988,0,6920,6920
313230,1989,0,6461,6461
313230,1990,0,6844,6844
313230,1991,0,6809,6809
313230,1992,0,6569,6569
313230,1993,0,6359,6359
313230,1994,0,6340,6340
313230,1995,0,8824,8824
313230,1996,0,6768,6768
313230,1997,0,10386,10386
313230,1998,0,10421,10421
313230,1999,0,10464,10464
313230,2000,0,9824,9824
313230,2001,0,9824,9824
313230,2002,0,9819,9819
313230,2003,0,8213,8213
313230,2004,0,8966,8966
313230,2005,0,8376,8376
313230,2006,0,8895,8895
313230,2007,0,6885,6885
313230,2008,0,5425,5425
313230,2009,0,5425,5425
313230,2010,0,5485,5485
313230,2011,0,5805,5805
313230,2012,0,6354,6354
313230,2013,0,6074,6074
313230,2014,0,4969,4969
313230,2015,0,4628,4628
313230,2016,0,4258,4258
313230,2017,0,1591,1591
313230,2018,0,1800,1800
313230,2019,0,1676,1676
313230,2020,0,1666,1666
313230,2021,0,1643,1643
313240,1988,0,2060,2060
313240,1989,0,1885,1885
313240,1990,0,1519,1519
313240,1991,0,1797,1797
313240,1992,0,1674,1674
313240,1993,0,1657,1657
313240,1994,0,1597,1597
313240,1995,0,1342,1342
313240,1996,0,1403,1403
313240,1997,0,1447,1447
313240,1998,0,1374,1374
313240,1999,0,1390,1390
313240,2000,0,1087,1087
313240,2001,0,1394,1394
313240,2002,0,1371,1371
313240,2003,0,1390,1390
313240,2004,0,1435,1435
313240,2005,0,1402,1402
313240,2006,0,1429,1429
313240,2007,0,1387,1387
313240,2008,0,1391,1391
313240,2009,0,1391,1391
313240,2010,0,1421,1421
313240,2011,0,853,853
313240,2012,0,894,894
313240,2013,0,869,869
313240,2014,0,878,878
313240,2015,0,621,621
313240,2016,0,623,623
313240,2017,0,211,211
313240,2018,0,240,240
313240,2019,0,275,275
313240,2020,0,275,275
313240,2021,0,289,289
313250,1988,80,11414,11334
313250,1989,0,8376,8376
313250,1990,0,8719,8719
313250,1991,0,8655,8655
313250,1992,0,8468,8468
313250,1993,0,7636,7636
313250,1994,0,7764,7764
313250,1995,0,6567,6567
313250,1996,4,9166,9162
313250,1997,0,5681,5681
313250,1998,0,8291,8291
313250,1999,0,9315,9315
313250,2000,0,9241,9241
313250,2001,0,8589,8589
313250,2002,0,8187,8187
313250,2003,0,7681,7681
313250,2004,0,6267,6267
313250,2005,0,7496,7496
313250,2006,0,7313,7313
313250,2007,0,6582,6582
313250,2008,0,6090,6090
313250,2009,0,6068,6068
313250,2010,0,4626,4626
313250,2011,0,4784,4784
313250,2012,0,5150,5150
313250,2013,0,3547,3547
313250,2014,0,3422,3422
313250,2015,0,4018,4018
313250,2016,0,3693,3693
313250,2017,0,4281,4281
313250,2018,0,4568,4568
313250,2019,0,4036,4036
313250,2020,0,3793,3793
313250,2021,0,4025,4025
313260,1988,0,1550,1550
313260,1989,0,1461,1461
313260,1990,0,1434,1434
313260,1991,0,1237,1237
313260,1992,0,1420,1420
313260,1993,0,1406,1406
313260,1994,0,1324,1324
313260,1995,0,1176,1176
313260,1996,0,1082,1082
313260,1997,0,865,865
313260,1998,0,876,876
313260,1999,0,904,904
313260,2000,0,740,740
313260,2001,0,664,664
313260,2002,0,592,592
313260,2003,0,732,732
313260,2004,0,729,729
313260,2005,0,693,693
313260,2006,0,728,728
313260,2007,0,700,700
313260,2008,0,667,667
313260,2009,0,687,687
313260,2010,0,702,702
313260,2011,0,702,702
313260,2012,0,685,685
313260,2013,0,685,685
313260,2014,0,566,566
313260,2015,0,533,533
313260,2016,0,476,476
313260,2017,0,249,249
313260,2018,0,262,262
313260,2019,0,366,366
313260,2020,0,252,252
313260,2021,0,174,174
313270,1988,0,4752,4752
313270,1989,0,15797,15797
313270,1990,0,3870,3870
313270,1991,0,6240,6240
313270,1992,0,6279,6279
313270,1993,0,5105,5105
313270,1994,0,4558,4558
313270,1995,0,4734,4734
313270,1996,0,3776,3776
313270,1997,0,5379,5379
313270,1998,0,5379,5379
313270,1999,0,5391,5391
313270,2000,0,3455,3455
313270,2001,0,3466,3466
313270,2002,0,3595,3595
313270,2003,0,3603,3603
313270,2004,0,5652,5652
313270,2005,0,3078,3078
313270,2006,0,3840,3840
313270,2007,0,3240,3240
313270,2008,0,2840,2840
313270,2009,0,2840,2840
313270,2010,0,2840,2840
313270,2011,0,2705,2705
313270,2012,0,1767,1767
313270,2013,0,1767,1767
313270,2014,0,1307,1307
313270,2015,0,1111,1111
313270,2016,0,510,510
313270,2017,0,777,777
313270,2018,0,871,871
313270,2019,0,711,711
313270,2020,0,781,781
313270,2021,0,772,772
313280,1988,0,1531,1531
313280,1989,0,1001,1001
313280,1990,0,1001,1001
313280,1991,0,1035,1035
313280,1992,0,1115,1115
313280,1993,0,1081,1081
313280,1994,0,1083,1083
313280,1995,0,1032,1032
313280,1996,0,631,631
313280,1997,0,666,666
313280,1998,0,613,613
313280,1999,0,637,637
313280,2000,0,591,591
313280,2001,0,724,724
313280,2002,0,443,443
313280,2003,0,405,405
313280,2004,0,362,362
313280,2005,0,450,450
313280,2006,0,310,310
313280,2007,0,105,105
313280,2008,0,110,110
313280,2009,0,80,80
313280,2010,0,67,67
313280,2011,0,68,68
313280,2012,0,75,75
313280,2013,0,60,60
313280,2014,0,55,55
313280,2015,0,57,57
313280,2016,0,162,162
313280,2017,0,29,29
313280,2018,0,39,39
313280,2019,0,63,63
313280,2020,0,70,70
313280,2021,0,71,71
313290,1988,5,12635,12630
313290,1989,0,12949,12949
313290,1990,0,11765,11765
313290,1991,0,11726,11726
313290,1992,0,12204,12204
313290,1993,0,8276,8276
313290,1994,0,9143,9143
313290,1995,0,9140,9140
313290,1996,0,8547,8547
313290,1997,0,8248,8248
313290,1998,0,8036,8036
313290,1999,0,8024,8024
313290,2000,0,8024,8024
313290,2001,0,7874,7874
313290,2002,0,7974,7974
313290,2003,0,8275,8275
313290,2004,50,9924,9874
313290,2005,10,9307,9297
313290,2006,10,11185,11175
313290,2007,10,9585,9575
313290,2008,10,9344,9334
313290,2009,10,8553,8543
313290,2010,10,8551,8541
313290,2011,10,8572,8562
313290,2012,0,8677,8677
313290,2013,0,8967,8967
313290,2014,20,8290,8270
313290,2015,20,8476,8456
313290,2016,0,8950,8950
313290,2017,0,8861,8861
313290,2018,20,9002,8982
313290,2019,0,8700,8700
313290,2020,0,9340,9340
313290,2021,30,8617,8587
313300,1988,0,1652,1652
313300,1989,0,1472,1472
313300,1990,0,1327,1327
313300,1991,0,1502,1502
313300,1992,0,1500,1500
313300,1993,0,1407,1407
313300,1994,0,703,703
313300,1995,0,687,687
313300,1996,0,1533,1533
313300,1997,0,278,278
313300,1998,0,253,253
313300,1999,0,234,234
313300,2000,0,482,482
313300,2001,0,504,504
313300,2002,0,406,406
313300,2003,0,458,458
313300,2004,0,492,492
313300,2005,0,410,410
313300,2006,0,648,648
313300,2007,0,609,609
313300,2008,0,678,678
313300,2009,0,663,663
313300,2010,0,678,678
313300,2011,0,687,687
313300,2012,0,677,677
313300,2013,0,670,670
313300,2014,0,545,545
313300,2015,0,449,449
313300,2016,0,499,499
313300,2017,0,489,489
313300,2018,0,187,187
313300,2019,0,227,227
313300,2020,0,205,205
313300,2021,0,186,186
313310,1988,0,1032,1032
313310,1989,0,1152,1152
313310,1990,0,942,942
313310,1991,0,1208,1208
313310,1992,0,1138,1138
313310,1993,0,971,971
313310,1994,0,1035,1035
313310,1995,0,1014,1014
313310,1996,0,430,430
313310,1997,0,364,364
313310,1998,0,455,455
313310,1999,0,500,500
313310,2000,0,478,478
313310,2001,0,478,478
313310,2002,0,465,465
313310,2003,0,543,543
313310,2004,0,622,622
313310,2005,0,210,210
313310,2006,0,177,177
313310,2007,0,445,445
313310,2008,0,297,297
313310,2009,0,267,267
313310,2010,0,277,277
313310,2011,0,217,217
313310,2012,0,227,227
313310,2013,0,224,224
313310,2014,0,199,199
313310,2015,0,192,192
313310,2016,0,167,167
313310,2017,0,81,81
313310,2018,0,208,208
313310,2019,0,209,209
313310,2020,0,135,135
313310,2021,0,142,142
313320,1988,0,11933,11933
313320,1989,0,11935,11935
313320,1990,0,11871,11871
313320,1991,0,11865,11865
313320,1992,0,11432,11432
313320,1993,0,11369,11369
313320,1994,0,10789,10789
313320,1995,0,8573,8573
313320,1996,1,4466,4465
313320,1997,0,7252,7252
313320,1998,0,6977,6977
313320,1999,0,5087,5087
313320,2000,0,2437,2437
313320,2001,0,2437,2437
313320,2002,0,2411,2411
313320,2003,0,2092,2092
313320,2004,0,1960,1960
313320,2005,0,1643,1643
313320,2006,0,1666,1666
313320,2007,0,822,822
313320,2008,0,1257,1257
313320,2009,0,892,892
313320,2010,0,895,895
313320,2011,0,774,774
313320,2012,0,927,927
313320,2013,0,772,772
313320,2014,0,868,868
313320,2015,3,849,846
313320,2016,0,422,422
313320,2017,0,556,556
313320,2018,0,617,617
313320,2019,0,562,562
313320,2020,0,561,561
313320,2021,0,593,593
313330,1988,0,1823,1823
313330,1989,0,1321,1321
313330,1990,0,1270,1270
313330,1991,0,1327,1327
313330,1992,0,1263,1263
313330,1993,0,1130,1130
313330,1994,0,1103,1103
313330,1995,0,594,594
313330,1996,0,1611,1611
313330,1997,0,1352,1352
313330,1998,0,712,712
313330,1999,0,1413,1413
313330,2000,0,1388,1388
313330,2001,0,1476,1476
313330,2002,0,802,802
313330,2003,0,978,978
313330,2004,0,1045,1045
313330,2005,0,1041,1041
313330,2006,0,928,928
313330,2007,0,884,884
313330,2008,0,934,934
313330,2009,0,992,992
313330,2010,0,833,833
313330,2011,0,671,671
313330,2012,0,816,816
313330,2013,0,672,672
313330,2014,0,547,547
313330,2015,0,676,676
313330,2016,0,710,710
313330,2017,0,621,621
313330,2018,0,532,532
313330,2019,0,559,559
313330,2020,0,489,489
313330,2021,0,512,512
313340,1988,1200,6884,5684
313340,1989,1500,9823,8323
313340,1990,1500,8737,7237
313340,1991,1000,6077,5077
313340,1992,0,4445,4445
313340,1993,0,3238,3238
313340,1994,0,3361,3361
313340,1995,0,3336,3336
313340,1996,0,1988,1988
313340,1997,0,4773,4773
313340,1998,2000,6110,4110
313340,1999,2300,7257,4957
313340,2000,2200,7972,5772
313340,2001,2500,8211,5711
313340,2002,2300,6538,4238
313340,2003,2100,5955,3855
313340,2004,4000,9095,5095
313340,2005,4000,6925,2925
313340,2006,1550,5124,3574
313340,2007,2100,5569,3469
313340,2008,2200,5794,3594
313340,2009,2100,13850,11750
313340,2010,2100,14212,12112
313340,2011,1000,18695,17695
313340,2012,1000,18695,17695
313340,2013,1000,20178,19178
313340,2014,900,21337,20437
313340,2015,950,18750,17800
313340,2016,1100,18423,17323
313340,2017,1100,18768,17668
313340,2018,1050,18586,17536
313340,2019,1050,19238,18188
313340,2020,1020,21181,20161
313340,2021,1300,20144,18844
313350,1988,0,13737,13737
313350,1989,0,14838,14838
313350,1990,100,16042,15942
313350,1991,200,14863,14663
313350,1992,0,11656,11656
313350,1993,0,13789,13789
313350,1994,0,11987,11987
313350,1995,0,12323,12323
313350,1996,0,9927,9927
313350,1997,0,11198,11198
313350,1998,0,7866,7866
313350,1999,60,6224,6164
313350,2000,30,9682,9652
313350,2001,0,6793,6793
313350,2002,0,3591,3591
313350,2003,0,3895,3895
313350,2004,0,3473,3473
313350,2005,0,3531,3531
313350,2006,0,3355,3355
313350,2007,0,3350,3350
313350,2008,0,3350,3350
313350,2009,0,3360,3360
313350,2010,0,3390,3390
313350,2011,0,3584,3584
313350,2012,0,3255,3255
313350,2013,0,3444,3444
313350,2014,0,2660,2660
313350,2015,0,3230,3230
313350,2016,0,3818,3818
313350,2017,0,3112,3112
313350,2018,0,1401,1401
313350,2019,0,1381,1381
313350,2020,0,1377,1377
313350,2021,800,2050,1250
313360,1988,0,980,980
313360,1989,0,821,821
313360,1990,0,716,716
313360,1991,0,636,636
313360,1992,0,636,636
313360,1993,0,586,586
313360,1994,0,586,586
313360,1995,0,610,610
313360,1996,0,1207,1207
313360,1997,0,584,584
313360,1998,0,983,983
313360,1999,0,1011,1011
313360,2000,0,890,890
313360,2001,0,890,890
313360,2002,0,803,803
313360,2003,0,817,817
313360,2004,0,817,817
313360,2005,0,827,827
313360,2006,0,812,812
313360,2007,0,812,812
313360,2008,0,798,798
313360,2009,0,753,753
313360,2010,0,749,749
313360,2011,0,749,749
313360,2012,0,589,589
313360,2013,0,579,579
313360,2014,0,624,624
313360,2015,0,614,614
313360,2016,0,333,333
313360,2017,0,203,203
313360,2018,0,241,241
313360,2019,0,257,257
313360,2020,0,347,347
313360,2021,0,367,367
313370,1988,0,1058,1058
313370,1989,0,1066,1066
313370,1990,0,1044,1044
313370,1991,0,979,979
313370,1992,0,979,979
313370,1993,0,979,979
313370,1994,0,1017,1017
313370,1995,0,1015,1015
313370,1996,0,405,405
313370,1997,0,896,896
313370,1998,0,810,810
313370,1999,0,595,595
313370,2000,0,703,703
313370,2001,0,560,560
313370,2002,0,428,428
313370,2003,0,257,257
313370,2004,0,257,257
313370,2005,0,271,271
313370,2006,0,300,300
313370,2007,0,342,342
313370,2008,0,384,384
313370,2009,0,327,327
313370,2010,0,327,327
313370,2011,0,387,387
313370,2012,0,385,385
313370,2013,0,360,360
313370,2014,0,383,383
313370,2015,0,321,321
313370,2016,0,317,317
313370,2017,0,173,173
313370,2018,0,171,171
313370,2019,0,185,185
313370,2020,0,206,206
313370,2021,0,227,227
313375,1988,0,0,0
313375,1989,0,4045,4045
313375,1990,0,3310,3310
313375,1991,0,3280,3280
313375,1992,0,3280,3280
313375,1993,0,3335,3335
313375,1994,0,1307,1307
313375,1995,0,1690,1690
313375,1996,0,961,961
313375,1997,0,1614,1614
313375,1998,0,1438,1438
313375,1999,0,1279,1279
313375,2000,0,1145,1145
313375,2001,0,1350,1350
313375,2002,0,1296,1296
313375,2003,0,1291,1291
313375,2004,0,1431,1431
313375,2005,0,1380,1380
313375,2006,0,1373,1373
313375,2007,0,1154,1154
313375,2008,0,1040,1040
313375,2009,0,940,940
313375,2010,0,964,964
313375,2011,0,764,764
313375,2012,0,774,774
313375,2013,0,764,764
313375,2014,0,1204,1204
313375,2015,0,1312,1312
313375,2016,0,1281,1281
313375,2017,872,2651,1779
313375,2018,900,2356,1456
313375,2019,900,2386,1486
313375,2020,900,2263,1363
313375,2021,900,2159,1259
313380,1988,0,3533,3533
313380,1989,0,3522,3522
313380,1990,0,3287,3287
313380,1991,0,3084,3084
313380,1992,0,3091,3091
313380,1993,0,3062,3062
313380,1994,0,3085,3085
313380,1995,0,3085,3085
313380,1996,0,2338,2338
313380,1997,0,3043,3043
313380,1998,0,2681,2681
313380,1999,0,2403,2403
313380,2000,0,2525,2525
313380,2001,0,2259,2259
313380,2002,0,1706,1706
313380,2003,0,1534,1534
313380,2004,0,1532,1532
313380,2005,0,1502,1502
313380,2006,0,1093,1093
313380,2007,0,879,879
313380,2008,0,747,747
313380,2009,0,752,752
313380,2010,0,752,752
313380,2011,0,455,455
313380,2012,0,453,453
313380,2013,0,446,446
313380,2014,0,477,477
313380,2015,0,409,409
313380,2016,0,665,665
313380,2017,0,200,200
313380,2018,0,244,244
313380,2019,0,249,249
313380,2020,0,250,250
313380,2021,0,312,312
313390,1988,0,7319,7319
313390,1989,0,6674,6674
313390,1990,0,5836,5836
313390,1991,0,6256,6256
313390,1992,0,6018,6018
313390,1993,0,5759,5759
313390,1994,0,6095,6095
313390,1995,0,6269,6269
313390,1996,0,5601,5601
313390,1997,0,5199,5199
313390,1998,0,5226,5226
313390,1999,0,4663,4663
313390,2000,0,4163,4163
313390,2001,0,2395,2395
313390,2002,0,2136,2136
313390,2003,0,1841,1841
313390,2004,0,1763,1763
313390,2005,0,1569,1569
313390,2006,0,1537,1537
313390,2007,0,1542,1542
313390,2008,0,1594,1594
313390,2009,0,1216,1216
313390,2010,0,1277,1277
313390,2011,0,1580,1580
313390,2012,0,1585,1585
313390,2013,0,1593,1593
313390,2014,0,1503,1503
313390,2015,0,1953,1953
313390,2016,0,1824,1824
313390,2017,0,759,759
313390,2018,0,689,689
313390,2019,0,631,631
313390,2020,0,709,709
313390,2021,0,785,785
313400,1988,0,5084,5084
313400,1989,0,4781,4781
313400,1990,0,4565,4565
313400,1991,0,4603,4603
313400,1992,0,4613,4613
313400,1993,0,3642,3642
313400,1994,0,3196,3196
313400,1995,0,1772,1772
313400,1996,0,3460,3460
313400,1997,0,3383,3383
313400,1998,0,797,797
313400,1999,0,3106,3106
313400,2000,0,3100,3100
313400,2001,0,1384,1384
313400,2002,0,1513,1513
313400,2003,0,1088,1088
313400,2004,0,4327,4327
313400,2005,0,3258,3258
313400,2006,0,2670,2670
313400,2007,0,2439,2439
313400,2008,0,2154,2154
313400,2009,0,3057,3057
313400,2010,0,1974,1974
313400,2011,0,2533,2533
313400,2012,0,2784,2784
313400,2013,0,2528,2528
313400,2014,0,2119,2119
313400,2015,0,1562,1562
313400,2016,0,1267,1267
313400,2017,0,2138,2138
313400,2018,0,2156,2156
313400,2019,0,1778,1778
313400,2020,0,1737,1737
313400,2021,0,1535,1535
313410,1988,0,4524,4524
313410,1989,0,4651,4651
313410,1990,0,4557,4557
313410,1991,0,4582,4582
313410,1992,0,4580,4580
313410,1993,0,4554,4554
313410,1994,0,4332,4332
313410,1995,0,4200,4200
313410,1996,0,4403,4403
313410,1997,0,4808,4808
313410,1998,0,4940,4940
313410,1999,0,5532,5532
313410,2000,0,6217,6217
313410,2001,0,6063,6063
313410,2002,0,6504,6504
313410,2003,0,6328,6328
313410,2004,0,6630,6630
313410,2005,0,6508,6508
313410,2006,0,6571,6571
313410,2007,0,5691,5691
313410,2008,0,4209,4209
313410,2009,0,4109,4109
313410,2010,0,4179,4179
313410,2011,0,3779,3779
313410,2012,0,3757,3757
313410,2013,0,3817,3817
313410,2014,0,3739,3739
313410,2015,0,2851,2851
313410,2016,0,2587,2587
313410,2017,0,2522,2522
313410,2018,0,1714,1714
313410,2019,0,1450,1450
313410,2020,0,1481,1481
313410,2021,0,1034,1034
313420,1988,4000,26821,22821
313420,1989,4800,23579,18779
313420,1990,3000,20190,17190
313420,1991,2500,21086,18586
313420,1992,2000,18587,16587
313420,1993,2000,19833,17833
313420,1994,2600,16875,14275
313420,1995,3000,16926,13926
313420,1996,2500,14202,11702
313420,1997,3000,17679,14679
313420,1998,6000,18718,12718
313420,1999,5000,18633,13633
313420,2000,8000,18994,10994
313420,2001,10000,20866,10866
313420,2002,12000,22256,10256
313420,2003,18000,30622,12622
313420,2004,22000,39831,17831
313420,2005,18000,39721,21721
313420,2006,7000,23963,16963
313420,2007,5000,24320,19320
313420,2008,5000,33623,28623
313420,2009,6500,39329,32829
313420,2010,8000,38846,30846
313420,2011,8000,37532,29532
313420,2012,8500,35072,26572
313420,2013,11600,42808,31208
313420,2014,12000,45214,33214
313420,2015,16000,57244,41244
313420,2016,17000,56157,39157
313420,2017,18000,60303,42303
313420,2018,21000,63646,42646
313420,2019,21000,73499,52499
313420,2020,23000,80354,57354
313420,2021,26200,82348,56148
313430,1988,0,2131,2131
313430,1989,0,911,911
313430,1990,0,826,826
313430,1991,0,1152,1152
313430,1992,0,1154,1154
313430,1993,0,828,828
313430,1994,0,762,762
313430,1995,0,2787,2787
313430,1996,0,2810,2810
313430,1997,0,2784,2784
313430,1998,0,2723,2723
313430,1999,0,2713,2713
313430,2000,0,2300,2300
313430,2001,0,2271,2271
313430,2002,1,2002,2001
313430,2003,0,2238,2238
313430,2004,0,2436,2436
313430,2005,0,2486,2486
313430,2006,0,2260,2260
313430,2007,0,2260,2260
313430,2008,0,2255,2255
313430,2009,0,2047,2047
313430,2010,0,1592,1592
313430,2011,0,1677,1677
313430,2012,0,1766,1766
313430,2013,0,1663,1663
313430,2014,90,1729,1639
313430,2015,0,1361,1361
313430,2016,100,1488,1388
313430,2017,100,1109,1009
313430,2018,100,1147,1047
313430,2019,200,1441,1241
313430,2020,200,1632,1432
313430,2021,400,1747,1347
313440,1988,1150,41764,40614
313440,1989,1100,36883,35783
313440,1990,1100,38059,36959
313440,1991,1200,33509,32309
313440,1992,800,32997,32197
313440,1993,800,33570,32770
313440,1994,200,33053,32853
313440,1995,210,38805,38595
313440,1996,95,26843,26748
313440,1997,724,37563,36839
313440,1998,953,40250,39297
313440,1999,1374,39891,38517
313440,2000,1035,38986,37951
313440,2001,943,42117,41174
313440,2002,876,36424,35548
313440,2003,1370,42197,40827
313440,2004,2000,41556,39556
313440,2005,2000,41798,39798
313440,2006,1650,47993,46343
313440,2007,900,47133,46233
313440,2008,550,49587,49037
313440,2009,233,74054,73821
313440,2010,283,74884,74601
313440,2011,283,74878,74595
313440,2012,230,67953,67723
313440,2013,230,68238,68008
313440,2014,230,87654,87424
313440,2015,450,83704,83254
313440,2016,473,86588,86115
313440,2017,450,83695,83245
313440,2018,450,113734,113284
313440,2019,500,115324,114824
313440,2020,300,120497,120197
313440,2021,3300,110252,106952
313450,1988,0,3470,3470
313450,1989,0,2085,2085
313450,1990,0,2013,2013
313450,1991,0,2385,2385
313450,1992,0,2269,2269
313450,1993,0,2834,2834
313450,1994,0,2838,2838
313450,1995,0,3324,3324
313450,1996,0,3217,3217
313450,1997,0,2967,2967
313450,1998,0,2357,2357
313450,1999,0,2386,2386
313450,2000,0,1426,1426
313450,2001,0,3185,3185
313450,2002,0,3463,3463
313450,2003,0,3560,3560
313450,2004,0,3597,3597
313450,2005,0,3460,3460
313450,2006,0,3460,3460
313450,2007,0,3469,3469
313450,2008,0,3299,3299
313450,2009,0,3518,3518
313450,2010,0,2718,2718
313450,2011,0,2645,2645
313450,2012,0,1784,1784
313450,2013,500,2313,1813
313450,2014,900,4231,3331
313450,2015,950,4159,3209
313450,2016,2000,5224,3224
313450,2017,750,2916,2166
313450,2018,750,2540,1790
313450,2019,4000,7920,3920
313450,2020,3000,6475,3475
313450,2021,3500,8835,5335
313460,1988,0,4485,4485
313460,1989,0,4297,4297
313460,1990,0,3598,3598
313460,1991,0,3389,3389
313460,1992,0,3386,3386
313460,1993,0,3624,3624
313460,1994,0,3371,3371
313460,1995,0,3509,3509
313460,1996,0,1669,1669
313460,1997,0,2628,2628
313460,1998,0,2691,2691
313460,1999,0,1927,1927
313460,2000,0,1766,1766
313460,2001,0,1951,1951
313460,2002,0,1656,1656
313460,2003,0,1387,1387
313460,2004,0,1555,1555
313460,2005,0,1527,1527
313460,2006,0,1575,1575
313460,2007,0,1580,1580
313460,2008,0,1307,1307
313460,2009,0,1120,1120
313460,2010,0,1109,1109
313460,2011,0,1024,1024
313460,2012,0,958,958
313460,2013,0,841,841
313460,2014,0,896,896
313460,2015,0,865,865
313460,2016,0,587,587
313460,2017,0,645,645
313460,2018,0,569,569
313460,2019,0,794,794
313460,2020,0,842,842
313460,2021,0,708,708
313470,1988,0,1754,1754
313470,1989,0,1394,1394
313470,1990,0,1400,1400
313470,1991,0,1181,1181
313470,1992,0,1241,1241
313470,1993,0,1253,1253
313470,1994,0,1253,1253
313470,1995,0,793,793
313470,1996,0,1018,1018
313470,1997,0,1188,1188
313470,1998,0,853,853
313470,1999,0,1091,1091
313470,2000,0,1811,1811
313470,2001,0,1031,1031
313470,2002,0,993,993
313470,2003,0,956,956
313470,2004,0,834,834
313470,2005,0,1273,1273
313470,2006,0,1348,1348
313470,2007,0,1548,1548
313470,2008,0,1548,1548
313470,2009,0,2103,2103
313470,2010,0,2470,2470
313470,2011,0,2288,2288
313470,2012,0,1998,1998
313470,2013,0,2008,2008
313470,2014,0,2106,2106
313470,2015,0,1553,1553
313470,2016,0,1972,1972
313470,2017,0,102,102
313470,2018,0,102,102
313470,2019,0,196,196
313470,2020,0,195,195
313470,2021,0,225,225
313480,1988,0,9380,9380
313480,1989,0,8979,8979
313480,1990,0,7730,7730
313480,1991,0,7642,7642
313480,1992,0,8009,8009
313480,1993,0,7578,7578
313480,1994,0,6500,6500
313480,1995,0,5740,5740
313480,1996,0,5043,5043
313480,1997,0,6204,6204
313480,1998,0,4101,4101
313480,1999,0,2869,2869
313480,2000,0,2869,2869
313480,2001,0,2716,2716
313480,2002,0,2771,2771
313480,2003,0,3152,3152
313480,2004,60,3964,3904
313480,2005,30,4273,4243
313480,2006,30,4488,4458
313480,2007,30,3523,3493
313480,2008,30,2843,2813
313480,2009,30,2623,2593
313480,2010,30,2658,2628
313480,2011,30,2931,2901
313480,2012,0,3051,3051
313480,2013,0,2939,2939
313480,2014,900,3607,2707
313480,2015,950,3477,2527
313480,2016,500,3651,3151
313480,2017,242,3593,3351
313480,2018,180,3853,3673
313480,2019,280,3980,3700
313480,2020,900,5285,4385
313480,2021,1250,5730,4480
313490,1988,0,5278,5278
313490,1989,0,5611,5611
313490,1990,0,5620,5620
313490,1991,0,5888,5888
313490,1992,0,5833,5833
313490,1993,0,5344,5344
313490,1994,0,4518,4518
313490,1995,0,4251,4251
313490,1996,0,6981,6981
313490,1997,0,6982,6982
313490,1998,0,4712,4712
313490,1999,0,4689,4689
313490,2000,0,4659,4659
313490,2001,0,3018,3018
313490,2002,0,4353,4353
313490,2003,0,4308,4308
313490,2004,0,6370,6370
313490,2005,0,5670,5670
313490,2006,0,5670,5670
313490,2007,0,5572,5572
313490,2008,0,5972,5972
313490,2009,0,5032,5032
313490,2010,0,5132,5132
313490,2011,0,4341,4341
313490,2012,0,4597,4597
313490,2013,0,4592,4592
313490,2014,0,4977,4977
313490,2015,0,3813,3813
313490,2016,0,4772,4772
313490,2017,0,4392,4392
313490,2018,0,4872,4872
313490,2019,0,4069,4069
313490,2020,0,4548,4548
313490,2021,0,3538,3538
313500,1988,0,411,411
313500,1989,0,391,391
313500,1990,0,388,388
313500,1991,0,387,387
313500,1992,0,359,359
313500,1993,0,337,337
313500,1994,0,276,276
313500,1995,0,276,276
313500,1996,0,388,388
313500,1997,0,388,388
313500,1998,0,325,325
313500,1999,0,325,325
313500,2000,0,322,322
313500,2001,0,322,322
313500,2002,0,307,307
313500,2003,0,307,307
313500,2004,0,299,299
313500,2005,0,192,192
313500,2006,0,224,224
313500,2007,0,205,205
313500,2008,0,65,65
313500,2009,0,80,80
313500,2010,0,80,80
313500,2011,0,105,105
313500,2012,0,158,158
313500,2013,0,158,158
313500,2014,0,138,138
313500,2015,0,117,117
313500,2016,0,194,194
313500,2017,0,15,15
313500,2018,0,15,15
313500,2019,0,21,21
313500,2020,0,25,25
313500,2021,0,31,31
313510,1988,0,21076,21076
313510,1989,0,16129,16129
313510,1990,0,19662,19662
313510,1991,0,19571,19571
313510,1992,0,15388,15388
313510,1993,0,16761,16761
313510,1994,0,14243,14243
313510,1995,0,14541,14541
313510,1996,4,14807,14803
313510,1997,0,14832,14832
313510,1998,0,15474,15474
313510,1999,0,15710,15710
313510,2000,0,17820,17820
313510,2001,0,17572,17572
313510,2002,0,20203,20203
313510,2003,0,18424,18424
313510,2004,0,18011,18011
313510,2005,0,14683,14683
313510,2006,0,13814,13814
313510,2007,0,13559,13559
313510,2008,0,13022,13022
313510,2009,0,14526,14526
313510,2010,0,14224,14224
313510,2011,0,16328,16328
313510,2012,0,15094,15094
313510,2013,0,15349,15349
313510,2014,0,13838,13838
313510,2015,0,14839,14839
313510,2016,0,13261,13261
313510,2017,0,10009,10009
313510,2018,0,7681,7681
313510,2019,0,8957,8957
313510,2020,0,8123,8123
313510,2021,70,7834,7764
313520,1988,3700,24812,21112
313520,1989,4300,22275,17975
313520,1990,6020,21829,15809
313520,1991,5600,19710,14110
313520,1992,8080,22961,14881
313520,1993,8500,27924,19424
313520,1994,7000,24371,17371
313520,1995,0,17861,17861
313520,1996,4000,20471,16471
313520,1997,4000,20471,16471
313520,1998,4500,21922,17422
313520,1999,4500,21842,17342
313520,2000,4500,21843,17343
313520,2001,4500,21843,17343
313520,2002,4500,21843,17343
313520,2003,0,16174,16174
313520,2004,0,16944,16944
313520,2005,0,17900,17900
313520,2006,0,15796,15796
313520,2007,0,18289,18289
313520,2008,0,17638,17638
313520,2009,0,17938,17938
313520,2010,0,18514,18514
313520,2011,0,13937,13937
313520,2012,0,13804,13804
313520,2013,0,10610,10610
313520,2014,0,9294,9294
313520,2015,0,8833,8833
313520,2016,0,10294,10294
313520,2017,1320,9083,7763
313520,2018,1350,7477,6127
313520,2019,1500,8664,7164
313520,2020,1300,8161,6861
313520,2021,290,7175,6885
313530,1988,0,7534,7534
313530,1989,0,6055,6055
313530,1990,0,5590,5590
313530,1991,0,7615,7615
313530,1992,0,3866,3866
313530,1993,0,5409,5409
313530,1994,0,4956,4956
313530,1995,0,5216,5216
313530,1996,0,5125,5125
313530,1997,0,4923,4923
313530,1998,0,4720,4720
313530,1999,0,4180,4180
313530,2000,0,4416,4416
313530,2001,0,4660,4660
313530,2002,0,4822,4822
313530,2003,0,5032,5032
313530,2004,0,5530,5530
313530,2005,0,5455,5455
313530,2006,0,4032,4032
313530,2007,0,5160,5160
313530,2008,0,5180,5180
313530,2009,0,5205,5205
313530,2010,0,5616,5616
313530,2011,0,6305,6305
313530,2012,0,5975,5975
313530,2013,0,6550,6550
313530,2014,0,6605,6605
313530,2015,0,8111,8111
313530,2016,0,4551,4551
313530,2017,190,4686,4496
313530,2018,200,4830,4630
313530,2019,200,4837,4637
313530,2020,200,5111,4911
313530,2021,200,4776,4576
313540,1988,0,3921,3921
313540,1989,0,3920,3920
313540,1990,0,4064,4064
313540,1991,0,3998,3998
313540,1992,0,3971,3971
313540,1993,0,3471,3471
313540,1994,0,3430,3430
313540,1995,0,3409,3409
313540,1996,0,3334,3334
313540,1997,0,3304,3304
313540,1998,0,3151,3151
313540,1999,0,2819,2819
313540,2000,0,2580,2580
313540,2001,0,2579,2579
313540,2002,0,2382,2382
313540,2003,0,2378,2378
313540,2004,0,2532,2532
313540,2005,0,2408,2408
313540,2006,0,1840,1840
313540,2007,0,1795,1795
313540,2008,0,1820,1820
313540,2009,0,1790,1790
313540,2010,0,1792,1792
313540,2011,0,1752,1752
313540,2012,0,1752,1752
313540,2013,0,1747,1747
313540,2014,0,1787,1787
313540,2015,0,1827,1827
313540,2016,0,517,517
313540,2017,0,272,272
313540,2018,0,303,303
313540,2019,0,303,303
313540,2020,0,360,360
313540,2021,0,312,312
313550,1988,0,15147,15147
313550,1989,0,14962,14962
313550,1990,0,14486,14486
313550,1991,0,14074,14074
313550,1992,0,13254,13254
313550,1993,0,12853,12853
313550,1994,0,12853,12853
313550,1995,0,12853,12853
313550,1996,0,12853,12853
313550,1997,0,12853,12853
313550,1998,0,12848,12848
313550,1999,0,12717,12717
313550,2000,0,12714,12714
313550,2001,0,4229,4229
313550,2002,0,4082,4082
313550,2003,0,3868,3868
313550,2004,0,3636,3636
313550,2005,0,3816,3816
313550,2006,0,3636,3636
313550,2007,0,3636,3636
313550,2008,0,3385,3385
313550,2009,0,3385,3385
313550,2010,0,3725,3725
313550,2011,0,5419,5419
313550,2012,0,5220,5220
313550,2013,0,5213,5213
313550,2014,0,5553,5553
313550,2015,0,5136,5136
313550,2016,0,4835,4835
313550,2017,0,3231,3231
313550,2018,0,3509,3509
313550,2019,0,3846,3846
313550,2020,0,4125,4125
313550,2021,0,4216,4216
313560,1988,176,5620,5444
313560,1989,332,5142,4810
313560,1990,300,4514,4214
313560,1991,0,4158,4158
313560,1992,0,4862,4862
313560,1993,116,5332,5216
313560,1994,0,5088,5088
313560,1995,0,4701,4701
313560,1996,0,5303,5303
313560,1997,0,4061,4061
313560,1998,0,3303,3303
313560,1999,0,3826,3826
313560,2000,0,3738,3738
313560,2001,0,3578,3578
313560,2002,0,3107,3107
313560,2003,0,3134,3134
313560,2004,0,2532,2532
313560,2005,0,2927,2927
313560,2006,0,2826,2826
313560,2007,0,2206,2206
313560,2008,0,2664,2664
313560,2009,0,1459,1459
313560,2010,0,2053,2053
313560,2011,0,1585,1585
313560,2012,0,1956,1956
313560,2013,0,1596,1596
313560,2014,0,1338,1338
313560,2015,0,1293,1293
313560,2016,0,1702,1702
313560,2017,300,2005,1705
313560,2018,250,1776,1526
313560,2019,250,1755,1505
313560,2020,250,1689,1439
313560,2021,500,1840,1340
313570,1988,2,2113,2111
313570,1989,6,2197,2191
313570,1990,5,1692,1687
313570,1991,12,2141,2129
313570,1992,0,2331,2331
313570,1993,5,2272,2267
313570,1994,5,2108,2103
313570,1995,5,2105,2100
313570,1996,8,1515,1507
313570,1997,8,1918,1910
313570,1998,0,1336,1336
313570,1999,0,1383,1383
313570,2000,0,1644,1644
313570,2001,0,1311,1311
313570,2002,0,1133,1133
313570,2003,0,941,941
313570,2004,0,968,968
313570,2005,0,844,844
313570,2006,0,851,851
313570,2007,0,912,912
313570,2008,0,918,918
313570,2009,0,1194,1194
313570,2010,0,1271,1271
313570,2011,0,1269,1269
313570,2012,0,1231,1231
313570,2013,0,1241,1241
313570,2014,0,1240,1240
313570,2015,0,1146,1146
313570,2016,0,1066,1066
313570,2017,0,452,452
313570,2018,0,482,482
313570,2019,0,494,494
313570,2020,0,580,580
313570,2021,0,615,615
313580,1988,0,5075,5075
313580,1989,0,3900,3900
313580,1990,0,4461,4461
313580,1991,0,4313,4313
313580,1992,0,4313,4313
313580,1993,0,4159,4159
313580,1994,0,4137,4137
313580,1995,0,2791,2791
313580,1996,0,4042,4042
313580,1997,0,4092,4092
313580,1998,0,1543,1543
313580,1999,0,2915,2915
313580,2000,0,2855,2855
313580,2001,0,1079,1079
313580,2002,0,1162,1162
313580,2003,0,1053,1053
313580,2004,0,912,912
313580,2005,0,1050,1050
313580,2006,0,1453,1453
313580,2007,0,1904,1904
313580,2008,0,1767,1767
313580,2009,0,1775,1775
313580,2010,0,1584,1584
313580,2011,0,1932,1932
313580,2012,0,1509,1509
313580,2013,0,1922,1922
313580,2014,0,1532,1532
313580,2015,0,2108,2108
313580,2016,0,2278,2278
313580,2017,0,1341,1341
313580,2018,0,1221,1221
313580,2019,0,1336,1336
313580,2020,0,1353,1353
313580,2021,0,1196,1196
313590,1988,0,1984,1984
313590,1989,0,1931,1931
313590,1990,0,1931,1931
313590,1991,0,2169,2169
313590,1992,0,2046,2046
313590,1993,0,1735,1735
313590,1994,0,1703,1703
313590,1995,0,1710,1710
313590,1996,0,1606,1606
313590,1997,0,1401,1401
313590,1998,0,1101,1101
313590,1999,0,1283,1283
313590,2000,0,1286,1286
313590,2001,0,1380,1380
313590,2002,0,1707,1707
313590,2003,0,1831,1831
313590,2004,0,1818,1818
313590,2005,0,2159,2159
313590,2006,0,1785,1785
313590,2007,0,1888,1888
313590,2008,0,2086,2086
313590,2009,0,1886,1886
313590,2010,0,1886,1886
313590,2011,0,1888,1888
313590,2012,0,1972,1972
313590,2013,0,1955,1955
313590,2014,0,1855,1855
313590,2015,0,2075,2075
313590,2016,0,2455,2455
313590,2017,24,2094,2070
313590,2018,15,2176,2161
313590,2019,0,2020,2020
313590,2020,0,2385,2385
313590,2021,20,2240,2220
313600,1988,0,2805,2805
313600,1989,0,2242,2242
313600,1990,0,2513,2513
313600,1991,0,2591,2591
313600,1992,0,2591,2591
313600,1993,0,2496,2496
313600,1994,0,2451,2451
313600,1995,0,1748,1748
313600,1996,0,2373,2373
313600,1997,0,2333,2333
313600,1998,0,1326,1326
313600,1999,0,2232,2232
313600,2000,0,2227,2227
313600,2001,0,1132,1132
313600,2002,0,1313,1313
313600,2003,0,1154,1154
313600,2004,0,1165,1165
313600,2005,0,1198,1198
313600,2006,0,1071,1071
313600,2007,0,1126,1126
313600,2008,0,1135,1135
313600,2009,0,1290,1290
313600,2010,0,1041,1041
313600,2011,0,1266,1266
313600,2012,0,1369,1369
313600,2013,0,1355,1355
313600,2014,0,1121,1121
313600,2015,0,1163,1163
313600,2016,0,1138,1138
313600,2017,0,920,920
313600,2018,0,1140,1140
313600,2019,0,1105,1105
313600,2020,0,1009,1009
313600,2021,0,951,951
313610,1988,0,4564,4564
313610,1989,0,4564,4564
313610,1990,0,4556,4556
313610,1991,0,4556,4556
313610,1992,0,4556,4556
313610,1993,0,4556,4556
313610,1994,0,4556,4556
313610,1995,0,4556,4556
313610,1996,0,1515,1515
313610,1997,0,1517,1517
313610,1998,0,1719,1719
313610,1999,0,1719,1719
313610,2000,0,1719,1719
313610,2001,0,1502,1502
313610,2002,0,1158,1158
313610,2003,0,1158,1158
313610,2004,0,1158,1158
313610,2005,0,700,700
313610,2006,0,633,633
313610,2007,0,525,525
313610,2008,0,248,248
313610,2009,0,395,395
313610,2010,0,387,387
313610,2011,0,387,387
313610,2012,0,302,302
313610,2013,0,342,342
313610,2014,0,317,317
313610,2015,0,281,281
313610,2016,0,241,241
313610,2017,0,273,273
313610,2018,0,304,304
313610,2019,0,294,294
313610,2020,0,312,312
313610,2021,0,304,304
313620,1988,0,162,162
313620,1989,0,146,146
313620,1990,0,138,138
313620,1991,0,131,131
313620,1992,0,125,125
313620,1993,0,140,140
313620,1994,0,141,141
313620,1995,0,141,141
313620,1996,0,45,45
313620,1997,0,52,52
313620,1998,0,50,50
313620,1999,0,51,51
313620,2000,0,38,38
313620,2001,0,11,11
313620,2002,0,9,9
313620,2003,0,9,9
313620,2004,0,18,18
313620,2005,0,15,15
313620,2006,0,20,20
313620,2007,0,27,27
313620,2008,0,32,32
313620,2009,0,40,40
313620,2010,0,34,34
313620,2011,0,36,36
313620,2012,0,35,35
313620,2013,0,34,34
313620,2014,0,35,35
313620,2015,0,20,20
313620,2016,0,15,15
313620,2017,0,13,13
313620,2018,0,19,19
313620,2019,0,19,19
313620,2020,0,21,21
313620,2021,0,8,8
313630,1988,2000,18641,16641
313630,1989,2200,21991,19791
313630,1990,2000,15437,13437
313630,1991,2400,19034,16634
313630,1992,4000,22285,18285
313630,1993,4300,25452,21152
313630,1994,4500,20982,16482
313630,1995,4900,23122,18222
313630,1996,4151,16913,12762
313630,1997,4500,18243,13743
313630,1998,4800,22557,17757
313630,1999,4800,21520,16720
313630,2000,4800,20764,15964
313630,2001,4800,24549,19749
313630,2002,5050,28090,23040
313630,2003,4720,30861,26141
313630,2004,7200,35400,28200
313630,2005,10400,40815,30415
313630,2006,6900,36105,29205
313630,2007,6500,35399,28899
313630,2008,3670,33307,29637
313630,2009,3945,35805,31860
313630,2010,3600,34860,31260
313630,2011,2500,39899,37399
313630,2012,3900,43179,39279
313630,2013,4500,43806,39306
313630,2014,4900,47264,42364
313630,2015,5600,44941,39341
313630,2016,3600,44687,41087
313630,2017,9200,55763,46563
313630,2018,9300,63183,53883
313630,2019,10000,65070,55070
313630,2020,10800,71051,60251
313630,2021,12500,77566,65066
313640,1988,0,2189,2189
313640,1989,0,1804,1804
313640,1990,0,2054,2054
313640,1991,0,1894,1894
313640,1992,0,1874,1874
313640,1993,0,1674,1674
313640,1994,0,6825,6825
313640,1995,0,6326,6326
313640,1996,0,6325,6325
313640,1997,80,2467,2387
313640,1998,0,3109,3109
313640,1999,0,1330,1330
313640,2000,0,1195,1195
313640,2001,0,1318,1318
313640,2002,0,1351,1351
313640,2003,0,1125,1125
313640,2004,0,1175,1175
313640,2005,0,1532,1532
313640,2006,0,1782,1782
313640,2007,0,2197,2197
313640,2008,0,2196,2196
313640,2009,0,2648,2648
313640,2010,0,2376,2376
313640,2011,0,1178,1178
313640,2012,0,831,831
313640,2013,0,688,688
313640,2014,0,688,688
313640,2015,0,636,636
313640,2016,0,565,565
313640,2017,0,436,436
313640,2018,0,445,445
313640,2019,0,451,451
313640,2020,0,452,452
313640,2021,0,492,492
313650,1988,0,808,808
313650,1989,0,823,823
313650,1990,0,798,798
313650,1991,0,573,573
313650,1992,0,801,801
313650,1993,0,801,801
313650,1994,0,801,801
313650,1995,0,396,396
313650,1996,0,820,820
313650,1997,0,517,517
313650,1998,0,382,382
313650,1999,0,521,521
313650,2000,0,476,476
313650,2001,0,461,461
313650,2002,0,430,430
313650,2003,0,468,468
313650,2004,0,318,318
313650,2005,0,341,341
313650,2006,0,320,320
313650,2007,0,400,400
313650,2008,0,421,421
313650,2009,0,566,566
313650,2010,0,520,520
313650,2011,0,510,510
313650,2012,0,440,440
313650,2013,0,430,430
313650,2014,0,460,460
313650,2015,0,510,510
313650,2016,0,548,548
313650,2017,0,506,506
313650,2018,0,288,288
313650,2019,0,420,420
313650,2020,0,385,385
313650,2021,0,371,371
313660,1988,0,2014,2014
313660,1989,0,2162,2162
313660,1990,0,2426,2426
313660,1991,0,2411,2411
313660,1992,0,2473,2473
313660,1993,0,2503,2503
313660,1994,0,2527,2527
313660,1995,0,2566,2566
313660,1996,0,2557,2557
313660,1997,0,857,857
313660,1998,0,527,527
313660,1999,0,888,888
313660,2000,0,1479,1479
313660,2001,0,1564,1564
313660,2002,0,1259,1259
313660,2003,0,1212,1212
313660,2004,0,1368,1368
313660,2005,0,1285,1285
313660,2006,0,1285,1285
313660,2007,0,1285,1285
313660,2008,0,1053,1053
313660,2009,0,1011,1011
313660,2010,0,1293,1293
313660,2011,0,1060,1060
313660,2012,0,1052,1052
313660,2013,0,1102,1102
313660,2014,0,1152,1152
313660,2015,0,1082,1082
313660,2016,0,1126,1126
313660,2017,0,1705,1705
313660,2018,0,1760,1760
313660,2019,0,1744,1744
313660,2020,0,1582,1582
313660,2021,0,1683,1683
313670,1988,0,4178,4178
313670,1989,0,3994,3994
313670,1990,0,3373,3373
313670,1991,0,3671,3671
313670,1992,0,5867,5867
313670,1993,0,6584,6584
313670,1994,0,7570,7570
313670,1995,0,7251,7251
313670,1996,0,3313,3313
313670,1997,0,5413,5413
313670,1998,0,3215,3215
313670,1999,0,2234,2234
313670,2000,0,2199,2199
313670,2001,0,2225,2225
313670,2002,0,1840,1840
313670,2003,0,1519,1519
313670,2004,0,1538,1538
313670,2005,0,1669,1669
313670,2006,0,1773,1773
313670,2007,0,1684,1684
313670,2008,0,1449,1449
313670,2009,0,1003,1003
313670,2010,0,893,893
313670,2011,0,847,847
313670,2012,0,789,789
313670,2013,0,785,785
313670,2014,0,508,508
313670,2015,0,396,396
313670,2016,0,271,271
313670,2017,0,269,269
313670,2018,0,316,316
313670,2019,0,325,325
313670,2020,0,274,274
313670,2021,0,273,273
313680,1988,0,2155,2155
313680,1989,0,2225,2225
313680,1990,0,2045,2045
313680,1991,0,2060,2060
313680,1992,0,2063,2063
313680,1993,0,2110,2110
313680,1994,0,4171,4171
313680,1995,0,3583,3583
313680,1996,0,3438,3438
313680,1997,0,3489,3489
313680,1998,0,3796,3796
313680,1999,0,3946,3946
313680,2000,0,3998,3998
313680,2001,0,3954,3954
313680,2002,0,4652,4652
313680,2003,0,4465,4465
313680,2004,0,4656,4656
313680,2005,0,5038,5038
313680,2006,0,5112,5112
313680,2007,0,5110,5110
313680,2008,0,4233,4233
313680,2009,0,4283,4283
313680,2010,0,4307,4307
313680,2011,0,4102,4102
313680,2012,0,4026,4026
313680,2013,0,4047,4047
313680,2014,0,4069,4069
313680,2015,0,3855,3855
313680,2016,0,3715,3715
313680,2017,0,651,651
313680,2018,0,1080,1080
313680,2019,0,2478,2478
313680,2020,0,1403,1403
313680,2021,0,2009,2009
313690,1988,0,6561,6561
313690,1989,0,6630,6630
313690,1990,0,5704,5704
313690,1991,0,6066,6066
313690,1992,0,6061,6061
313690,1993,0,5732,5732
313690,1994,0,5822,5822
313690,1995,0,5896,5896
313690,1996,0,5195,5195
313690,1997,0,6617,6617
313690,1998,0,6493,6493
313690,1999,0,6287,6287
313690,2000,0,6287,6287
313690,2001,0,5975,5975
313690,2002,0,6079,6079
313690,2003,0,5975,5975
313690,2004,0,6859,6859
313690,2005,0,7402,7402
313690,2006,0,6810,6810
313690,2007,0,8050,8050
313690,2008,0,6871,6871
313690,2009,0,5952,5952
313690,2010,0,6176,6176
313690,2011,0,6476,6476
313690,2012,0,8268,8268
313690,2013,0,7233,7233
313690,2014,0,6946,6946
313690,2015,0,6729,6729
313690,2016,0,7103,7103
313690,2017,0,4327,4327
313690,2018,0,5449,5449
313690,2019,0,5522,5522
313690,2020,0,5929,5929
313690,2021,0,6007,6007
313700,1988,0,7442,7442
313700,1989,0,7242,7242
313700,1990,0,5457,5457
313700,1991,0,5344,5344
313700,1992,0,5244,5244
313700,1993,0,3724,3724
313700,1994,0,3566,3566
313700,1995,0,2721,2721
313700,1996,0,6798,6798
313700,1997,0,2845,2845
313700,1998,0,2847,2847
313700,1999,0,2863,2863
313700,2000,0,2492,2492
313700,2001,0,2497,2497
313700,2002,0,2492,2492
313700,2003,0,2492,2492
313700,2004,0,1860,1860
313700,2005,0,1530,1530
313700,2006,0,1510,1510
313700,2007,0,1910,1910
313700,2008,0,1810,1810
313700,2009,0,1810,1810
313700,2010,0,1810,1810
313700,2011,0,1675,1675
313700,2012,0,1686,1686
313700,2013,0,1526,1526
313700,2014,0,1444,1444
313700,2015,0,1293,1293
313700,2016,0,990,990
313700,2017,0,2948,2948
313700,2018,0,2829,2829
313700,2019,0,2504,2504
313700,2020,0,2426,2426
313700,2021,0,2453,2453
313710,1988,1671,11767,10096
313710,1989,1671,11883,10212
313710,1990,1671,11292,9621
313710,1991,1330,10819,9489
313710,1992,1580,12502,10922
313710,1993,1700,12442,10742
313710,1994,1700,16195,14495
313710,1995,1200,19889,18689
313710,1996,1292,6543,5251
313710,1997,1000,7462,6462
313710,1998,1000,5869,4869
313710,1999,700,5351,4651
313710,2000,695,4767,4072
313710,2001,710,3077,2367
313710,2002,830,4439,3609
313710,2003,975,4150,3175
313710,2004,820,3965,3145
313710,2005,1370,4285,2915
313710,2006,1370,4013,2643
313710,2007,1470,4175,2705
313710,2008,1200,3318,2118
313710,2009,900,3150,2250
313710,2010,900,3229,2329
313710,2011,900,3159,2259
313710,2012,1000,4324,3324
313710,2013,2000,4764,2764
313710,2014,2200,4814,2614
313710,2015,2500,5194,2694
313710,2016,3000,5271,2271
313710,2017,2950,5687,2737
313710,2018,3500,6222,2722
313710,2019,3400,6919,3519
313710,2020,3500,7937,4437
313710,2021,4000,9426,5426
313720,1988,151,9733,9582
313720,1989,700,8564,7864
313720,1990,240,7853,7613
313720,1991,500,7195,6695
313720,1992,600,11223,10623
313720,1993,600,12628,12028
313720,1994,400,11627,11227
313720,1995,360,10421,10061
313720,1996,360,10284,9924
313720,1997,10,7782,7772
313720,1998,340,9764,9424
313720,1999,0,8993,8993
313720,2000,0,9236,9236
313720,2001,0,8344,8344
313720,2002,0,7097,7097
313720,2003,0,8733,8733
313720,2004,190,9804,9614
313720,2005,50,9678,9628
313720,2006,0,11062,11062
313720,2007,0,12007,12007
313720,2008,0,10752,10752
313720,2009,0,12605,12605
313720,2010,0,12605,12605
313720,2011,0,10205,10205
313720,2012,0,10643,10643
313720,2013,0,9407,9407
313720,2014,0,12410,12410
313720,2015,0,8986,8986
313720,2016,0,10587,10587
313720,2017,0,10488,10488
313720,2018,320,9533,9213
313720,2019,466,10410,9944
313720,2020,466,10737,10271
313720,2021,480,9057,8577
313730,1988,0,1704,1704
313730,1989,0,1674,1674
313730,1990,0,1888,1888
313730,1991,0,3062,3062
313730,1992,0,3062,3062
313730,1993,0,3062,3062
313730,1994,0,2622,2622
313730,1995,0,2149,2149
313730,1996,0,1818,1818
313730,1997,0,2262,2262
313730,1998,0,2627,2627
313730,1999,0,2657,2657
313730,2000,0,2657,2657
313730,2001,0,2606,2606
313730,2002,0,1244,1244
313730,2003,0,1112,1112
313730,2004,0,1130,1130
313730,2005,0,1090,1090
313730,2006,0,1105,1105
313730,2007,0,735,735
313730,2008,0,1160,1160
313730,2009,0,1187,1187
313730,2010,0,1109,1109
313730,2011,0,957,957
313730,2012,0,957,957
313730,2013,0,807,807
313730,2014,0,757,757
313730,2015,0,801,801
313730,2016,0,725,725
313730,2017,0,725,725
313730,2018,0,913,913
313730,2019,0,676,676
313730,2020,0,660,660
313730,2021,0,684,684
313740,1988,0,4644,4644
313740,1989,0,4855,4855
313740,1990,0,4543,4543
313740,1991,0,4546,4546
313740,1992,0,4288,4288
313740,1993,0,4407,4407
313740,1994,0,4096,4096
313740,1995,0,4096,4096
313740,1996,4,4433,4429
313740,1997,4,4437,4433
313740,1998,4,4458,4454
313740,1999,4,4513,4509
313740,2000,0,4737,4737
313740,2001,0,6199,6199
313740,2002,0,5425,5425
313740,2003,100,6101,6001
313740,2004,150,6002,5852
313740,2005,120,6445,6325
313740,2006,0,5383,5383
313740,2007,0,5196,5196
313740,2008,0,5801,5801
313740,2009,0,5469,5469
313740,2010,490,6348,5858
313740,2011,350,6918,6568
313740,2012,350,7062,6712
313740,2013,700,7141,6441
313740,2014,500,8536,8036
313740,2015,1400,9254,7854
313740,2016,1400,9941,8541
313740,2017,985,12179,11194
313740,2018,1400,12912,11512
313740,2019,1400,14370,12970
313740,2020,1500,12286,10786
313740,2021,2000,13796,11796
313750,1988,55,22161,22106
313750,1989,140,23303,23163
313750,1990,0,20683,20683
313750,1991,0,18909,18909
313750,1992,0,18448,18448
313750,1993,0,19374,19374
313750,1994,0,20603,20603
313750,1995,0,21244,21244
313750,1996,0,6522,6522
313750,1997,0,7727,7727
313750,1998,0,9550,9550
313750,1999,0,10822,10822
313750,2000,0,7171,7171
313750,2001,0,6431,6431
313750,2002,35,6550,6515
313750,2003,170,6489,6319
313750,2004,220,7650,7430
313750,2005,280,9121,8841
313750,2006,260,11434,11174
313750,2007,184,9956,9772
313750,2008,62,10977,10915
313750,2009,0,11106,11106
313750,2010,120,12280,12160
313750,2011,200,13613,13413
313750,2012,1000,14095,13095
313750,2013,2800,16217,13417
313750,2014,4000,18037,14037
313750,2015,3000,16723,13723
313750,2016,5000,18599,13599
313750,2017,6400,14459,8059
313750,2018,6400,16186,9786
313750,2019,6500,18210,11710
313750,2020,7500,25608,18108
313750,2021,10000,20502,10502
313760,1988,0,1207,1207
313760,1989,0,1283,1283
313760,1990,0,1590,1590
313760,1991,0,1403,1403
313760,1992,0,1413,1413
313760,1993,0,1462,1462
313760,1994,0,1413,1413
313760,1995,0,1369,1369
313760,1996,0,1406,1406
313760,1997,0,1406,1406
313760,1998,0,1143,1143
313760,1999,0,1025,1025
313760,2000,0,602,602
313760,2001,0,577,577
313760,2002,0,525,525
313760,2003,0,575,575
313760,2004,0,575,575
313760,2005,0,197,197
313760,2006,0,118,118
313760,2007,0,94,94
313760,2008,0,94,94
313760,2009,0,80,80
313760,2010,0,74,74
313760,2011,0,74,74
313760,2012,0,103,103
313760,2013,0,148,148
313760,2014,0,181,181
313760,2015,0,130,130
313760,2016,0,170,170
313760,2017,0,109,109
313760,2018,0,75,75
313760,2019,0,70,70
313760,2020,0,73,73
313760,2021,0,83,83
313770,1988,0,11154,11154
313770,1989,0,10467,10467
313770,1990,0,10646,10646
313770,1991,0,11045,11045
313770,1992,0,10363,10363
313770,1993,0,9999,9999
313770,1994,0,9274,9274
313770,1995,0,9443,9443
313770,1996,0,9976,9976
313770,1997,0,9484,9484
313770,1998,0,8464,8464
313770,1999,0,8426,8426
313770,2000,0,8266,8266
313770,2001,0,8268,8268
313770,2002,0,9351,9351
313770,2003,0,9362,9362
313770,2004,0,9204,9204
313770,2005,0,9222,9222
313770,2006,0,10022,10022
313770,2007,0,10006,10006
313770,2008,0,9917,9917
313770,2009,0,9945,9945
313770,2010,0,9945,9945
313770,2011,0,9945,9945
313770,2012,0,10221,10221
313770,2013,0,10321,10321
313770,2014,0,8066,8066
313770,2015,0,9817,9817
313770,2016,0,8398,8398
313770,2017,0,9955,9955
313770,2018,0,9714,9714
313770,2019,0,8855,8855
313770,2020,0,9850,9850
313770,2021,0,8044,8044
313780,1988,0,5147,5147
313780,1989,0,4534,4534
313780,1990,0,4477,4477
313780,1991,0,4776,4776
313780,1992,0,4760,4760
313780,1993,0,5400,5400
313780,1994,0,5408,5408
313780,1995,0,5422,5422
313780,1996,0,3616,3616
313780,1997,0,5547,5547
313780,1998,0,4673,4673
313780,1999,0,7109,7109
313780,2000,0,6323,6323
313780,2001,0,6563,6563
313780,2002,0,7261,7261
313780,2003,0,7544,7544
313780,2004,0,7813,7813
313780,2005,0,8393,8393
313780,2006,0,8405,8405
313780,2007,0,6863,6863
313780,2008,0,7404,7404
313780,2009,0,6794,6794
313780,2010,0,7559,7559
313780,2011,0,7711,7711
313780,2012,0,7541,7541
313780,2013,0,7072,7072
313780,2014,0,6925,6925
313780,2015,0,6801,6801
313780,2016,0,7099,7099
313780,2017,0,4674,4674
313780,2018,0,5016,5016
313780,2019,0,4358,4358
313780,2020,0,4830,4830
313780,2021,0,5102,5102
313790,1988,0,1477,1477
313790,1989,0,1337,1337
313790,1990,0,1327,1327
313790,1991,0,1317,1317
313790,1992,0,1259,1259
313790,1993,0,1155,1155
313790,1994,0,1209,1209
313790,1995,0,1254,1254
313790,1996,0,1262,1262
313790,1997,0,988,988
313790,1998,0,972,972
313790,1999,0,1007,1007
313790,2000,0,987,987
313790,2001,0,987,987
313790,2002,0,1223,1223
313790,2003,0,1131,1131
313790,2004,0,873,873
313790,2005,0,1035,1035
313790,2006,0,885,885
313790,2007,0,869,869
313790,2008,0,863,863
313790,2009,0,848,848
313790,2010,0,847,847
313790,2011,0,843,843
313790,2012,0,828,828
313790,2013,0,830,830
313790,2014,0,830,830
313790,2015,0,594,594
313790,2016,0,454,454
313790,2017,0,532,532
313790,2018,0,529,529
313790,2019,0,523,523
313790,2020,0,565,565
313790,2021,0,535,535
313800,1988,0,1898,1898
313800,1989,0,1437,1437
313800,1990,0,1293,1293
313800,1991,0,1203,1203
313800,1992,0,1203,1203
313800,1993,0,1203,1203
313800,1994,0,1203,1203
313800,1995,0,1204,1204
313800,1996,0,1517,1517
313800,1997,0,1582,1582
313800,1998,0,1583,1583
313800,1999,0,1379,1379
313800,2000,0,889,889
313800,2001,0,1156,1156
313800,2002,0,533,533
313800,2003,0,441,441
313800,2004,0,480,480
313800,2005,0,475,475
313800,2006,0,428,428
313800,2007,0,323,323
313800,2008,0,323,323
313800,2009,0,323,323
313800,2010,0,321,321
313800,2011,0,421,421
313800,2012,0,246,246
313800,2013,0,205,205
313800,2014,0,183,183
313800,2015,0,176,176
313800,2016,0,171,171
313800,2017,0,48,48
313800,2018,0,59,59
313800,2019,0,56,56
313800,2020,0,55,55
313800,2021,0,68,68
313810,1988,0,2537,2537
313810,1989,0,1746,1746
313810,1990,300,6833,6533
313810,1991,0,6390,6390
313810,1992,0,6690,6690
313810,1993,0,7320,7320
313810,1994,0,8151,8151
313810,1995,0,8186,8186
313810,1996,0,8061,8061
313810,1997,0,2611,2611
313810,1998,0,5623,5623
313810,1999,0,1800,1800
313810,2000,0,641,641
313810,2001,0,890,890
313810,2002,120,1674,1554
313810,2003,120,1414,1294
313810,2004,0,1422,1422
313810,2005,0,1132,1132
313810,2006,0,1012,1012
313810,2007,0,1469,1469
313810,2008,0,1373,1373
313810,2009,0,1373,1373
313810,2010,0,1482,1482
313810,2011,0,1388,1388
313810,2012,454,1911,1457
313810,2013,454,1646,1192
313810,2014,454,2021,1567
313810,2015,500,1982,1482
313810,2016,200,1814,1614
313810,2017,150,1972,1822
313810,2018,200,2418,2218
313810,2019,200,3024,2824
313810,2020,500,3366,2866
313810,2021,610,2787,2177
313820,1988,25,9331,9306
313820,1989,28,9938,9910
313820,1990,28,9999,9971
313820,1991,28,10463,10435
313820,1992,28,10410,10382
313820,1993,20,7818,7798
313820,1994,0,7448,7448
313820,1995,0,7191,7191
313820,1996,0,7335,7335
313820,1997,0,7287,7287
313820,1998,0,7637,7637
313820,1999,0,7900,7900
313820,2000,0,8320,8320
313820,2001,0,8317,8317
313820,2002,0,8328,8328
313820,2003,0,8520,8520
313820,2004,400,9351,8951
313820,2005,450,9461,9011
313820,2006,300,9821,9521
313820,2007,300,9821,9521
313820,2008,0,9666,9666
313820,2009,0,9616,9616
313820,2010,0,9688,9688
313820,2011,0,9797,9797
313820,2012,190,9878,9688
313820,2013,420,10017,9597
313820,2014,450,10177,9727
313820,2015,450,10188,9738
313820,2016,500,9926,9426
313820,2017,820,7396,6576
313820,2018,900,9574,8674
313820,2019,1550,10765,9215
313820,2020,1200,11218,10018
313820,2021,840,9917,9077
313830,1988,0,1019,1019
313830,1989,0,1086,1086
313830,1990,0,1009,1009
313830,1991,0,803,803
313830,1992,0,335,335
313830,1993,0,385,385
313830,1994,0,455,455
313830,1995,0,535,535
313830,1996,0,600,600
313830,1997,0,645,645
313830,1998,0,572,572
313830,1999,0,535,535
313830,2000,0,465,465
313830,2001,0,720,720
313830,2002,0,640,640
313830,2003,0,770,770
313830,2004,0,835,835
313830,2005,0,840,840
313830,2006,0,840,840
313830,2007,0,770,770
313830,2008,0,330,330
313830,2009,0,215,215
313830,2010,0,215,215
313830,2011,0,96,96
313830,2012,0,197,197
313830,2013,0,527,527
313830,2014,0,122,122
313830,2015,0,150,150
313830,2016,0,162,162
313830,2017,24,152,128
313830,2018,25,142,117
313830,2019,0,114,114
313830,2020,0,115,115
313830,2021,30,144,114
313840,1988,0,3245,3245
313840,1989,0,2765,2765
313840,1990,0,2226,2226
313840,1991,0,2413,2413
313840,1992,0,2461,2461
313840,1993,0,2467,2467
313840,1994,0,2467,2467
313840,1995,0,2467,2467
313840,1996,0,1806,1806
313840,1997,0,2149,2149
313840,1998,0,2141,2141
313840,1999,0,1924,1924
313840,2000,0,1607,1607
313840,2001,0,2034,2034
313840,2002,0,2209,2209
313840,2003,0,1930,1930
313840,2004,0,2264,2264
313840,2005,0,2234,2234
313840,2006,0,1957,1957
313840,2007,0,2142,2142
313840,2008,0,2182,2182
313840,2009,0,2162,2162
313840,2010,0,1672,1672
313840,2011,0,1982,1982
313840,2012,0,1890,1890
313840,2013,0,968,968
313840,2014,0,670,670
313840,2015,0,483,483
313840,2016,0,510,510
313840,2017,0,398,398
313840,2018,0,492,492
313840,2019,0,391,391
313840,2020,0,435,435
313840,2021,0,376,376
313850,1988,0,2230,2230
313850,1989,0,2262,2262
313850,1990,0,2282,2282
313850,1991,0,2299,2299
313850,1992,0,2273,2273
313850,1993,0,2206,2206
313850,1994,0,2136,2136
313850,1995,0,2109,2109
313850,1996,0,2081,2081
313850,1997,0,2259,2259
313850,1998,0,2248,2248
313850,1999,0,2168,2168
313850,2000,0,2182,2182
313850,2001,0,2175,2175
313850,2002,0,1152,1152
313850,2003,0,1543,1543
313850,2004,0,1713,1713
313850,2005,0,1711,1711
313850,2006,0,969,969
313850,2007,0,969,969
313850,2008,0,969,969
313850,2009,0,660,660
313850,2010,0,660,660
313850,2011,0,660,660
313850,2012,0,648,648
313850,2013,0,648,648
313850,2014,0,640,640
313850,2015,0,584,584
313850,2016,0,593,593
313850,2017,0,226,226
313850,2018,0,232,232
313850,2019,0,232,232
313850,2020,0,200,200
313850,2021,0,183,183
313860,1988,0,3203,3203
313860,1989,0,3968,3968
313860,1990,0,3040,3040
313860,1991,0,3831,3831
313860,1992,0,3119,3119
313860,1993,0,2891,2891
313860,1994,0,3191,3191
313860,1995,0,3010,3010
313860,1996,0,3184,3184
313860,1997,0,3260,3260
313860,1998,0,2911,2911
313860,1999,0,2776,2776
313860,2000,0,2370,2370
313860,2001,0,2305,2305
313860,2002,0,2337,2337
313860,2003,0,2332,2332
313860,2004,0,2333,2333
313860,2005,0,2433,2433
313860,2006,0,1363,1363
313860,2007,0,1073,1073
313860,2008,0,893,893
313860,2009,0,1350,1350
313860,2010,0,1350,1350
313860,2011,0,1345,1345
313860,2012,0,1566,1566
313860,2013,0,1517,1517
313860,2014,0,1526,1526
313860,2015,0,1909,1909
313860,2016,0,1318,1318
313860,2017,0,182,182
313860,2018,0,290,290
313860,2019,0,437,437
313860,2020,0,488,488
313860,2021,0,402,402
313870,1988,0,9021,9021
313870,1989,0,4071,4071
313870,1990,0,4001,4001
313870,1991,0,4079,4079
313870,1992,0,4417,4417
313870,1993,0,4493,4493
313870,1994,0,4390,4390
313870,1995,0,4562,4562
313870,1996,0,4159,4159
313870,1997,0,4053,4053
313870,1998,0,3621,3621
313870,1999,80,3786,3706
313870,2000,0,3501,3501
313870,2001,0,3851,3851
313870,2002,0,3857,3857
313870,2003,0,4432,4432
313870,2004,35,4373,4338
313870,2005,0,4238,4238
313870,2006,0,4217,4217
313870,2007,0,3861,3861
313870,2008,0,3879,3879
313870,2009,150,3756,3606
313870,2010,50,3488,3438
313870,2011,470,4318,3848
313870,2012,400,3875,3475
313870,2013,300,3551,3251
313870,2014,450,3974,3524
313870,2015,450,3885,3435
313870,2016,450,3827,3377
313870,2017,2300,8882,6582
313870,2018,2500,9585,7085
313870,2019,2500,9536,7036
313870,2020,2500,8562,6062
313870,2021,3000,10503,7503
313880,1988,0,12110,12110
313880,1989,0,10411,10411
313880,1990,0,8897,8897
313880,1991,0,7282,7282
313880,1992,0,7791,7791
313880,1993,0,7711,7711
313880,1994,0,8185,8185
313880,1995,0,8440,8440
313880,1996,0,8353,8353
313880,1997,0,7410,7410
313880,1998,0,9170,9170
313880,1999,330,7345,7015
313880,2000,400,7697,7297
313880,2001,180,5349,5169
313880,2002,350,5590,5240
313880,2003,360,6055,5695
313880,2004,2500,10536,8036
313880,2005,1500,9172,7672
313880,2006,1200,9212,8012
313880,2007,1200,7742,6542
313880,2008,0,9068,9068
313880,2009,0,11403,11403
313880,2010,0,11703,11703
313880,2011,700,12149,11449
313880,2012,300,10577,10277
313880,2013,300,12441,12141
313880,2014,300,14191,13891
313880,2015,300,12694,12394
313880,2016,600,11893,11293
313880,2017,1460,19270,17810
313880,2018,1500,19537,18037
313880,2019,1500,19096,17596
313880,2020,1500,19296,17796
313880,2021,4500,23331,18831
313890,1988,0,611,611
313890,1989,0,515,515
313890,1990,0,545,545
313890,1991,0,541,541
313890,1992,0,541,541
313890,1993,0,541,541
313890,1994,0,541,541
313890,1995,0,411,411
313890,1996,0,388,388
313890,1997,0,388,388
313890,1998,0,381,381
313890,1999,0,372,372
313890,2000,0,346,346
313890,2001,0,345,345
313890,2002,0,300,300
313890,2003,0,291,291
313890,2004,0,138,138
313890,2005,0,118,118
313890,2006,0,134,134
313890,2007,0,234,234
313890,2008,0,255,255
313890,2009,0,253,253
313890,2010,0,198,198
313890,2011,0,233,233
313890,2012,0,225,225
313890,2013,0,188,188
313890,2014,0,145,145
313890,2015,0,145,145
313890,2016,0,103,103
313890,2017,0,80,80
313890,2018,0,83,83
313890,2019,0,155,155
313890,2020,0,130,130
313890,2021,0,70,70
313900,1988,36,19574,19538
313900,1989,80,27342,27262
313900,1990,0,24954,24954
313900,1991,0,23161,23161
313900,1992,0,22773,22773
313900,1993,0,18287,18287
313900,1994,0,19871,19871
313900,1995,0,17149,17149
313900,1996,120,15923,15803
313900,1997,0,17212,17212
313900,1998,0,20030,20030
313900,1999,0,20553,20553
313900,2000,10,21165,21155
313900,2001,0,22245,22245
313900,2002,70,24933,24863
313900,2003,0,25468,25468
313900,2004,50,26214,26164
313900,2005,50,22319,22269
313900,2006,0,22058,22058
313900,2007,0,21356,21356
313900,2008,0,22441,22441
313900,2009,0,18040,18040
313900,2010,0,19137,19137
313900,2011,0,17662,17662
313900,2012,0,19977,19977
313900,2013,300,19860,19560
313900,2014,800,21469,20669
313900,2015,1500,20530,19030
313900,2016,3000,23636,20636
313900,2017,3550,28908,25358
313900,2018,3000,28447,25447
313900,2019,4000,24723,20723
313900,2020,3550,24215,20665
313900,2021,5000,22776,17776
313910,1988,0,1475,1475
313910,1989,0,1706,1706
313910,1990,0,1625,1625
313910,1991,0,1535,1535
313910,1992,0,1498,1498
313910,1993,0,1498,1498
313910,1994,0,1507,1507
313910,1995,0,1474,1474
313910,1996,0,1427,1427
313910,1997,35,1811,1776
313910,1998,0,1618,1618
313910,1999,0,1613,1613
313910,2000,0,1616,1616
313910,2001,0,1968,1968
313910,2002,120,3470,3350
313910,2003,30,6919,6889
313910,2004,500,8943,8443
313910,2005,1000,10100,9100
313910,2006,800,7952,7152
313910,2007,0,7297,7297
313910,2008,300,9727,9427
313910,2009,300,12807,12507
313910,2010,1000,13698,12698
313910,2011,1500,11828,10328
313910,2012,2000,15649,13649
313910,2013,3000,19695,16695
313910,2014,4000,22495,18495
313910,2015,5200,23125,17925
313910,2016,7000,24201,17201
313910,2017,4800,19883,15083
313910,2018,5000,20485,15485
313910,2019,8000,25210,17210
313910,2020,9000,32210,23210
313910,2021,10000,30763,20763
313920,1988,0,12586,12586
313920,1989,0,12094,12094
313920,1990,0,12864,12864
313920,1991,0,13106,13106
313920,1992,0,13297,13297
313920,1993,0,11244,11244
313920,1994,0,9669,9669
313920,1995,0,8073,8073
313920,1996,0,11457,11457
313920,1997,0,10970,10970
313920,1998,0,10970,10970
313920,1999,0,10875,10875
313920,2000,0,7874,7874
313920,2001,0,7874,7874
313920,2002,0,7875,7875
313920,2003,0,9148,9148
313920,2004,0,8664,8664
313920,2005,0,8881,8881
313920,2006,0,9451,9451
313920,2007,0,9651,9651
313920,2008,0,8081,8081
313920,2009,0,8081,8081
313920,2010,0,8386,8386
313920,2011,0,7851,7851
313920,2012,0,6766,6766
313920,2013,0,7267,7267
313920,2014,0,6787,6787
313920,2015,0,6427,6427
313920,2016,0,4893,4893
313920,2017,0,3827,3827
313920,2018,0,4073,4073
313920,2019,0,3957,3957
313920,2020,0,4029,4029
313920,2021,0,4098,4098
313940,1988,0,33945,33945
313940,1989,0,36813,36813
313940,1990,0,37614,37614
313940,1991,0,37286,37286
313940,1992,0,37675,37675
313940,1993,0,35877,35877
313940,1994,0,32966,32966
313940,1995,0,30839,30839
313940,1996,0,33216,33216
313940,1997,0,30209,30209
313940,1998,0,26543,26543
313940,1999,0,26528,26528
313940,2000,0,30900,30900
313940,2001,0,31646,31646
313940,2002,0,37275,37275
313940,2003,0,37359,37359
313940,2004,0,36971,36971
313940,2005,0,38070,38070
313940,2006,0,37706,37706
313940,2007,0,39784,39784
313940,2008,0,39902,39902
313940,2009,0,38491,38491
313940,2010,0,38482,38482
313940,2011,0,38454,38454
313940,2012,0,37569,37569
313940,2013,0,38931,38931
313940,2014,0,37122,37122
313940,2015,0,37088,37088
313940,2016,0,33958,33958
313940,2017,0,35548,35548
313940,2018,0,35266,35266
313940,2019,0,39608,39608
313940,2020,0,41133,41133
313940,2021,0,41176,41176
313950,1988,0,13968,13968
313950,1989,0,14124,14124
313950,1990,0,14287,14287
313950,1991,0,13773,13773
313950,1992,0,13972,13972
313950,1993,0,18142,18142
313950,1994,0,18536,18536
313950,1995,0,18441,18441
313950,1996,0,16493,16493
313950,1997,0,16889,16889
313950,1998,0,13639,13639
313950,1999,0,13639,13639
313950,2000,0,17715,17715
313950,2001,0,17709,17709
313950,2002,0,17774,17774
313950,2003,0,15924,15924
313950,2004,0,17031,17031
313950,2005,0,16876,16876
313950,2006,0,17144,17144
313950,2007,0,17233,17233
313950,2008,0,17284,17284
313950,2009,0,16215,16215
313950,2010,0,16617,16617
313950,2011,0,16647,16647
313950,2012,0,16577,16577
313950,2013,0,16565,16565
313950,2014,0,15135,15135
313950,2015,0,14653,14653
313950,2016,0,13970,13970
313950,2017,0,15313,15313
313950,2018,0,15596,15596
313950,2019,0,15749,15749
313950,2020,0,14896,14896
313950,2021,0,12550,12550
313960,1988,0,35519,35519
313960,1989,0,33899,33899
313960,1990,0,38499,38499
313960,1991,0,39837,39837
313960,1992,0,31818,31818
313960,1993,0,26303,26303
313960,1994,0,25774,25774
313960,1995,0,19207,19207
313960,1996,0,23083,23083
313960,1997,0,22656,22656
313960,1998,0,20074,20074
313960,1999,0,21638,21638
313960,2000,0,21500,21500
313960,2001,0,21484,21484
313960,2002,0,19515,19515
313960,2003,0,19374,19374
313960,2004,0,18979,18979
313960,2005,0,19072,19072
313960,2006,0,15851,15851
313960,2007,0,18006,18006
313960,2008,0,17663,17663
313960,2009,0,16568,16568
313960,2010,0,16318,16318
313960,2011,0,14847,14847
313960,2012,0,15241,15241
313960,2013,0,11074,11074
313960,2014,0,10855,10855
313960,2015,0,12146,12146
313960,2016,0,9494,9494
313960,2017,0,3167,3167
313960,2018,0,4197,4197
313960,2019,0,5144,5144
313960,2020,0,8824,8824
313960,2021,0,8982,8982
313970,1988,0,936,936
313970,1989,0,836,836
313970,1990,0,571,571
313970,1991,1,1415,1414
313970,1992,0,799,799
313970,1993,0,892,892
313970,1994,0,1326,1326
313970,1995,0,980,980
313970,1996,0,1047,1047
313970,1997,0,1047,1047
313970,1998,0,726,726
313970,1999,0,1391,1391
313970,2000,0,1095,1095
313970,2001,0,428,428
313970,2002,0,822,822
313970,2003,0,769,769
313970,2004,0,887,887
313970,2005,0,985,985
313970,2006,0,1131,1131
313970,2007,0,1130,1130
313970,2008,0,1129,1129
313970,2009,0,754,754
313970,2010,0,854,854
313970,2011,0,749,749
313970,2012,0,768,768
313970,2013,0,638,638
313970,2014,0,666,666
313970,2015,0,689,689
313970,2016,0,632,632
313970,2017,0,178,178
313970,2018,0,177,177
313970,2019,0,214,214
313970,2020,0,224,224
313970,2021,0,246,246
313980,1988,0,2254,2254
313980,1989,0,2173,2173
313980,1990,0,1723,1723
313980,1991,0,1701,1701
313980,1992,0,1828,1828
313980,1993,0,2464,2464
313980,1994,0,2344,2344
313980,1995,0,2089,2089
313980,1996,0,2050,2050
313980,1997,0,1312,1312
313980,1998,0,834,834
313980,1999,0,694,694
313980,2000,0,669,669
313980,2001,0,491,491
313980,2002,0,471,471
313980,2003,0,386,386
313980,2004,0,444,444
313980,2005,0,449,449
313980,2006,0,426,426
313980,2007,0,495,495
313980,2008,0,470,470
313980,2009,0,460,460
313980,2010,0,438,438
313980,2011,0,698,698
313980,2012,0,492,492
313980,2013,0,482,482
313980,2014,0,468,468
313980,2015,0,421,421
313980,2016,0,720,720
313980,2017,0,323,323
313980,2018,0,363,363
313980,2019,0,354,354
313980,2020,0,368,368
313980,2021,0,341,341
313990,1988,0,3320,3320
313990,1989,0,3402,3402
313990,1990,0,2901,2901
313990,1991,0,2497,2497
313990,1992,0,2658,2658
313990,1993,0,2479,2479
313990,1994,0,2303,2303
313990,1995,0,2201,2201
313990,1996,1,2257,2256
313990,1997,0,2076,2076
313990,1998,0,2161,2161
313990,1999,0,2056,2056
313990,2000,0,2006,2006
313990,2001,0,2006,2006
313990,2002,0,1855,1855
313990,2003,0,1885,1885
313990,2004,0,1885,1885
313990,2005,0,1884,1884
313990,2006,0,2107,2107
313990,2007,0,2127,2127
313990,2008,0,2197,2197
313990,2009,0,2257,2257
313990,2010,0,2280,2280
313990,2011,0,2280,2280
313990,2012,0,2021,2021
313990,2013,0,2431,2431
313990,2014,0,2353,2353
313990,2015,0,2341,2341
313990,2016,0,2041,2041
313990,2017,0,983,983
313990,2018,0,1015,1015
313990,2019,0,1014,1014
313990,2020,0,1017,1017
313990,2021,0,941,941
314000,1988,0,2919,2919
314000,1989,0,2873,2873
314000,1990,0,2839,2839
314000,1991,0,2879,2879
314000,1992,0,2879,2879
314000,1993,0,2826,2826
314000,1994,0,2939,2939
314000,1995,0,3007,3007
314000,1996,0,2064,2064
314000,1997,0,2086,2086
314000,1998,0,1824,1824
314000,1999,0,1789,1789
314000,2000,0,1789,1789
314000,2001,0,1789,1789
314000,2002,0,2889,2889
314000,2003,0,3123,3123
314000,2004,0,3123,3123
314000,2005,0,3123,3123
314000,2006,0,3128,3128
314000,2007,0,2978,2978
314000,2008,0,2891,2891
314000,2009,0,2886,2886
314000,2010,0,2886,2886
314000,2011,0,2870,2870
314000,2012,0,2470,2470
314000,2013,0,2420,2420
314000,2014,0,2327,2327
314000,2015,0,2286,2286
314000,2016,0,2473,2473
314000,2017,0,169,169
314000,2018,0,235,235
314000,2019,0,268,268
314000,2020,0,293,293
314000,2021,0,312,312
314010,1988,0,2725,2725
314010,1989,0,1796,1796
314010,1990,0,1834,1834
314010,1991,0,1911,1911
314010,1992,0,1595,1595
314010,1993,0,1506,1506
314010,1994,0,1605,1605
314010,1995,0,1520,1520
314010,1996,0,791,791
314010,1997,0,1394,1394
314010,1998,0,1437,1437
314010,1999,0,1060,1060
314010,2000,0,1060,1060
314010,2001,0,1060,1060
314010,2002,0,1089,1089
314010,2003,0,650,650
314010,2004,0,713,713
314010,2005,0,648,648
314010,2006,0,540,540
314010,2007,0,476,476
314010,2008,0,326,326
314010,2009,0,304,304
314010,2010,0,305,305
314010,2011,0,306,306
314010,2012,0,277,277
314010,2013,0,357,357
314010,2014,0,349,349
314010,2015,0,236,236
314010,2016,0,244,244
314010,2017,0,544,544
314010,2018,0,655,655
314010,2019,0,590,590
314010,2020,0,572,572
314010,2021,0,572,572
314020,1988,0,716,716
314020,1989,0,774,774
314020,1990,0,680,680
314020,1991,0,772,772
314020,1992,0,940,940
314020,1993,0,1029,1029
314020,1994,0,1003,1003
314020,1995,0,881,881
314020,1996,0,857,857
314020,1997,0,853,853
314020,1998,0,666,666
314020,1999,0,614,614
314020,2000,0,577,577
314020,2001,0,362,362
314020,2002,0,247,247
314020,2003,0,257,257
314020,2004,0,257,257
314020,2005,0,197,197
314020,2006,0,202,202
314020,2007,0,190,190
314020,2008,0,170,170
314020,2009,0,162,162
314020,2010,0,157,157
314020,2011,0,160,160
314020,2012,0,147,147
314020,2013,0,149,149
314020,2014,0,136,136
314020,2015,0,103,103
314020,2016,0,76,76
314020,2017,0,83,83
314020,2018,0,47,47
314020,2019,0,47,47
314020,2020,0,50,50
314020,2021,0,49,49
314030,1988,0,1004,1004
314030,1989,0,1015,1015
314030,1990,0,1035,1035
314030,1991,0,1035,1035
314030,1992,0,968,968
314030,1993,0,914,914
314030,1994,0,762,762
314030,1995,0,726,726
314030,1996,0,365,365
314030,1997,0,365,365
314030,1998,0,392,392
314030,1999,0,392,392
314030,2000,0,386,386
314030,2001,0,363,363
314030,2002,0,401,401
314030,2003,0,457,457
314030,2004,0,457,457
314030,2005,0,287,287
314030,2006,0,306,306
314030,2007,0,246,246
314030,2008,0,359,359
314030,2009,0,364,364
314030,2010,0,319,319
314030,2011,0,469,469
314030,2012,0,573,573
314030,2013,0,569,569
314030,2014,0,523,523
314030,2015,0,429,429
314030,2016,0,659,659
314030,2017,0,91,91
314030,2018,0,113,113
314030,2019,0,121,121
314030,2020,0,127,127
314030,2021,0,94,94
314040,1988,0,1297,1297
314040,1989,0,1298,1298
314040,1990,0,735,735
314040,1991,0,888,888
314040,1992,0,969,969
314040,1993,0,1134,1134
314040,1994,0,1008,1008
314040,1995,0,1078,1078
314040,1996,0,1116,1116
314040,1997,0,983,983
314040,1998,0,1012,1012
314040,1999,0,1088,1088
314040,2000,0,1037,1037
314040,2001,0,557,557
314040,2002,0,432,432
314040,2003,0,391,391
314040,2004,0,381,381
314040,2005,0,331,331
314040,2006,0,311,311
314040,2007,0,259,259
314040,2008,0,254,254
314040,2009,0,254,254
314040,2010,0,252,252
314040,2011,0,159,159
314040,2012,0,134,134
314040,2013,0,140,140
314040,2014,0,140,140
314040,2015,0,121,121
314040,2016,0,99,99
314040,2017,0,65,65
314040,2018,0,101,101
314040,2019,0,118,118
314040,2020,0,119,119
314040,2021,0,113,113
314050,1988,0,3467,3467
314050,1989,0,2302,2302
314050,1990,0,2530,2530
314050,1991,0,2858,2858
314050,1992,0,2569,2569
314050,1993,65,3571,3506
314050,1994,0,3592,3592
314050,1995,0,3316,3316
314050,1996,15,3540,3525
314050,1997,16,3517,3501
314050,1998,240,2884,2644
314050,1999,15,2803,2788
314050,2000,0,3654,3654
314050,2001,0,498,498
314050,2002,0,591,591
314050,2003,0,566,566
314050,2004,0,3316,3316
314050,2005,660,4257,3597
314050,2006,500,3297,2797
314050,2007,500,3101,2601
314050,2008,500,3056,2556
314050,2009,550,3204,2654
314050,2010,550,3204,2654
314050,2011,500,3251,2751
314050,2012,500,1056,556
314050,2013,0,1783,1783
314050,2014,550,2356,1806
314050,2015,370,2157,1787
314050,2016,389,952,563
314050,2017,2270,3530,1260
314050,2018,2300,4003,1703
314050,2019,2300,4038,1738
314050,2020,2300,4135,1835
314050,2021,2500,3532,1032
314060,1988,0,1373,1373
314060,1989,0,1373,1373
314060,1990,0,1373,1373
314060,1991,0,1411,1411
314060,1992,0,971,971
314060,1993,0,777,777
314060,1994,0,660,660
314060,1995,0,670,670
314060,1996,0,2749,2749
314060,1997,0,651,651
314060,1998,0,1203,1203
314060,1999,0,1093,1093
314060,2000,0,886,886
314060,2001,0,606,606
314060,2002,0,670,670
314060,2003,0,713,713
314060,2004,0,723,723
314060,2005,0,736,736
314060,2006,0,743,743
314060,2007,0,743,743
314060,2008,0,733,733
314060,2009,0,503,503
314060,2010,0,503,503
314060,2011,0,503,503
314060,2012,0,506,506
314060,2013,0,495,495
314060,2014,0,455,455
314060,2015,0,345,345
314060,2016,0,275,275
314060,2017,0,487,487
314060,2018,0,450,450
314060,2019,0,436,436
314060,2020,0,438,438
314060,2021,0,434,434
314070,1988,0,2300,2300
314070,1989,0,2305,2305
314070,1990,0,2277,2277
314070,1991,0,2113,2113
314070,1992,0,2000,2000
314070,1993,0,2372,2372
314070,1994,0,2459,2459
314070,1995,0,2530,2530
314070,1996,0,1688,1688
314070,1997,0,2338,2338
314070,1998,0,2348,2348
314070,1999,0,1818,1818
314070,2000,0,2120,2120
314070,2001,0,1675,1675
314070,2002,0,1043,1043
314070,2003,0,958,958
314070,2004,0,1298,1298
314070,2005,0,1103,1103
314070,2006,0,1081,1081
314070,2007,0,973,973
314070,2008,0,1042,1042
314070,2009,0,842,842
314070,2010,0,850,850
314070,2011,0,819,819
314070,2012,0,699,699
314070,2013,0,803,803
314070,2014,0,857,857
314070,2015,0,740,740
314070,2016,0,681,681
314070,2017,0,597,597
314070,2018,0,616,616
314070,2019,0,634,634
314070,2020,0,664,664
314070,2021,0,621,621
314080,1988,0,810,810
314080,1989,0,790,790
314080,1990,0,747,747
314080,1991,0,780,780
314080,1992,0,772,772
314080,1993,0,689,689
314080,1994,0,808,808
314080,1995,0,800,800
314080,1996,0,491,491
314080,1997,0,551,551
314080,1998,0,483,483
314080,1999,0,538,538
314080,2000,0,550,550
314080,2001,0,437,437
314080,2002,0,381,381
314080,2003,0,364,364
314080,2004,0,300,300
314080,2005,0,360,360
314080,2006,0,322,322
314080,2007,0,148,148
314080,2008,0,134,134
314080,2009,0,83,83
314080,2010,0,81,81
314080,2011,0,69,69
314080,2012,0,80,80
314080,2013,0,60,60
314080,2014,0,75,75
314080,2015,0,35,35
314080,2016,0,33,33
314080,2017,0,33,33
314080,2018,0,42,42
314080,2019,0,65,65
314080,2020,0,47,47
314080,2021,0,49,49
314090,1988,0,9877,9877
314090,1989,0,10712,10712
314090,1990,0,9937,9937
314090,1991,0,9921,9921
314090,1992,0,9361,9361
314090,1993,0,9073,9073
314090,1994,0,7600,7600
314090,1995,0,7545,7545
314090,1996,0,6353,6353
314090,1997,0,6707,6707
314090,1998,0,5575,5575
314090,1999,0,5574,5574
314090,2000,0,5502,5502
314090,2001,0,5487,5487
314090,2002,0,6626,6626
314090,2003,0,6475,6475
314090,2004,0,6595,6595
314090,2005,0,8888,8888
314090,2006,0,8884,8884
314090,2007,0,8186,8186
314090,2008,0,8176,8176
314090,2009,0,8106,8106
314090,2010,0,8106,8106
314090,2011,0,8106,8106
314090,2012,0,8106,8106
314090,2013,0,8105,8105
314090,2014,0,8046,8046
314090,2015,0,7787,7787
314090,2016,0,8135,8135
314090,2017,0,5219,5219
314090,2018,0,5593,5593
314090,2019,0,5690,5690
314090,2020,0,5689,5689
314090,2021,0,5268,5268
314100,1988,0,21694,21694
314100,1989,0,17711,17711
314100,1990,0,17165,17165
314100,1991,0,15479,15479
314100,1992,0,11621,11621
314100,1993,0,10572,10572
314100,1994,0,9763,9763
314100,1995,0,6643,6643
314100,1996,0,6536,6536
314100,1997,0,7687,7687
314100,1998,0,6348,6348
314100,1999,0,5305,5305
314100,2000,0,8149,8149
314100,2001,0,6051,6051
314100,2002,0,3985,3985
314100,2003,0,3485,3485
314100,2004,0,5608,5608
314100,2005,0,5082,5082
314100,2006,0,6214,6214
314100,2007,0,4260,4260
314100,2008,0,4591,4591
314100,2009,0,5112,5112
314100,2010,0,5343,5343
314100,2011,0,6480,6480
314100,2012,0,6078,6078
314100,2013,0,6444,6444
314100,2014,0,5282,5282
314100,2015,0,4347,4347
314100,2016,0,4235,4235
314100,2017,0,1299,1299
314100,2018,0,1961,1961
314100,2019,0,2310,2310
314100,2020,0,1787,1787
314100,2021,0,1489,1489
314110,1988,0,1692,1692
314110,1989,0,1519,1519
314110,1990,0,1665,1665
314110,1991,0,3409,3409
314110,1992,0,3360,3360
314110,1993,0,3067,3067
314110,1994,0,3061,3061
314110,1995,0,3136,3136
314110,1996,0,3136,3136
314110,1997,0,3136,3136
314110,1998,0,2670,2670
314110,1999,0,2238,2238
314110,2000,0,1416,1416
314110,2001,0,213,213
314110,2002,0,178,178
314110,2003,0,213,213
314110,2004,350,1497,1147
314110,2005,200,1750,1550
314110,2006,250,1480,1230
314110,2007,250,1585,1335
314110,2008,250,1585,1335
314110,2009,250,764,514
314110,2010,250,762,512
314110,2011,250,821,571
314110,2012,250,1610,1360
314110,2013,250,1588,1338
314110,2014,250,1570,1320
314110,2015,260,1568,1308
314110,2016,250,1318,1068
314110,2017,250,393,143
314110,2018,250,417,167
314110,2019,250,427,177
314110,2020,250,428,178
314110,2021,500,635,135
314120,1988,100,5682,5582
314120,1989,100,5777,5677
314120,1990,100,5267,5167
314120,1991,80,6001,5921
314120,1992,80,6482,6402
314120,1993,68,2459,2391
314120,1994,0,2511,2511
314120,1995,100,3930,3830
314120,1996,100,3875,3775
314120,1997,100,3920,3820
314120,1998,120,3780,3660
314120,1999,120,4310,4190
314120,2000,50,3053,3003
314120,2001,50,3188,3138
314120,2002,0,2956,2956
314120,2003,0,2962,2962
314120,2004,0,2958,2958
314120,2005,0,3063,3063
314120,2006,0,2030,2030
314120,2007,100,1195,1095
314120,2008,100,1155,1055
314120,2009,120,1220,1100
314120,2010,120,1260,1140
314120,2011,120,1320,1200
314120,2012,150,1325,1175
314120,2013,150,1291,1141
314120,2014,150,1298,1148
314120,2015,180,1321,1141
314120,2016,200,1061,861
314120,2017,0,231,231
314120,2018,0,257,257
314120,2019,0,381,381
314120,2020,0,336,336
314120,2021,0,334,334
314130,1988,250,3212,2962
314130,1989,0,2462,2462
314130,1990,50,2672,2622
314130,1991,150,3102,2952
314130,1992,100,3384,3284
314130,1993,100,3537,3437
314130,1994,100,3370,3270
314130,1995,100,3659,3559
314130,1996,100,3980,3880
314130,1997,10,3000,2990
314130,1998,40,3235,3195
314130,1999,0,3380,3380
314130,2000,0,3630,3630
314130,2001,15,3822,3807
314130,2002,0,3990,3990
314130,2003,0,3630,3630
314130,2004,200,4090,3890
314130,2005,250,4600,4350
314130,2006,250,3775,3525
314130,2007,100,4328,4228
314130,2008,150,4405,4255
314130,2009,200,4976,4776
314130,2010,400,6093,5693
314130,2011,400,6048,5648
314130,2012,950,9027,8077
314130,2013,1050,14674,13624
314130,2014,1050,13790,12740
314130,2015,1050,13743,12693
314130,2016,1950,13414,11464
314130,2017,5470,16665,11195
314130,2018,5700,17704,12004
314130,2019,5900,17978,12078
314130,2020,6000,17929,11929
314130,2021,6200,16992,10792
314140,1988,0,3593,3593
314140,1989,0,3563,3563
314140,1990,0,3566,3566
314140,1991,0,3549,3549
314140,1992,0,3549,3549
314140,1993,0,3549,3549
314140,1994,0,3547,3547
314140,1995,0,3554,3554
314140,1996,0,3009,3009
314140,1997,0,3720,3720
314140,1998,0,3406,3406
314140,1999,0,3371,3371
314140,2000,0,3398,3398
314140,2001,0,3354,3354
314140,2002,0,3200,3200
314140,2003,0,3185,3185
314140,2004,0,2513,2513
314140,2005,0,2624,2624
314140,2006,0,1972,1972
314140,2007,0,1854,1854
314140,2008,0,1854,1854
314140,2009,0,1817,1817
314140,2010,0,1817,1817
314140,2011,0,1867,1867
314140,2012,0,2036,2036
314140,2013,0,2381,2381
314140,2014,0,2278,2278
314140,2015,0,2103,2103
314140,2016,0,861,861
314140,2017,0,1052,1052
314140,2018,0,1176,1176
314140,2019,0,1283,1283
314140,2020,0,1025,1025
314140,2021,0,1275,1275
314150,1988,0,12172,12172
314150,1989,0,10381,10381
314150,1990,0,11837,11837
314150,1991,0,12651,12651
314150,1992,0,10474,10474
314150,1993,0,7914,7914
314150,1994,0,7757,7757
314150,1995,0,5781,5781
314150,1996,0,3772,3772
314150,1997,0,3228,3228
314150,1998,0,2290,2290
314150,1999,0,2692,2692
314150,2000,0,3009,3009
314150,2001,0,2304,2304
314150,2002,0,2367,2367
314150,2003,0,2162,2162
314150,2004,0,1656,1656
314150,2005,0,1697,1697
314150,2006,0,1586,1586
314150,2007,0,1455,1455
314150,2008,0,1840,1840
314150,2009,0,1630,1630
314150,2010,0,1966,1966
314150,2011,0,1696,1696
314150,2012,0,1780,1780
314150,2013,0,1484,1484
314150,2014,0,1518,1518
314150,2015,0,672,672
314150,2016,0,570,570
314150,2017,0,297,297
314150,2018,0,308,308
314150,2019,0,253,253
314150,2020,0,255,255
314150,2021,0,281,281
314160,1988,0,6445,6445
314160,1989,0,6629,6629
314160,1990,0,6558,6558
314160,1991,0,6566,6566
314160,1992,0,6059,6059
314160,1993,0,4826,4826
314160,1994,0,5051,5051
314160,1995,0,4316,4316
314160,1996,0,4226,4226
314160,1997,0,2911,2911
314160,1998,0,2432,2432
314160,1999,0,2252,2252
314160,2000,0,2022,2022
314160,2001,0,1722,1722
314160,2002,0,2045,2045
314160,2003,0,1720,1720
314160,2004,0,1750,1750
314160,2005,0,1443,1443
314160,2006,0,1464,1464
314160,2007,0,1464,1464
314160,2008,0,1351,1351
314160,2009,0,1155,1155
314160,2010,0,1155,1155
314160,2011,0,1155,1155
314160,2012,0,1032,1032
314160,2013,0,1089,1089
314160,2014,0,1272,1272
314160,2015,0,1264,1264
314160,2016,0,451,451
314160,2017,0,358,358
314160,2018,0,395,395
314160,2019,0,441,441
314160,2020,0,393,393
314160,2021,0,372,372
314170,1988,0,9067,9067
314170,1989,0,9067,9067
314170,1990,0,9067,9067
314170,1991,0,9067,9067
314170,1992,0,9067,9067
314170,1993,0,9067,9067
314170,1994,0,9067,9067
314170,1995,0,9067,9067
314170,1996,0,5722,5722
314170,1997,0,5721,5721
314170,1998,0,5197,5197
314170,1999,0,5197,5197
314170,2000,0,5193,5193
314170,2001,0,5219,5219
314170,2002,0,1501,1501
314170,2003,0,1957,1957
314170,2004,0,1837,1837
314170,2005,0,792,792
314170,2006,0,1061,1061
314170,2007,0,843,843
314170,2008,0,446,446
314170,2009,0,509,509
314170,2010,0,505,505
314170,2011,0,517,517
314170,2012,0,978,978
314170,2013,0,911,911
314170,2014,0,884,884
314170,2015,0,874,874
314170,2016,0,904,904
314170,2017,0,242,242
314170,2018,0,268,268
314170,2019,0,311,311
314170,2020,0,308,308
314170,2021,0,327,327
314180,1988,0,9995,9995
314180,1989,0,10207,10207
314180,1990,0,9951,9951
314180,1991,0,7375,7375
314180,1992,0,7360,7360
314180,1993,0,6682,6682
314180,1994,0,7254,7254
314180,1995,0,6968,6968
314180,1996,0,10332,10332
314180,1997,0,4700,4700
314180,1998,0,5871,5871
314180,1999,0,5662,5662
314180,2000,0,6411,6411
314180,2001,0,5021,5021
314180,2002,0,4443,4443
314180,2003,0,4437,4437
314180,2004,0,3893,3893
314180,2005,0,3515,3515
314180,2006,0,3331,3331
314180,2007,0,2975,2975
314180,2008,0,3351,3351
314180,2009,0,3318,3318
314180,2010,0,2978,2978
314180,2011,0,3595,3595
314180,2012,0,3417,3417
314180,2013,0,2579,2579
314180,2014,0,2509,2509
314180,2015,0,2850,2850
314180,2016,0,2763,2763
314180,2017,0,3385,3385
314180,2018,0,2913,2913
314180,2019,0,2964,2964
314180,2020,0,2946,2946
314180,2021,0,3215,3215
314190,1988,0,1555,1555
314190,1989,0,1689,1689
314190,1990,0,1743,1743
314190,1991,0,1873,1873
314190,1992,0,1654,1654
314190,1993,0,1639,1639
314190,1994,0,1668,1668
314190,1995,0,1664,1664
314190,1996,0,1659,1659
314190,1997,0,1659,1659
314190,1998,0,1659,1659
314190,1999,0,1693,1693
314190,2000,0,1090,1090
314190,2001,0,1052,1052
314190,2002,0,1395,1395
314190,2003,0,1480,1480
314190,2004,0,1680,1680
314190,2005,0,1680,1680
314190,2006,300,2396,2096
314190,2007,300,2246,1946
314190,2008,300,2246,1946
314190,2009,300,4296,3996
314190,2010,300,4296,3996
314190,2011,300,4296,3996
314190,2012,300,4446,4146
314190,2013,300,4830,4530
314190,2014,300,4825,4525
314190,2015,320,5245,4925
314190,2016,2000,6380,4380
314190,2017,820,3323,2503
314190,2018,2000,4950,2950
314190,2019,2000,8600,6600
314190,2020,2500,10125,7625
314190,2021,2750,10746,7996
314200,1988,0,7596,7596
314200,1989,0,1985,1985
314200,1990,0,5284,5284
314200,1991,0,4185,4185
314200,1992,0,5964,5964
314200,1993,0,5930,5930
314200,1994,0,5191,5191
314200,1995,0,5549,5549
314200,1996,0,5462,5462
314200,1997,0,4177,4177
314200,1998,0,4021,4021
314200,1999,0,4991,4991
314200,2000,0,5547,5547
314200,2001,0,3232,3232
314200,2002,0,3773,3773
314200,2003,0,3569,3569
314200,2004,0,3242,3242
314200,2005,0,3292,3292
314200,2006,0,3976,3976
314200,2007,0,3977,3977
314200,2008,0,3789,3789
314200,2009,0,3779,3779
314200,2010,0,3834,3834
314200,2011,0,3620,3620
314200,2012,0,4179,4179
314200,2013,0,3911,3911
314200,2014,0,3857,3857
314200,2015,0,2381,2381
314200,2016,0,1884,1884
314200,2017,0,1215,1215
314200,2018,0,1470,1470
314200,2019,0,1345,1345
314200,2020,0,969,969
314200,2021,0,878,878
314210,1988,0,4330,4330
314210,1989,0,6610,6610
314210,1990,0,6241,6241
314210,1991,0,5898,5898
314210,1992,0,5675,5675
314210,1993,0,5675,5675
314210,1994,0,5581,5581
314210,1995,0,4245,4245
314210,1996,0,4498,4498
314210,1997,0,4450,4450
314210,1998,0,3712,3712
314210,1999,0,3778,3778
314210,2000,0,3869,3869
314210,2001,0,3864,3864
314210,2002,0,3892,3892
314210,2003,0,3892,3892
314210,2004,0,3555,3555
314210,2005,0,3955,3955
314210,2006,0,3455,3455
314210,2007,0,3455,3455
314210,2008,0,3455,3455
314210,2009,0,3455,3455
314210,2010,0,3455,3455
314210,2011,0,3635,3635
314210,2012,0,3636,3636
314210,2013,0,2409,2409
314210,2014,0,2392,2392
314210,2015,0,2392,2392
314210,2016,0,2347,2347
314210,2017,0,2293,2293
314210,2018,0,2545,2545
314210,2019,0,2556,2556
314210,2020,0,2658,2658
314210,2021,0,2840,2840
314220,1988,0,4434,4434
314220,1989,0,4723,4723
314220,1990,0,4786,4786
314220,1991,0,4676,4676
314220,1992,0,4510,4510
314220,1993,0,3949,3949
314220,1994,0,3832,3832
314220,1995,0,3910,3910
314220,1996,0,3898,3898
314220,1997,0,3894,3894
314220,1998,0,3427,3427
314220,1999,0,3417,3417
314220,2000,0,3214,3214
314220,2001,0,3013,3013
314220,2002,0,2443,2443
314220,2003,0,2088,2088
314220,2004,0,2096,2096
314220,2005,0,2212,2212
314220,2006,0,2118,2118
314220,2007,0,2793,2793
314220,2008,0,2864,2864
314220,2009,0,2762,2762
314220,2010,0,2817,2817
314220,2011,0,2662,2662
314220,2012,0,2932,2932
314220,2013,0,2763,2763
314220,2014,0,2694,2694
314220,2015,0,2587,2587
314220,2016,0,2434,2434
314220,2017,0,1579,1579
314220,2018,0,1994,1994
314220,2019,0,1989,1989
314220,2020,0,1715,1715
314220,2021,0,1645,1645
314230,1988,0,1017,1017
314230,1989,0,568,568
314230,1990,0,891,891
314230,1991,0,869,869
314230,1992,0,860,860
314230,1993,0,820,820
314230,1994,0,811,811
314230,1995,0,789,789
314230,1996,0,777,777
314230,1997,0,709,709
314230,1998,0,690,690
314230,1999,0,627,627
314230,2000,0,546,546
314230,2001,0,546,546
314230,2002,0,427,427
314230,2003,0,360,360
314230,2004,0,340,340
314230,2005,0,359,359
314230,2006,0,345,345
314230,2007,0,323,323
314230,2008,0,327,327
314230,2009,0,311,311
314230,2010,0,311,311
314230,2011,0,434,434
314230,2012,0,437,437
314230,2013,0,432,432
314230,2014,0,435,435
314230,2015,0,321,321
314230,2016,0,331,331
314230,2017,0,118,118
314230,2018,0,147,147
314230,2019,0,137,137
314230,2020,0,162,162
314230,2021,0,166,166
314240,1988,25,1106,1081
314240,1989,25,895,870
314240,1990,25,952,927
314240,1991,25,945,920
314240,1992,0,788,788
314240,1993,0,952,952
314240,1994,0,1044,1044
314240,1995,0,990,990
314240,1996,0,1135,1135
314240,1997,0,1013,1013
314240,1998,0,1115,1115
314240,1999,170,300,130
314240,2000,180,500,320
314240,2001,180,430,250
314240,2002,380,740,360
314240,2003,90,550,460
314240,2004,90,540,450
314240,2005,600,1510,910
314240,2006,600,1650,1050
314240,2007,0,590,590
314240,2008,0,513,513
314240,2009,0,703,703
314240,2010,0,703,703
314240,2011,300,1427,1127
314240,2012,0,600,600
314240,2013,0,600,600
314240,2014,0,439,439
314240,2015,0,1220,1220
314240,2016,0,529,529
314240,2017,0,898,898
314240,2018,0,908,908
314240,2019,0,923,923
314240,2020,0,950,950
314240,2021,0,896,896
314250,1988,0,1616,1616
314250,1989,0,1611,1611
314250,1990,0,1366,1366
314250,1991,0,1366,1366
314250,1992,0,1366,1366
314250,1993,0,1366,1366
314250,1994,0,846,846
314250,1995,0,826,826
314250,1996,0,848,848
314250,1997,17,976,959
314250,1998,0,840,840
314250,1999,0,1090,1090
314250,2000,0,846,846
314250,2001,0,954,954
314250,2002,0,571,571
314250,2003,0,586,586
314250,2004,0,644,644
314250,2005,0,644,644
314250,2006,0,603,603
314250,2007,0,951,951
314250,2008,0,918,918
314250,2009,0,868,868
314250,2010,0,828,828
314250,2011,0,856,856
314250,2012,0,692,692
314250,2013,0,638,638
314250,2014,0,661,661
314250,2015,0,610,610
314250,2016,0,536,536
314250,2017,0,118,118
314250,2018,0,115,115
314250,2019,0,131,131
314250,2020,0,167,167
314250,2021,0,117,117
314260,1988,0,5904,5904
314260,1989,0,5832,5832
314260,1990,0,6128,6128
314260,1991,0,5838,5838
314260,1992,0,5370,5370
314260,1993,0,5468,5468
314260,1994,0,4384,4384
314260,1995,0,4109,4109
314260,1996,0,4109,4109
314260,1997,0,3998,3998
314260,1998,0,3998,3998
314260,1999,0,3998,3998
314260,2000,0,3997,3997
314260,2001,0,4221,4221
314260,2002,0,4624,4624
314260,2003,0,4384,4384
314260,2004,0,4384,4384
314260,2005,0,5118,5118
314260,2006,0,5118,5118
314260,2007,0,5118,5118
314260,2008,0,4568,4568
314260,2009,0,4368,4368
314260,2010,0,4468,4468
314260,2011,0,4418,4418
314260,2012,0,4995,4995
314260,2013,0,4890,4890
314260,2014,0,4874,4874
314260,2015,0,3962,3962
314260,2016,0,4163,4163
314260,2017,0,2952,2952
314260,2018,30,3801,3771
314260,2019,50,3922,3872
314260,2020,720,5117,4397
314260,2021,1000,5387,4387
314270,1988,0,8923,8923
314270,1989,0,8339,8339
314270,1990,0,7548,7548
314270,1991,0,7771,7771
314270,1992,0,6012,6012
314270,1993,0,6277,6277
314270,1994,0,8413,8413
314270,1995,0,5311,5311
314270,1996,13,1723,1710
314270,1997,13,1723,1710
314270,1998,0,5068,5068
314270,1999,0,5044,5044
314270,2000,0,5068,5068
314270,2001,0,5068,5068
314270,2002,0,5068,5068
314270,2003,0,1364,1364
314270,2004,0,2181,2181
314270,2005,0,2191,2191
314270,2006,0,1371,1371
314270,2007,0,2101,2101
314270,2008,0,1601,1601
314270,2009,0,1601,1601
314270,2010,0,3110,3110
314270,2011,0,3294,3294
314270,2012,0,3244,3244
314270,2013,0,3749,3749
314270,2014,0,4228,4228
314270,2015,0,3651,3651
314270,2016,0,5845,5845
314270,2017,0,1310,1310
314270,2018,0,1491,1491
314270,2019,0,1937,1937
314270,2020,0,1654,1654
314270,2021,0,1918,1918
314280,1988,8000,22496,14496
314280,1989,8500,23361,14861
314280,1990,9500,22126,12626
314280,1991,9700,23779,14079
314280,1992,10000,22470,12470
314280,1993,11000,24570,13570
314280,1994,12000,27350,15350
314280,1995,12000,24531,12531
314280,1996,12280,24821,12541
314280,1997,11000,25662,14662
314280,1998,12000,28629,16629
314280,1999,13500,28625,15125
314280,2000,22500,38491,15991
314280,2001,22400,38863,16463
314280,2002,23200,38376,15176
314280,2003,30000,51187,21187
314280,2004,40000,62934,22934
314280,2005,40000,60289,20289
314280,2006,30000,49509,19509
314280,2007,20000,40313,20313
314280,2008,32000,59660,27660
314280,2009,38000,67349,29349
314280,2010,41500,66896,25396
314280,2011,40400,65952,25552
314280,2012,41000,67303,26303
314280,2013,45000,66533,21533
314280,2014,45000,74670,29670
314280,2015,46200,71018,24818
314280,2016,40000,69742,29742
314280,2017,35000,64930,29930
314280,2018,30000,52430,22430
314280,2019,35000,54133,19133
314280,2020,35000,55218,20218
314280,2021,37000,56711,19711
314290,1988,0,57942,57942
314290,1989,0,51893,51893
314290,1990,0,49718,49718
314290,1991,0,37157,37157
314290,1992,0,38827,38827
314290,1993,0,45099,45099
314290,1994,0,48807,48807
314290,1995,0,39105,39105
314290,1996,2,22487,22485
314290,1997,2,27871,27869
314290,1998,0,26715,26715
314290,1999,0,25852,25852
314290,2000,0,28304,28304
314290,2001,0,25780,25780
314290,2002,0,24659,24659
314290,2003,0,26924,26924
314290,2004,33,32245,32212
314290,2005,40,31861,31821
314290,2006,35,35805,35770
314290,2007,20,35590,35570
314290,2008,10,33873,33863
314290,2009,0,34871,34871
314290,2010,0,35825,35825
314290,2011,0,38028,38028
314290,2012,0,33128,33128
314290,2013,1,34894,34893
314290,2014,0,38346,38346
314290,2015,90,38271,38181
314290,2016,290,34878,34588
314290,2017,275,36355,36080
314290,2018,203,33470,33267
314290,2019,290,33185,32895
314290,2020,390,33019,32629
314290,2021,200,33212,33012
314300,1988,0,18826,18826
314300,1989,0,20501,20501
314300,1990,0,20500,20500
314300,1991,0,16527,16527
314300,1992,0,16245,16245
314300,1993,0,14957,14957
314300,1994,0,17847,17847
314300,1995,0,14309,14309
314300,1996,0,14089,14089
314300,1997,0,14774,14774
314300,1998,0,14050,14050
314300,1999,0,13747,13747
314300,2000,0,13531,13531
314300,2001,0,13943,13943
314300,2002,0,14174,14174
314300,2003,0,13301,13301
314300,2004,0,14339,14339
314300,2005,0,12747,12747
314300,2006,0,12908,12908
314300,2007,0,13596,13596
314300,2008,0,13562,13562
314300,2009,0,12657,12657
314300,2010,0,11620,11620
314300,2011,0,10649,10649
314300,2012,0,11113,11113
314300,2013,0,11413,11413
314300,2014,0,12080,12080
314300,2015,0,11590,11590
314300,2016,0,12040,12040
314300,2017,0,10367,10367
314300,2018,100,11111,11011
314300,2019,0,11135,11135
314300,2020,0,10544,10544
314300,2021,120,10165,10045
314310,1988,2500,17392,14892
314310,1989,2500,16853,14353
314310,1990,2800,17732,14932
314310,1991,2400,18830,16430
314310,1992,2000,20972,18972
314310,1993,4000,19313,15313
314310,1994,5000,19047,14047
314310,1995,5000,17026,12026
314310,1996,3697,21113,17416
314310,1997,2000,17289,15289
314310,1998,4000,19324,15324
314310,1999,3000,21130,18130
314310,2000,4500,24139,19639
314310,2001,5000,26867,21867
314310,2002,6000,26704,20704
314310,2003,7000,26727,19727
314310,2004,10000,29602,19602
314310,2005,11000,28531,17531
314310,2006,7000,28440,21440
314310,2007,6000,26621,20621
314310,2008,6000,29258,23258
314310,2009,7000,29465,22465
314310,2010,8000,30070,22070
314310,2011,8000,31464,23464
314310,2012,6000,33288,27288
314310,2013,8000,37452,29452
314310,2014,10000,40282,30282
314310,2015,11000,42086,31086
314310,2016,11000,41955,30955
314310,2017,9300,29715,20415
314310,2018,10000,32237,22237
314310,2019,10000,40068,30068
314310,2020,12000,48053,36053
314310,2021,12000,44220,32220
314320,1988,10,15270,15260
314320,1989,20,15118,15098
314320,1990,0,18025,18025
314320,1991,0,14190,14190
314320,1992,0,16254,16254
314320,1993,0,15763,15763
314320,1994,0,14360,14360
314320,1995,0,14544,14544
314320,1996,0,13416,13416
314320,1997,0,14598,14598
314320,1998,300,13064,12764
314320,1999,150,13103,12953
314320,2000,400,13353,12953
314320,2001,150,12924,12774
314320,2002,150,13053,12903
314320,2003,800,14904,14104
314320,2004,1300,16189,14889
314320,2005,900,15017,14117
314320,2006,800,14810,14010
314320,2007,400,13374,12974
314320,2008,400,13054,12654
314320,2009,400,12397,11997
314320,2010,400,13267,12867
314320,2011,400,16072,15672
314320,2012,400,15985,15585
314320,2013,400,16321,15921
314320,2014,400,14167,13767
314320,2015,420,16435,16015
314320,2016,2000,17264,15264
314320,2017,150,12382,12232
314320,2018,200,13428,13228
314320,2019,500,12606,12106
314320,2020,500,12922,12422
314320,2021,600,13363,12763
314330,1988,0,10293,10293
314330,1989,0,9605,9605
314330,1990,0,8227,8227
314330,1991,3,9997,9994
314330,1992,0,11137,11137
314330,1993,0,11399,11399
314330,1994,0,11601,11601
314330,1995,0,11569,11569
314330,1996,0,8162,8162
314330,1997,0,8723,8723
314330,1998,0,10426,10426
314330,1999,0,10879,10879
314330,2000,0,11258,11258
314330,2001,0,10507,10507
314330,2002,0,10912,10912
314330,2003,80,10297,10217
314330,2004,8,9684,9676
314330,2005,0,10406,10406
314330,2006,0,9454,9454
314330,2007,0,7649,7649
314330,2008,0,6235,6235
314330,2009,0,5441,5441
314330,2010,0,5734,5734
314330,2011,0,5313,5313
314330,2012,0,4972,4972
314330,2013,0,5195,5195
314330,2014,0,4648,4648
314330,2015,0,4838,4838
314330,2016,0,3458,3458
314330,2017,2,3324,3322
314330,2018,0,3655,3655
314330,2019,0,3364,3364
314330,2020,0,3362,3362
314330,2021,0,2239,2239
314340,1988,0,5238,5238
314340,1989,0,5230,5230
314340,1990,0,5060,5060
314340,1991,0,4842,4842
314340,1992,0,4729,4729
314340,1993,0,4356,4356
314340,1994,0,4394,4394
314340,1995,0,4124,4124
314340,1996,0,4017,4017
314340,1997,0,4009,4009
314340,1998,0,4421,4421
314340,1999,0,4399,4399
314340,2000,0,4339,4339
314340,2001,0,3954,3954
314340,2002,0,4219,4219
314340,2003,0,4419,4419
314340,2004,0,4838,4838
314340,2005,0,3663,3663
314340,2006,0,4557,4557
314340,2007,0,4158,4158
314340,2008,0,4376,4376
314340,2009,0,4099,4099
314340,2010,0,4629,4629
314340,2011,0,4603,4603
314340,2012,0,4699,4699
314340,2013,0,4859,4859
314340,2014,0,4666,4666
314340,2015,0,4301,4301
314340,2016,0,4542,4542
314340,2017,100,2518,2418
314340,2018,100,2862,2762
314340,2019,98,2972,2874
314340,2020,112,2785,2673
314340,2021,267,2434,2167
314350,1988,2500,6867,4367
314350,1989,2600,6366,3766
314350,1990,3200,6794,3594
314350,1991,800,4093,3293
314350,1992,0,2926,2926
314350,1993,165,3394,3229
314350,1994,0,2304,2304
314350,1995,280,2292,2012
314350,1996,309,2744,2435
314350,1997,250,2817,2567
314350,1998,0,2418,2418
314350,1999,270,3186,2916
314350,2000,0,1983,1983
314350,2001,0,1451,1451
314350,2002,0,1497,1497
314350,2003,0,3025,3025
314350,2004,40,1617,1577
314350,2005,162,2590,2428
314350,2006,435,2468,2033
314350,2007,0,1840,1840
314350,2008,435,2586,2151
314350,2009,450,2900,2450
314350,2010,450,3010,2560
314350,2011,600,3435,2835
314350,2012,600,3255,2655
314350,2013,700,6815,6115
314350,2014,800,5503,4703
314350,2015,1100,6296,5196
314350,2016,1900,10089,8189
314350,2017,2250,6201,3951
314350,2018,2500,5730,3230
314350,2019,2100,6852,4752
314350,2020,3000,6600,3600
314350,2021,4500,10720,6220
314360,1988,120,2324,2204
314360,1989,150,2782,2632
314360,1990,150,2983,2833
314360,1991,150,3671,3521
314360,1992,130,3630,3500
314360,1993,30,3280,3250
314360,1994,0,2827,2827
314360,1995,0,2742,2742
314360,1996,0,2775,2775
314360,1997,0,1845,1845
314360,1998,0,2476,2476
314360,1999,0,2590,2590
314360,2000,0,2080,2080
314360,2001,0,2030,2030
314360,2002,0,2124,2124
314360,2003,0,2336,2336
314360,2004,0,1566,1566
314360,2005,0,1245,1245
314360,2006,0,592,592
314360,2007,0,497,497
314360,2008,0,497,497
314360,2009,0,497,497
314360,2010,0,497,497
314360,2011,0,497,497
314360,2012,0,350,350
314360,2013,0,300,300
314360,2014,0,300,300
314360,2015,0,300,300
314360,2016,0,163,163
314360,2017,152,293,141
314360,2018,170,339,169
314360,2019,160,323,163
314360,2020,160,337,177
314360,2021,330,539,209
314370,1988,0,365,365
314370,1989,0,346,346
314370,1990,0,287,287
314370,1991,0,282,282
314370,1992,0,280,280
314370,1993,0,306,306
314370,1994,0,537,537
314370,1995,0,545,545
314370,1996,0,449,449
314370,1997,0,283,283
314370,1998,0,281,281
314370,1999,0,284,284
314370,2000,0,282,282
314370,2001,0,280,280
314370,2002,0,305,305
314370,2003,0,368,368
314370,2004,0,468,468
314370,2005,0,521,521
314370,2006,0,531,531
314370,2007,0,603,603
314370,2008,0,603,603
314370,2009,0,613,613
314370,2010,0,548,548
314370,2011,0,488,488
314370,2012,0,478,478
314370,2013,0,453,453
314370,2014,0,445,445
314370,2015,0,380,380
314370,2016,0,237,237
314370,2017,0,103,103
314370,2018,0,136,136
314370,2019,0,162,162
314370,2020,0,176,176
314370,2021,0,130,130
314380,1988,0,1780,1780
314380,1989,0,1528,1528
314380,1990,0,1427,1427
314380,1991,0,1427,1427
314380,1992,0,1438,1438
314380,1993,0,1281,1281
314380,1994,0,1281,1281
314380,1995,0,1391,1391
314380,1996,0,1397,1397
314380,1997,0,1206,1206
314380,1998,0,1655,1655
314380,1999,0,1743,1743
314380,2000,0,1333,1333
314380,2001,0,1333,1333
314380,2002,0,1472,1472
314380,2003,0,1590,1590
314380,2004,0,1352,1352
314380,2005,0,1274,1274
314380,2006,0,1236,1236
314380,2007,0,1236,1236
314380,2008,0,1248,1248
314380,2009,0,1248,1248
314380,2010,0,1053,1053
314380,2011,0,1053,1053
314380,2012,0,1202,1202
314380,2013,0,1202,1202
314380,2014,0,1202,1202
314380,2015,0,1182,1182
314380,2016,0,1402,1402
314380,2017,0,1906,1906
314380,2018,0,1922,1922
314380,2019,0,1941,1941
314380,2020,0,1371,1371
314380,2021,0,1535,1535
314390,1988,0,9902,9902
314390,1989,0,9666,9666
314390,1990,0,8037,8037
314390,1991,0,6751,6751
314390,1992,0,6972,6972
314390,1993,0,6413,6413
314390,1994,0,6467,6467
314390,1995,0,6059,6059
314390,1996,0,9085,9085
314390,1997,0,7730,7730
314390,1998,0,5157,5157
314390,1999,0,5645,5645
314390,2000,0,6427,6427
314390,2001,0,6494,6494
314390,2002,0,6420,6420
314390,2003,0,6210,6210
314390,2004,0,6215,6215
314390,2005,0,6215,6215
314390,2006,0,6046,6046
314390,2007,0,6046,6046
314390,2008,0,5773,5773
314390,2009,0,5429,5429
314390,2010,0,4546,4546
314390,2011,0,5202,5202
314390,2012,0,4906,4906
314390,2013,0,4848,4848
314390,2014,0,4382,4382
314390,2015,0,4264,4264
314390,2016,0,4421,4421
314390,2017,0,2341,2341
314390,2018,0,2623,2623
314390,2019,0,2658,2658
314390,2020,0,2782,2782
314390,2021,0,2676,2676
314400,1988,0,12712,12712
314400,1989,0,13826,13826
314400,1990,0,13970,13970
314400,1991,0,14529,14529
314400,1992,0,14067,14067
314400,1993,0,13651,13651
314400,1994,0,12412,12412
314400,1995,0,12274,12274
314400,1996,0,16190,16190
314400,1997,0,16317,16317
314400,1998,0,13206,13206
314400,1999,0,12422,12422
314400,2000,0,12351,12351
314400,2001,0,12497,12497
314400,2002,0,14628,14628
314400,2003,0,14254,14254
314400,2004,0,14403,14403
314400,2005,0,14357,14357
314400,2006,0,14205,14205
314400,2007,0,14250,14250
314400,2008,0,13665,13665
314400,2009,0,13571,13571
314400,2010,0,13841,13841
314400,2011,0,14711,14711
314400,2012,0,12975,12975
314400,2013,0,13178,13178
314400,2014,0,12288,12288
314400,2015,0,11339,11339
314400,2016,0,10054,10054
314400,2017,0,8526,8526
314400,2018,0,9486,9486
314400,2019,0,9054,9054
314400,2020,0,9158,9158
314400,2021,0,8247,8247
314410,1988,0,14717,14717
314410,1989,0,13509,13509
314410,1990,0,13501,13501
314410,1991,0,13748,13748
314410,1992,0,14052,14052
314410,1993,0,14360,14360
314410,1994,0,14520,14520
314410,1995,0,14623,14623
314410,1996,0,12903,12903
314410,1997,0,13183,13183
314410,1998,0,12758,12758
314410,1999,0,12182,12182
314410,2000,0,12182,12182
314410,2001,0,11737,11737
314410,2002,0,11987,11987
314410,2003,0,11737,11737
314410,2004,0,14542,14542
314410,2005,0,14900,14900
314410,2006,0,14887,14887
314410,2007,0,15387,15387
314410,2008,0,16537,16537
314410,2009,0,15537,15537
314410,2010,0,16279,16279
314410,2011,0,16309,16309
314410,2012,0,16534,16534
314410,2013,0,15773,15773
314410,2014,0,16257,16257
314410,2015,0,15577,15577
314410,2016,0,16070,16070
314410,2017,0,7569,7569
314410,2018,0,7430,7430
314410,2019,0,9066,9066
314410,2020,0,8984,8984
314410,2021,0,7570,7570
314420,1988,0,2664,2664
314420,1989,0,1210,1210
314420,1990,0,1196,1196
314420,1991,0,1342,1342
314420,1992,0,973,973
314420,1993,0,919,919
314420,1994,0,917,917
314420,1995,0,1348,1348
314420,1996,0,957,957
314420,1997,0,1336,1336
314420,1998,0,1353,1353
314420,1999,0,1004,1004
314420,2000,0,1004,1004
314420,2001,0,1004,1004
314420,2002,0,1002,1002
314420,2003,0,988,988
314420,2004,0,518,518
314420,2005,0,502,502
314420,2006,0,401,401
314420,2007,0,172,172
314420,2008,0,206,206
314420,2009,0,206,206
314420,2010,0,206,206
314420,2011,0,211,211
314420,2012,0,161,161
314420,2013,0,165,165
314420,2014,0,155,155
314420,2015,0,130,130
314420,2016,0,120,120
314420,2017,0,43,43
314420,2018,0,50,50
314420,2019,0,70,70
314420,2020,0,83,83
314420,2021,0,99,99
314430,1988,0,2475,2475
314430,1989,0,3427,3427
314430,1990,0,3503,3503
314430,1991,0,3963,3963
314430,1992,0,4038,4038
314430,1993,0,3784,3784
314430,1994,0,3154,3154
314430,1995,0,3972,3972
314430,1996,0,2701,2701
314430,1997,0,2697,2697
314430,1998,0,2839,2839
314430,1999,0,2839,2839
314430,2000,0,2596,2596
314430,2001,0,2118,2118
314430,2002,0,2352,2352
314430,2003,0,2101,2101
314430,2004,0,1996,1996
314430,2005,0,2369,2369
314430,2006,0,2357,2357
314430,2007,0,3079,3079
314430,2008,0,4429,4429
314430,2009,0,4476,4476
314430,2010,0,3998,3998
314430,2011,0,3233,3233
314430,2012,0,3236,3236
314430,2013,0,3321,3321
314430,2014,0,2921,2921
314430,2015,0,6121,6121
314430,2016,0,2758,2758
314430,2017,0,1296,1296
314430,2018,0,1048,1048
314430,2019,0,1107,1107
314430,2020,0,1376,1376
314430,2021,0,1623,1623
314440,1988,0,3279,3279
314440,1989,0,2920,2920
314440,1990,0,2735,2735
314440,1991,0,2885,2885
314440,1992,0,3927,3927
314440,1993,0,3415,3415
314440,1994,0,3107,3107
314440,1995,0,2837,2837
314440,1996,0,3157,3157
314440,1997,0,3883,3883
314440,1998,0,3981,3981
314440,1999,0,3274,3274
314440,2000,0,3031,3031
314440,2001,0,3031,3031
314440,2002,0,3043,3043
314440,2003,0,3139,3139
314440,2004,0,3700,3700
314440,2005,0,3700,3700
314440,2006,0,3484,3484
314440,2007,0,2970,2970
314440,2008,0,3115,3115
314440,2009,0,3365,3365
314440,2010,0,3365,3365
314440,2011,0,3313,3313
314440,2012,0,3293,3293
314440,2013,0,3290,3290
314440,2014,0,2500,2500
314440,2015,0,2830,2830
314440,2016,0,2920,2920
314440,2017,0,1346,1346
314440,2018,0,1894,1894
314440,2019,0,2770,2770
314440,2020,0,2689,2689
314440,2021,0,2695,2695
314450,1988,0,3178,3178
314450,1989,0,3120,3120
314450,1990,0,2941,2941
314450,1991,0,2691,2691
314450,1992,0,2786,2786
314450,1993,0,2625,2625
314450,1994,0,2368,2368
314450,1995,0,3553,3553
314450,1996,0,2531,2531
314450,1997,0,2528,2528
314450,1998,0,2506,2506
314450,1999,0,2508,2508
314450,2000,0,2851,2851
314450,2001,0,3575,3575
314450,2002,0,3479,3479
314450,2003,0,4645,4645
314450,2004,0,4708,4708
314450,2005,60,4421,4361
314450,2006,40,4468,4428
314450,2007,0,4406,4406
314450,2008,45,4283,4238
314450,2009,0,3813,3813
314450,2010,100,4362,4262
314450,2011,0,4326,4326
314450,2012,100,4676,4576
314450,2013,1050,5754,4704
314450,2014,1200,5697,4497
314450,2015,1000,5683,4683
314450,2016,1800,6653,4853
314450,2017,1400,3621,2221
314450,2018,1000,5121,4121
314450,2019,1200,6447,5247
314450,2020,1500,5974,4474
314450,2021,1300,5304,4004
314460,1988,0,20896,20896
314460,1989,0,20933,20933
314460,1990,0,20184,20184
314460,1991,0,22966,22966
314460,1992,0,22115,22115
314460,1993,0,19718,19718
314460,1994,0,18838,18838
314460,1995,0,16528,16528
314460,1996,0,15700,15700
314460,1997,0,17183,17183
314460,1998,0,17609,17609
314460,1999,0,17356,17356
314460,2000,0,18416,18416
314460,2001,0,19954,19954
314460,2002,30,21321,21291
314460,2003,50,20642,20592
314460,2004,30,21906,21876
314460,2005,0,20774,20774
314460,2006,0,21624,21624
314460,2007,0,21726,21726
314460,2008,0,21884,21884
314460,2009,0,20384,20384
314460,2010,0,18131,18131
314460,2011,0,17277,17277
314460,2012,0,19025,19025
314460,2013,0,19704,19704
314460,2014,0,18577,18577
314460,2015,30,18739,18709
314460,2016,500,17391,16891
314460,2017,380,12130,11750
314460,2018,400,13986,13586
314460,2019,300,14087,13787
314460,2020,400,16169,15769
314460,2021,1200,15167,13967
314470,1988,0,1267,1267
314470,1989,0,1300,1300
314470,1990,0,1307,1307
314470,1991,0,1355,1355
314470,1992,0,1367,1367
314470,1993,0,1395,1395
314470,1994,0,1395,1395
314470,1995,0,1404,1404
314470,1996,0,739,739
314470,1997,0,821,821
314470,1998,0,818,818
314470,1999,0,840,840
314470,2000,0,713,713
314470,2001,0,441,441
314470,2002,0,470,470
314470,2003,0,475,475
314470,2004,0,433,433
314470,2005,0,354,354
314470,2006,0,274,274
314470,2007,0,283,283
314470,2008,0,304,304
314470,2009,0,292,292
314470,2010,0,231,231
314470,2011,0,221,221
314470,2012,0,246,246
314470,2013,0,222,222
314470,2014,0,229,229
314470,2015,0,210,210
314470,2016,0,188,188
314470,2017,0,178,178
314470,2018,0,172,172
314470,2019,0,191,191
314470,2020,0,200,200
314470,2021,0,147,147
314480,1988,0,263,263
314480,1989,0,266,266
314480,1990,0,266,266
314480,1991,0,274,274
314480,1992,0,276,276
314480,1993,0,278,278
314480,1994,0,278,278
314480,1995,0,278,278
314480,1996,0,10,10
314480,1997,0,11,11
314480,1998,0,2,2
314480,1999,0,2,2
314480,2000,0,0,0
314480,2001,0,0,0
314480,2002,0,0,0
314480,2003,0,0,0
314480,2004,0,0,0
314480,2005,0,0,0
314480,2006,0,0,0
314480,2007,0,0,0
314480,2008,0,0,0
314480,2009,0,0,0
314480,2010,0,0,0
314480,2011,0,0,0
314480,2012,0,0,0
314480,2013,0,0,0
314480,2014,0,0,0
314480,2015,0,0,0
314480,2016,0,1,1
314480,2017,0,9,9
314480,2018,0,15,15
314480,2019,0,12,12
314480,2020,0,12,12
314480,2021,0,11,11
314490,1988,0,1365,1365
314490,1989,0,1384,1384
314490,1990,0,726,726
314490,1991,0,727,727
314490,1992,0,628,628
314490,1993,0,474,474
314490,1994,0,456,456
314490,1995,0,357,357
314490,1996,0,990,990
314490,1997,0,916,916
314490,1998,0,696,696
314490,1999,0,976,976
314490,2000,0,1105,1105
314490,2001,0,826,826
314490,2002,0,614,614
314490,2003,0,458,458
314490,2004,0,523,523
314490,2005,0,523,523
314490,2006,0,470,470
314490,2007,0,445,445
314490,2008,0,392,392
314490,2009,0,329,329
314490,2010,0,439,439
314490,2011,0,261,261
314490,2012,0,267,267
314490,2013,0,251,251
314490,2014,0,352,352
314490,2015,0,217,217
314490,2016,0,177,177
314490,2017,0,27,27
314490,2018,0,75,75
314490,2019,0,89,89
314490,2020,0,85,85
314490,2021,0,69,69
314500,1988,25000,37935,12935
314500,1989,30000,42229,12229
314500,1990,30000,42336,12336
314500,1991,25500,40594,15094
314500,1992,25500,40809,15309
314500,1993,35000,45331,10331
314500,1994,28000,44614,16614
314500,1995,28000,46885,18885
314500,1996,14805,34067,19262
314500,1997,16000,34998,18998
314500,1998,15000,34953,19953
314500,1999,17000,38381,21381
314500,2000,18000,37840,19840
314500,2001,15000,40478,25478
314500,2002,18000,40112,22112
314500,2003,20000,39610,19610
314500,2004,26000,46530,20530
314500,2005,26000,47435,21435
314500,2006,23000,47659,24659
314500,2007,22000,44410,22410
314500,2008,16000,42125,26125
314500,2009,20500,44455,23955
314500,2010,21000,42120,21120
314500,2011,17000,44481,27481
314500,2012,18000,50836,32836
314500,2013,21000,49165,28165
314500,2014,22000,56899,34899
314500,2015,25000,55752,30752
314500,2016,27000,52843,25843
314500,2017,27000,53965,26965
314500,2018,17000,49423,32423
314500,2019,28000,54033,26033
314500,2020,28000,59237,31237
314500,2021,28000,57829,29829
314510,1988,0,12269,12269
314510,1989,115,13024,12909
314510,1990,40,12944,12904
314510,1991,0,14997,14997
314510,1992,0,15787,15787
314510,1993,74,16557,16483
314510,1994,74,16785,16711
314510,1995,0,16901,16901
314510,1996,0,15061,15061
314510,1997,0,14603,14603
314510,1998,0,14541,14541
314510,1999,100,14024,13924
314510,2000,100,14024,13924
314510,2001,100,13488,13388
314510,2002,100,13624,13524
314510,2003,350,13993,13643
314510,2004,1200,17705,16505
314510,2005,300,16881,16581
314510,2006,300,17680,17380
314510,2007,300,16835,16535
314510,2008,0,17120,17120
314510,2009,0,14495,14495
314510,2010,0,16295,16295
314510,2011,0,15055,15055
314510,2012,500,15177,14677
314510,2013,400,14879,14479
314510,2014,400,15475,15075
314510,2015,500,15685,15185
314510,2016,500,14840,14340
314510,2017,850,16498,15648
314510,2018,1030,16898,15868
314510,2019,800,15407,14607
314510,2020,800,13756,12956
314510,2021,900,16098,15198
314520,1988,0,810,810
314520,1989,0,873,873
314520,1990,0,817,817
314520,1991,0,2996,2996
314520,1992,0,2756,2756
314520,1993,0,2686,2686
314520,1994,0,3040,3040
314520,1995,0,3253,3253
314520,1996,0,3348,3348
314520,1997,0,722,722
314520,1998,0,2983,2983
314520,1999,0,182,182
314520,2000,0,94,94
314520,2001,0,150,150
314520,2002,0,90,90
314520,2003,0,90,90
314520,2004,0,90,90
314520,2005,0,90,90
314520,2006,0,100,100
314520,2007,0,100,100
314520,2008,0,91,91
314520,2009,0,91,91
314520,2010,0,91,91
314520,2011,0,65,65
314520,2012,0,70,70
314520,2013,0,70,70
314520,2014,0,90,90
314520,2015,0,50,50
314520,2016,0,60,60
314520,2017,0,71,71
314520,2018,0,58,58
314520,2019,0,59,59
314520,2020,0,61,61
314520,2021,0,55,55
314530,1988,0,13721,13721
314530,1989,0,10117,10117
314530,1990,0,10820,10820
314530,1991,0,11017,11017
314530,1992,0,10587,10587
314530,1993,0,9903,9903
314530,1994,0,9839,9839
314530,1995,0,9557,9557
314530,1996,0,11055,11055
314530,1997,0,11618,11618
314530,1998,0,11621,11621
314530,1999,0,11697,11697
314530,2000,0,9909,9909
314530,2001,0,9909,9909
314530,2002,0,9907,9907
314530,2003,0,10173,10173
314530,2004,0,9783,9783
314530,2005,0,7970,7970
314530,2006,0,8200,8200
314530,2007,0,8100,8100
314530,2008,0,6600,6600
314530,2009,0,6600,6600
314530,2010,0,7300,7300
314530,2011,0,7315,7315
314530,2012,0,7755,7755
314530,2013,0,7367,7367
314530,2014,0,6817,6817
314530,2015,0,7301,7301
314530,2016,0,8882,8882
314530,2017,0,4561,4561
314530,2018,0,4175,4175
314530,2019,0,4181,4181
314530,2020,0,4483,4483
314530,2021,0,4830,4830
314540,1988,0,1294,1294
314540,1989,0,1398,1398
314540,1990,0,991,991
314540,1991,0,1104,1104
314540,1992,0,1079,1079
314540,1993,0,1042,1042
314540,1994,0,1173,1173
314540,1995,0,1117,1117
314540,1996,0,1260,1260
314540,1997,0,1258,1258
314540,1998,0,1060,1060
314540,1999,0,859,859
314540,2000,0,858,858
314540,2001,0,806,806
314540,2002,0,817,817
314540,2003,0,757,757
314540,2004,0,815,815
314540,2005,0,815,815
314540,2006,0,535,535
314540,2007,0,615,615
314540,2008,0,615,615
314540,2009,0,575,575
314540,2010,0,282,282
314540,2011,0,253,253
314540,2012,0,303,303
314540,2013,0,293,293
314540,2014,0,303,303
314540,2015,0,274,274
314540,2016,0,314,314
314540,2017,0,110,110
314540,2018,0,127,127
314540,2019,0,189,189
314540,2020,0,173,173
314540,2021,0,63,63
314550,1988,0,847,847
314550,1989,0,854,854
314550,1990,0,854,854
314550,1991,0,854,854
314550,1992,0,853,853
314550,1993,0,853,853
314550,1994,0,853,853
314550,1995,0,853,853
314550,1996,0,688,688
314550,1997,0,723,723
314550,1998,0,793,793
314550,1999,0,1109,1109
314550,2000,0,1122,1122
314550,2001,0,1122,1122
314550,2002,0,1310,1310
314550,2003,0,1341,1341
314550,2004,0,1564,1564
314550,2005,0,1565,1565
314550,2006,0,1447,1447
314550,2007,0,1419,1419
314550,2008,0,1427,1427
314550,2009,0,1327,1327
314550,2010,0,1327,1327
314550,2011,0,1219,1219
314550,2012,0,1324,1324
314550,2013,0,1331,1331
314550,2014,0,1239,1239
314550,2015,0,1441,1441
314550,2016,0,1539,1539
314550,2017,0,660,660
314550,2018,0,740,740
314550,2019,0,845,845
314550,2020,0,935,935
314550,2021,0,899,899
314560,1988,0,7388,7388
314560,1989,0,7708,7708
314560,1990,0,6936,6936
314560,1991,0,5557,5557
314560,1992,0,9735,9735
314560,1993,50,9076,9026
314560,1994,0,8820,8820
314560,1995,0,9036,9036
314560,1996,0,8715,8715
314560,1997,0,7278,7278
314560,1998,0,7103,7103
314560,1999,0,6945,6945
314560,2000,0,8047,8047
314560,2001,0,8069,8069
314560,2002,0,7906,7906
314560,2003,0,8218,8218
314560,2004,0,8195,8195
314560,2005,0,8132,8132
314560,2006,0,8054,8054
314560,2007,0,8050,8050
314560,2008,0,8041,8041
314560,2009,0,9356,9356
314560,2010,0,9356,9356
314560,2011,0,9357,9357
314560,2012,0,8036,8036
314560,2013,0,9319,9319
314560,2014,0,7734,7734
314560,2015,0,6856,6856
314560,2016,0,6816,6816
314560,2017,0,7209,7209
314560,2018,80,6284,6204
314560,2019,80,6425,6345
314560,2020,80,7790,7710
314560,2021,100,8057,7957
314570,1988,0,1319,1319
314570,1989,0,1442,1442
314570,1990,0,1206,1206
314570,1991,0,992,992
314570,1992,0,915,915
314570,1993,0,887,887
314570,1994,0,754,754
314570,1995,0,762,762
314570,1996,0,762,762
314570,1997,0,671,671
314570,1998,0,601,601
314570,1999,0,601,601
314570,2000,0,601,601
314570,2001,0,601,601
314570,2002,0,601,601
314570,2003,0,602,602
314570,2004,0,624,624
314570,2005,0,628,628
314570,2006,0,620,620
314570,2007,0,554,554
314570,2008,0,554,554
314570,2009,0,304,304
314570,2010,0,304,304
314570,2011,0,304,304
314570,2012,0,304,304
314570,2013,0,212,212
314570,2014,0,217,217
314570,2015,0,189,189
314570,2016,0,144,144
314570,2017,0,113,113
314570,2018,0,140,140
314570,2019,0,150,150
314570,2020,0,131,131
314570,2021,0,110,110
314580,1988,0,1236,1236
314580,1989,0,1221,1221
314580,1990,0,1230,1230
314580,1991,0,1068,1068
314580,1992,0,1260,1260
314580,1993,0,1214,1214
314580,1994,0,1199,1199
314580,1995,0,1160,1160
314580,1996,0,881,881
314580,1997,0,872,872
314580,1998,0,1139,1139
314580,1999,0,1170,1170
314580,2000,0,875,875
314580,2001,0,699,699
314580,2002,0,687,687
314580,2003,0,801,801
314580,2004,0,885,885
314580,2005,0,837,837
314580,2006,0,865,865
314580,2007,0,897,897
314580,2008,0,897,897
314580,2009,0,891,891
314580,2010,0,891,891
314580,2011,0,1111,1111
314580,2012,0,916,916
314580,2013,0,865,865
314580,2014,0,871,871
314580,2015,0,331,331
314580,2016,0,211,211
314580,2017,0,162,162
314580,2018,0,185,185
314580,2019,0,218,218
314580,2020,0,241,241
314580,2021,60,341,281
314590,1988,0,991,991
314590,1989,0,999,999
314590,1990,0,996,996
314590,1991,0,1097,1097
314590,1992,0,1076,1076
314590,1993,0,808,808
314590,1994,0,864,864
314590,1995,0,863,863
314590,1996,0,881,881
314590,1997,0,881,881
314590,1998,0,975,975
314590,1999,0,1074,1074
314590,2000,0,1129,1129
314590,2001,0,1129,1129
314590,2002,0,1196,1196
314590,2003,0,1094,1094
314590,2004,0,980,980
314590,2005,0,951,951
314590,2006,0,948,948
314590,2007,0,951,951
314590,2008,0,960,960
314590,2009,0,876,876
314590,2010,0,898,898
314590,2011,0,867,867
314590,2012,0,857,857
314590,2013,0,874,874
314590,2014,0,791,791
314590,2015,0,740,740
314590,2016,0,679,679
314590,2017,0,380,380
314590,2018,0,448,448
314590,2019,0,409,409
314590,2020,0,451,451
314590,2021,0,505,505
314600,1988,0,10810,10810
314600,1989,0,10811,10811
314600,1990,0,11121,11121
314600,1991,0,10523,10523
314600,1992,0,10453,10453
314600,1993,0,10479,10479
314600,1994,0,9613,9613
314600,1995,0,8518,8518
314600,1996,0,12610,12610
314600,1997,0,12611,12611
314600,1998,0,11123,11123
314600,1999,0,9920,9920
314600,2000,0,10450,10450
314600,2001,0,9484,9484
314600,2002,0,9484,9484
314600,2003,0,8514,8514
314600,2004,0,10344,10344
314600,2005,0,10482,10482
314600,2006,0,10477,10477
314600,2007,0,10235,10235
314600,2008,0,8425,8425
314600,2009,0,8346,8346
314600,2010,0,8146,8146
314600,2011,0,8306,8306
314600,2012,0,7605,7605
314600,2013,0,7658,7658
314600,2014,0,7756,7756
314600,2015,0,7450,7450
314600,2016,0,8779,8779
314600,2017,0,6378,6378
314600,2018,0,6884,6884
314600,2019,0,5809,5809
314600,2020,0,6266,6266
314600,2021,0,4436,4436
314610,1988,0,2637,2637
314610,1989,0,2636,2636
314610,1990,0,2648,2648
314610,1991,0,2692,2692
314610,1992,0,2802,2802
314610,1993,0,2843,2843
314610,1994,0,2936,2936
314610,1995,0,2873,2873
314610,1996,0,1526,1526
314610,1997,0,2271,2271
314610,1998,0,2396,2396
314610,1999,0,2416,2416
314610,2000,0,2436,2436
314610,2001,0,2416,2416
314610,2002,0,2438,2438
314610,2003,0,2493,2493
314610,2004,0,2493,2493
314610,2005,0,2485,2485
314610,2006,0,2270,2270
314610,2007,0,2303,2303
314610,2008,0,2042,2042
314610,2009,0,2244,2244
314610,2010,0,2247,2247
314610,2011,0,2241,2241
314610,2012,0,2255,2255
314610,2013,0,2225,2225
314610,2014,0,2152,2152
314610,2015,0,1941,1941
314610,2016,0,2010,2010
314610,2017,0,348,348
314610,2018,0,353,353
314610,2019,0,402,402
314610,2020,0,402,402
314610,2021,0,421,421
314620,1988,0,5200,5200
314620,1989,0,5202,5202
314620,1990,0,5776,5776
314620,1991,0,5935,5935
314620,1992,0,5935,5935
314620,1993,0,5511,5511
314620,1994,0,5491,5491
314620,1995,0,4647,4647
314620,1996,0,2393,2393
314620,1997,0,4653,4653
314620,1998,0,4653,4653
314620,1999,0,4666,4666
314620,2000,0,4252,4252
314620,2001,0,4252,4252
314620,2002,0,4252,4252
314620,2003,0,4252,4252
314620,2004,0,3770,3770
314620,2005,0,2210,2210
314620,2006,0,1573,1573
314620,2007,0,1163,1163
314620,2008,0,1203,1203
314620,2009,0,1203,1203
314620,2010,0,1123,1123
314620,2011,0,1048,1048
314620,2012,0,796,796
314620,2013,0,713,713
314620,2014,0,693,693
314620,2015,0,716,716
314620,2016,0,583,583
314620,2017,0,213,213
314620,2018,0,274,274
314620,2019,0,255,255
314620,2020,0,307,307
314620,2021,0,330,330
314630,1988,0,3554,3554
314630,1989,0,9377,9377
314630,1990,0,9589,9589
314630,1991,0,9616,9616
314630,1992,0,9616,9616
314630,1993,0,8799,8799
314630,1994,0,8116,8116
314630,1995,0,3400,3400
314630,1996,0,7735,7735
314630,1997,0,7320,7320
314630,1998,0,1711,1711
314630,1999,0,6535,6535
314630,2000,0,6535,6535
314630,2001,0,1521,1521
314630,2002,0,1159,1159
314630,2003,0,1122,1122
314630,2004,0,907,907
314630,2005,0,842,842
314630,2006,0,915,915
314630,2007,0,959,959
314630,2008,0,1144,1144
314630,2009,0,1144,1144
314630,2010,0,1042,1042
314630,2011,0,930,930
314630,2012,0,1084,1084
314630,2013,0,946,946
314630,2014,0,939,939
314630,2015,0,1272,1272
314630,2016,0,1035,1035
314630,2017,0,423,423
314630,2018,0,543,543
314630,2019,0,698,698
314630,2020,0,583,583
314630,2021,0,494,494
314640,1988,0,4562,4562
314640,1989,0,5277,5277
314640,1990,0,2590,2590
314640,1991,0,2974,2974
314640,1992,0,2841,2841
314640,1993,10,2959,2949
314640,1994,0,3174,3174
314640,1995,0,2640,2640
314640,1996,0,2410,2410
314640,1997,0,2389,2389
314640,1998,0,2024,2024
314640,1999,0,1962,1962
314640,2000,0,1942,1942
314640,2001,0,1358,1358
314640,2002,0,1444,1444
314640,2003,0,1407,1407
314640,2004,0,1437,1437
314640,2005,0,1407,1407
314640,2006,0,1033,1033
314640,2007,0,1173,1173
314640,2008,0,1173,1173
314640,2009,0,1267,1267
314640,2010,0,1267,1267
314640,2011,0,426,426
314640,2012,0,396,396
314640,2013,0,491,491
314640,2014,120,561,441
314640,2015,0,370,370
314640,2016,150,510,360
314640,2017,150,746,596
314640,2018,0,525,525
314640,2019,0,533,533
314640,2020,0,375,375
314640,2021,23,475,452
314650,1988,100,8404,8304
314650,1989,360,8286,7926
314650,1990,220,7411,7191
314650,1991,250,7466,7216
314650,1992,200,7022,6822
314650,1993,200,3486,3286
314650,1994,0,3100,3100
314650,1995,0,3402,3402
314650,1996,0,3502,3502
314650,1997,0,3477,3477
314650,1998,0,4240,4240
314650,1999,0,2636,2636
314650,2000,0,4150,4150
314650,2001,0,3770,3770
314650,2002,0,3648,3648
314650,2003,60,3710,3650
314650,2004,300,4072,3772
314650,2005,300,4080,3780
314650,2006,0,3702,3702
314650,2007,0,3082,3082
314650,2008,0,3080,3080
314650,2009,400,4625,4225
314650,2010,0,4349,4349
314650,2011,400,4579,4179
314650,2012,400,3256,2856
314650,2013,400,3257,2857
314650,2014,400,3000,2600
314650,2015,200,2834,2634
314650,2016,690,3004,2314
314650,2017,580,1760,1180
314650,2018,580,1848,1268
314650,2019,600,1897,1297
314650,2020,1600,2892,1292
314650,2021,2300,3854,1554
314660,1988,0,1045,1045
314660,1989,0,1167,1167
314660,1990,0,1033,1033
314660,1991,0,1012,1012
314660,1992,0,954,954
314660,1993,0,908,908
314660,1994,0,872,872
314660,1995,0,872,872
314660,1996,0,872,872
314660,1997,0,887,887
314660,1998,0,611,611
314660,1999,0,570,570
314660,2000,0,579,579
314660,2001,0,579,579
314660,2002,0,447,447
314660,2003,0,579,579
314660,2004,0,510,510
314660,2005,0,508,508
314660,2006,0,493,493
314660,2007,0,493,493
314660,2008,0,303,303
314660,2009,0,221,221
314660,2010,0,221,221
314660,2011,0,107,107
314660,2012,0,104,104
314660,2013,0,63,63
314660,2014,0,57,57
314660,2015,0,63,63
314660,2016,0,59,59
314660,2017,0,131,131
314660,2018,0,116,116
314660,2019,0,107,107
314660,2020,0,104,104
314660,2021,0,94,94
314670,1988,0,2713,2713
314670,1989,0,2956,2956
314670,1990,0,2744,2744
314670,1991,0,2574,2574
314670,1992,0,2574,2574
314670,1993,0,2704,2704
314670,1994,0,2704,2704
314670,1995,0,2704,2704
314670,1996,0,804,804
314670,1997,0,784,784
314670,1998,0,775,775
314670,1999,0,656,656
314670,2000,0,555,555
314670,2001,0,584,584
314670,2002,0,446,446
314670,2003,0,370,370
314670,2004,0,466,466
314670,2005,0,456,456
314670,2006,0,390,390
314670,2007,0,298,298
314670,2008,0,298,298
314670,2009,0,298,298
314670,2010,0,301,301
314670,2011,0,315,315
314670,2012,0,330,330
314670,2013,0,181,181
314670,2014,0,173,173
314670,2015,0,237,237
314670,2016,0,231,231
314670,2017,0,286,286
314670,2018,0,181,181
314670,2019,0,186,186
314670,2020,0,204,204
314670,2021,0,199,199
314690,1988,0,3128,3128
314690,1989,120,2426,2306
314690,1990,180,1738,1558
314690,1991,30,3263,3233
314690,1992,230,3446,3216
314690,1993,236,3409,3173
314690,1994,0,2574,2574
314690,1995,0,2533,2533
314690,1996,0,2493,2493
314690,1997,0,2506,2506
314690,1998,0,2474,2474
314690,1999,0,1518,1518
314690,2000,0,619,619
314690,2001,0,814,814
314690,2002,0,1066,1066
314690,2003,0,1373,1373
314690,2004,200,1705,1505
314690,2005,60,1816,1756
314690,2006,100,1929,1829
314690,2007,100,1979,1879
314690,2008,100,1967,1867
314690,2009,50,1389,1339
314690,2010,50,1389,1339
314690,2011,50,1384,1334
314690,2012,50,1534,1484
314690,2013,50,1502,1452
314690,2014,370,1698,1328
314690,2015,300,1295,995
314690,2016,300,1244,944
314690,2017,115,606,491
314690,2018,120,854,734
314690,2019,200,898,698
314690,2020,400,1175,775
314690,2021,400,1190,790
314700,1988,30000,86221,56221
314700,1989,35000,79515,44515
314700,1990,34416,72805,38389
314700,1991,15000,60732,45732
314700,1992,11000,58506,47506
314700,1993,12000,59689,47689
314700,1994,25000,62095,37095
314700,1995,18000,60447,42447
314700,1996,14542,29517,14975
314700,1997,14000,53064,39064
314700,1998,18300,61120,42820
314700,1999,17000,63766,46766
314700,2000,17000,54419,37419
314700,2001,15000,57470,42470
314700,2002,30000,75895,45895
314700,2003,36000,74735,38735
314700,2004,40000,74037,34037
314700,2005,40000,76521,36521
314700,2006,30000,64593,34593
314700,2007,28000,64158,36158
314700,2008,28000,73348,45348
314700,2009,40000,96992,56992
314700,2010,48000,99459,51459
314700,2011,54000,113176,59176
314700,2012,78000,162045,84045
314700,2013,80000,165726,85726
314700,2014,90000,175856,85856
314700,2015,90500,180523,90023
314700,2016,97000,166134,69134
314700,2017,95000,188061,93061
314700,2018,90000,188703,98703
314700,2019,96000,189942,93942
314700,2020,96000,187485,91485
314700,2021,125400,208689,83289
314710,1988,0,4058,4058
314710,1989,0,4065,4065
314710,1990,0,3929,3929
314710,1991,0,3522,3522
314710,1992,0,3207,3207
314710,1993,0,3050,3050
314710,1994,62,9574,9512
314710,1995,0,2679,2679
314710,1996,0,1890,1890
314710,1997,53,2128,2075
314710,1998,0,2489,2489
314710,1999,0,2566,2566
314710,2000,0,2161,2161
314710,2001,0,1639,1639
314710,2002,0,1511,1511
314710,2003,0,1687,1687
314710,2004,200,2043,1843
314710,2005,0,1686,1686
314710,2006,0,1672,1672
314710,2007,0,1672,1672
314710,2008,0,1641,1641
314710,2009,0,1641,1641
314710,2010,0,1641,1641
314710,2011,0,822,822
314710,2012,0,841,841
314710,2013,0,809,809
314710,2014,0,751,751
314710,2015,0,627,627
314710,2016,0,382,382
314710,2017,0,277,277
314710,2018,0,374,374
314710,2019,0,373,373
314710,2020,0,366,366
314710,2021,0,360,360
314720,1988,0,9184,9184
314720,1989,0,10773,10773
314720,1990,0,12500,12500
314720,1991,0,14379,14379
314720,1992,0,14200,14200
314720,1993,0,15102,15102
314720,1994,0,16714,16714
314720,1995,0,14988,14988
314720,1996,0,14988,14988
314720,1997,0,14792,14792
314720,1998,0,14805,14805
314720,1999,0,14805,14805
314720,2000,0,14805,14805
314720,2001,0,14065,14065
314720,2002,0,14350,14350
314720,2003,0,16005,16005
314720,2004,470,16416,15946
314720,2005,150,15202,15052
314720,2006,0,15620,15620
314720,2007,0,14620,14620
314720,2008,0,14700,14700
314720,2009,220,15857,15637
314720,2010,200,15010,14810
314720,2011,230,14626,14396
314720,2012,480,15624,15144
314720,2013,1000,16926,15926
314720,2014,2050,17238,15188
314720,2015,2150,15553,13403
314720,2016,3000,17429,14429
314720,2017,1850,10634,8784
314720,2018,2300,14758,12458
314720,2019,3500,15938,12438
314720,2020,3700,18393,14693
314720,2021,4800,18919,14119
314730,1988,0,2965,2965
314730,1989,0,2637,2637
314730,1990,0,2482,2482
314730,1991,0,2410,2410
314730,1992,0,2357,2357
314730,1993,0,1256,1256
314730,1994,0,1566,1566
314730,1995,0,1170,1170
314730,1996,2,1120,1118
314730,1997,0,908,908
314730,1998,0,1166,1166
314730,1999,0,1015,1015
314730,2000,0,996,996
314730,2001,0,996,996
314730,2002,0,978,978
314730,2003,0,854,854
314730,2004,0,850,850
314730,2005,0,850,850
314730,2006,0,909,909
314730,2007,0,936,936
314730,2008,0,927,927
314730,2009,0,972,972
314730,2010,0,988,988
314730,2011,0,998,998
314730,2012,0,891,891
314730,2013,0,888,888
314730,2014,0,1032,1032
314730,2015,0,1118,1118
314730,2016,0,1079,1079
314730,2017,0,736,736
314730,2018,0,777,777
314730,2019,0,795,795
314730,2020,0,765,765
314730,2021,0,727,727
314740,1988,0,716,716
314740,1989,0,665,665
314740,1990,0,773,773
314740,1991,0,1495,1495
314740,1992,0,4021,4021
314740,1993,0,3236,3236
314740,1994,0,3533,3533
314740,1995,0,3676,3676
314740,1996,0,2295,2295
314740,1997,0,1506,1506
314740,1998,0,1593,1593
314740,1999,0,1320,1320
314740,2000,0,1265,1265
314740,2001,0,1092,1092
314740,2002,0,1211,1211
314740,2003,0,1171,1171
314740,2004,0,1124,1124
314740,2005,0,1093,1093
314740,2006,0,1168,1168
314740,2007,0,1029,1029
314740,2008,0,1203,1203
314740,2009,0,1366,1366
314740,2010,0,1167,1167
314740,2011,0,1168,1168
314740,2012,0,1155,1155
314740,2013,0,1027,1027
314740,2014,0,1029,1029
314740,2015,0,1001,1001
314740,2016,0,554,554
314740,2017,0,655,655
314740,2018,0,709,709
314740,2019,0,573,573
314740,2020,0,954,954
314740,2021,0,961,961
314750,1988,0,782,782
314750,1989,0,799,799
314750,1990,0,795,795
314750,1991,0,809,809
314750,1992,0,866,866
314750,1993,0,757,757
314750,1994,0,500,500
314750,1995,0,500,500
314750,1996,0,476,476
314750,1997,0,286,286
314750,1998,0,306,306
314750,1999,0,313,313
314750,2000,0,274,274
314750,2001,0,288,288
314750,2002,0,246,246
314750,2003,0,262,262
314750,2004,0,235,235
314750,2005,0,225,225
314750,2006,0,225,225
314750,2007,0,280,280
314750,2008,0,240,240
314750,2009,0,200,200
314750,2010,0,280,280
314750,2011,0,260,260
314750,2012,0,270,270
314750,2013,0,210,210
314750,2014,0,186,186
314750,2015,0,154,154
314750,2016,0,232,232
314750,2017,0,121,121
314750,2018,0,157,157
314750,2019,0,201,201
314750,2020,0,201,201
314750,2021,0,153,153
314760,1988,0,643,643
314760,1989,0,694,694
314760,1990,0,689,689
314760,1991,0,589,589
314760,1992,0,579,579
314760,1993,0,515,515
314760,1994,0,595,595
314760,1995,0,577,577
314760,1996,0,680,680
314760,1997,0,673,673
314760,1998,0,468,468
314760,1999,0,470,470
314760,2000,0,405,405
314760,2001,0,405,405
314760,2002,0,418,418
314760,2003,0,542,542
314760,2004,0,522,522
314760,2005,0,525,525
314760,2006,0,514,514
314760,2007,0,574,574
314760,2008,0,552,552
314760,2009,0,512,512
314760,2010,0,502,502
314760,2011,0,494,494
314760,2012,0,284,284
314760,2013,0,287,287
314760,2014,0,253,253
314760,2015,0,178,178
314760,2016,0,128,128
314760,2017,0,92,92
314760,2018,0,160,160
314760,2019,0,160,160
314760,2020,0,139,139
314760,2021,0,124,124
314770,1988,0,2546,2546
314770,1989,0,2492,2492
314770,1990,0,2437,2437
314770,1991,0,2369,2369
314770,1992,0,4471,4471
314770,1993,0,4421,4421
314770,1994,0,3819,3819
314770,1995,0,3503,3503
314770,1996,0,3902,3902
314770,1997,0,3390,3390
314770,1998,0,3349,3349
314770,1999,0,3249,3249
314770,2000,0,3249,3249
314770,2001,0,2675,2675
314770,2002,0,1550,1550
314770,2003,0,2325,2325
314770,2004,0,2325,2325
314770,2005,0,2308,2308
314770,2006,0,2212,2212
314770,2007,0,2706,2706
314770,2008,0,2844,2844
314770,2009,0,2185,2185
314770,2010,0,2185,2185
314770,2011,0,2226,2226
314770,2012,0,2221,2221
314770,2013,0,2203,2203
314770,2014,0,2244,2244
314770,2015,0,2239,2239
314770,2016,0,1383,1383
314770,2017,0,530,530
314770,2018,0,530,530
314770,2019,0,464,464
314770,2020,0,388,388
314770,2021,0,494,494
314780,1988,0,599,599
314780,1989,0,632,632
314780,1990,0,645,645
314780,1991,0,651,651
314780,1992,0,632,632
314780,1993,0,627,627
314780,1994,0,601,601
314780,1995,0,592,592
314780,1996,0,559,559
314780,1997,0,520,520
314780,1998,0,590,590
314780,1999,0,571,571
314780,2000,0,554,554
314780,2001,0,526,526
314780,2002,0,560,560
314780,2003,0,512,512
314780,2004,0,512,512
314780,2005,0,512,512
314780,2006,0,113,113
314780,2007,0,113,113
314780,2008,0,113,113
314780,2009,0,78,78
314780,2010,0,78,78
314780,2011,0,78,78
314780,2012,0,73,73
314780,2013,0,135,135
314780,2014,0,140,140
314780,2015,0,30,30
314780,2016,0,84,84
314780,2017,0,42,42
314780,2018,0,49,49
314780,2019,0,49,49
314780,2020,0,49,49
314780,2021,0,21,21
314790,1988,38,37998,37960
314790,1989,45,36225,36180
314790,1990,40,32757,32717
314790,1991,0,30517,30517
314790,1992,0,31307,31307
314790,1993,0,29724,29724
314790,1994,0,32165,32165
314790,1995,0,27608,27608
314790,1996,0,20908,20908
314790,1997,0,23600,23600
314790,1998,0,24135,24135
314790,1999,0,23683,23683
314790,2000,0,24832,24832
314790,2001,0,26840,26840
314790,2002,0,26839,26839
314790,2003,350,28415,28065
314790,2004,1050,31762,30712
314790,2005,800,29750,28950
314790,2006,600,27527,26927
314790,2007,0,20915,20915
314790,2008,0,23811,23811
314790,2009,0,22752,22752
314790,2010,0,24120,24120
314790,2011,300,26191,25891
314790,2012,750,23814,23064
314790,2013,1200,25898,24698
314790,2014,2400,25536,23136
314790,2015,3500,26458,22958
314790,2016,6000,31541,25541
314790,2017,6950,32286,25336
314790,2018,7000,33171,26171
314790,2019,9000,37211,28211
314790,2020,9500,36165,26665
314790,2021,14000,38509,24509
314800,1988,2000,58304,56304
314800,1989,2586,53376,50790
314800,1990,3000,55970,52970
314800,1991,1500,49468,47968
314800,1992,2500,50829,48329
314800,1993,2500,53147,50647
314800,1994,3200,49637,46437
314800,1995,4042,51355,47313
314800,1996,1436,21010,19574
314800,1997,2770,24669,21899
314800,1998,3500,27952,24452
314800,1999,3000,27318,24318
314800,2000,3000,24626,21626
314800,2001,3000,24367,21367
314800,2002,3300,25540,22240
314800,2003,3700,24563,20863
314800,2004,3800,25561,21761
314800,2005,4500,26896,22396
314800,2006,4500,27720,23220
314800,2007,4000,25727,21727
314800,2008,4000,30056,26056
314800,2009,5000,31530,26530
314800,2010,5500,31841,26341
314800,2011,4500,32549,28049
314800,2012,6500,29911,23411
314800,2013,8000,31125,23125
314800,2014,9000,31592,22592
314800,2015,9900,31109,21209
314800,2016,14000,35249,21249
314800,2017,22150,48158,26008
314800,2018,21000,47985,26985
314800,2019,21150,52707,31557
314800,2020,23000,54420,31420
314800,2021,24000,56482,32482
314810,1988,2200,36781,34581
314810,1989,1200,38282,37082
314810,1990,1100,31441,30341
314810,1991,1875,36527,34652
314810,1992,3900,37932,34032
314810,1993,3500,34167,30667
314810,1994,4000,40702,36702
314810,1995,4000,40632,36632
314810,1996,3597,37773,34176
314810,1997,3200,41821,38621
314810,1998,4700,43114,38414
314810,1999,4000,46775,42775
314810,2000,4000,49301,45301
314810,2001,5000,53991,48991
314810,2002,6000,52977,46977
314810,2003,7000,46411,39411
314810,2004,11137,52850,41713
314810,2005,11500,58372,46872
314810,2006,10000,58999,48999
314810,2007,9000,54995,45995
314810,2008,9000,55804,46804
314810,2009,10000,54580,44580
314810,2010,10000,58362,48362
314810,2011,10000,59269,49269
314810,2012,10000,59901,49901
314810,2013,10000,60765,50765
314810,2014,13000,66388,53388
314810,2015,12000,60311,48311
314810,2016,10000,65341,55341
314810,2017,16550,76080,59530
314810,2018,18000,88741,70741
314810,2019,20000,94851,74851
314810,2020,30000,110028,80028
314810,2021,30500,107561,77061
314820,1988,0,1228,1228
314820,1989,0,1059,1059
314820,1990,0,953,953
314820,1991,0,931,931
314820,1992,0,861,861
314820,1993,0,756,756
314820,1994,0,747,747
314820,1995,0,605,605
314820,1996,0,711,711
314820,1997,0,619,619
314820,1998,0,372,372
314820,1999,0,374,374
314820,2000,0,399,399
314820,2001,0,394,394
314820,2002,0,386,386
314820,2003,0,386,386
314820,2004,0,335,335
314820,2005,0,335,335
314820,2006,0,399,399
314820,2007,0,399,399
314820,2008,0,341,341
314820,2009,0,374,374
314820,2010,0,362,362
314820,2011,0,592,592
314820,2012,0,691,691
314820,2013,0,591,591
314820,2014,0,671,671
314820,2015,0,551,551
314820,2016,0,570,570
314820,2017,0,55,55
314820,2018,0,60,60
314820,2019,0,56,56
314820,2020,0,58,58
314820,2021,0,55,55
314830,1988,0,5639,5639
314830,1989,0,6382,6382
314830,1990,0,6602,6602
314830,1991,0,6093,6093
314830,1992,0,6058,6058
314830,1993,0,6053,6053
314830,1994,0,6695,6695
314830,1995,0,6035,6035
314830,1996,0,2810,2810
314830,1997,0,4760,4760
314830,1998,0,5568,5568
314830,1999,0,4889,4889
314830,2000,0,6228,6228
314830,2001,0,6138,6138
314830,2002,0,6138,6138
314830,2003,0,6168,6168
314830,2004,0,4149,4149
314830,2005,0,4281,4281
314830,2006,0,4252,4252
314830,2007,0,4301,4301
314830,2008,0,2600,2600
314830,2009,0,3600,3600
314830,2010,0,3603,3603
314830,2011,0,3123,3123
314830,2012,0,2537,2537
314830,2013,0,2529,2529
314830,2014,0,2437,2437
314830,2015,0,2434,2434
314830,2016,0,2070,2070
314830,2017,0,2591,2591
314830,2018,0,2799,2799
314830,2019,0,2496,2496
314830,2020,0,2509,2509
314830,2021,0,2474,2474
314840,1988,0,2985,2985
314840,1989,0,2318,2318
314840,1990,0,2314,2314
314840,1991,0,2478,2478
314840,1992,0,2507,2507
314840,1993,0,2261,2261
314840,1994,0,1682,1682
314840,1995,0,1417,1417
314840,1996,0,1564,1564
314840,1997,0,1243,1243
314840,1998,0,1260,1260
314840,1999,0,1276,1276
314840,2000,0,1388,1388
314840,2001,0,1389,1389
314840,2002,0,1415,1415
314840,2003,0,1696,1696
314840,2004,0,2007,2007
314840,2005,0,2014,2014
314840,2006,0,1812,1812
314840,2007,0,1627,1627
314840,2008,0,1528,1528
314840,2009,0,1353,1353
314840,2010,0,1235,1235
314840,2011,0,1428,1428
314840,2012,0,1102,1102
314840,2013,0,1402,1402
314840,2014,0,1135,1135
314840,2015,0,1096,1096
314840,2016,0,394,394
314840,2017,0,312,312
314840,2018,0,202,202
314840,2019,0,176,176
314840,2020,0,217,217
314840,2021,0,258,258
314850,1988,0,1002,1002
314850,1989,0,1222,1222
314850,1990,0,1052,1052
314850,1991,0,1002,1002
314850,1992,0,897,897
314850,1993,0,766,766
314850,1994,0,766,766
314850,1995,0,711,711
314850,1996,0,1303,1303
314850,1997,0,647,647
314850,1998,0,647,647
314850,1999,0,682,682
314850,2000,0,561,561
314850,2001,0,525,525
314850,2002,0,522,522
314850,2003,0,627,627
314850,2004,0,550,550
314850,2005,0,593,593
314850,2006,0,608,608
314850,2007,0,608,608
314850,2008,0,588,588
314850,2009,0,588,588
314850,2010,0,588,588
314850,2011,0,473,473
314850,2012,0,468,468
314850,2013,0,453,453
314850,2014,0,433,433
314850,2015,0,372,372
314850,2016,0,300,300
314850,2017,0,76,76
314850,2018,0,112,112
314850,2019,0,84,84
314850,2020,0,103,103
314850,2021,0,106,106
314860,1988,0,8806,8806
314860,1989,0,8652,8652
314860,1990,0,9000,9000
314860,1991,0,10924,10924
314860,1992,0,11099,11099
314860,1993,0,9679,9679
314860,1994,0,7863,7863
314860,1995,0,6352,6352
314860,1996,0,6153,6153
314860,1997,0,7575,7575
314860,1998,0,6763,6763
314860,1999,0,7576,7576
314860,2000,0,7563,7563
314860,2001,0,6320,6320
314860,2002,0,6888,6888
314860,2003,0,7444,7444
314860,2004,0,7327,7327
314860,2005,0,7036,7036
314860,2006,0,6455,6455
314860,2007,0,6029,6029
314860,2008,0,5376,5376
314860,2009,0,5148,5148
314860,2010,0,4823,4823
314860,2011,0,6651,6651
314860,2012,0,6659,6659
314860,2013,0,6650,6650
314860,2014,0,6444,6444
314860,2015,0,6308,6308
314860,2016,0,3726,3726
314860,2017,0,2312,2312
314860,2018,0,1901,1901
314860,2019,0,1397,1397
314860,2020,0,1352,1352
314860,2021,0,1343,1343
314870,1988,0,1429,1429
314870,1989,0,1461,1461
314870,1990,0,1511,1511
314870,1991,0,1511,1511
314870,1992,0,1511,1511
314870,1993,0,1511,1511
314870,1994,0,1511,1511
314870,1995,0,1511,1511
314870,1996,0,2132,2132
314870,1997,0,3175,3175
314870,1998,0,3232,3232
314870,1999,0,3198,3198
314870,2000,0,3198,3198
314870,2001,0,3112,3112
314870,2002,0,3365,3365
314870,2003,0,3061,3061
314870,2004,0,2711,2711
314870,2005,0,2841,2841
314870,2006,0,2933,2933
314870,2007,0,2494,2494
314870,2008,0,2494,2494
314870,2009,0,2461,2461
314870,2010,0,2456,2456
314870,2011,0,1682,1682
314870,2012,0,1840,1840
314870,2013,0,1885,1885
314870,2014,0,1872,1872
314870,2015,0,1629,1629
314870,2016,0,1355,1355
314870,2017,0,651,651
314870,2018,0,586,586
314870,2019,0,1307,1307
314870,2020,0,1035,1035
314870,2021,0,1102,1102
314880,1988,0,3087,3087
314880,1989,0,3244,3244
314880,1990,0,3128,3128
314880,1991,0,3114,3114
314880,1992,0,2850,2850
314880,1993,0,2395,2395
314880,1994,0,2395,2395
314880,1995,0,2197,2197
314880,1996,0,2523,2523
314880,1997,0,2620,2620
314880,1998,0,2776,2776
314880,1999,0,2503,2503
314880,2000,0,2478,2478
314880,2001,0,2038,2038
314880,2002,0,1882,1882
314880,2003,0,1882,1882
314880,2004,0,726,726
314880,2005,0,727,727
314880,2006,0,802,802
314880,2007,0,802,802
314880,2008,0,622,622
314880,2009,0,637,637
314880,2010,0,642,642
314880,2011,0,829,829
314880,2012,0,1170,1170
314880,2013,0,1313,1313
314880,2014,0,1163,1163
314880,2015,0,1121,1121
314880,2016,0,993,993
314880,2017,0,721,721
314880,2018,0,807,807
314880,2019,0,800,800
314880,2020,0,750,750
314880,2021,0,805,805
314890,1988,0,2801,2801
314890,1989,0,2864,2864
314890,1990,0,2947,2947
314890,1991,0,2581,2581
314890,1992,0,1551,1551
314890,1993,0,1602,1602
314890,1994,0,1668,1668
314890,1995,0,1525,1525
314890,1996,0,1374,1374
314890,1997,0,1046,1046
314890,1998,0,961,961
314890,1999,0,916,916
314890,2000,0,1124,1124
314890,2001,0,1144,1144
314890,2002,0,970,970
314890,2003,0,955,955
314890,2004,0,969,969
314890,2005,0,952,952
314890,2006,0,932,932
314890,2007,0,932,932
314890,2008,0,932,932
314890,2009,0,250,250
314890,2010,0,250,250
314890,2011,0,250,250
314890,2012,0,276,276
314890,2013,0,258,258
314890,2014,0,300,300
314890,2015,0,250,250
314890,2016,0,301,301
314890,2017,0,240,240
314890,2018,0,296,296
314890,2019,0,285,285
314890,2020,0,281,281
314890,2021,0,287,287
314900,1988,0,785,785
314900,1989,0,818,818
314900,1990,0,974,974
314900,1991,0,1039,1039
314900,1992,0,1115,1115
314900,1993,0,1162,1162
314900,1994,0,1180,1180
314900,1995,0,1203,1203
314900,1996,0,1336,1336
314900,1997,0,1329,1329
314900,1998,0,1251,1251
314900,1999,0,1256,1256
314900,2000,0,1089,1089
314900,2001,0,1044,1044
314900,2002,0,985,985
314900,2003,0,1116,1116
314900,2004,0,1201,1201
314900,2005,0,1288,1288
314900,2006,0,1366,1366
314900,2007,0,1475,1475
314900,2008,0,1739,1739
314900,2009,0,1776,1776
314900,2010,0,1771,1771
314900,2011,0,1612,1612
314900,2012,0,1561,1561
314900,2013,0,1693,1693
314900,2014,0,1608,1608
314900,2015,0,1702,1702
314900,2016,0,1570,1570
314900,2017,0,1526,1526
314900,2018,0,946,946
314900,2019,0,924,924
314900,2020,0,971,971
314900,2021,0,1059,1059
314910,1988,0,4911,4911
314910,1989,0,4603,4603
314910,1990,0,4599,4599
314910,1991,0,4658,4658
314910,1992,0,5583,5583
314910,1993,0,5583,5583
314910,1994,0,5900,5900
314910,1995,0,6105,6105
314910,1996,0,5591,5591
314910,1997,0,5169,5169
314910,1998,0,6036,6036
314910,1999,0,5368,5368
314910,2000,0,5093,5093
314910,2001,0,5093,5093
314910,2002,0,6101,6101
314910,2003,0,5694,5694
314910,2004,0,5689,5689
314910,2005,0,6129,6129
314910,2006,0,5894,5894
314910,2007,0,6167,6167
314910,2008,0,6297,6297
314910,2009,0,5927,5927
314910,2010,0,6461,6461
314910,2011,0,6059,6059
314910,2012,0,5448,5448
314910,2013,0,5600,5600
314910,2014,0,5823,5823
314910,2015,0,5704,5704
314910,2016,0,5962,5962
314910,2017,0,3136,3136
314910,2018,0,3760,3760
314910,2019,0,4250,4250
314910,2020,0,4351,4351
314910,2021,55,4453,4398
314920,1988,5800,8564,2764
314920,1989,5000,7660,2660
314920,1990,4800,7024,2224
314920,1991,8000,12357,4357
314920,1992,6000,10380,4380
314920,1993,5500,9881,4381
314920,1994,5800,9970,4170
314920,1995,5800,9780,3980
314920,1996,3478,9297,5819
314920,1997,3400,8349,4949
314920,1998,4500,8935,4435
314920,1999,5000,10186,5186
314920,2000,5000,9585,4585
314920,2001,5500,9996,4496
314920,2002,5500,10204,4704
314920,2003,6000,10974,4974
314920,2004,8000,12266,4266
314920,2005,8000,12534,4534
314920,2006,7500,12361,4861
314920,2007,7500,12566,5066
314920,2008,7500,12911,5411
314920,2009,7000,12861,5861
314920,2010,8000,13777,5777
314920,2011,8000,14240,6240
314920,2012,6000,13777,7777
314920,2013,7500,14572,7072
314920,2014,8500,16025,7525
314920,2015,8500,15877,7377
314920,2016,10000,17367,7367
314920,2017,5600,13264,7664
314920,2018,6500,15154,8654
314920,2019,9500,20467,10967
314920,2020,11200,22851,11651
314920,2021,11500,18437,6937
314930,1988,0,2205,2205
314930,1989,0,2267,2267
314930,1990,0,2769,2769
314930,1991,6,4228,4222
314930,1992,0,4525,4525
314930,1993,0,3413,3413
314930,1994,0,2898,2898
314930,1995,0,2898,2898
314930,1996,0,2888,2888
314930,1997,0,2864,2864
314930,1998,0,2849,2849
314930,1999,0,2383,2383
314930,2000,0,361,361
314930,2001,0,333,333
314930,2002,0,289,289
314930,2003,0,330,330
314930,2004,0,330,330
314930,2005,0,380,380
314930,2006,0,303,303
314930,2007,0,291,291
314930,2008,0,291,291
314930,2009,0,348,348
314930,2010,0,348,348
314930,2011,0,348,348
314930,2012,0,228,228
314930,2013,0,223,223
314930,2014,0,223,223
314930,2015,0,212,212
314930,2016,0,28,28
314930,2017,0,39,39
314930,2018,0,44,44
314930,2019,0,44,44
314930,2020,0,43,43
314930,2021,0,47,47
314940,1988,0,705,705
314940,1989,0,1113,1113
314940,1990,0,825,825
314940,1991,0,930,930
314940,1992,0,929,929
314940,1993,0,632,632
314940,1994,0,827,827
314940,1995,0,797,797
314940,1996,0,841,841
314940,1997,0,902,902
314940,1998,0,735,735
314940,1999,0,720,720
314940,2000,0,649,649
314940,2001,0,632,632
314940,2002,0,663,663
314940,2003,0,632,632
314940,2004,0,691,691
314940,2005,0,691,691
314940,2006,0,706,706
314940,2007,0,760,760
314940,2008,0,780,780
314940,2009,0,749,749
314940,2010,0,674,674
314940,2011,0,422,422
314940,2012,0,385,385
314940,2013,0,343,343
314940,2014,0,353,353
314940,2015,0,166,166
314940,2016,0,98,98
314940,2017,0,64,64
314940,2018,0,61,61
314940,2019,0,63,63
314940,2020,0,80,80
314940,2021,0,91,91
314950,1988,0,220,220
314950,1989,0,240,240
314950,1990,0,204,204
314950,1991,0,196,196
314950,1992,0,168,168
314950,1993,0,208,208
314950,1994,0,378,378
314950,1995,0,316,316
314950,1996,0,310,310
314950,1997,0,316,316
314950,1998,0,289,289
314950,1999,0,269,269
314950,2000,0,289,289
314950,2001,0,167,167
314950,2002,0,171,171
314950,2003,0,161,161
314950,2004,0,174,174
314950,2005,0,164,164
314950,2006,0,155,155
314950,2007,0,174,174
314950,2008,0,167,167
314950,2009,0,150,150
314950,2010,0,135,135
314950,2011,0,105,105
314950,2012,0,78,78
314950,2013,0,103,103
314950,2014,0,88,88
314950,2015,0,94,94
314950,2016,0,101,101
314950,2017,0,91,91
314950,2018,0,44,44
314950,2019,0,41,41
314950,2020,0,24,24
314950,2021,0,17,17
314960,1988,0,1431,1431
314960,1989,20,1477,1457
314960,1990,20,1393,1373
314960,1991,20,1757,1737
314960,1992,0,1838,1838
314960,1993,0,2094,2094
314960,1994,0,1704,1704
314960,1995,0,1637,1637
314960,1996,0,936,936
314960,1997,0,936,936
314960,1998,0,1170,1170
314960,1999,0,1267,1267
314960,2000,0,804,804
314960,2001,0,604,604
314960,2002,0,631,631
314960,2003,0,744,744
314960,2004,0,783,783
314960,2005,0,826,826
314960,2006,0,833,833
314960,2007,0,833,833
314960,2008,0,838,838
314960,2009,0,557,557
314960,2010,0,557,557
314960,2011,0,557,557
314960,2012,0,545,545
314960,2013,0,679,679
314960,2014,0,734,734
314960,2015,0,520,520
314960,2016,0,289,289
314960,2017,0,172,172
314960,2018,0,180,180
314960,2019,0,161,161
314960,2020,0,174,174
314960,2021,0,203,203
314970,1988,0,1081,1081
314970,1989,0,1131,1131
314970,1990,0,1105,1105
314970,1991,0,1815,1815
314970,1992,0,1445,1445
314970,1993,0,1610,1610
314970,1994,0,1983,1983
314970,1995,0,1912,1912
314970,1996,0,1984,1984
314970,1997,0,922,922
314970,1998,0,1025,1025
314970,1999,0,985,985
314970,2000,0,1019,1019
314970,2001,0,1054,1054
314970,2002,0,965,965
314970,2003,0,1055,1055
314970,2004,0,1062,1062
314970,2005,0,1102,1102
314970,2006,0,939,939
314970,2007,0,939,939
314970,2008,0,939,939
314970,2009,0,1115,1115
314970,2010,0,1115,1115
314970,2011,0,1115,1115
314970,2012,0,1265,1265
314970,2013,0,972,972
314970,2014,0,1262,1262
314970,2015,0,1220,1220
314970,2016,0,822,822
314970,2017,0,205,205
314970,2018,0,241,241
314970,2019,0,234,234
314970,2020,0,232,232
314970,2021,0,206,206
314980,1988,8300,26443,18143
314980,1989,8000,26101,18101
314980,1990,8000,24573,16573
314980,1991,11500,34761,23261
314980,1992,11800,33746,21946
314980,1993,13000,36491,23491
314980,1994,19400,42116,22716
314980,1995,19010,41440,22430
314980,1996,13620,39148,25528
314980,1997,15000,37052,22052
314980,1998,15500,38471,22971
314980,1999,18000,42571,24571
314980,2000,18000,45680,27680
314980,2001,26000,58415,32415
314980,2002,30000,69716,39716
314980,2003,33500,77854,44354
314980,2004,35500,83343,47843
314980,2005,33500,78793,45293
314980,2006,29000,67106,38106
314980,2007,26500,69387,42887
314980,2008,26500,75755,49255
314980,2009,23000,74409,51409
314980,2010,24500,74745,50245
314980,2011,23000,89363,66363
314980,2012,22000,97106,75106
314980,2013,25000,101348,76348
314980,2014,28000,97063,69063
314980,2015,28000,97355,69355
314980,2016,29000,91287,62287
314980,2017,32540,87586,55046
314980,2018,33000,94344,61344
314980,2019,29000,101824,72824
314980,2020,38000,136608,98608
314980,2021,43000,134181,91181
314990,1988,13,7410,7397
314990,1989,0,6987,6987
314990,1990,0,6764,6764
314990,1991,0,6741,6741
314990,1992,0,6341,6341
314990,1993,0,6343,6343
314990,1994,0,5542,5542
314990,1995,0,5142,5142
314990,1996,0,5104,5104
314990,1997,0,5521,5521
314990,1998,0,5772,5772
314990,1999,0,5827,5827
314990,2000,0,5751,5751
314990,2001,0,6637,6637
314990,2002,0,7165,7165
314990,2003,0,6756,6756
314990,2004,0,7051,7051
314990,2005,0,7440,7440
314990,2006,0,7870,7870
314990,2007,0,7840,7840
314990,2008,0,7743,7743
314990,2009,0,7638,7638
314990,2010,0,7058,7058
314990,2011,0,8330,8330
314990,2012,0,7320,7320
314990,2013,0,6817,6817
314990,2014,0,6039,6039
314990,2015,0,5887,5887
314990,2016,0,6021,6021
314990,2017,0,3596,3596
314990,2018,0,4956,4956
314990,2019,0,4631,4631
314990,2020,0,4953,4953
314990,2021,350,4338,3988
315000,1988,0,2168,2168
315000,1989,0,2214,2214
315000,1990,0,923,923
315000,1991,0,947,947
315000,1992,0,826,826
315000,1993,0,574,574
315000,1994,0,538,538
315000,1995,0,423,423
315000,1996,0,681,681
315000,1997,0,528,528
315000,1998,0,146,146
315000,1999,0,190,190
315000,2000,0,686,686
315000,2001,0,520,520
315000,2002,0,399,399
315000,2003,0,813,813
315000,2004,0,891,891
315000,2005,0,720,720
315000,2006,0,988,988
315000,2007,0,966,966
315000,2008,0,713,713
315000,2009,0,403,403
315000,2010,0,534,534
315000,2011,0,348,348
315000,2012,0,322,322
315000,2013,0,179,179
315000,2014,0,140,140
315000,2015,0,143,143
315000,2016,0,148,148
315000,2017,0,31,31
315000,2018,0,24,24
315000,2019,0,30,30
315000,2020,0,36,36
315000,2021,0,39,39
315010,1988,0,2177,2177
315010,1989,0,2380,2380
315010,1990,0,2023,2023
315010,1991,0,2005,2005
315010,1992,0,1705,1705
315010,1993,0,2107,2107
315010,1994,0,1989,1989
315010,1995,0,1989,1989
315010,1996,0,1692,1692
315010,1997,0,1698,1698
315010,1998,0,1557,1557
315010,1999,0,1107,1107
315010,2000,0,956,956
315010,2001,0,956,956
315010,2002,0,996,996
315010,2003,0,995,995
315010,2004,0,1169,1169
315010,2005,0,1204,1204
315010,2006,0,1219,1219
315010,2007,0,1314,1314
315010,2008,0,1408,1408
315010,2009,0,1367,1367
315010,2010,0,1367,1367
315010,2011,0,1354,1354
315010,2012,0,1355,1355
315010,2013,0,1368,1368
315010,2014,0,1253,1253
315010,2015,0,1450,1450
315010,2016,0,1376,1376
315010,2017,0,1121,1121
315010,2018,0,1041,1041
315010,2019,0,997,997
315010,2020,0,1082,1082
315010,2021,0,1148,1148
315020,1988,0,4397,4397
315020,1989,0,3549,3549
315020,1990,0,2662,2662
315020,1991,0,2376,2376
315020,1992,0,2346,2346
315020,1993,0,2256,2256
315020,1994,0,2366,2366
315020,1995,0,2399,2399
315020,1996,0,2400,2400
315020,1997,0,2518,2518
315020,1998,0,2518,2518
315020,1999,0,2462,2462
315020,2000,0,2524,2524
315020,2001,0,2495,2495
315020,2002,0,2553,2553
315020,2003,0,2584,2584
315020,2004,0,2550,2550
315020,2005,0,2274,2274
315020,2006,0,2296,2296
315020,2007,0,2296,2296
315020,2008,0,2303,2303
315020,2009,0,2302,2302
315020,2010,0,2302,2302
315020,2011,0,2410,2410
315020,2012,0,2410,2410
315020,2013,0,2422,2422
315020,2014,0,1288,1288
315020,2015,0,1073,1073
315020,2016,0,1069,1069
315020,2017,0,1202,1202
315020,2018,0,1127,1127
315020,2019,0,1142,1142
315020,2020,0,1191,1191
315020,2021,0,1040,1040
315030,1988,0,1531,1531
315030,1989,0,1649,1649
315030,1990,0,1649,1649
315030,1991,0,1600,1600
315030,1992,0,1605,1605
315030,1993,0,1573,1573
315030,1994,0,1533,1533
315030,1995,0,1522,1522
315030,1996,0,1515,1515
315030,1997,0,1599,1599
315030,1998,0,1657,1657
315030,1999,0,1587,1587
315030,2000,0,1585,1585
315030,2001,0,1566,1566
315030,2002,0,1372,1372
315030,2003,0,1354,1354
315030,2004,150,3944,3794
315030,2005,150,4011,3861
315030,2006,450,4152,3702
315030,2007,0,3705,3705
315030,2008,0,3230,3230
315030,2009,0,3331,3331
315030,2010,70,2274,2204
315030,2011,300,2484,2184
315030,2012,50,2864,2814
315030,2013,300,2884,2584
315030,2014,600,6303,5703
315030,2015,1500,7986,6486
315030,2016,3000,9386,6386
315030,2017,480,2233,1753
315030,2018,500,2511,2011
315030,2019,600,3176,2576
315030,2020,700,3685,2985
315030,2021,1200,5445,4245
315040,1988,0,2856,2856
315040,1989,0,1386,1386
315040,1990,0,1373,1373
315040,1991,0,1413,1413
315040,1992,3,1365,1362
315040,1993,3,1343,1340
315040,1994,3,1725,1722
315040,1995,3,1724,1721
315040,1996,3,1684,1681
315040,1997,2,1387,1385
315040,1998,1,2459,2458
315040,1999,1,2452,2451
315040,2000,1,778,777
315040,2001,1,824,823
315040,2002,0,565,565
315040,2003,0,505,505
315040,2004,0,827,827
315040,2005,0,827,827
315040,2006,0,827,827
315040,2007,0,731,731
315040,2008,0,731,731
315040,2009,0,1278,1278
315040,2010,0,1273,1273
315040,2011,0,1289,1289
315040,2012,0,984,984
315040,2013,0,941,941
315040,2014,0,1016,1016
315040,2015,0,971,971
315040,2016,0,1277,1277
315040,2017,0,1175,1175
315040,2018,0,1349,1349
315040,2019,0,1314,1314
315040,2020,0,1349,1349
315040,2021,0,1340,1340
315050,1988,50,6740,6690
315050,1989,0,6632,6632
315050,1990,0,5332,5332
315050,1991,0,4788,4788
315050,1992,0,3433,3433
315050,1993,0,3538,3538
315050,1994,6,4457,4451
315050,1995,0,3008,3008
315050,1996,0,4452,4452
315050,1997,0,3611,3611
315050,1998,0,3452,3452
315050,1999,0,5313,5313
315050,2000,0,6404,6404
315050,2001,0,6685,6685
315050,2002,0,8296,8296
315050,2003,300,8744,8444
315050,2004,150,7772,7622
315050,2005,100,7549,7449
315050,2006,120,7275,7155
315050,2007,50,6558,6508
315050,2008,0,7014,7014
315050,2009,0,7008,7008
315050,2010,0,6440,6440
315050,2011,0,5838,5838
315050,2012,0,6257,6257
315050,2013,250,7197,6947
315050,2014,1500,9219,7719
315050,2015,500,7542,7042
315050,2016,2400,9430,7030
315050,2017,3360,9822,6462
315050,2018,3500,11114,7614
315050,2019,3400,11155,7755
315050,2020,5800,12746,6946
315050,2021,7000,15552,8552
315060,1988,0,2481,2481
315060,1989,0,2432,2432
315060,1990,0,2371,2371
315060,1991,0,2331,2331
315060,1992,0,5296,5296
315060,1993,0,7022,7022
315060,1994,0,4505,4505
315060,1995,0,5955,5955
315060,1996,0,2548,2548
315060,1997,0,4487,4487
315060,1998,0,4568,4568
315060,1999,0,3873,3873
315060,2000,0,4052,4052
315060,2001,0,3386,3386
315060,2002,0,3217,3217
315060,2003,0,5682,5682
315060,2004,0,5432,5432
315060,2005,0,4066,4066
315060,2006,0,5472,5472
315060,2007,0,3797,3797
315060,2008,0,5351,5351
315060,2009,0,5025,5025
315060,2010,0,5055,5055
315060,2011,0,4820,4820
315060,2012,0,3638,3638
315060,2013,0,4782,4782
315060,2014,0,4967,4967
315060,2015,0,5122,5122
315060,2016,0,1697,1697
315060,2017,0,258,258
315060,2018,0,256,256
315060,2019,0,515,515
315060,2020,0,470,470
315060,2021,0,426,426
315070,1988,3000,12550,9550
315070,1989,11000,24440,13440
315070,1990,9536,18691,9155
315070,1991,5600,15160,9560
315070,1992,6460,18860,12400
315070,1993,6780,17985,11205
315070,1994,6440,20600,14160
315070,1995,200,13041,12841
315070,1996,14000,30670,16670
315070,1997,8000,19090,11090
315070,1998,6000,14132,8132
315070,1999,6570,17516,10946
315070,2000,11000,20153,9153
315070,2001,10500,27101,16601
315070,2002,11000,22129,11129
315070,2003,11000,19510,8510
315070,2004,11200,20250,9050
315070,2005,11250,19401,8151
315070,2006,8000,23080,15080
315070,2007,10000,24100,14100
315070,2008,5000,23650,18650
315070,2009,6000,23262,17262
315070,2010,6000,22114,16114
315070,2011,5500,24680,19180
315070,2012,5500,23480,17980
315070,2013,4800,26500,21700
315070,2014,5400,25314,19914
315070,2015,9000,29594,20594
315070,2016,9000,27454,18454
315070,2017,11000,30170,19170
315070,2018,11500,30860,19360
315070,2019,11600,30960,19360
315070,2020,11500,30800,19300
315070,2021,12000,30150,18150
315080,1988,0,7506,7506
315080,1989,0,6526,6526
315080,1990,0,6486,6486
315080,1991,0,6460,6460
315080,1992,0,6131,6131
315080,1993,0,5285,5285
315080,1994,0,5520,5520
315080,1995,0,5666,5666
315080,1996,0,4900,4900
315080,1997,0,5491,5491
315080,1998,0,5443,5443
315080,1999,0,4437,4437
315080,2000,0,5557,5557
315080,2001,0,5702,5702
315080,2002,0,5898,5898
315080,2003,0,5892,5892
315080,2004,0,6660,6660
315080,2005,0,6660,6660
315080,2006,0,6660,6660
315080,2007,0,6690,6690
315080,2008,0,6190,6190
315080,2009,0,5943,5943
315080,2010,0,5943,5943
315080,2011,0,4643,4643
315080,2012,0,4520,4520
315080,2013,0,4518,4518
315080,2014,0,5228,5228
315080,2015,0,4452,4452
315080,2016,0,3421,3421
315080,2017,0,3192,3192
315080,2018,0,2729,2729
315080,2019,0,2399,2399
315080,2020,0,2423,2423
315080,2021,0,2048,2048
315090,1988,0,908,908
315090,1989,0,871,871
315090,1990,0,720,720
315090,1991,0,643,643
315090,1992,0,814,814
315090,1993,0,732,732
315090,1994,0,905,905
315090,1995,0,931,931
315090,1996,0,903,903
315090,1997,0,856,856
315090,1998,0,659,659
315090,1999,0,817,817
315090,2000,0,870,870
315090,2001,0,931,931
315090,2002,0,1007,1007
315090,2003,0,1201,1201
315090,2004,0,1158,1158
315090,2005,0,1238,1238
315090,2006,0,1110,1110
315090,2007,0,1127,1127
315090,2008,0,1147,1147
315090,2009,0,1147,1147
315090,2010,0,1150,1150
315090,2011,0,1011,1011
315090,2012,0,1011,1011
315090,2013,0,1006,1006
315090,2014,0,1041,1041
315090,2015,0,1029,1029
315090,2016,0,1014,1014
315090,2017,0,385,385
315090,2018,0,502,502
315090,2019,0,712,712
315090,2020,0,714,714
315090,2021,0,671,671
315100,1988,0,3024,3024
315100,1989,0,3184,3184
315100,1990,0,2429,2429
315100,1991,0,2263,2263
315100,1992,0,2221,2221
315100,1993,0,2294,2294
315100,1994,0,2275,2275
315100,1995,0,2234,2234
315100,1996,0,2166,2166
315100,1997,0,2050,2050
315100,1998,0,1776,1776
315100,1999,0,1826,1826
315100,2000,0,1851,1851
315100,2001,0,1876,1876
315100,2002,0,2022,2022
315100,2003,0,1818,1818
315100,2004,0,1938,1938
315100,2005,0,1938,1938
315100,2006,0,1615,1615
315100,2007,0,1496,1496
315100,2008,0,1119,1119
315100,2009,0,1119,1119
315100,2010,0,1019,1019
315100,2011,0,936,936
315100,2012,0,944,944
315100,2013,0,937,937
315100,2014,0,953,953
315100,2015,0,945,945
315100,2016,56,952,896
315100,2017,0,534,534
315100,2018,20,725,705
315100,2019,56,761,705
315100,2020,0,699,699
315100,2021,0,603,603
315110,1988,0,834,834
315110,1989,0,776,776
315110,1990,0,694,694
315110,1991,0,625,625
315110,1992,0,629,629
315110,1993,0,711,711
315110,1994,0,631,631
315110,1995,0,661,661
315110,1996,0,522,522
315110,1997,0,432,432
315110,1998,0,336,336
315110,1999,0,274,274
315110,2000,0,249,249
315110,2001,0,231,231
315110,2002,0,231,231
315110,2003,0,245,245
315110,2004,0,250,250
315110,2005,0,252,252
315110,2006,0,232,232
315110,2007,0,232,232
315110,2008,0,242,242
315110,2009,0,242,242
315110,2010,0,233,233
315110,2011,0,233,233
315110,2012,0,221,221
315110,2013,0,226,226
315110,2014,0,241,241
315110,2015,0,216,216
315110,2016,0,186,186
315110,2017,0,185,185
315110,2018,0,183,183
315110,2019,0,172,172
315110,2020,0,223,223
315110,2021,0,187,187
315120,1988,0,2821,2821
315120,1989,36,1754,1718
315120,1990,0,1201,1201
315120,1991,0,1106,1106
315120,1992,0,1725,1725
315120,1993,0,2009,2009
315120,1994,0,1818,1818
315120,1995,0,1901,1901
315120,1996,0,1237,1237
315120,1997,0,1493,1493
315120,1998,0,1389,1389
315120,1999,0,1067,1067
315120,2000,0,1243,1243
315120,2001,0,1114,1114
315120,2002,0,1106,1106
315120,2003,0,1374,1374
315120,2004,0,1219,1219
315120,2005,0,1519,1519
315120,2006,0,1544,1544
315120,2007,0,1872,1872
315120,2008,0,1923,1923
315120,2009,0,1896,1896
315120,2010,0,2006,2006
315120,2011,0,1821,1821
315120,2012,0,1937,1937
315120,2013,0,2056,2056
315120,2014,0,2194,2194
315120,2015,0,2428,2428
315120,2016,0,2288,2288
315120,2017,360,3197,2837
315120,2018,360,3326,2966
315120,2019,0,3927,3927
315120,2020,0,3841,3841
315120,2021,400,3341,2941
315130,1988,0,3594,3594
315130,1989,0,3620,3620
315130,1990,0,3584,3584
315130,1991,0,3858,3858
315130,1992,0,3127,3127
315130,1993,0,2856,2856
315130,1994,0,3036,3036
315130,1995,0,2925,2925
315130,1996,0,1621,1621
315130,1997,0,1559,1559
315130,1998,0,1293,1293
315130,1999,0,1308,1308
315130,2000,0,1298,1298
315130,2001,0,1298,1298
315130,2002,0,1036,1036
315130,2003,0,1296,1296
315130,2004,0,692,692
315130,2005,0,686,686
315130,2006,0,620,620
315130,2007,0,580,580
315130,2008,0,627,627
315130,2009,0,639,639
315130,2010,0,639,639
315130,2011,0,639,639
315130,2012,0,451,451
315130,2013,0,417,417
315130,2014,0,316,316
315130,2015,0,380,380
315130,2016,0,357,357
315130,2017,0,576,576
315130,2018,0,487,487
315130,2019,0,520,520
315130,2020,0,524,524
315130,2021,0,552,552
315140,1988,0,1253,1253
315140,1989,0,2999,2999
315140,1990,0,3048,3048
315140,1991,30,2995,2965
315140,1992,40,3366,3326
315140,1993,60,3939,3879
315140,1994,60,3904,3844
315140,1995,40,3579,3539
315140,1996,15,1732,1717
315140,1997,15,1738,1723
315140,1998,0,2039,2039
315140,1999,0,1775,1775
315140,2000,0,1700,1700
315140,2001,0,1653,1653
315140,2002,0,1610,1610
315140,2003,0,1918,1918
315140,2004,0,1987,1987
315140,2005,0,2008,2008
315140,2006,0,2002,2002
315140,2007,0,2000,2000
315140,2008,0,2000,2000
315140,2009,0,1995,1995
315140,2010,0,2095,2095
315140,2011,0,1995,1995
315140,2012,0,2022,2022
315140,2013,0,2316,2316
315140,2014,0,2229,2229
315140,2015,0,1677,1677
315140,2016,0,1935,1935
315140,2017,0,1037,1037
315140,2018,0,1146,1146
315140,2019,0,1471,1471
315140,2020,0,1584,1584
315140,2021,0,1595,1595
315150,1988,0,11312,11312
315150,1989,0,11758,11758
315150,1990,0,10122,10122
315150,1991,0,8848,8848
315150,1992,0,8484,8484
315150,1993,50,7945,7895
315150,1994,44,9004,8960
315150,1995,0,10310,10310
315150,1996,0,9985,9985
315150,1997,0,10858,10858
315150,1998,0,13211,13211
315150,1999,0,14961,14961
315150,2000,0,17489,17489
315150,2001,0,17553,17553
315150,2002,0,18600,18600
315150,2003,100,19936,19836
315150,2004,765,21146,20381
315150,2005,550,21304,20754
315150,2006,0,18394,18394
315150,2007,140,19459,19319
315150,2008,0,19288,19288
315150,2009,190,18821,18631
315150,2010,80,18778,18698
315150,2011,60,18748,18688
315150,2012,60,19393,19333
315150,2013,180,20824,20644
315150,2014,900,22998,22098
315150,2015,600,21470,20870
315150,2016,1300,23642,22342
315150,2017,1820,17539,15719
315150,2018,2000,20659,18659
315150,2019,2980,26563,23583
315150,2020,6800,29936,23136
315150,2021,9000,33153,24153
315160,1988,9290,13972,4682
315160,1989,10430,14453,4023
315160,1990,9886,13725,3839
315160,1991,9890,14936,5046
315160,1992,5120,10710,5590
315160,1993,5610,10244,4634
315160,1994,5220,9798,4578
315160,1995,14000,27041,13041
315160,1996,14000,26116,12116
315160,1997,8500,20667,12167
315160,1998,8500,12553,4053
315160,1999,15730,31188,15458
315160,2000,14000,26215,12215
315160,2001,15001,34532,19531
315160,2002,14634,29567,14933
315160,2003,15000,28174,13174
315160,2004,19000,29474,10474
315160,2005,18000,28724,10724
315160,2006,14000,26374,12374
315160,2007,9000,22174,13174
315160,2008,8000,21375,13375
315160,2009,5500,17637,12137
315160,2010,5500,16513,11013
315160,2011,4800,16476,11676
315160,2012,4800,16780,11980
315160,2013,450,14398,13948
315160,2014,950,13960,13010
315160,2015,1100,17080,15980
315160,2016,8000,22882,14882
315160,2017,9420,27727,18307
315160,2018,9500,29240,19740
315160,2019,7850,27950,20100
315160,2020,12000,32558,20558
315160,2021,12300,30319,18019
315170,1988,0,7622,7622
315170,1989,0,10064,10064
315170,1990,0,9021,9021
315170,1991,0,8942,8942
315170,1992,0,8262,8262
315170,1993,0,8143,8143
315170,1994,0,8129,8129
315170,1995,0,8091,8091
315170,1996,0,6539,6539
315170,1997,0,7379,7379
315170,1998,0,9746,9746
315170,1999,0,9924,9924
315170,2000,0,7591,7591
315170,2001,0,9020,9020
315170,2002,0,8523,8523
315170,2003,50,8819,8769
315170,2004,0,8752,8752
315170,2005,0,8549,8549
315170,2006,0,8832,8832
315170,2007,0,8446,8446
315170,2008,0,7237,7237
315170,2009,0,7609,7609
315170,2010,0,6972,6972
315170,2011,0,7478,7478
315170,2012,0,7393,7393
315170,2013,0,7529,7529
315170,2014,0,7688,7688
315170,2015,0,7437,7437
315170,2016,0,7481,7481
315170,2017,0,8624,8624
315170,2018,0,9697,9697
315170,2019,12,9495,9483
315170,2020,0,9231,9231
315170,2021,40,11014,10974
315180,1988,0,7543,7543
315180,1989,0,9045,9045
315180,1990,0,9310,9310
315180,1991,0,9541,9541
315180,1992,0,9595,9595
315180,1993,0,9051,9051
315180,1994,0,8950,8950
315180,1995,0,9037,9037
315180,1996,0,6227,6227
315180,1997,0,7333,7333
315180,1998,0,7806,7806
315180,1999,0,7812,7812
315180,2000,0,7840,7840
315180,2001,0,7708,7708
315180,2002,0,8019,8019
315180,2003,0,7890,7890
315180,2004,0,8878,8878
315180,2005,0,8159,8159
315180,2006,0,8577,8577
315180,2007,0,8208,8208
315180,2008,0,6948,6948
315180,2009,0,6651,6651
315180,2010,0,6665,6665
315180,2011,0,6825,6825
315180,2012,0,6780,6780
315180,2013,0,6637,6637
315180,2014,0,6047,6047
315180,2015,0,6523,6523
315180,2016,0,6507,6507
315180,2017,70,4327,4257
315180,2018,70,4841,4771
315180,2019,300,5030,4730
315180,2020,250,5548,5298
315180,2021,250,5648,5398
315190,1988,0,6590,6590
315190,1989,0,6590,6590
315190,1990,0,6279,6279
315190,1991,0,6285,6285
315190,1992,0,6159,6159
315190,1993,0,6155,6155
315190,1994,0,5235,5235
315190,1995,0,6080,6080
315190,1996,0,4242,4242
315190,1997,0,4399,4399
315190,1998,0,4542,4542
315190,1999,0,5983,5983
315190,2000,0,5959,5959
315190,2001,0,6050,6050
315190,2002,0,5518,5518
315190,2003,0,4548,4548
315190,2004,0,4612,4612
315190,2005,0,4558,4558
315190,2006,0,4361,4361
315190,2007,0,3237,3237
315190,2008,0,2237,2237
315190,2009,0,2412,2412
315190,2010,0,1717,1717
315190,2011,0,1582,1582
315190,2012,0,1529,1529
315190,2013,0,1454,1454
315190,2014,0,1659,1659
315190,2015,0,916,916
315190,2016,0,1052,1052
315190,2017,0,1294,1294
315190,2018,0,829,829
315190,2019,0,787,787
315190,2020,0,833,833
315190,2021,0,863,863
315200,1988,0,8426,8426
315200,1989,0,7731,7731
315200,1990,0,6714,6714
315200,1991,0,7438,7438
315200,1992,0,7974,7974
315200,1993,0,7830,7830
315200,1994,0,9249,9249
315200,1995,30,10295,10265
315200,1996,0,12491,12491
315200,1997,0,11659,11659
315200,1998,30,11400,11370
315200,1999,20,13957,13937
315200,2000,0,13392,13392
315200,2001,0,12105,12105
315200,2002,0,10486,10486
315200,2003,0,10592,10592
315200,2004,1020,12035,11015
315200,2005,0,11058,11058
315200,2006,0,11311,11311
315200,2007,0,11497,11497
315200,2008,0,11497,11497
315200,2009,0,15142,15142
315200,2010,0,15147,15147
315200,2011,0,15637,15637
315200,2012,0,16363,16363
315200,2013,330,17508,17178
315200,2014,450,18351,17901
315200,2015,430,17491,17061
315200,2016,630,17830,17200
315200,2017,890,20997,20107
315200,2018,1400,21426,20026
315200,2019,1430,20883,19453
315200,2020,1330,22230,20900
315200,2021,1430,23897,22467
315210,1988,0,10785,10785
315210,1989,0,10261,10261
315210,1990,0,9712,9712
315210,1991,0,9593,9593
315210,1992,0,9404,9404
315210,1993,0,10454,10454
315210,1994,0,10760,10760
315210,1995,0,10816,10816
315210,1996,0,10815,10815
315210,1997,0,9248,9248
315210,1998,0,10147,10147
315210,1999,0,10008,10008
315210,2000,0,9997,9997
315210,2001,0,8839,8839
315210,2002,0,8964,8964
315210,2003,0,8608,8608
315210,2004,0,7933,7933
315210,2005,0,8613,8613
315210,2006,0,6993,6993
315210,2007,0,6994,6994
315210,2008,0,6827,6827
315210,2009,0,6169,6169
315210,2010,0,4544,4544
315210,2011,0,6366,6366
315210,2012,0,5600,5600
315210,2013,0,6198,6198
315210,2014,0,5718,5718
315210,2015,0,5109,5109
315210,2016,0,3455,3455
315210,2017,0,2821,2821
315210,2018,0,2858,2858
315210,2019,0,2827,2827
315210,2020,0,2952,2952
315210,2021,0,2557,2557
315220,1988,0,40053,40053
315220,1989,0,26909,26909
315220,1990,0,26708,26708
315220,1991,0,29525,29525
315220,1992,0,27104,27104
315220,1993,0,23977,23977
315220,1994,0,22450,22450
315220,1995,0,18235,18235
315220,1996,5,13297,13292
315220,1997,0,10391,10391
315220,1998,0,10105,10105
315220,1999,0,11761,11761
315220,2000,0,15388,15388
315220,2001,0,12170,12170
315220,2002,0,11861,11861
315220,2003,0,12471,12471
315220,2004,0,15205,15205
315220,2005,0,13964,13964
315220,2006,0,16679,16679
315220,2007,0,15629,15629
315220,2008,0,13738,13738
315220,2009,0,13450,13450
315220,2010,0,13843,13843
315220,2011,0,13356,13356
315220,2012,0,12241,12241
315220,2013,0,12455,12455
315220,2014,0,10252,10252
315220,2015,0,9473,9473
315220,2016,0,9751,9751
315220,2017,0,7968,7968
315220,2018,0,6215,6215
315220,2019,0,6625,6625
315220,2020,0,6316,6316
315220,2021,0,5514,5514
315230,1988,0,7808,7808
315230,1989,0,8002,8002
315230,1990,0,7727,7727
315230,1991,0,7723,7723
315230,1992,0,5991,5991
315230,1993,0,5989,5989
315230,1994,0,5418,5418
315230,1995,0,5216,5216
315230,1996,0,4293,4293
315230,1997,0,4423,4423
315230,1998,0,4348,4348
315230,1999,0,3453,3453
315230,2000,0,4193,4193
315230,2001,0,4293,4293
315230,2002,0,3563,3563
315230,2003,0,3571,3571
315230,2004,0,4105,4105
315230,2005,0,4105,4105
315230,2006,0,4105,4105
315230,2007,0,3967,3967
315230,2008,0,3413,3413
315230,2009,0,3683,3683
315230,2010,0,3683,3683
315230,2011,0,3643,3643
315230,2012,0,3542,3542
315230,2013,0,3459,3459
315230,2014,0,3074,3074
315230,2015,0,3052,3052
315230,2016,0,3165,3165
315230,2017,0,2603,2603
315230,2018,0,2359,2359
315230,2019,0,2166,2166
315230,2020,0,2214,2214
315230,2021,0,2450,2450
315240,1988,0,3708,3708
315240,1989,0,4966,4966
315240,1990,0,5116,5116
315240,1991,0,5298,5298
315240,1992,0,5062,5062
315240,1993,0,4276,4276
315240,1994,0,3989,3989
315240,1995,0,2773,2773
315240,1996,0,2897,2897
315240,1997,0,1768,1768
315240,1998,0,1777,1777
315240,1999,0,1836,1836
315240,2000,0,2265,2265
315240,2001,0,2242,2242
315240,2002,0,2208,2208
315240,2003,0,2604,2604
315240,2004,0,2044,2044
315240,2005,0,987,987
315240,2006,0,1496,1496
315240,2007,0,1386,1386
315240,2008,0,1286,1286
315240,2009,0,1286,1286
315240,2010,0,1326,1326
315240,2011,0,1257,1257
315240,2012,0,1196,1196
315240,2013,0,1033,1033
315240,2014,0,993,993
315240,2015,0,923,923
315240,2016,0,590,590
315240,2017,0,1264,1264
315240,2018,0,1415,1415
315240,2019,0,1350,1350
315240,2020,0,1309,1309
315240,2021,0,1215,1215
315250,1988,0,4834,4834
315250,1989,0,5835,5835
315250,1990,0,4650,4650
315250,1991,0,5224,5224
315250,1992,0,5293,5293
315250,1993,0,5402,5402
315250,1994,0,5314,5314
315250,1995,0,5057,5057
315250,1996,0,3900,3900
315250,1997,0,3899,3899
315250,1998,0,4007,4007
315250,1999,0,4016,4016
315250,2000,0,3353,3353
315250,2001,0,4514,4514
315250,2002,0,4546,4546
315250,2003,0,4560,4560
315250,2004,0,4971,4971
315250,2005,0,4733,4733
315250,2006,0,5050,5050
315250,2007,0,4851,4851
315250,2008,0,3994,3994
315250,2009,0,3772,3772
315250,2010,0,3795,3795
315250,2011,0,3790,3790
315250,2012,0,3845,3845
315250,2013,0,3932,3932
315250,2014,0,3661,3661
315250,2015,0,2716,2716
315250,2016,0,2791,2791
315250,2017,248,5333,5085
315250,2018,240,5285,5045
315250,2019,80,4275,4195
315250,2020,250,4341,4091
315250,2021,300,4363,4063
315260,1988,0,753,753
315260,1989,0,778,778
315260,1990,0,768,768
315260,1991,0,792,792
315260,1992,0,827,827
315260,1993,0,631,631
315260,1994,0,692,692
315260,1995,0,658,658
315260,1996,1,922,921
315260,1997,1,923,922
315260,1998,0,336,336
315260,1999,0,201,201
315260,2000,0,199,199
315260,2001,0,199,199
315260,2002,0,262,262
315260,2003,0,300,300
315260,2004,0,297,297
315260,2005,0,307,307
315260,2006,0,233,233
315260,2007,0,462,462
315260,2008,0,477,477
315260,2009,0,483,483
315260,2010,0,483,483
315260,2011,0,478,478
315260,2012,0,503,503
315260,2013,0,460,460
315260,2014,0,430,430
315260,2015,0,502,502
315260,2016,0,445,445
315260,2017,0,359,359
315260,2018,0,343,343
315260,2019,0,344,344
315260,2020,0,324,324
315260,2021,0,329,329
315270,1988,0,4633,4633
315270,1989,0,4555,4555
315270,1990,0,3847,3847
315270,1991,0,3041,3041
315270,1992,0,2959,2959
315270,1993,0,2759,2759
315270,1994,0,2469,2469
315270,1995,0,2555,2555
315270,1996,0,1637,1637
315270,1997,0,1637,1637
315270,1998,0,1604,1604
315270,1999,0,1607,1607
315270,2000,0,1699,1699
315270,2001,0,1245,1245
315270,2002,0,1058,1058
315270,2003,0,1737,1737
315270,2004,0,1935,1935
315270,2005,0,1915,1915
315270,2006,0,2010,2010
315270,2007,0,1950,1950
315270,2008,0,1885,1885
315270,2009,0,2800,2800
315270,2010,0,3100,3100
315270,2011,0,4200,4200
315270,2012,0,4275,4275
315270,2013,0,4520,4520
315270,2014,150,4240,4090
315270,2015,0,2870,2870
315270,2016,0,4255,4255
315270,2017,0,1253,1253
315270,2018,300,1766,1466
315270,2019,300,4045,3745
315270,2020,300,4037,3737
315270,2021,300,3980,3680
315280,1988,600,12853,12253
315280,1989,1700,10351,8651
315280,1990,2000,8720,6720
315280,1991,1600,11153,9553
315280,1992,600,9350,8750
315280,1993,300,7050,6750
315280,1994,300,6850,6550
315280,1995,1300,11240,9940
315280,1996,1744,11213,9469
315280,1997,1000,9583,8583
315280,1998,600,6540,5940
315280,1999,1000,6942,5942
315280,2000,1200,6358,5158
315280,2001,1200,6473,5273
315280,2002,1700,6932,5232
315280,2003,25000,32054,7054
315280,2004,31000,38159,7159
315280,2005,29000,38202,9202
315280,2006,15000,22715,7715
315280,2007,6000,12815,6815
315280,2008,6000,11815,5815
315280,2009,12000,25980,13980
315280,2010,14500,29885,15385
315280,2011,12400,32768,20368
315280,2012,11100,32462,21362
315280,2013,19750,39450,19700
315280,2014,23000,39984,16984
315280,2015,17796,39916,22120
315280,2016,17300,39785,22485
315280,2017,17108,41613,24505
315280,2018,17000,42073,25073
315280,2019,18060,41681,23621
315280,2020,19000,43969,24969
315280,2021,21300,48588,27288
315290,1988,0,9007,9007
315290,1989,0,5013,5013
315290,1990,0,5312,5312
315290,1991,0,5132,5132
315290,1992,0,5183,5183
315290,1993,0,3653,3653
315290,1994,0,2877,2877
315290,1995,0,2762,2762
315290,1996,0,1952,1952
315290,1997,0,2314,2314
315290,1998,0,2032,2032
315290,1999,0,2056,2056
315290,2000,0,2101,2101
315290,2001,0,2233,2233
315290,2002,0,2649,2649
315290,2003,0,2919,2919
315290,2004,0,3551,3551
315290,2005,0,3951,3951
315290,2006,0,4127,4127
315290,2007,0,3986,3986
315290,2008,0,4616,4616
315290,2009,40,3922,3882
315290,2010,0,4107,4107
315290,2011,0,4122,4122
315290,2012,0,4553,4553
315290,2013,0,5498,5498
315290,2014,0,6987,6987
315290,2015,100,8053,7953
315290,2016,3000,7803,4803
315290,2017,1200,4979,3779
315290,2018,1200,4494,3294
315290,2019,1500,4894,3394
315290,2020,4000,9306,5306
315290,2021,4000,9214,5214
315300,1988,500,2222,1722
315300,1989,600,2993,2393
315300,1990,500,2498,1998
315300,1991,500,2837,2337
315300,1992,400,3015,2615
315300,1993,400,2911,2511
315300,1994,300,2755,2455
315300,1995,250,2845,2595
315300,1996,200,2214,2014
315300,1997,180,2605,2425
315300,1998,400,3170,2770
315300,1999,300,2522,2222
315300,2000,300,2374,2074
315300,2001,350,2885,2535
315300,2002,300,4321,4021
315300,2003,400,4283,3883
315300,2004,1050,5413,4363
315300,2005,1000,5020,4020
315300,2006,600,4714,4114
315300,2007,450,4961,4511
315300,2008,290,5334,5044
315300,2009,500,4744,4244
315300,2010,800,5642,4842
315300,2011,500,4705,4205
315300,2012,500,4182,3682
315300,2013,500,4182,3682
315300,2014,500,4092,3592
315300,2015,775,4781,4006
315300,2016,1500,7126,5626
315300,2017,1240,6289,5049
315300,2018,1500,7171,5671
315300,2019,1500,7067,5567
315300,2020,1500,7835,6335
315300,2021,1800,8633,6833
315310,1988,0,3471,3471
315310,1989,0,3101,3101
315310,1990,0,3081,3081
315310,1991,0,3069,3069
315310,1992,0,2936,2936
315310,1993,0,2716,2716
315310,1994,0,2816,2816
315310,1995,0,2901,2901
315310,1996,0,2093,2093
315310,1997,0,2435,2435
315310,1998,0,1624,1624
315310,1999,0,1375,1375
315310,2000,0,2282,2282
315310,2001,0,2281,2281
315310,2002,0,2301,2301
315310,2003,0,2301,2301
315310,2004,0,2325,2325
315310,2005,0,2325,2325
315310,2006,0,2325,2325
315310,2007,0,1725,1725
315310,2008,0,1725,1725
315310,2009,0,1718,1718
315310,2010,0,1718,1718
315310,2011,0,1187,1187
315310,2012,0,1156,1156
315310,2013,0,1155,1155
315310,2014,0,995,995
315310,2015,0,1025,1025
315310,2016,0,1670,1670
315310,2017,0,1886,1886
315310,2018,0,2166,2166
315310,2019,0,2096,2096
315310,2020,0,2088,2088
315310,2021,0,2242,2242
315320,1988,10,3090,3080
315320,1989,0,3631,3631
315320,1990,0,3631,3631
315320,1991,0,4234,4234
315320,1992,0,4233,4233
315320,1993,0,3663,3663
315320,1994,0,2869,2869
315320,1995,0,2822,2822
315320,1996,0,2816,2816
315320,1997,0,1724,1724
315320,1998,0,1737,1737
315320,1999,0,1690,1690
315320,2000,0,1840,1840
315320,2001,0,1970,1970
315320,2002,0,1740,1740
315320,2003,0,1607,1607
315320,2004,0,1625,1625
315320,2005,0,1605,1605
315320,2006,0,1644,1644
315320,2007,0,1636,1636
315320,2008,0,1638,1638
315320,2009,0,1640,1640
315320,2010,0,1640,1640
315320,2011,0,1134,1134
315320,2012,0,1108,1108
315320,2013,0,1115,1115
315320,2014,0,1135,1135
315320,2015,0,1119,1119
315320,2016,0,390,390
315320,2017,0,314,314
315320,2018,0,348,348
315320,2019,0,343,343
315320,2020,80,403,323
315320,2021,47,298,251
315330,1988,0,192,192
315330,1989,0,202,202
315330,1990,0,182,182
315330,1991,0,182,182
315330,1992,0,125,125
315330,1993,0,105,105
315330,1994,0,87,87
315330,1995,0,87,87
315330,1996,0,151,151
315330,1997,0,184,184
315330,1998,0,250,250
315330,1999,0,195,195
315330,2000,0,200,200
315330,2001,0,174,174
315330,2002,0,243,243
315330,2003,0,227,227
315330,2004,0,260,260
315330,2005,0,288,288
315330,2006,0,337,337
315330,2007,0,367,367
315330,2008,0,322,322
315330,2009,0,321,321
315330,2010,0,441,441
315330,2011,0,281,281
315330,2012,0,266,266
315330,2013,0,260,260
315330,2014,0,258,258
315330,2015,0,300,300
315330,2016,0,271,271
315330,2017,0,99,99
315330,2018,0,118,118
315330,2019,0,241,241
315330,2020,0,227,227
315330,2021,0,207,207
315340,1988,26000,74107,48107
315340,1989,28000,63136,35136
315340,1990,28000,57861,29861
315340,1991,24000,55792,31792
315340,1992,24000,54678,30678
315340,1993,25000,53406,28406
315340,1994,24500,54327,29827
315340,1995,21988,56381,34393
315340,1996,19810,40524,20714
315340,1997,16700,42443,25743
315340,1998,18660,43706,25046
315340,1999,17800,44282,26482
315340,2000,16300,42779,26479
315340,2001,14500,40622,26122
315340,2002,16500,44394,27894
315340,2003,16500,44542,28042
315340,2004,18000,45916,27916
315340,2005,16200,44262,28062
315340,2006,17200,44132,26932
315340,2007,14500,40247,25747
315340,2008,15500,43996,28496
315340,2009,15500,44714,29214
315340,2010,15500,46062,30562
315340,2011,14200,46147,31947
315340,2012,16500,42999,26499
315340,2013,20000,48089,28089
315340,2014,21000,46128,25128
315340,2015,20250,46854,26604
315340,2016,20700,50522,29822
315340,2017,22500,57417,34917
315340,2018,18700,45337,26637
315340,2019,17500,49155,31655
315340,2020,18500,47348,28848
315340,2021,19500,52092,32592
315350,1988,0,4465,4465
315350,1989,0,4823,4823
315350,1990,0,4897,4897
315350,1991,0,4907,4907
315350,1992,0,4883,4883
315350,1993,0,4786,4786
315350,1994,0,4824,4824
315350,1995,0,4824,4824
315350,1996,0,4506,4506
315350,1997,0,4423,4423
315350,1998,0,4089,4089
315350,1999,0,4089,4089
315350,2000,0,4155,4155
315350,2001,0,4157,4157
315350,2002,0,4180,4180
315350,2003,0,4186,4186
315350,2004,0,4241,4241
315350,2005,0,4349,4349
315350,2006,0,4572,4572
315350,2007,0,4900,4900
315350,2008,0,5440,5440
315350,2009,0,4954,4954
315350,2010,0,4954,4954
315350,2011,0,4954,4954
315350,2012,0,5514,5514
315350,2013,0,5520,5520
315350,2014,0,6220,6220
315350,2015,0,6720,6720
315350,2016,0,5968,5968
315350,2017,0,5038,5038
315350,2018,0,5445,5445
315350,2019,0,5341,5341
315350,2020,0,5837,5837
315350,2021,0,5352,5352
315360,1988,5,771,766
315360,1989,2,1109,1107
315360,1990,2,1109,1107
315360,1991,0,929,929
315360,1992,0,607,607
315360,1993,3,671,668
315360,1994,3,741,738
315360,1995,3,632,629
315360,1996,0,599,599
315360,1997,0,639,639
315360,1998,12,403,391
315360,1999,0,318,318
315360,2000,0,399,399
315360,2001,0,534,534
315360,2002,9,709,700
315360,2003,0,210,210
315360,2004,0,285,285
315360,2005,0,317,317
315360,2006,0,180,180
315360,2007,0,172,172
315360,2008,0,178,178
315360,2009,0,155,155
315360,2010,0,149,149
315360,2011,0,145,145
315360,2012,0,257,257
315360,2013,0,176,176
315360,2014,0,172,172
315360,2015,0,131,131
315360,2016,0,124,124
315360,2017,0,30,30
315360,2018,0,25,25
315360,2019,0,18,18
315360,2020,0,17,17
315360,2021,0,22,22
315370,1988,0,1810,1810
315370,1989,0,1837,1837
315370,1990,0,1959,1959
315370,1991,0,1784,1784
315370,1992,0,1665,1665
315370,1993,0,1532,1532
315370,1994,0,1200,1200
315370,1995,0,1053,1053
315370,1996,9,1928,1919
315370,1997,0,1689,1689
315370,1998,0,1423,1423
315370,1999,10,1656,1646
315370,2000,0,1066,1066
315370,2001,0,955,955
315370,2002,0,1155,1155
315370,2003,0,1112,1112
315370,2004,0,1021,1021
315370,2005,42,1096,1054
315370,2006,0,1041,1041
315370,2007,0,1041,1041
315370,2008,0,1075,1075
315370,2009,0,1125,1125
315370,2010,0,1125,1125
315370,2011,0,732,732
315370,2012,0,962,962
315370,2013,0,1012,1012
315370,2014,0,982,982
315370,2015,0,940,940
315370,2016,0,1020,1020
315370,2017,50,245,195
315370,2018,50,247,197
315370,2019,0,197,197
315370,2020,0,203,203
315370,2021,60,280,220
315380,1988,0,1850,1850
315380,1989,0,1656,1656
315380,1990,0,1383,1383
315380,1991,0,1486,1486
315380,1992,0,1428,1428
315380,1993,0,1318,1318
315380,1994,0,1385,1385
315380,1995,0,1473,1473
315380,1996,0,2809,2809
315380,1997,0,2278,2278
315380,1998,0,2365,2365
315380,1999,0,2247,2247
315380,2000,0,2140,2140
315380,2001,0,2140,2140
315380,2002,0,1796,1796
315380,2003,0,1796,1796
315380,2004,0,1777,1777
315380,2005,0,1466,1466
315380,2006,0,1391,1391
315380,2007,0,1355,1355
315380,2008,0,1363,1363
315380,2009,0,1323,1323
315380,2010,0,1327,1327
315380,2011,0,465,465
315380,2012,0,465,465
315380,2013,0,485,485
315380,2014,0,483,483
315380,2015,0,514,514
315380,2016,0,408,408
315380,2017,0,213,213
315380,2018,0,207,207
315380,2019,0,329,329
315380,2020,0,423,423
315380,2021,0,426,426
315390,1988,0,31,31
315390,1989,0,31,31
315390,1990,0,31,31
315390,1991,0,31,31
315390,1992,0,31,31
315390,1993,0,31,31
315390,1994,0,31,31
315390,1995,0,31,31
315390,1996,0,3,3
315390,1997,0,0,0
315390,1998,0,0,0
315390,1999,0,0,0
315390,2000,0,0,0
315390,2001,0,0,0
315390,2002,0,0,0
315390,2003,0,0,0
315390,2004,0,0,0
315390,2005,0,0,0
315390,2006,0,0,0
315390,2007,0,0,0
315390,2008,0,0,0
315390,2009,0,0,0
315390,2010,0,0,0
315390,2011,0,0,0
315390,2012,0,0,0
315390,2013,0,0,0
315390,2014,0,0,0
315390,2015,0,0,0
315390,2016,0,0,0
315390,2017,0,3,3
315390,2018,0,4,4
315390,2019,0,4,4
315390,2020,0,5,5
315390,2021,0,3,3
315400,1988,0,13703,13703
315400,1989,0,12301,12301
315400,1990,0,13257,13257
315400,1991,0,12025,12025
315400,1992,0,12599,12599
315400,1993,0,12916,12916
315400,1994,0,13113,13113
315400,1995,0,11607,11607
315400,1996,0,11304,11304
315400,1997,0,14311,14311
315400,1998,0,15107,15107
315400,1999,0,11111,11111
315400,2000,0,10731,10731
315400,2001,0,10829,10829
315400,2002,0,11012,11012
315400,2003,0,11015,11015
315400,2004,0,11747,11747
315400,2005,0,11991,11991
315400,2006,0,11237,11237
315400,2007,0,11237,11237
315400,2008,0,10133,10133
315400,2009,0,10090,10090
315400,2010,0,10964,10964
315400,2011,0,9879,9879
315400,2012,0,12001,12001
315400,2013,0,11340,11340
315400,2014,0,11297,11297
315400,2015,0,10997,10997
315400,2016,0,10825,10825
315400,2017,0,9043,9043
315400,2018,0,8542,8542
315400,2019,0,9024,9024
315400,2020,0,9475,9475
315400,2021,0,9621,9621
315410,1988,0,1685,1685
315410,1989,0,1306,1306
315410,1990,0,678,678
315410,1991,0,1164,1164
315410,1992,0,1164,1164
315410,1993,0,724,724
315410,1994,0,728,728
315410,1995,0,728,728
315410,1996,0,580,580
315410,1997,0,563,563
315410,1998,0,559,559
315410,1999,0,499,499
315410,2000,0,410,410
315410,2001,0,496,496
315410,2002,0,182,182
315410,2003,0,156,156
315410,2004,0,183,183
315410,2005,0,181,181
315410,2006,0,201,201
315410,2007,0,186,186
315410,2008,0,186,186
315410,2009,0,186,186
315410,2010,0,188,188
315410,2011,0,220,220
315410,2012,0,315,315
315410,2013,0,161,161
315410,2014,0,150,150
315410,2015,0,117,117
315410,2016,0,82,82
315410,2017,0,59,59
315410,2018,0,32,32
315410,2019,0,22,22
315410,2020,0,21,21
315410,2021,0,27,27
315420,1988,0,3992,3992
315420,1989,0,4076,4076
315420,1990,0,4203,4203
315420,1991,0,3929,3929
315420,1992,0,3930,3930
315420,1993,0,3980,3980
315420,1994,0,3984,3984
315420,1995,0,3788,3788
315420,1996,0,2984,2984
315420,1997,0,2985,2985
315420,1998,0,2977,2977
315420,1999,0,2978,2978
315420,2000,0,3108,3108
315420,2001,0,2930,2930
315420,2002,0,3320,3320
315420,2003,0,3450,3450
315420,2004,0,3437,3437
315420,2005,0,3869,3869
315420,2006,0,4182,4182
315420,2007,0,3612,3612
315420,2008,0,3143,3143
315420,2009,0,2869,2869
315420,2010,0,1575,1575
315420,2011,0,998,998
315420,2012,125,1253,1128
315420,2013,350,1776,1426
315420,2014,440,1672,1232
315420,2015,600,1733,1133
315420,2016,300,1394,1094
315420,2017,300,1614,1314
315420,2018,300,1679,1379
315420,2019,310,1407,1097
315420,2020,330,935,605
315420,2021,350,999,649
315430,1988,0,7072,7072
315430,1989,0,6368,6368
315430,1990,0,6166,6166
315430,1991,0,6201,6201
315430,1992,0,6261,6261
315430,1993,0,6306,6306
315430,1994,0,6071,6071
315430,1995,0,5256,5256
315430,1996,0,4596,4596
315430,1997,0,3565,3565
315430,1998,0,3529,3529
315430,1999,0,4381,4381
315430,2000,0,4921,4921
315430,2001,0,4762,4762
315430,2002,0,4659,4659
315430,2003,0,4765,4765
315430,2004,0,4776,4776
315430,2005,0,5106,5106
315430,2006,0,4956,4956
315430,2007,0,4695,4695
315430,2008,0,5262,5262
315430,2009,0,5478,5478
315430,2010,0,5366,5366
315430,2011,0,3652,3652
315430,2012,0,2866,2866
315430,2013,0,1621,1621
315430,2014,0,1618,1618
315430,2015,0,1284,1284
315430,2016,0,1220,1220
315430,2017,0,959,959
315430,2018,0,436,436
315430,2019,0,506,506
315430,2020,0,446,446
315430,2021,0,515,515
315440,1988,0,2198,2198
315440,1989,0,2007,2007
315440,1990,0,1840,1840
315440,1991,0,1844,1844
315440,1992,0,1994,1994
315440,1993,0,3650,3650
315440,1994,0,3731,3731
315440,1995,0,3534,3534
315440,1996,0,3534,3534
315440,1997,0,3110,3110
315440,1998,0,3102,3102
315440,1999,0,3091,3091
315440,2000,0,2408,2408
315440,2001,0,2630,2630
315440,2002,0,928,928
315440,2003,0,974,974
315440,2004,0,969,969
315440,2005,0,1151,1151
315440,2006,0,1149,1149
315440,2007,0,1512,1512
315440,2008,0,1814,1814
315440,2009,0,1814,1814
315440,2010,0,1807,1807
315440,2011,0,1843,1843
315440,2012,0,1700,1700
315440,2013,0,1656,1656
315440,2014,90,1431,1341
315440,2015,100,1241,1141
315440,2016,105,448,343
315440,2017,130,1411,1281
315440,2018,130,1477,1347
315440,2019,100,1225,1125
315440,2020,100,1162,1062
315440,2021,100,1273,1173
315450,1988,0,3731,3731
315450,1989,0,2961,2961
315450,1990,0,3127,3127
315450,1991,0,2498,2498
315450,1992,0,2628,2628
315450,1993,0,2779,2779
315450,1994,0,2902,2902
315450,1995,0,3733,3733
315450,1996,23,2895,2872
315450,1997,0,3999,3999
315450,1998,0,3860,3860
315450,1999,0,4637,4637
315450,2000,0,5359,5359
315450,2001,0,5844,5844
315450,2002,0,6262,6262
315450,2003,0,7425,7425
315450,2004,0,7297,7297
315450,2005,0,4127,4127
315450,2006,0,7569,7569
315450,2007,0,7787,7787
315450,2008,0,8041,8041
315450,2009,0,7029,7029
315450,2010,0,7077,7077
315450,2011,0,3983,3983
315450,2012,0,2332,2332
315450,2013,0,2240,2240
315450,2014,0,2123,2123
315450,2015,0,1662,1662
315450,2016,0,1432,1432
315450,2017,0,1482,1482
315450,2018,0,483,483
315450,2019,0,552,552
315450,2020,0,548,548
315450,2021,0,781,781
315460,1988,0,334,334
315460,1989,0,394,394
315460,1990,0,397,397
315460,1991,0,397,397
315460,1992,0,397,397
315460,1993,0,124,124
315460,1994,0,126,126
315460,1995,0,124,124
315460,1996,0,23,23
315460,1997,0,124,124
315460,1998,0,101,101
315460,1999,0,101,101
315460,2000,0,101,101
315460,2001,0,101,101
315460,2002,0,88,88
315460,2003,0,80,80
315460,2004,0,80,80
315460,2005,0,85,85
315460,2006,0,33,33
315460,2007,0,43,43
315460,2008,0,39,39
315460,2009,0,39,39
315460,2010,0,38,38
315460,2011,0,41,41
315460,2012,0,33,33
315460,2013,0,64,64
315460,2014,0,1,1
315460,2015,0,0,0
315460,2016,0,10,10
315460,2017,0,7,7
315460,2018,0,12,12
315460,2019,0,14,14
315460,2020,0,17,17
315460,2021,0,22,22
315470,1988,0,991,991
315470,1989,0,907,907
315470,1990,0,901,901
315470,1991,0,889,889
315470,1992,0,851,851
315470,1993,0,704,704
315470,1994,0,591,591
315470,1995,0,588,588
315470,1996,0,541,541
315470,1997,0,592,592
315470,1998,0,626,626
315470,1999,0,636,636
315470,2000,0,590,590
315470,2001,0,620,620
315470,2002,0,671,671
315470,2003,0,696,696
315470,2004,0,746,746
315470,2005,0,794,794
315470,2006,0,794,794
315470,2007,0,807,807
315470,2008,0,855,855
315470,2009,0,825,825
315470,2010,0,838,838
315470,2011,0,924,924
315470,2012,0,929,929
315470,2013,0,912,912
315470,2014,0,928,928
315470,2015,0,951,951
315470,2016,0,959,959
315470,2017,0,176,176
315470,2018,0,280,280
315470,2019,0,310,310
315470,2020,0,380,380
315470,2021,0,839,839
315480,1988,0,105,105
315480,1989,0,107,107
315480,1990,0,108,108
315480,1991,0,119,119
315480,1992,0,119,119
315480,1993,0,120,120
315480,1994,0,120,120
315480,1995,0,120,120
315480,1996,0,11,11
315480,1997,0,11,11
315480,1998,0,0,0
315480,1999,0,0,0
315480,2000,0,0,0
315480,2001,0,0,0
315480,2002,0,0,0
315480,2003,0,0,0
315480,2004,0,0,0
315480,2005,0,0,0
315480,2006,0,0,0
315480,2007,0,0,0
315480,2008,0,0,0
315480,2009,0,0,0
315480,2010,0,0,0
315480,2011,0,0,0
315480,2012,0,0,0
315480,2013,0,0,0
315480,2014,0,0,0
315480,2015,0,3,3
315480,2016,0,7,7
315480,2017,0,10,10
315480,2018,0,12,12
315480,2019,0,9,9
315480,2020,0,10,10
315480,2021,0,9,9
315490,1988,0,9602,9602
315490,1989,0,7801,7801
315490,1990,0,7443,7443
315490,1991,0,7561,7561
315490,1992,0,6579,6579
315490,1993,0,6479,6479
315490,1994,0,6676,6676
315490,1995,0,6451,6451
315490,1996,0,6124,6124
315490,1997,0,4136,4136
315490,1998,0,4136,4136
315490,1999,0,3209,3209
315490,2000,0,3622,3622
315490,2001,0,3585,3585
315490,2002,0,3936,3936
315490,2003,0,3850,3850
315490,2004,50,3969,3919
315490,2005,300,4257,3957
315490,2006,300,3746,3446
315490,2007,300,3746,3446
315490,2008,300,3806,3506
315490,2009,310,3770,3460
315490,2010,310,3768,3458
315490,2011,290,3526,3236
315490,2012,280,3600,3320
315490,2013,300,3714,3414
315490,2014,280,3289,3009
315490,2015,280,3218,2938
315490,2016,0,2904,2904
315490,2017,0,3592,3592
315490,2018,0,3582,3582
315490,2019,0,3380,3380
315490,2020,0,3464,3464
315490,2021,0,3340,3340
315500,1988,0,1197,1197
315500,1989,0,1011,1011
315500,1990,0,1006,1006
315500,1991,0,1154,1154
315500,1992,0,1116,1116
315500,1993,0,1022,1022
315500,1994,0,1026,1026
315500,1995,0,1030,1030
315500,1996,0,1026,1026
315500,1997,0,1025,1025
315500,1998,0,927,927
315500,1999,0,916,916
315500,2000,0,1075,1075
315500,2001,0,469,469
315500,2002,0,536,536
315500,2003,0,498,498
315500,2004,0,298,298
315500,2005,0,298,298
315500,2006,0,298,298
315500,2007,0,298,298
315500,2008,0,257,257
315500,2009,0,249,249
315500,2010,0,107,107
315500,2011,0,205,205
315500,2012,0,200,200
315500,2013,0,150,150
315500,2014,0,160,160
315500,2015,0,145,145
315500,2016,0,145,145
315500,2017,0,125,125
315500,2018,0,134,134
315500,2019,0,139,139
315500,2020,0,147,147
315500,2021,0,140,140
315510,1988,0,1507,1507
315510,1989,0,1507,1507
315510,1990,0,1374,1374
315510,1991,0,863,863
315510,1992,0,1477,1477
315510,1993,0,1380,1380
315510,1994,0,1379,1379
315510,1995,0,976,976
315510,1996,0,1487,1487
315510,1997,0,1315,1315
315510,1998,0,969,969
315510,1999,0,1415,1415
315510,2000,0,1285,1285
315510,2001,0,1371,1371
315510,2002,0,1181,1181
315510,2003,0,1185,1185
315510,2004,0,1089,1089
315510,2005,0,1195,1195
315510,2006,0,1324,1324
315510,2007,0,1415,1415
315510,2008,0,1559,1559
315510,2009,0,1369,1369
315510,2010,0,1611,1611
315510,2011,0,1304,1304
315510,2012,0,1094,1094
315510,2013,0,1223,1223
315510,2014,0,1203,1203
315510,2015,0,1127,1127
315510,2016,0,1028,1028
315510,2017,0,362,362
315510,2018,0,338,338
315510,2019,0,502,502
315510,2020,0,433,433
315510,2021,0,403,403
315520,1988,0,3495,3495
315520,1989,0,2945,2945
315520,1990,0,2895,2895
315520,1991,0,2884,2884
315520,1992,0,2744,2744
315520,1993,0,2454,2454
315520,1994,0,2559,2559
315520,1995,0,2649,2649
315520,1996,0,2685,2685
315520,1997,0,2580,2580
315520,1998,0,2705,2705
315520,1999,0,2901,2901
315520,2000,0,3153,3153
315520,2001,0,2462,2462
315520,2002,0,2387,2387
315520,2003,0,2391,2391
315520,2004,0,1654,1654
315520,2005,0,1678,1678
315520,2006,0,1598,1598
315520,2007,0,1556,1556
315520,2008,0,1943,1943
315520,2009,0,1591,1591
315520,2010,0,1593,1593
315520,2011,0,1579,1579
315520,2012,0,1579,1579
315520,2013,0,1568,1568
315520,2014,0,1418,1418
315520,2015,0,1142,1142
315520,2016,0,824,824
315520,2017,0,1282,1282
315520,2018,0,1731,1731
315520,2019,0,1702,1702
315520,2020,0,1704,1704
315520,2021,0,1544,1544
315530,1988,0,1885,1885
315530,1989,0,998,998
315530,1990,0,892,892
315530,1991,0,1170,1170
315530,1992,0,1096,1096
315530,1993,0,1064,1064
315530,1994,0,1376,1376
315530,1995,0,2262,2262
315530,1996,0,2288,2288
315530,1997,0,2562,2562
315530,1998,0,2371,2371
315530,1999,0,2351,2351
315530,2000,0,1935,1935
315530,2001,0,1766,1766
315530,2002,0,413,413
315530,2003,0,413,413
315530,2004,0,273,273
315530,2005,0,273,273
315530,2006,0,289,289
315530,2007,0,162,162
315530,2008,0,162,162
315530,2009,0,276,276
315530,2010,0,282,282
315530,2011,0,284,284
315530,2012,0,213,213
315530,2013,0,196,196
315530,2014,0,240,240
315530,2015,0,256,256
315530,2016,0,217,217
315530,2017,0,276,276
315530,2018,0,255,255
315530,2019,0,307,307
315530,2020,0,260,260
315530,2021,0,257,257
315540,1988,0,4351,4351
315540,1989,0,5107,5107
315540,1990,0,4973,4973
315540,1991,0,5099,5099
315540,1992,0,4816,4816
315540,1993,0,4644,4644
315540,1994,0,3791,3791
315540,1995,0,3791,3791
315540,1996,0,3787,3787
315540,1997,0,1712,1712
315540,1998,0,1140,1140
315540,1999,0,1123,1123
315540,2000,0,1167,1167
315540,2001,0,1152,1152
315540,2002,0,1239,1239
315540,2003,0,1121,1121
315540,2004,0,392,392
315540,2005,0,392,392
315540,2006,0,437,437
315540,2007,0,394,394
315540,2008,0,465,465
315540,2009,0,454,454
315540,2010,0,454,454
315540,2011,0,489,489
315540,2012,0,456,456
315540,2013,0,486,486
315540,2014,0,498,498
315540,2015,0,589,589
315540,2016,0,537,537
315540,2017,0,61,61
315540,2018,0,154,154
315540,2019,0,149,149
315540,2020,0,167,167
315540,2021,0,162,162
315550,1988,10995,37572,26577
315550,1989,12000,38028,26028
315550,1990,12000,35459,23459
315550,1991,11000,34617,23617
315550,1992,9000,33123,24123
315550,1993,9350,33037,23687
315550,1994,10000,34132,24132
315550,1995,9500,34116,24616
315550,1996,9500,31350,21850
315550,1997,9500,32130,22630
315550,1998,9500,34552,25052
315550,1999,9000,37279,28279
315550,2000,9000,36349,27349
315550,2001,10000,42395,32395
315550,2002,10000,40520,30520
315550,2003,10000,41914,31914
315550,2004,11000,45158,34158
315550,2005,11000,44942,33942
315550,2006,10000,43643,33643
315550,2007,9000,38281,29281
315550,2008,9000,39902,30902
315550,2009,9000,40491,31491
315550,2010,9000,38994,29994
315550,2011,9000,39649,30649
315550,2012,9000,39602,30602
315550,2013,11670,42560,30890
315550,2014,13520,45861,32341
315550,2015,12600,43434,30834
315550,2016,10080,39684,29604
315550,2017,6300,32236,25936
315550,2018,8190,37215,29025
315550,2019,7250,40895,33645
315550,2020,7250,40159,32909
315550,2021,8280,42713,34433
315560,1988,0,25283,25283
315560,1989,0,28987,28987
315560,1990,0,25727,25727
315560,1991,0,26779,26779
315560,1992,0,23484,23484
315560,1993,0,15361,15361
315560,1994,0,15121,15121
315560,1995,0,19134,19134
315560,1996,0,16430,16430
315560,1997,0,17880,17880
315560,1998,0,15322,15322
315560,1999,0,16563,16563
315560,2000,0,13564,13564
315560,2001,0,12863,12863
315560,2002,0,13419,13419
315560,2003,0,14572,14572
315560,2004,0,16554,16554
315560,2005,0,17618,17618
315560,2006,0,13980,13980
315560,2007,0,20696,20696
315560,2008,0,18809,18809
315560,2009,0,20299,20299
315560,2010,0,19651,19651
315560,2011,0,20794,20794
315560,2012,0,21469,21469
315560,2013,0,18865,18865
315560,2014,0,19326,19326
315560,2015,0,17160,17160
315560,2016,0,19707,19707
315560,2017,0,10620,10620
315560,2018,0,11641,11641
315560,2019,0,12153,12153
315560,2020,0,10809,10809
315560,2021,0,12378,12378
315570,1988,0,2528,2528
315570,1989,0,3144,3144
315570,1990,0,3235,3235
315570,1991,0,3264,3264
315570,1992,0,3298,3298
315570,1993,0,3255,3255
315570,1994,0,3255,3255
315570,1995,0,3245,3245
315570,1996,0,1642,1642
315570,1997,0,1826,1826
315570,1998,0,1829,1829
315570,1999,0,1850,1850
315570,2000,0,1610,1610
315570,2001,0,830,830
315570,2002,0,762,762
315570,2003,0,784,784
315570,2004,0,818,818
315570,2005,0,780,780
315570,2006,0,720,720
315570,2007,0,738,738
315570,2008,0,790,790
315570,2009,0,781,781
315570,2010,0,661,661
315570,2011,0,639,639
315570,2012,0,639,639
315570,2013,0,563,563
315570,2014,0,593,593
315570,2015,0,547,547
315570,2016,0,149,149
315570,2017,0,255,255
315570,2018,0,285,285
315570,2019,0,279,279
315570,2020,0,287,287
315570,2021,0,225,225
315580,1988,0,3329,3329
315580,1989,0,3332,3332
315580,1990,0,3452,3452
315580,1991,0,4008,4008
315580,1992,0,4248,4248
315580,1993,0,4379,4379
315580,1994,0,4706,4706
315580,1995,0,4861,4861
315580,1996,0,4890,4890
315580,1997,0,3588,3588
315580,1998,0,3708,3708
315580,1999,0,3735,3735
315580,2000,0,3125,3125
315580,2001,0,3125,3125
315580,2002,0,2955,2955
315580,2003,0,3122,3122
315580,2004,0,2626,2626
315580,2005,0,2504,2504
315580,2006,0,2500,2500
315580,2007,0,2558,2558
315580,2008,0,2585,2585
315580,2009,0,2589,2589
315580,2010,0,2429,2429
315580,2011,0,900,900
315580,2012,0,1002,1002
315580,2013,0,910,910
315580,2014,0,1324,1324
315580,2015,0,1335,1335
315580,2016,0,1350,1350
315580,2017,0,231,231
315580,2018,0,250,250
315580,2019,0,272,272
315580,2020,0,239,239
315580,2021,0,226,226
315590,1988,0,2275,2275
315590,1989,0,2140,2140
315590,1990,0,1795,1795
315590,1991,0,2367,2367
315590,1992,0,3398,3398
315590,1993,0,3452,3452
315590,1994,0,3656,3656
315590,1995,0,3999,3999
315590,1996,0,1836,1836
315590,1997,0,3211,3211
315590,1998,0,2800,2800
315590,1999,0,2609,2609
315590,2000,0,1740,1740
315590,2001,0,2336,2336
315590,2002,0,2319,2319
315590,2003,0,2267,2267
315590,2004,0,2151,2151
315590,2005,0,1140,1140
315590,2006,0,1585,1585
315590,2007,0,1486,1486
315590,2008,0,1254,1254
315590,2009,0,989,989
315590,2010,0,797,797
315590,2011,0,649,649
315590,2012,0,444,444
315590,2013,0,529,529
315590,2014,0,624,624
315590,2015,0,423,423
315590,2016,0,221,221
315590,2017,0,31,31
315590,2018,0,41,41
315590,2019,0,112,112
315590,2020,0,116,116
315590,2021,0,117,117
315600,1988,0,6187,6187
315600,1989,0,6860,6860
315600,1990,0,6808,6808
315600,1991,0,6728,6728
315600,1992,0,4146,4146
315600,1993,0,3035,3035
315600,1994,0,2695,2695
315600,1995,0,2398,2398
315600,1996,0,4426,4426
315600,1997,0,2143,2143
315600,1998,0,2248,2248
315600,1999,0,1967,1967
315600,2000,0,1945,1945
315600,2001,0,2268,2268
315600,2002,0,2705,2705
315600,2003,0,2480,2480
315600,2004,0,2299,2299
315600,2005,0,2449,2449
315600,2006,0,2451,2451
315600,2007,0,2453,2453
315600,2008,0,2453,2453
315600,2009,0,2628,2628
315600,2010,0,2602,2602
315600,2011,0,2456,2456
315600,2012,0,2879,2879
315600,2013,0,2850,2850
315600,2014,0,2635,2635
315600,2015,0,2875,2875
315600,2016,0,3120,3120
315600,2017,0,1126,1126
315600,2018,0,1289,1289
315600,2019,0,1498,1498
315600,2020,0,1513,1513
315600,2021,0,1494,1494
315610,1988,0,1025,1025
315610,1989,0,1038,1038
315610,1990,0,1003,1003
315610,1991,0,1002,1002
315610,1992,0,1021,1021
315610,1993,0,973,973
315610,1994,0,976,976
315610,1995,0,974,974
315610,1996,0,941,941
315610,1997,0,941,941
315610,1998,0,1022,1022
315610,1999,0,1024,1024
315610,2000,0,1086,1086
315610,2001,0,1004,1004
315610,2002,0,892,892
315610,2003,0,562,562
315610,2004,70,881,811
315610,2005,100,985,885
315610,2006,120,1070,950
315610,2007,0,979,979
315610,2008,0,875,875
315610,2009,0,930,930
315610,2010,0,815,815
315610,2011,0,774,774
315610,2012,0,772,772
315610,2013,50,778,728
315610,2014,90,820,730
315610,2015,90,796,706
315610,2016,90,779,689
315610,2017,0,852,852
315610,2018,60,932,872
315610,2019,50,712,662
315610,2020,50,793,743
315610,2021,50,767,717
315620,1988,0,238,238
315620,1989,0,247,247
315620,1990,0,188,188
315620,1991,0,180,180
315620,1992,0,145,145
315620,1993,0,225,225
315620,1994,0,231,231
315620,1995,0,207,207
315620,1996,0,233,233
315620,1997,0,311,311
315620,1998,0,279,279
315620,1999,0,239,239
315620,2000,0,225,225
315620,2001,0,170,170
315620,2002,0,208,208
315620,2003,0,199,199
315620,2004,0,230,230
315620,2005,0,233,233
315620,2006,0,149,149
315620,2007,0,227,227
315620,2008,0,79,79
315620,2009,0,74,74
315620,2010,0,71,71
315620,2011,0,53,53
315620,2012,0,33,33
315620,2013,0,33,33
315620,2014,0,28,28
315620,2015,0,13,13
315620,2016,0,11,11
315620,2017,0,8,8
315620,2018,0,15,15
315620,2019,0,15,15
315620,2020,0,14,14
315620,2021,0,8,8
315630,1988,0,1315,1315
315630,1989,0,1190,1190
315630,1990,0,1105,1105
315630,1991,0,1047,1047
315630,1992,0,1047,1047
315630,1993,0,912,912
315630,1994,0,912,912
315630,1995,0,600,600
315630,1996,0,194,194
315630,1997,0,191,191
315630,1998,0,191,191
315630,1999,0,216,216
315630,2000,0,215,215
315630,2001,0,276,276
315630,2002,0,270,270
315630,2003,0,260,260
315630,2004,0,265,265
315630,2005,0,265,265
315630,2006,0,259,259
315630,2007,0,310,310
315630,2008,0,142,142
315630,2009,0,100,100
315630,2010,0,118,118
315630,2011,0,106,106
315630,2012,0,90,90
315630,2013,0,120,120
315630,2014,0,89,89
315630,2015,0,148,148
315630,2016,0,159,159
315630,2017,0,93,93
315630,2018,0,100,100
315630,2019,0,102,102
315630,2020,0,106,106
315630,2021,0,122,122
315640,1988,4000,7950,3950
315640,1989,4000,7795,3795
315640,1990,5000,9509,4509
315640,1991,4200,9851,5651
315640,1992,4000,10196,6196
315640,1993,4500,11881,7381
315640,1994,5410,13826,8416
315640,1995,6000,12997,6997
315640,1996,3396,12689,9293
315640,1997,3500,12694,9194
315640,1998,4000,13749,9749
315640,1999,4000,15536,11536
315640,2000,4500,16958,12458
315640,2001,5000,18539,13539
315640,2002,6000,19299,13299
315640,2003,6000,18569,12569
315640,2004,10000,22220,12220
315640,2005,11000,23666,12666
315640,2006,9500,23643,14143
315640,2007,8500,22068,13568
315640,2008,8000,26312,18312
315640,2009,10000,25693,15693
315640,2010,10000,24023,14023
315640,2011,10000,25055,15055
315640,2012,8000,24013,16013
315640,2013,8000,23031,15031
315640,2014,9000,24155,15155
315640,2015,9000,23806,14806
315640,2016,8000,22989,14989
315640,2017,6930,21374,14444
315640,2018,7600,23443,15843
315640,2019,8025,23416,15391
315640,2020,8000,22616,14616
315640,2021,9600,23772,14172
315650,1988,0,2671,2671
315650,1989,0,1818,1818
315650,1990,0,2185,2185
315650,1991,0,1744,1744
315650,1992,0,1354,1354
315650,1993,0,1710,1710
315650,1994,0,1755,1755
315650,1995,0,2339,2339
315650,1996,0,3774,3774
315650,1997,0,1706,1706
315650,1998,0,1425,1425
315650,1999,0,829,829
315650,2000,0,1473,1473
315650,2001,0,628,628
315650,2002,0,1610,1610
315650,2003,0,1536,1536
315650,2004,0,1109,1109
315650,2005,0,1520,1520
315650,2006,0,751,751
315650,2007,0,1460,1460
315650,2008,0,1498,1498
315650,2009,0,1378,1378
315650,2010,0,1345,1345
315650,2011,0,1335,1335
315650,2012,0,1245,1245
315650,2013,0,1057,1057
315650,2014,0,1135,1135
315650,2015,0,954,954
315650,2016,0,1091,1091
315650,2017,0,735,735
315650,2018,0,699,699
315650,2019,0,746,746
315650,2020,0,656,656
315650,2021,0,651,651
315660,1988,0,609,609
315660,1989,0,605,605
315660,1990,0,564,564
315660,1991,0,380,380
315660,1992,0,575,575
315660,1993,0,524,524
315660,1994,0,524,524
315660,1995,0,404,404
315660,1996,0,803,803
315660,1997,0,790,790
315660,1998,0,551,551
315660,1999,0,787,787
315660,2000,0,732,732
315660,2001,0,711,711
315660,2002,0,590,590
315660,2003,0,573,573
315660,2004,0,446,446
315660,2005,0,556,556
315660,2006,0,605,605
315660,2007,0,705,705
315660,2008,0,875,875
315660,2009,0,650,650
315660,2010,0,976,976
315660,2011,0,706,706
315660,2012,0,531,531
315660,2013,0,571,571
315660,2014,0,571,571
315660,2015,0,559,559
315660,2016,0,509,509
315660,2017,0,273,273
315660,2018,0,173,173
315660,2019,0,330,330
315660,2020,0,353,353
315660,2021,0,272,272
315670,1988,0,4189,4189
315670,1989,0,4190,4190
315670,1990,0,4303,4303
315670,1991,0,4209,4209
315670,1992,0,4216,4216
315670,1993,0,4684,4684
315670,1994,0,4578,4578
315670,1995,0,4684,4684
315670,1996,0,212,212
315670,1997,0,212,212
315670,1998,0,0,0
315670,1999,0,0,0
315670,2000,0,0,0
315670,2001,0,230,230
315670,2002,0,232,232
315670,2003,0,230,230
315670,2004,0,0,0
315670,2005,0,0,0
315670,2006,0,341,341
315670,2007,0,339,339
315670,2008,0,377,377
315670,2009,0,207,207
315670,2010,0,202,202
315670,2011,0,202,202
315670,2012,0,222,222
315670,2013,0,222,222
315670,2014,0,192,192
315670,2015,0,165,165
315670,2016,0,191,191
315670,2017,0,95,95
315670,2018,0,129,129
315670,2019,0,145,145
315670,2020,0,188,188
315670,2021,0,195,195
315680,1988,0,2821,2821
315680,1989,0,2821,2821
315680,1990,0,2816,2816
315680,1991,0,3579,3579
315680,1992,0,3526,3526
315680,1993,0,2815,2815
315680,1994,0,2831,2831
315680,1995,0,3201,3201
315680,1996,0,4140,4140
315680,1997,0,3663,3663
315680,1998,0,3447,3447
315680,1999,0,2695,2695
315680,2000,0,3040,3040
315680,2001,0,2239,2239
315680,2002,0,1888,1888
315680,2003,0,2176,2176
315680,2004,0,2076,2076
315680,2005,0,1956,1956
315680,2006,0,1209,1209
315680,2007,0,1221,1221
315680,2008,0,1116,1116
315680,2009,0,1201,1201
315680,2010,0,1141,1141
315680,2011,0,1140,1140
315680,2012,0,1102,1102
315680,2013,0,1071,1071
315680,2014,0,1038,1038
315680,2015,0,1125,1125
315680,2016,0,1047,1047
315680,2017,0,1217,1217
315680,2018,0,1286,1286
315680,2019,0,1146,1146
315680,2020,0,1113,1113
315680,2021,0,1133,1133
315690,1988,10000,23820,13820
315690,1989,15000,27586,12586
315690,1990,12000,23067,11067
315690,1991,13000,23563,10563
315690,1992,13000,27546,14546
315690,1993,23000,36735,13735
315690,1994,23000,39880,16880
315690,1995,23000,40606,17606
315690,1996,12293,27101,14808
315690,1997,23000,38970,15970
315690,1998,24000,43847,19847
315690,1999,25000,45357,20357
315690,2000,27000,49513,22513
315690,2001,27000,50964,23964
315690,2002,30000,50151,20151
315690,2003,30000,51755,21755
315690,2004,33000,54522,21522
315690,2005,35000,55561,20561
315690,2006,33000,60257,27257
315690,2007,25000,59700,34700
315690,2008,25000,72544,47544
315690,2009,25000,63960,38960
315690,2010,28000,60618,32618
315690,2011,25000,69299,44299
315690,2012,23000,71587,48587
315690,2013,27000,74802,47802
315690,2014,27000,82988,55988
315690,2015,27000,81211,54211
315690,2016,31000,86432,55432
315690,2017,33000,104169,71169
315690,2018,40000,94386,54386
315690,2019,42000,111551,69551
315690,2020,40000,127505,87505
315690,2021,45000,117140,72140
315700,1988,0,12296,12296
315700,1989,0,10713,10713
315700,1990,0,12984,12984
315700,1991,0,12260,12260
315700,1992,0,13243,13243
315700,1993,0,13097,13097
315700,1994,0,13458,13458
315700,1995,0,15779,15779
315700,1996,0,9892,9892
315700,1997,0,14222,14222
315700,1998,0,9945,9945
315700,1999,0,9741,9741
315700,2000,0,8789,8789
315700,2001,0,8008,8008
315700,2002,0,7825,7825
315700,2003,0,7281,7281
315700,2004,0,7717,7717
315700,2005,0,8009,8009
315700,2006,0,7662,7662
315700,2007,0,8538,8538
315700,2008,0,7022,7022
315700,2009,0,8002,8002
315700,2010,0,7873,7873
315700,2011,0,7478,7478
315700,2012,0,7708,7708
315700,2013,0,6687,6687
315700,2014,0,6795,6795
315700,2015,0,5921,5921
315700,2016,0,5867,5867
315700,2017,0,8430,8430
315700,2018,0,5995,5995
315700,2019,0,5476,5476
315700,2020,0,4983,4983
315700,2021,0,5458,5458
315710,1988,0,424,424
315710,1989,0,337,337
315710,1990,0,305,305
315710,1991,0,256,256
315710,1992,0,316,316
315710,1993,0,316,316
315710,1994,0,316,316
315710,1995,0,154,154
315710,1996,0,86,86
315710,1997,0,178,178
315710,1998,0,91,91
315710,1999,0,131,131
315710,2000,0,131,131
315710,2001,0,116,116
315710,2002,0,118,118
315710,2003,0,113,113
315710,2004,0,84,84
315710,2005,0,67,67
315710,2006,0,63,63
315710,2007,0,77,77
315710,2008,0,75,75
315710,2009,0,71,71
315710,2010,0,116,116
315710,2011,0,126,126
315710,2012,0,91,91
315710,2013,0,141,141
315710,2014,0,161,161
315710,2015,0,190,190
315710,2016,0,205,205
315710,2017,0,104,104
315710,2018,0,19,19
315710,2019,0,104,104
315710,2020,0,101,101
315710,2021,0,114,114
315720,1988,0,1846,1846
315720,1989,0,1729,1729
315720,1990,0,2019,2019
315720,1991,0,1942,1942
315720,1992,3,2163,2160
315720,1993,3,2163,2160
315720,1994,5,2020,2015
315720,1995,0,2030,2030
315720,1996,0,1940,1940
315720,1997,0,929,929
315720,1998,0,749,749
315720,1999,0,903,903
315720,2000,0,968,968
315720,2001,0,1105,1105
315720,2002,0,899,899
315720,2003,0,803,803
315720,2004,0,791,791
315720,2005,0,799,799
315720,2006,0,781,781
315720,2007,0,1008,1008
315720,2008,0,937,937
315720,2009,0,858,858
315720,2010,0,661,661
315720,2011,0,855,855
315720,2012,0,852,852
315720,2013,0,775,775
315720,2014,0,633,633
315720,2015,0,572,572
315720,2016,0,538,538
315720,2017,0,230,230
315720,2018,0,259,259
315720,2019,0,287,287
315720,2020,0,325,325
315720,2021,0,323,323
315730,1988,0,4229,4229
315730,1989,0,3977,3977
315730,1990,0,4076,4076
315730,1991,0,4033,4033
315730,1992,0,4133,4133
315730,1993,0,3527,3527
315730,1994,0,3527,3527
315730,1995,0,2215,2215
315730,1996,0,2213,2213
315730,1997,0,2643,2643
315730,1998,0,2618,2618
315730,1999,0,2635,2635
315730,2000,0,2785,2785
315730,2001,0,2739,2739
315730,2002,0,2095,2095
315730,2003,0,2257,2257
315730,2004,0,2166,2166
315730,2005,0,2208,2208
315730,2006,0,2206,2206
315730,2007,0,2194,2194
315730,2008,0,2194,2194
315730,2009,0,2194,2194
315730,2010,0,2194,2194
315730,2011,0,2194,2194
315730,2012,0,2202,2202
315730,2013,0,2203,2203
315730,2014,0,1279,1279
315730,2015,0,1229,1229
315730,2016,0,703,703
315730,2017,0,567,567
315730,2018,0,620,620
315730,2019,0,648,648
315730,2020,0,648,648
315730,2021,0,671,671
315740,1988,0,3609,3609
315740,1989,0,3742,3742
315740,1990,0,3236,3236
315740,1991,0,3141,3141
315740,1992,0,3014,3014
315740,1993,0,3051,3051
315740,1994,0,3055,3055
315740,1995,0,3059,3059
315740,1996,0,3059,3059
315740,1997,0,3059,3059
315740,1998,0,2759,2759
315740,1999,0,2725,2725
315740,2000,0,2549,2549
315740,2001,0,2184,2184
315740,2002,0,2382,2382
315740,2003,0,2324,2324
315740,2004,0,2188,2188
315740,2005,0,2188,2188
315740,2006,0,2188,2188
315740,2007,0,2188,2188
315740,2008,0,2112,2112
315740,2009,0,2080,2080
315740,2010,0,2031,2031
315740,2011,0,2021,2021
315740,2012,0,2006,2006
315740,2013,0,2006,2006
315740,2014,0,1036,1036
315740,2015,0,902,902
315740,2016,0,1040,1040
315740,2017,0,1109,1109
315740,2018,0,1166,1166
315740,2019,0,1171,1171
315740,2020,0,1224,1224
315740,2021,0,1146,1146
315750,1988,0,3299,3299
315750,1989,0,1544,1544
315750,1990,0,1444,1444
315750,1991,0,1505,1505
315750,1992,0,1154,1154
315750,1993,0,1100,1100
315750,1994,0,1090,1090
315750,1995,0,1080,1080
315750,1996,0,545,545
315750,1997,0,1044,1044
315750,1998,0,1076,1076
315750,1999,0,836,836
315750,2000,0,836,836
315750,2001,0,835,835
315750,2002,0,955,955
315750,2003,0,836,836
315750,2004,0,437,437
315750,2005,0,330,330
315750,2006,0,375,375
315750,2007,0,757,757
315750,2008,0,712,712
315750,2009,0,712,712
315750,2010,0,712,712
315750,2011,0,712,712
315750,2012,0,592,592
315750,2013,0,550,550
315750,2014,0,550,550
315750,2015,0,622,622
315750,2016,0,583,583
315750,2017,0,101,101
315750,2018,0,75,75
315750,2019,0,140,140
315750,2020,0,142,142
315750,2021,0,181,181
315760,1988,0,836,836
315760,1989,0,1007,1007
315760,1990,0,907,907
315760,1991,0,817,817
315760,1992,0,823,823
315760,1993,0,1478,1478
315760,1994,0,1478,1478
315760,1995,0,1253,1253
315760,1996,0,1459,1459
315760,1997,0,1295,1295
315760,1998,0,1297,1297
315760,1999,0,1298,1298
315760,2000,0,1158,1158
315760,2001,0,1127,1127
315760,2002,0,1093,1093
315760,2003,0,1404,1404
315760,2004,120,1079,959
315760,2005,0,962,962
315760,2006,0,1042,1042
315760,2007,0,920,920
315760,2008,0,770,770
315760,2009,0,843,843
315760,2010,0,843,843
315760,2011,0,843,843
315760,2012,0,701,701
315760,2013,0,806,806
315760,2014,0,806,806
315760,2015,0,775,775
315760,2016,0,560,560
315760,2017,0,270,270
315760,2018,0,274,274
315760,2019,0,304,304
315760,2020,0,340,340
315760,2021,0,375,375
315770,1988,28000,33538,5538
315770,1989,35000,39805,4805
315770,1990,35150,39190,4040
315770,1991,35500,48478,12978
315770,1992,35000,47055,12055
315770,1993,36250,47955,11705
315770,1994,30000,42580,12580
315770,1995,29300,41649,12349
315770,1996,8039,16717,8678
315770,1997,10000,19574,9574
315770,1998,17160,28928,11768
315770,1999,12000,26498,14498
315770,2000,12000,24154,12154
315770,2001,12000,24468,12468
315770,2002,13000,24511,11511
315770,2003,12500,23827,11327
315770,2004,14500,26338,11838
315770,2005,13500,26838,13338
315770,2006,12000,27698,15698
315770,2007,8500,26713,18213
315770,2008,9000,34088,25088
315770,2009,9500,33003,23503
315770,2010,10900,32008,21108
315770,2011,10900,33508,22608
315770,2012,11000,33918,22918
315770,2013,11000,33863,22863
315770,2014,12000,33709,21709
315770,2015,12000,32943,20943
315770,2016,15000,36823,21823
315770,2017,7750,34694,26944
315770,2018,9000,36449,27449
315770,2019,14300,39343,25043
315770,2020,14500,40835,26335
315770,2021,15000,38359,23359
315780,1988,0,945,945
315780,1989,0,985,985
315780,1990,0,1000,1000
315780,1991,0,987,987
315780,1992,0,987,987
315780,1993,0,1377,1377
315780,1994,0,1060,1060
315780,1995,0,1281,1281
315780,1996,0,336,336
315780,1997,0,1199,1199
315780,1998,0,1347,1347
315780,1999,0,1319,1319
315780,2000,0,1264,1264
315780,2001,0,1364,1364
315780,2002,0,1520,1520
315780,2003,0,1343,1343
315780,2004,0,1251,1251
315780,2005,0,1159,1159
315780,2006,0,1156,1156
315780,2007,0,1073,1073
315780,2008,0,1068,1068
315780,2009,0,1068,1068
315780,2010,0,871,871
315780,2011,0,801,801
315780,2012,0,751,751
315780,2013,0,621,621
315780,2014,0,85,85
315780,2015,0,70,70
315780,2016,0,133,133
315780,2017,0,14,14
315780,2018,0,19,19
315780,2019,0,40,40
315780,2020,0,35,35
315780,2021,0,35,35
315790,1988,0,9936,9936
315790,1989,0,10918,10918
315790,1990,0,10877,10877
315790,1991,0,10190,10190
315790,1992,0,9557,9557
315790,1993,0,9302,9302
315790,1994,0,8704,8704
315790,1995,0,8673,8673
315790,1996,0,12148,12148
315790,1997,0,7740,7740
315790,1998,0,7593,7593
315790,1999,0,7595,7595
315790,2000,0,7412,7412
315790,2001,0,7372,7372
315790,2002,0,10164,10164
315790,2003,0,12447,12447
315790,2004,0,14107,14107
315790,2005,0,14434,14434
315790,2006,0,14910,14910
315790,2007,0,12129,12129
315790,2008,0,11983,11983
315790,2009,0,11849,11849
315790,2010,0,11306,11306
315790,2011,0,11406,11406
315790,2012,0,12304,12304
315790,2013,0,12704,12704
315790,2014,0,11979,11979
315790,2015,0,12085,12085
315790,2016,0,11772,11772
315790,2017,0,10684,10684
315790,2018,0,10629,10629
315790,2019,0,10949,10949
315790,2020,0,10939,10939
315790,2021,0,10967,10967
315800,1988,0,2661,2661
315800,1989,0,2550,2550
315800,1990,0,2557,2557
315800,1991,0,2604,2604
315800,1992,0,2766,2766
315800,1993,0,2303,2303
315800,1994,0,1674,1674
315800,1995,0,1335,1335
315800,1996,0,1311,1311
315800,1997,0,1040,1040
315800,1998,0,1068,1068
315800,1999,0,1098,1098
315800,2000,0,793,793
315800,2001,0,857,857
315800,2002,0,793,793
315800,2003,0,458,458
315800,2004,0,470,470
315800,2005,0,356,356
315800,2006,0,340,340
315800,2007,0,426,426
315800,2008,0,441,441
315800,2009,0,457,457
315800,2010,0,456,456
315800,2011,0,295,295
315800,2012,0,266,266
315800,2013,0,382,382
315800,2014,0,345,345
315800,2015,0,336,336
315800,2016,0,343,343
315800,2017,0,121,121
315800,2018,0,126,126
315800,2019,0,204,204
315800,2020,0,187,187
315800,2021,0,196,196
315810,1988,0,664,664
315810,1989,0,526,526
315810,1990,0,544,544
315810,1991,0,475,475
315810,1992,0,445,445
315810,1993,0,445,445
315810,1994,0,445,445
315810,1995,0,283,283
315810,1996,0,682,682
315810,1997,0,368,368
315810,1998,0,360,360
315810,1999,0,489,489
315810,2000,0,459,459
315810,2001,0,409,409
315810,2002,0,642,642
315810,2003,0,537,537
315810,2004,0,394,394
315810,2005,0,580,580
315810,2006,0,540,540
315810,2007,0,695,695
315810,2008,0,685,685
315810,2009,0,615,615
315810,2010,0,855,855
315810,2011,0,875,875
315810,2012,0,783,783
315810,2013,0,823,823
315810,2014,0,773,773
315810,2015,0,587,587
315810,2016,0,548,548
315810,2017,0,289,289
315810,2018,0,235,235
315810,2019,0,335,335
315810,2020,0,225,225
315810,2021,0,217,217
315820,1988,0,8160,8160
315820,1989,0,7460,7460
315820,1990,0,7173,7173
315820,1991,0,7435,7435
315820,1992,0,7382,7382
315820,1993,0,6777,6777
315820,1994,0,5104,5104
315820,1995,0,5803,5803
315820,1996,0,5655,5655
315820,1997,0,5445,5445
315820,1998,0,5655,5655
315820,1999,0,4873,4873
315820,2000,0,5141,5141
315820,2001,0,4553,4553
315820,2002,0,4507,4507
315820,2003,0,4167,4167
315820,2004,0,3926,3926
315820,2005,0,3936,3936
315820,2006,0,4011,4011
315820,2007,0,3862,3862
315820,2008,0,3525,3525
315820,2009,0,3304,3304
315820,2010,0,3133,3133
315820,2011,0,3108,3108
315820,2012,0,2706,2706
315820,2013,0,2706,2706
315820,2014,0,2529,2529
315820,2015,0,2347,2347
315820,2016,0,1891,1891
315820,2017,0,1320,1320
315820,2018,0,1276,1276
315820,2019,0,1265,1265
315820,2020,0,1258,1258
315820,2021,0,1249,1249
315830,1988,0,8991,8991
315830,1989,0,8413,8413
315830,1990,0,8720,8720
315830,1991,0,8698,8698
315830,1992,0,8829,8829
315830,1993,0,8558,8558
315830,1994,0,8732,8732
315830,1995,0,8593,8593
315830,1996,0,7133,7133
315830,1997,0,7093,7093
315830,1998,0,7093,7093
315830,1999,0,7093,7093
315830,2000,0,7093,7093
315830,2001,80,10655,10575
315830,2002,25,10750,10725
315830,2003,25,10218,10193
315830,2004,25,11176,11151
315830,2005,25,9375,9350
315830,2006,0,10850,10850
315830,2007,0,10200,10200
315830,2008,0,8650,8650
315830,2009,280,8516,8236
315830,2010,280,8516,8236
315830,2011,500,8790,8290
315830,2012,500,7590,7090
315830,2013,500,7733,7233
315830,2014,400,7836,7436
315830,2015,420,7064,6644
315830,2016,500,8045,7545
315830,2017,6300,10418,4118
315830,2018,900,7101,6201
315830,2019,1100,6141,5041
315830,2020,1100,6959,5859
315830,2021,1180,7806,6626
315840,1988,0,937,937
315840,1989,0,971,971
315840,1990,0,992,992
315840,1991,0,951,951
315840,1992,0,1006,1006
315840,1993,0,1032,1032
315840,1994,0,1040,1040
315840,1995,0,1040,1040
315840,1996,0,1014,1014
315840,1997,0,1014,1014
315840,1998,0,844,844
315840,1999,0,850,850
315840,2000,0,694,694
315840,2001,0,260,260
315840,2002,0,41,41
315840,2003,0,265,265
315840,2004,0,253,253
315840,2005,0,254,254
315840,2006,0,206,206
315840,2007,0,217,217
315840,2008,0,215,215
315840,2009,0,185,185
315840,2010,0,165,165
315840,2011,0,165,165
315840,2012,0,156,156
315840,2013,0,139,139
315840,2014,0,138,138
315840,2015,0,48,48
315840,2016,0,78,78
315840,2017,0,36,36
315840,2018,0,53,53
315840,2019,0,46,46
315840,2020,0,51,51
315840,2021,0,38,38
315850,1988,50,1315,1265
315850,1989,50,1230,1180
315850,1990,50,1691,1641
315850,1991,10,3427,3417
315850,1992,0,4199,4199
315850,1993,0,4931,4931
315850,1994,0,4325,4325
315850,1995,0,1812,1812
315850,1996,0,2484,2484
315850,1997,0,2315,2315
315850,1998,0,1870,1870
315850,1999,0,1563,1563
315850,2000,0,1390,1390
315850,2001,0,1239,1239
315850,2002,0,1423,1423
315850,2003,0,1430,1430
315850,2004,0,1182,1182
315850,2005,0,1384,1384
315850,2006,0,1252,1252
315850,2007,0,1123,1123
315850,2008,0,1087,1087
315850,2009,0,1913,1913
315850,2010,0,3162,3162
315850,2011,0,3157,3157
315850,2012,0,773,773
315850,2013,0,664,664
315850,2014,0,665,665
315850,2015,0,692,692
315850,2016,0,666,666
315850,2017,0,383,383
315850,2018,0,372,372
315850,2019,0,440,440
315850,2020,0,467,467
315850,2021,0,503,503
315860,1988,0,677,677
315860,1989,0,657,657
315860,1990,0,580,580
315860,1991,0,622,622
315860,1992,0,806,806
315860,1993,0,858,858
315860,1994,0,876,876
315860,1995,0,881,881
315860,1996,0,811,811
315860,1997,0,810,810
315860,1998,0,684,684
315860,1999,0,634,634
315860,2000,0,460,460
315860,2001,0,265,265
315860,2002,0,228,228
315860,2003,0,234,234
315860,2004,0,218,218
315860,2005,0,213,213
315860,2006,0,187,187
315860,2007,0,177,177
315860,2008,0,160,160
315860,2009,0,153,153
315860,2010,0,155,155
315860,2011,0,143,143
315860,2012,0,130,130
315860,2013,0,130,130
315860,2014,0,130,130
315860,2015,0,104,104
315860,2016,0,72,72
315860,2017,0,157,157
315860,2018,0,47,47
315860,2019,0,50,50
315860,2020,0,43,43
315860,2021,0,38,38
315870,1988,0,629,629
315870,1989,0,654,654
315870,1990,0,1644,1644
315870,1991,0,605,605
315870,1992,0,587,587
315870,1993,0,571,571
315870,1994,0,556,556
315870,1995,0,548,548
315870,1996,0,531,531
315870,1997,0,858,858
315870,1998,0,573,573
315870,1999,0,520,520
315870,2000,0,495,495
315870,2001,0,477,477
315870,2002,0,698,698
315870,2003,0,738,738
315870,2004,0,738,738
315870,2005,0,738,738
315870,2006,0,737,737
315870,2007,0,858,858
315870,2008,0,868,868
315870,2009,0,868,868
315870,2010,0,868,868
315870,2011,0,868,868
315870,2012,0,868,868
315870,2013,0,868,868
315870,2014,0,878,878
315870,2015,0,794,794
315870,2016,0,741,741
315870,2017,0,223,223
315870,2018,0,245,245
315870,2019,0,262,262
315870,2020,0,267,267
315870,2021,90,414,324
315880,1988,2,1987,1985
315880,1989,2,1894,1892
315880,1990,2,1809,1807
315880,1991,2,1719,1717
315880,1992,2,1619,1617
315880,1993,2,1619,1617
315880,1994,2,1614,1612
315880,1995,0,1612,1612
315880,1996,0,1612,1612
315880,1997,0,1334,1334
315880,1998,0,1615,1615
315880,1999,0,1275,1275
315880,2000,0,1275,1275
315880,2001,0,1276,1276
315880,2002,0,1546,1546
315880,2003,0,859,859
315880,2004,0,931,931
315880,2005,0,899,899
315880,2006,0,952,952
315880,2007,0,920,920
315880,2008,0,720,720
315880,2009,0,720,720
315880,2010,0,720,720
315880,2011,0,624,624
315880,2012,0,555,555
315880,2013,0,555,555
315880,2014,0,551,551
315880,2015,0,558,558
315880,2016,0,550,550
315880,2017,0,550,550
315880,2018,0,501,501
315880,2019,0,506,506
315880,2020,0,618,618
315880,2021,0,560,560
315890,1988,0,6938,6938
315890,1989,0,6071,6071
315890,1990,0,6107,6107
315890,1991,0,5923,5923
315890,1992,0,5415,5415
315890,1993,0,5030,5030
315890,1994,0,4814,4814
315890,1995,0,4357,4357
315890,1996,0,5373,5373
315890,1997,0,3851,3851
315890,1998,0,4037,4037
315890,1999,0,4033,4033
315890,2000,0,4498,4498
315890,2001,0,4495,4495
315890,2002,0,4584,4584
315890,2003,0,4839,4839
315890,2004,0,5013,5013
315890,2005,0,5328,5328
315890,2006,0,5433,5433
315890,2007,0,6526,6526
315890,2008,0,6376,6376
315890,2009,0,6524,6524
315890,2010,0,6524,6524
315890,2011,0,6524,6524
315890,2012,0,7025,7025
315890,2013,0,7024,7024
315890,2014,0,6513,6513
315890,2015,0,6724,6724
315890,2016,0,5553,5553
315890,2017,0,7394,7394
315890,2018,0,7961,7961
315890,2019,0,6271,6271
315890,2020,0,7080,7080
315890,2021,0,7346,7346
315900,1988,0,594,594
315900,1989,0,594,594
315900,1990,0,589,589
315900,1991,0,589,589
315900,1992,0,585,585
315900,1993,0,585,585
315900,1994,0,667,667
315900,1995,0,919,919
315900,1996,0,834,834
315900,1997,0,901,901
315900,1998,0,861,861
315900,1999,0,788,788
315900,2000,0,788,788
315900,2001,0,761,761
315900,2002,0,731,731
315900,2003,0,533,533
315900,2004,0,512,512
315900,2005,0,684,684
315900,2006,0,744,744
315900,2007,0,724,724
315900,2008,0,674,674
315900,2009,0,675,675
315900,2010,0,649,649
315900,2011,0,318,318
315900,2012,0,282,282
315900,2013,0,243,243
315900,2014,0,213,213
315900,2015,0,197,197
315900,2016,0,180,180
315900,2017,0,41,41
315900,2018,0,51,51
315900,2019,0,43,43
315900,2020,0,45,45
315900,2021,0,50,50
315910,1988,0,4143,4143
315910,1989,0,3604,3604
315910,1990,0,3220,3220
315910,1991,0,3525,3525
315910,1992,0,3301,3301
315910,1993,0,3050,3050
315910,1994,0,3227,3227
315910,1995,0,3363,3363
315910,1996,0,3370,3370
315910,1997,0,2794,2794
315910,1998,0,2835,2835
315910,1999,0,2573,2573
315910,2000,0,2334,2334
315910,2001,0,2334,2334
315910,2002,0,1917,1917
315910,2003,0,1917,1917
315910,2004,0,861,861
315910,2005,0,888,888
315910,2006,0,835,835
315910,2007,0,827,827
315910,2008,0,836,836
315910,2009,0,821,821
315910,2010,0,823,823
315910,2011,0,823,823
315910,2012,0,827,827
315910,2013,0,822,822
315910,2014,0,813,813
315910,2015,0,809,809
315910,2016,0,824,824
315910,2017,0,459,459
315910,2018,0,404,404
315910,2019,0,419,419
315910,2020,0,437,437
315910,2021,0,445,445
315920,1988,0,7786,7786
315920,1989,0,7821,7821
315920,1990,0,7095,7095
315920,1991,0,2268,2268
315920,1992,0,2316,2316
315920,1993,0,5746,5746
315920,1994,0,4733,4733
315920,1995,0,4941,4941
315920,1996,0,6118,6118
315920,1997,0,6074,6074
315920,1998,0,5308,5308
315920,1999,0,4334,4334
315920,2000,0,3787,3787
315920,2001,0,4529,4529
315920,2002,0,5158,5158
315920,2003,0,4732,4732
315920,2004,0,4331,4331
315920,2005,0,5371,5371
315920,2006,0,5235,5235
315920,2007,0,5279,5279
315920,2008,0,5220,5220
315920,2009,0,4569,4569
315920,2010,0,4439,4439
315920,2011,0,4167,4167
315920,2012,0,4052,4052
315920,2013,0,4503,4503
315920,2014,0,4407,4407
315920,2015,0,4555,4555
315920,2016,0,4745,4745
315920,2017,0,2891,2891
315920,2018,0,3375,3375
315920,2019,600,4129,3529
315920,2020,1000,4108,3108
315920,2021,1300,4667,3367
315930,1988,0,2562,2562
315930,1989,0,2438,2438
315930,1990,0,2023,2023
315930,1991,0,2044,2044
315930,1992,0,1989,1989
315930,1993,0,1983,1983
315930,1994,0,1920,1920
315930,1995,0,1841,1841
315930,1996,0,1738,1738
315930,1997,0,1264,1264
315930,1998,0,1815,1815
315930,1999,0,1737,1737
315930,2000,0,1724,1724
315930,2001,0,1671,1671
315930,2002,0,855,855
315930,2003,0,840,840
315930,2004,0,840,840
315930,2005,0,548,548
315930,2006,0,556,556
315930,2007,0,566,566
315930,2008,0,339,339
315930,2009,0,334,334
315930,2010,0,184,184
315930,2011,0,276,276
315930,2012,0,327,327
315930,2013,0,930,930
315930,2014,0,466,466
315930,2015,0,504,504
315930,2016,0,439,439
315930,2017,0,16,16
315930,2018,0,305,305
315930,2019,0,350,350
315930,2020,0,258,258
315930,2021,0,336,336
315940,1988,0,3558,3558
315940,1989,0,3516,3516
315940,1990,0,2758,2758
315940,1991,0,3967,3967
315940,1992,0,3967,3967
315940,1993,0,3589,3589
315940,1994,0,3589,3589
315940,1995,0,2379,2379
315940,1996,0,2378,2378
315940,1997,0,1920,1920
315940,1998,0,1915,1915
315940,1999,0,1915,1915
315940,2000,0,1930,1930
315940,2001,0,1753,1753
315940,2002,0,1933,1933
315940,2003,0,1933,1933
315940,2004,0,1910,1910
315940,2005,0,1910,1910
315940,2006,0,1910,1910
315940,2007,0,1960,1960
315940,2008,0,1760,1760
315940,2009,0,1760,1760
315940,2010,0,1760,1760
315940,2011,0,1760,1760
315940,2012,0,1460,1460
315940,2013,0,1760,1760
315940,2014,0,1745,1745
315940,2015,0,1770,1770
315940,2016,0,435,435
315940,2017,0,296,296
315940,2018,0,285,285
315940,2019,0,374,374
315940,2020,0,401,401
315940,2021,0,364,364
315950,1988,0,6995,6995
315950,1989,0,7163,7163
315950,1990,0,7079,7079
315950,1991,0,7081,7081
315950,1992,0,7081,7081
315950,1993,0,7034,7034
315950,1994,0,6861,6861
315950,1995,0,6831,6831
315950,1996,0,7873,7873
315950,1997,0,7970,7970
315950,1998,0,7994,7994
315950,1999,0,8279,8279
315950,2000,0,8556,8556
315950,2001,0,8338,8338
315950,2002,0,8605,8605
315950,2003,0,8605,8605
315950,2004,0,8608,8608
315950,2005,0,8706,8706
315950,2006,0,8775,8775
315950,2007,0,8780,8780
315950,2008,0,8659,8659
315950,2009,0,8676,8676
315950,2010,0,8436,8436
315950,2011,0,8466,8466
315950,2012,0,8431,8431
315950,2013,0,8624,8624
315950,2014,0,8376,8376
315950,2015,0,5995,5995
315950,2016,0,6482,6482
315950,2017,0,6632,6632
315950,2018,0,5325,5325
315950,2019,0,4608,4608
315950,2020,0,5109,5109
315950,2021,0,4353,4353
315960,1988,0,6754,6754
315960,1989,0,6489,6489
315960,1990,0,6062,6062
315960,1991,0,6065,6065
315960,1992,0,5922,5922
315960,1993,0,5912,5912
315960,1994,0,5899,5899
315960,1995,0,5936,5936
315960,1996,0,5606,5606
315960,1997,0,5378,5378
315960,1998,0,5708,5708
315960,1999,0,7613,7613
315960,2000,0,7627,7627
315960,2001,0,7707,7707
315960,2002,0,8211,8211
315960,2003,0,8911,8911
315960,2004,0,9176,9176
315960,2005,0,9576,9576
315960,2006,0,8857,8857
315960,2007,0,8591,8591
315960,2008,0,8004,8004
315960,2009,0,7379,7379
315960,2010,0,7545,7545
315960,2011,0,7466,7466
315960,2012,0,7369,7369
315960,2013,0,6647,6647
315960,2014,0,6176,6176
315960,2015,0,6407,6407
315960,2016,0,6430,6430
315960,2017,102,4331,4229
315960,2018,100,6378,6278
315960,2019,0,6077,6077
315960,2020,0,5657,5657
315960,2021,150,4983,4833
315970,1988,72,4916,4844
315970,1989,72,5176,5104
315970,1990,0,4062,4062
315970,1991,0,3664,3664
315970,1992,0,2714,2714
315970,1993,0,2037,2037
315970,1994,0,1749,1749
315970,1995,0,1741,1741
315970,1996,0,1835,1835
315970,1997,0,1831,1831
315970,1998,0,1786,1786
315970,1999,0,1728,1728
315970,2000,0,1928,1928
315970,2001,0,2346,2346
315970,2002,0,2098,2098
315970,2003,0,2098,2098
315970,2004,0,2713,2713
315970,2005,0,3134,3134
315970,2006,0,3657,3657
315970,2007,0,3204,3204
315970,2008,0,3204,3204
315970,2009,0,2958,2958
315970,2010,0,2942,2942
315970,2011,0,2955,2955
315970,2012,0,2326,2326
315970,2013,0,2454,2454
315970,2014,0,2945,2945
315970,2015,0,2798,2798
315970,2016,0,3009,3009
315970,2017,0,3006,3006
315970,2018,0,3336,3336
315970,2019,0,3646,3646
315970,2020,0,3955,3955
315970,2021,0,4238,4238
315980,1988,100,6453,6353
315980,1989,200,7384,7184
315980,1990,350,7448,7098
315980,1991,0,8364,8364
315980,1992,0,8119,8119
315980,1993,125,9234,9109
315980,1994,210,10029,9819
315980,1995,430,9598,9168
315980,1996,53,6940,6887
315980,1997,50,8448,8398
315980,1998,270,4202,3932
315980,1999,30,3702,3672
315980,2000,180,3900,3720
315980,2001,770,7017,6247
315980,2002,955,5398,4443
315980,2003,4535,10608,6073
315980,2004,5400,13749,8349
315980,2005,1000,7784,6784
315980,2006,500,3490,2990
315980,2007,0,2359,2359
315980,2008,0,7227,7227
315980,2009,0,17087,17087
315980,2010,0,26424,26424
315980,2011,0,26354,26354
315980,2012,87,30451,30364
315980,2013,1300,34520,33220
315980,2014,1750,49560,47810
315980,2015,2000,58760,56760
315980,2016,1115,56989,55874
315980,2017,815,53315,52500
315980,2018,1920,43024,41104
315980,2019,1480,39162,37682
315980,2020,2580,40317,37737
315980,2021,3780,37197,33417
315990,1988,15,12322,12307
315990,1989,15,11628,11613
315990,1990,15,11494,11479
315990,1991,15,11576,11561
315990,1992,0,11929,11929
315990,1993,0,11524,11524
315990,1994,0,11237,11237
315990,1995,0,11489,11489
315990,1996,0,11483,11483
315990,1997,0,11553,11553
315990,1998,0,12401,12401
315990,1999,0,12245,12245
315990,2000,0,12054,12054
315990,2001,0,12047,12047
315990,2002,0,13722,13722
315990,2003,0,13551,13551
315990,2004,0,12191,12191
315990,2005,0,12189,12189
315990,2006,0,12389,12389
315990,2007,0,9770,9770
315990,2008,0,10710,10710
315990,2009,0,10710,10710
315990,2010,0,8380,8380
315990,2011,0,8421,8421
315990,2012,0,8566,8566
315990,2013,0,9935,9935
315990,2014,0,9656,9656
315990,2015,0,10302,10302
315990,2016,0,10579,10579
315990,2017,0,7393,7393
315990,2018,0,8038,8038
315990,2019,0,8395,8395
315990,2020,0,8402,8402
315990,2021,160,8008,7848
316000,1988,0,1588,1588
316000,1989,0,1380,1380
316000,1990,0,1196,1196
316000,1991,0,1121,1121
316000,1992,0,1199,1199
316000,1993,0,1283,1283
316000,1994,0,1264,1264
316000,1995,0,1311,1311
316000,1996,0,1166,1166
316000,1997,0,1107,1107
316000,1998,0,817,817
316000,1999,0,675,675
316000,2000,0,620,620
316000,2001,0,535,535
316000,2002,0,585,585
316000,2003,0,650,650
316000,2004,0,588,588
316000,2005,0,589,589
316000,2006,0,577,577
316000,2007,0,389,389
316000,2008,0,359,359
316000,2009,0,358,358
316000,2010,0,358,358
316000,2011,0,376,376
316000,2012,0,315,315
316000,2013,0,328,328
316000,2014,0,320,320
316000,2015,0,324,324
316000,2016,0,328,328
316000,2017,0,63,63
316000,2018,0,124,124
316000,2019,0,138,138
316000,2020,0,125,125
316000,2021,0,117,117
316010,1988,0,2691,2691
316010,1989,0,2362,2362
316010,1990,0,1922,1922
316010,1991,0,1995,1995
316010,1992,0,1867,1867
316010,1993,0,1902,1902
316010,1994,0,1795,1795
316010,1995,0,1780,1780
316010,1996,0,1778,1778
316010,1997,0,2344,2344
316010,1998,0,2344,2344
316010,1999,0,2122,2122
316010,2000,0,2247,2247
316010,2001,0,2360,2360
316010,2002,0,2327,2327
316010,2003,0,2326,2326
316010,2004,0,2366,2366
316010,2005,0,2322,2322
316010,2006,0,2286,2286
316010,2007,0,2286,2286
316010,2008,0,2304,2304
316010,2009,0,2325,2325
316010,2010,0,2325,2325
316010,2011,0,2322,2322
316010,2012,0,2354,2354
316010,2013,0,2388,2388
316010,2014,0,1562,1562
316010,2015,0,1454,1454
316010,2016,0,1412,1412
316010,2017,0,556,556
316010,2018,0,544,544
316010,2019,0,532,532
316010,2020,0,571,571
316010,2021,0,555,555
316020,1988,0,1501,1501
316020,1989,0,1471,1471
316020,1990,0,1351,1351
316020,1991,0,1325,1325
316020,1992,0,1111,1111
316020,1993,0,964,964
316020,1994,0,734,734
316020,1995,0,648,648
316020,1996,0,468,468
316020,1997,0,625,625
316020,1998,0,568,568
316020,1999,0,1038,1038
316020,2000,0,1108,1108
316020,2001,0,1092,1092
316020,2002,0,1033,1033
316020,2003,0,1052,1052
316020,2004,0,1099,1099
316020,2005,0,1099,1099
316020,2006,0,1099,1099
316020,2007,0,1099,1099
316020,2008,0,749,749
316020,2009,0,814,814
316020,2010,0,654,654
316020,2011,0,563,563
316020,2012,0,448,448
316020,2013,0,432,432
316020,2014,0,424,424
316020,2015,0,439,439
316020,2016,0,434,434
316020,2017,0,177,177
316020,2018,0,191,191
316020,2019,0,453,453
316020,2020,0,488,488
316020,2021,0,388,388
316030,1988,0,9299,9299
316030,1989,0,8528,8528
316030,1990,0,9095,9095
316030,1991,0,3917,3917
316030,1992,0,7612,7612
316030,1993,0,4747,4747
316030,1994,0,2647,2647
316030,1995,0,2843,2843
316030,1996,0,1647,1647
316030,1997,0,3493,3493
316030,1998,0,2176,2176
316030,1999,0,2875,2875
316030,2000,0,2070,2070
316030,2001,0,1855,1855
316030,2002,0,1697,1697
316030,2003,0,1872,1872
316030,2004,0,1289,1289
316030,2005,0,1413,1413
316030,2006,0,1619,1619
316030,2007,0,1571,1571
316030,2008,0,1533,1533
316030,2009,0,1542,1542
316030,2010,0,1649,1649
316030,2011,0,1619,1619
316030,2012,0,1463,1463
316030,2013,0,1082,1082
316030,2014,0,1042,1042
316030,2015,0,1176,1176
316030,2016,0,1034,1034
316030,2017,0,398,398
316030,2018,0,487,487
316030,2019,0,385,385
316030,2020,0,436,436
316030,2021,0,531,531
316040,1988,0,3122,3122
316040,1989,0,2454,2454
316040,1990,0,926,926
316040,1991,0,933,933
316040,1992,0,2162,2162
316040,1993,0,2597,2597
316040,1994,0,2578,2578
316040,1995,0,2475,2475
316040,1996,85,2348,2263
316040,1997,100,2351,2251
316040,1998,0,2423,2423
316040,1999,20,2423,2403
316040,2000,30,2038,2008
316040,2001,30,2123,2093
316040,2002,0,1792,1792
316040,2003,0,1367,1367
316040,2004,0,1294,1294
316040,2005,0,1509,1509
316040,2006,0,1459,1459
316040,2007,0,1459,1459
316040,2008,0,1459,1459
316040,2009,0,1575,1575
316040,2010,0,1575,1575
316040,2011,0,1390,1390
316040,2012,0,1360,1360
316040,2013,0,1286,1286
316040,2014,0,1276,1276
316040,2015,0,1250,1250
316040,2016,0,995,995
316040,2017,0,506,506
316040,2018,0,588,588
316040,2019,0,572,572
316040,2020,0,701,701
316040,2021,0,733,733
316050,1988,0,380,380
316050,1989,0,322,322
316050,1990,0,306,306
316050,1991,0,307,307
316050,1992,0,305,305
316050,1993,0,332,332
316050,1994,0,568,568
316050,1995,0,551,551
316050,1996,0,474,474
316050,1997,0,227,227
316050,1998,0,186,186
316050,1999,0,186,186
316050,2000,0,184,184
316050,2001,0,184,184
316050,2002,0,189,189
316050,2003,0,157,157
316050,2004,0,168,168
316050,2005,0,169,169
316050,2006,0,169,169
316050,2007,0,189,189
316050,2008,0,189,189
316050,2009,0,277,277
316050,2010,0,277,277
316050,2011,0,277,277
316050,2012,0,287,287
316050,2013,0,284,284
316050,2014,0,269,269
316050,2015,0,234,234
316050,2016,0,247,247
316050,2017,0,71,71
316050,2018,0,89,89
316050,2019,0,161,161
316050,2020,0,139,139
316050,2021,0,134,134
316060,1988,0,3173,3173
316060,1989,0,3663,3663
316060,1990,0,3953,3953
316060,1991,0,3653,3653
316060,1992,0,3633,3633
316060,1993,0,3743,3743
316060,1994,0,3803,3803
316060,1995,0,3603,3603
316060,1996,0,3603,3603
316060,1997,5,1141,1136
316060,1998,0,2316,2316
316060,1999,0,1210,1210
316060,2000,0,1231,1231
316060,2001,0,1204,1204
316060,2002,0,1502,1502
316060,2003,0,2054,2054
316060,2004,0,1994,1994
316060,2005,0,1804,1804
316060,2006,0,1604,1604
316060,2007,0,1634,1634
316060,2008,0,1724,1724
316060,2009,0,1724,1724
316060,2010,300,2324,2024
316060,2011,300,2364,2064
316060,2012,0,726,726
316060,2013,0,680,680
316060,2014,0,980,980
316060,2015,0,1090,1090
316060,2016,0,782,782
316060,2017,0,311,311
316060,2018,0,348,348
316060,2019,0,341,341
316060,2020,0,295,295
316060,2021,0,331,331
316070,1988,0,4583,4583
316070,1989,0,5477,5477
316070,1990,0,4523,4523
316070,1991,0,4888,4888
316070,1992,0,4222,4222
316070,1993,0,4063,4063
316070,1994,0,3625,3625
316070,1995,0,3665,3665
316070,1996,0,1973,1973
316070,1997,0,2178,2178
316070,1998,0,1763,1763
316070,1999,0,1535,1535
316070,2000,0,1385,1385
316070,2001,0,1296,1296
316070,2002,0,1236,1236
316070,2003,0,1099,1099
316070,2004,0,997,997
316070,2005,0,813,813
316070,2006,0,962,962
316070,2007,0,935,935
316070,2008,0,936,936
316070,2009,0,944,944
316070,2010,0,941,941
316070,2011,0,872,872
316070,2012,0,876,876
316070,2013,0,888,888
316070,2014,0,425,425
316070,2015,0,259,259
316070,2016,0,227,227
316070,2017,0,216,216
316070,2018,0,242,242
316070,2019,0,245,245
316070,2020,0,216,216
316070,2021,0,209,209
316080,1988,0,960,960
316080,1989,0,922,922
316080,1990,0,945,945
316080,1991,0,1012,1012
316080,1992,0,1114,1114
316080,1993,0,1014,1014
316080,1994,0,1194,1194
316080,1995,0,1324,1324
316080,1996,5,1340,1335
316080,1997,5,1323,1318
316080,1998,0,1307,1307
316080,1999,0,1307,1307
316080,2000,0,1265,1265
316080,2001,0,1772,1772
316080,2002,0,3905,3905
316080,2003,0,4755,4755
316080,2004,0,3755,3755
316080,2005,0,4010,4010
316080,2006,0,4194,4194
316080,2007,0,4130,4130
316080,2008,0,4315,4315
316080,2009,0,3740,3740
316080,2010,0,4263,4263
316080,2011,0,4033,4033
316080,2012,0,3685,3685
316080,2013,0,3963,3963
316080,2014,1000,5705,4705
316080,2015,1000,5770,4770
316080,2016,1000,5823,4823
316080,2017,850,2956,2106
316080,2018,900,3127,2227
316080,2019,1800,5043,3243
316080,2020,1800,4894,3094
316080,2021,1000,3873,2873
316090,1988,0,1277,1277
316090,1989,0,1288,1288
316090,1990,0,1457,1457
316090,1991,0,1447,1447
316090,1992,0,1436,1436
316090,1993,0,1350,1350
316090,1994,0,1416,1416
316090,1995,0,1409,1409
316090,1996,0,1416,1416
316090,1997,0,1415,1415
316090,1998,0,1273,1273
316090,1999,0,1188,1188
316090,2000,0,1337,1337
316090,2001,0,1100,1100
316090,2002,0,1211,1211
316090,2003,0,1008,1008
316090,2004,0,947,947
316090,2005,0,1068,1068
316090,2006,0,1321,1321
316090,2007,0,1327,1327
316090,2008,0,1349,1349
316090,2009,0,1318,1318
316090,2010,0,1321,1321
316090,2011,0,1290,1290
316090,2012,0,1289,1289
316090,2013,0,1277,1277
316090,2014,0,1269,1269
316090,2015,0,1271,1271
316090,2016,0,1289,1289
316090,2017,0,91,91
316090,2018,0,107,107
316090,2019,0,109,109
316090,2020,0,127,127
316090,2021,0,159,159
316100,1988,0,6113,6113
316100,1989,0,11585,11585
316100,1990,0,11651,11651
316100,1991,0,11840,11840
316100,1992,0,11951,11951
316100,1993,0,11248,11248
316100,1994,0,11518,11518
316100,1995,0,11807,11807
316100,1996,0,3368,3368
316100,1997,0,3598,3598
316100,1998,0,3552,3552
316100,1999,0,3622,3622
316100,2000,0,2933,2933
316100,2001,0,3332,3332
316100,2002,0,3512,3512
316100,2003,0,3314,3314
316100,2004,0,4204,4204
316100,2005,0,4282,4282
316100,2006,0,3821,3821
316100,2007,0,3850,3850
316100,2008,0,3736,3736
316100,2009,0,3566,3566
316100,2010,0,3268,3268
316100,2011,0,3223,3223
316100,2012,0,3219,3219
316100,2013,0,2854,2854
316100,2014,0,2807,2807
316100,2015,0,2698,2698
316100,2016,0,2675,2675
316100,2017,0,589,589
316100,2018,0,655,655
316100,2019,0,708,708
316100,2020,0,808,808
316100,2021,0,801,801
316110,1988,1000,30667,29667
316110,1989,1000,24666,23666
316110,1990,2000,23260,21260
316110,1991,800,16404,15604
316110,1992,800,15966,15166
316110,1993,2000,19325,17325
316110,1994,2000,15789,13789
316110,1995,2000,16265,14265
316110,1996,1200,17617,16417
316110,1997,1000,15060,14060
316110,1998,8000,25730,17730
316110,1999,8000,25248,17248
316110,2000,8000,28301,20301
316110,2001,8000,21881,13881
316110,2002,7000,21802,14802
316110,2003,5900,21384,15484
316110,2004,6500,22760,16260
316110,2005,8800,23417,14617
316110,2006,9500,24110,14610
316110,2007,13500,30727,17227
316110,2008,15000,31297,16297
316110,2009,15000,31916,16916
316110,2010,16500,32855,16355
316110,2011,23020,40158,17138
316110,2012,23020,41119,18099
316110,2013,23000,40758,17758
316110,2014,16000,33246,17246
316110,2015,17000,34461,17461
316110,2016,24000,41708,17708
316110,2017,25390,39381,13991
316110,2018,20550,36563,16013
316110,2019,24450,38085,13635
316110,2020,23050,36031,12981
316110,2021,23700,36788,13088
316120,1988,0,3954,3954
316120,1989,0,3950,3950
316120,1990,0,3869,3869
316120,1991,0,3922,3922
316120,1992,0,5248,5248
316120,1993,0,4318,4318
316120,1994,0,4078,4078
316120,1995,0,4676,4676
316120,1996,0,3825,3825
316120,1997,0,3851,3851
316120,1998,0,3770,3770
316120,1999,0,3736,3736
316120,2000,0,3786,3786
316120,2001,0,3786,3786
316120,2002,0,4547,4547
316120,2003,0,4627,4627
316120,2004,0,5495,5495
316120,2005,0,5375,5375
316120,2006,0,5325,5325
316120,2007,0,5535,5535
316120,2008,0,4198,4198
316120,2009,0,4198,4198
316120,2010,0,4195,4195
316120,2011,0,4177,4177
316120,2012,0,4477,4477
316120,2013,0,4478,4478
316120,2014,0,4453,4453
316120,2015,0,4373,4373
316120,2016,0,4337,4337
316120,2017,43,4975,4932
316120,2018,55,3350,3295
316120,2019,43,3289,3246
316120,2020,0,4185,4185
316120,2021,90,4230,4140
316130,1988,150,2460,2310
316130,1989,200,1683,1483
316130,1990,0,1085,1085
316130,1991,0,851,851
316130,1992,0,804,804
316130,1993,0,784,784
316130,1994,0,1419,1419
316130,1995,0,1611,1611
316130,1996,147,1655,1508
316130,1997,125,2504,2379
316130,1998,256,2507,2251
316130,1999,125,2047,1922
316130,2000,140,1336,1196
316130,2001,165,1544,1379
316130,2002,570,2142,1572
316130,2003,1820,4999,3179
316130,2004,3600,7611,4011
316130,2005,3600,7668,4068
316130,2006,6000,9921,3921
316130,2007,480,9072,8592
316130,2008,280,7950,7670
316130,2009,282,12884,12602
316130,2010,282,12998,12716
316130,2011,300,13016,12716
316130,2012,55,15331,15276
316130,2013,55,15331,15276
316130,2014,55,15608,15553
316130,2015,300,15433,15133
316130,2016,60,15099,15039
316130,2017,1400,17618,16218
316130,2018,1400,16249,14849
316130,2019,1530,17233,15703
316130,2020,1200,17898,16698
316130,2021,1500,20157,18657
316140,1988,0,1875,1875
316140,1989,0,2476,2476
316140,1990,0,2217,2217
316140,1991,0,2361,2361
316140,1992,0,2509,2509
316140,1993,0,2695,2695
316140,1994,0,2778,2778
316140,1995,0,2267,2267
316140,1996,0,2557,2557
316140,1997,0,2573,2573
316140,1998,0,2325,2325
316140,1999,0,2332,2332
316140,2000,0,2014,2014
316140,2001,0,2020,2020
316140,2002,0,1685,1685
316140,2003,0,1812,1812
316140,2004,0,1807,1807
316140,2005,0,1750,1750
316140,2006,0,1759,1759
316140,2007,0,1649,1649
316140,2008,0,1774,1774
316140,2009,0,1733,1733
316140,2010,0,1742,1742
316140,2011,0,1828,1828
316140,2012,0,1795,1795
316140,2013,0,1833,1833
316140,2014,0,1768,1768
316140,2015,0,1991,1991
316140,2016,0,2028,2028
316140,2017,0,1284,1284
316140,2018,0,1351,1351
316140,2019,0,1314,1314
316140,2020,0,1368,1368
316140,2021,0,1338,1338
316150,1988,0,2302,2302
316150,1989,0,2088,2088
316150,1990,0,1768,1768
316150,1991,0,2234,2234
316150,1992,0,2018,2018
316150,1993,0,2018,2018
316150,1994,0,2018,2018
316150,1995,0,2085,2085
316150,1996,0,1367,1367
316150,1997,0,1208,1208
316150,1998,0,1208,1208
316150,1999,0,1149,1149
316150,2000,0,1159,1159
316150,2001,0,1031,1031
316150,2002,0,1165,1165
316150,2003,0,1270,1270
316150,2004,0,1505,1505
316150,2005,0,1595,1595
316150,2006,0,1670,1670
316150,2007,0,1564,1564
316150,2008,0,1815,1815
316150,2009,0,1813,1813
316150,2010,0,965,965
316150,2011,0,977,977
316150,2012,0,707,707
316150,2013,0,705,705
316150,2014,0,748,748
316150,2015,0,733,733
316150,2016,0,492,492
316150,2017,0,1020,1020
316150,2018,0,1017,1017
316150,2019,0,690,690
316150,2020,0,734,734
316150,2021,0,869,869
316160,1988,0,1503,1503
316160,1989,0,1449,1449
316160,1990,0,1416,1416
316160,1991,0,1651,1651
316160,1992,0,1375,1375
316160,1993,0,1327,1327
316160,1994,0,1287,1287
316160,1995,0,1318,1318
316160,1996,0,1448,1448
316160,1997,0,1718,1718
316160,1998,0,887,887
316160,1999,0,1398,1398
316160,2000,0,1469,1469
316160,2001,0,1469,1469
316160,2002,0,1469,1469
316160,2003,0,1505,1505
316160,2004,0,1560,1560
316160,2005,0,1368,1368
316160,2006,0,1288,1288
316160,2007,0,1158,1158
316160,2008,0,1257,1257
316160,2009,0,786,786
316160,2010,0,786,786
316160,2011,0,779,779
316160,2012,0,1399,1399
316160,2013,0,763,763
316160,2014,0,693,693
316160,2015,0,1290,1290
316160,2016,0,1155,1155
316160,2017,0,262,262
316160,2018,0,290,290
316160,2019,0,279,279
316160,2020,0,300,300
316160,2021,0,318,318
316170,1988,5600,19304,13704
316170,1989,5240,19212,13972
316170,1990,5920,18501,12581
316170,1991,6220,21070,14850
316170,1992,5310,19246,13936
316170,1993,5000,18167,13167
316170,1994,5300,19018,13718
316170,1995,5300,19786,14486
316170,1996,2448,7230,4782
316170,1997,3635,13624,9989
316170,1998,4200,15011,10811
316170,1999,5000,16188,11188
316170,2000,5000,15644,10644
316170,2001,5000,15710,10710
316170,2002,5800,20772,14972
316170,2003,7300,23783,16483
316170,2004,9300,26342,17042
316170,2005,9800,29465,19665
316170,2006,9600,28042,18442
316170,2007,9600,27799,18199
316170,2008,7700,23542,15842
316170,2009,7720,23703,15983
316170,2010,7200,22983,15783
316170,2011,7200,26081,18881
316170,2012,2650,21012,18362
316170,2013,4924,22739,17815
316170,2014,5500,19725,14225
316170,2015,5760,23615,17855
316170,2016,7300,27641,20341
316170,2017,8720,28156,19436
316170,2018,6700,21032,14332
316170,2019,7700,22120,14420
316170,2020,7000,21600,14600
316170,2021,4300,18254,13954
316180,1988,0,1413,1413
316180,1989,0,1322,1322
316180,1990,0,1105,1105
316180,1991,0,1009,1009
316180,1992,0,884,884
316180,1993,0,867,867
316180,1994,0,920,920
316180,1995,0,880,880
316180,1996,0,796,796
316180,1997,0,565,565
316180,1998,0,565,565
316180,1999,0,524,524
316180,2000,0,638,638
316180,2001,0,638,638
316180,2002,0,513,513
316180,2003,0,414,414
316180,2004,0,360,360
316180,2005,0,361,361
316180,2006,0,346,346
316180,2007,0,346,346
316180,2008,0,346,346
316180,2009,0,231,231
316180,2010,0,231,231
316180,2011,0,231,231
316180,2012,0,221,221
316180,2013,0,260,260
316180,2014,0,252,252
316180,2015,0,268,268
316180,2016,0,178,178
316180,2017,0,135,135
316180,2018,0,279,279
316180,2019,0,280,280
316180,2020,0,277,277
316180,2021,0,175,175
316190,1988,0,2946,2946
316190,1989,0,2925,2925
316190,1990,0,3037,3037
316190,1991,0,3054,3054
316190,1992,0,3089,3089
316190,1993,0,3495,3495
316190,1994,0,3495,3495
316190,1995,0,3476,3476
316190,1996,0,1489,1489
316190,1997,0,1557,1557
316190,1998,0,1542,1542
316190,1999,0,1564,1564
316190,2000,0,1188,1188
316190,2001,0,861,861
316190,2002,0,861,861
316190,2003,0,879,879
316190,2004,0,900,900
316190,2005,0,799,799
316190,2006,0,642,642
316190,2007,0,603,603
316190,2008,0,612,612
316190,2009,0,632,632
316190,2010,0,591,591
316190,2011,0,569,569
316190,2012,0,524,524
316190,2013,0,418,418
316190,2014,0,440,440
316190,2015,0,391,391
316190,2016,0,221,221
316190,2017,0,380,380
316190,2018,0,395,395
316190,2019,0,393,393
316190,2020,0,377,377
316190,2021,0,364,364
316200,1988,0,10228,10228
316200,1989,0,10668,10668
316200,1990,0,10803,10803
316200,1991,0,11451,11451
316200,1992,0,10804,10804
316200,1993,0,10237,10237
316200,1994,0,11632,11632
316200,1995,0,9827,9827
316200,1996,0,9828,9828
316200,1997,0,9342,9342
316200,1998,0,9320,9320
316200,1999,0,9320,9320
316200,2000,0,9330,9330
316200,2001,0,9768,9768
316200,2002,0,9811,9811
316200,2003,30,10411,10381
316200,2004,300,10681,10381
316200,2005,100,10525,10425
316200,2006,0,10495,10495
316200,2007,0,12495,12495
316200,2008,0,13557,13557
316200,2009,750,12507,11757
316200,2010,750,12175,11425
316200,2011,750,12569,11819
316200,2012,750,12289,11539
316200,2013,600,13204,12604
316200,2014,3000,15114,12114
316200,2015,630,11618,10988
316200,2016,1000,13670,12670
316200,2017,2720,11896,9176
316200,2018,3100,13744,10644
316200,2019,3000,13829,10829
316200,2020,3600,11992,8392
316200,2021,3600,13705,10105
316210,1988,2034,13873,11839
316210,1989,2842,15707,12865
316210,1990,2300,12853,10553
316210,1991,2000,10118,8118
316210,1992,1546,9866,8320
316210,1993,2000,9461,7461
316210,1994,2130,9268,7138
316210,1995,1500,9010,7510
316210,1996,1500,7234,5734
316210,1997,1650,9217,7567
316210,1998,1650,9427,7777
316210,1999,1650,9723,8073
316210,2000,1200,9255,8055
316210,2001,1300,9305,8005
316210,2002,1400,9320,7920
316210,2003,1400,9239,7839
316210,2004,1400,9895,8495
316210,2005,1400,10000,8600
316210,2006,1500,9277,7777
316210,2007,1200,8950,7750
316210,2008,1500,8993,7493
316210,2009,1500,9395,7895
316210,2010,1500,9480,7980
316210,2011,1500,9901,8401
316210,2012,1500,9408,7908
316210,2013,1600,9340,7740
316210,2014,2100,9828,7728
316210,2015,2250,9827,7577
316210,2016,1600,8143,6543
316210,2017,1900,8799,6899
316210,2018,3600,11666,8066
316210,2019,1500,12629,11129
316210,2020,1500,11167,9667
316210,2021,1500,10756,9256
316220,1988,0,4315,4315
316220,1989,0,3925,3925
316220,1990,0,3515,3515
316220,1991,0,3175,3175
316220,1992,0,3186,3186
316220,1993,0,2968,2968
316220,1994,0,3697,3697
316220,1995,0,3688,3688
316220,1996,0,2796,2796
316220,1997,0,3205,3205
316220,1998,0,3379,3379
316220,1999,0,4129,4129
316220,2000,0,4485,4485
316220,2001,57,4312,4255
316220,2002,60,3815,3755
316220,2003,400,4585,4185
316220,2004,42,7497,7455
316220,2005,21,7833,7812
316220,2006,0,7932,7932
316220,2007,0,5203,5203
316220,2008,0,4544,4544
316220,2009,0,5233,5233
316220,2010,30,6679,6649
316220,2011,50,6094,6044
316220,2012,20,5106,5086
316220,2013,250,7261,7011
316220,2014,250,6910,6660
316220,2015,750,7311,6561
316220,2016,2000,5846,3846
316220,2017,4200,13957,9757
316220,2018,4500,14874,10374
316220,2019,4600,14794,10194
316220,2020,4200,13011,8811
316220,2021,4500,13039,8539
316230,1988,0,2166,2166
316230,1989,0,2707,2707
316230,1990,0,2773,2773
316230,1991,0,2747,2747
316230,1992,0,2443,2443
316230,1993,0,2446,2446
316230,1994,0,2440,2440
316230,1995,0,2519,2519
316230,1996,0,2192,2192
316230,1997,0,1920,1920
316230,1998,0,1971,1971
316230,1999,0,2611,2611
316230,2000,0,2531,2531
316230,2001,0,1603,1603
316230,2002,0,1543,1543
316230,2003,0,1528,1528
316230,2004,0,2100,2100
316230,2005,0,2150,2150
316230,2006,0,2150,2150
316230,2007,0,2026,2026
316230,2008,0,1872,1872
316230,2009,0,1873,1873
316230,2010,0,1873,1873
316230,2011,0,1988,1988
316230,2012,0,1926,1926
316230,2013,0,1750,1750
316230,2014,0,1752,1752
316230,2015,0,1614,1614
316230,2016,0,1813,1813
316230,2017,0,1862,1862
316230,2018,0,2159,2159
316230,2019,0,1982,1982
316230,2020,0,2088,2088
316230,2021,0,1921,1921
316240,1988,0,4192,4192
316240,1989,0,4255,4255
316240,1990,0,4709,4709
316240,1991,0,3568,3568
316240,1992,0,3668,3668
316240,1993,0,3909,3909
316240,1994,0,4079,4079
316240,1995,0,4315,4315
316240,1996,0,3941,3941
316240,1997,0,8217,8217
316240,1998,0,3810,3810
316240,1999,0,2993,2993
316240,2000,0,3083,3083
316240,2001,0,2243,2243
316240,2002,0,2880,2880
316240,2003,0,2838,2838
316240,2004,0,5708,5708
316240,2005,0,5388,5388
316240,2006,0,5150,5150
316240,2007,0,5135,5135
316240,2008,0,4944,4944
316240,2009,0,4944,4944
316240,2010,0,4728,4728
316240,2011,0,6648,6648
316240,2012,0,8117,8117
316240,2013,0,7317,7317
316240,2014,0,5419,5419
316240,2015,0,5443,5443
316240,2016,0,2811,2811
316240,2017,0,2937,2937
316240,2018,0,2677,2677
316240,2019,0,3000,3000
316240,2020,0,2604,2604
316240,2021,0,2652,2652
316250,1988,0,5675,5675
316250,1989,0,5917,5917
316250,1990,40,6280,6240
316250,1991,20,5966,5946
316250,1992,20,5994,5974
316250,1993,20,5993,5973
316250,1994,40,6313,6273
316250,1995,40,7283,7243
316250,1996,0,5214,5214
316250,1997,0,5218,5218
316250,1998,0,5246,5246
316250,1999,0,5253,5253
316250,2000,0,5620,5620
316250,2001,0,6277,6277
316250,2002,0,5189,5189
316250,2003,0,5493,5493
316250,2004,212,6477,6265
316250,2005,500,6935,6435
316250,2006,700,7184,6484
316250,2007,500,7056,6556
316250,2008,500,7866,7366
316250,2009,500,8666,8166
316250,2010,500,8920,8420
316250,2011,500,7979,7479
316250,2012,500,8926,8426
316250,2013,2000,16590,14590
316250,2014,2000,16485,14485
316250,2015,2100,14911,12811
316250,2016,5000,18328,13328
316250,2017,4400,18450,14050
316250,2018,4800,19581,14781
316250,2019,8000,34443,26443
316250,2020,6000,34530,28530
316250,2021,7000,35480,28480
316260,1988,0,1517,1517
316260,1989,0,2540,2540
316260,1990,0,2535,2535
316260,1991,0,2535,2535
316260,1992,0,2535,2535
316260,1993,0,2531,2531
316260,1994,0,2526,2526
316260,1995,0,2524,2524
316260,1996,0,805,805
316260,1997,0,2526,2526
316260,1998,0,794,794
316260,1999,0,749,749
316260,2000,0,576,576
316260,2001,0,838,838
316260,2002,0,1197,1197
316260,2003,0,1119,1119
316260,2004,0,1327,1327
316260,2005,0,1422,1422
316260,2006,0,585,585
316260,2007,0,402,402
316260,2008,0,478,478
316260,2009,0,593,593
316260,2010,0,592,592
316260,2011,0,336,336
316260,2012,0,247,247
316260,2013,0,263,263
316260,2014,0,277,277
316260,2015,0,306,306
316260,2016,0,286,286
316260,2017,0,43,43
316260,2018,0,41,41
316260,2019,0,57,57
316260,2020,0,83,83
316260,2021,0,97,97
316270,1988,0,7843,7843
316270,1989,0,7665,7665
316270,1990,0,9502,9502
316270,1991,0,7483,7483
316270,1992,0,6550,6550
316270,1993,0,7155,7155
316270,1994,0,5820,5820
316270,1995,0,6229,6229
316270,1996,0,6191,6191
316270,1997,0,5534,5534
316270,1998,0,5090,5090
316270,1999,0,5017,5017
316270,2000,0,5434,5434
316270,2001,0,5142,5142
316270,2002,0,5789,5789
316270,2003,0,5074,5074
316270,2004,0,4934,4934
316270,2005,0,5903,5903
316270,2006,0,6228,6228
316270,2007,0,6080,6080
316270,2008,0,5626,5626
316270,2009,0,6136,6136
316270,2010,0,6373,6373
316270,2011,0,6413,6413
316270,2012,0,6493,6493
316270,2013,0,5791,5791
316270,2014,0,4890,4890
316270,2015,0,4950,4950
316270,2016,0,5592,5592
316270,2017,0,5621,5621
316270,2018,0,5717,5717
316270,2019,0,5547,5547
316270,2020,0,4500,4500
316270,2021,0,5855,5855
316280,1988,0,9839,9839
316280,1989,0,9003,9003
316280,1990,0,9440,9440
316280,1991,0,10573,10573
316280,1992,0,10703,10703
316280,1993,0,10143,10143
316280,1994,0,9796,9796
316280,1995,0,7921,7921
316280,1996,0,6268,6268
316280,1997,0,5719,5719
316280,1998,0,4368,4368
316280,1999,0,4448,4448
316280,2000,0,4529,4529
316280,2001,0,3889,3889
316280,2002,0,4150,4150
316280,2003,0,4507,4507
316280,2004,0,4389,4389
316280,2005,0,4484,4484
316280,2006,0,4311,4311
316280,2007,0,3535,3535
316280,2008,0,3074,3074
316280,2009,0,2440,2440
316280,2010,0,2334,2334
316280,2011,0,2244,2244
316280,2012,0,2755,2755
316280,2013,0,2753,2753
316280,2014,0,2573,2573
316280,2015,0,2433,2433
316280,2016,0,2460,2460
316280,2017,0,507,507
316280,2018,0,398,398
316280,2019,0,419,419
316280,2020,0,470,470
316280,2021,0,391,391
316290,1988,0,2407,2407
316290,1989,0,2648,2648
316290,1990,0,2164,2164
316290,1991,0,2049,2049
316290,1992,0,1990,1990
316290,1993,0,1573,1573
316290,1994,0,1429,1429
316290,1995,0,1383,1383
316290,1996,0,1382,1382
316290,1997,15,1371,1356
316290,1998,0,1078,1078
316290,1999,0,1141,1141
316290,2000,0,1187,1187
316290,2001,0,889,889
316290,2002,0,974,974
316290,2003,0,920,920
316290,2004,0,1161,1161
316290,2005,0,999,999
316290,2006,0,912,912
316290,2007,0,537,537
316290,2008,0,336,336
316290,2009,0,301,301
316290,2010,0,289,289
316290,2011,0,237,237
316290,2012,0,227,227
316290,2013,0,217,217
316290,2014,0,226,226
316290,2015,0,193,193
316290,2016,0,166,166
316290,2017,0,205,205
316290,2018,0,117,117
316290,2019,0,118,118
316290,2020,0,147,147
316290,2021,0,166,166
316300,1988,0,1035,1035
316300,1989,0,929,929
316300,1990,0,869,869
316300,1991,0,868,868
316300,1992,0,804,804
316300,1993,0,763,763
316300,1994,0,718,718
316300,1995,0,727,727
316300,1996,0,597,597
316300,1997,0,727,727
316300,1998,0,727,727
316300,1999,0,604,604
316300,2000,0,604,604
316300,2001,0,604,604
316300,2002,0,604,604
316300,2003,0,426,426
316300,2004,0,330,330
316300,2005,0,263,263
316300,2006,0,511,511
316300,2007,0,433,433
316300,2008,0,342,342
316300,2009,0,342,342
316300,2010,0,342,342
316300,2011,0,342,342
316300,2012,0,242,242
316300,2013,0,360,360
316300,2014,0,328,328
316300,2015,0,368,368
316300,2016,0,270,270
316300,2017,0,62,62
316300,2018,0,90,90
316300,2019,0,109,109
316300,2020,0,95,95
316300,2021,0,109,109
316310,1988,0,845,845
316310,1989,0,823,823
316310,1990,0,773,773
316310,1991,0,843,843
316310,1992,0,1193,1193
316310,1993,0,1173,1173
316310,1994,0,1128,1128
316310,1995,0,1121,1121
316310,1996,0,878,878
316310,1997,0,904,904
316310,1998,0,1028,1028
316310,1999,0,1096,1096
316310,2000,0,918,918
316310,2001,0,459,459
316310,2002,0,654,654
316310,2003,0,808,808
316310,2004,0,890,890
316310,2005,0,876,876
316310,2006,0,897,897
316310,2007,0,896,896
316310,2008,0,899,899
316310,2009,0,853,853
316310,2010,0,853,853
316310,2011,0,853,853
316310,2012,0,857,857
316310,2013,0,841,841
316310,2014,0,926,926
316310,2015,0,370,370
316310,2016,0,634,634
316310,2017,0,134,134
316310,2018,0,145,145
316310,2019,0,113,113
316310,2020,0,140,140
316310,2021,0,193,193
316320,1988,0,1311,1311
316320,1989,0,1317,1317
316320,1990,0,1097,1097
316320,1991,0,1280,1280
316320,1992,0,1082,1082
316320,1993,0,1077,1077
316320,1994,0,1110,1110
316320,1995,0,1119,1119
316320,1996,0,913,913
316320,1997,0,753,753
316320,1998,0,568,568
316320,1999,0,673,673
316320,2000,0,576,576
316320,2001,0,576,576
316320,2002,0,657,657
316320,2003,0,585,585
316320,2004,0,585,585
316320,2005,0,585,585
316320,2006,0,630,630
316320,2007,0,660,660
316320,2008,0,680,680
316320,2009,0,705,705
316320,2010,0,710,710
316320,2011,0,710,710
316320,2012,0,535,535
316320,2013,0,570,570
316320,2014,0,560,560
316320,2015,0,566,566
316320,2016,70,320,250
316320,2017,0,401,401
316320,2018,50,546,496
316320,2019,0,501,501
316320,2020,0,522,522
316320,2021,85,557,472
316330,1988,0,2312,2312
316330,1989,0,2230,2230
316330,1990,0,1128,1128
316330,1991,0,1156,1156
316330,1992,0,970,970
316330,1993,0,756,756
316330,1994,0,438,438
316330,1995,0,585,585
316330,1996,0,1029,1029
316330,1997,0,977,977
316330,1998,0,328,328
316330,1999,0,859,859
316330,2000,0,1143,1143
316330,2001,0,914,914
316330,2002,0,1204,1204
316330,2003,0,737,737
316330,2004,0,472,472
316330,2005,0,472,472
316330,2006,0,402,402
316330,2007,0,654,654
316330,2008,0,824,824
316330,2009,0,579,579
316330,2010,0,502,502
316330,2011,0,718,718
316330,2012,0,584,584
316330,2013,0,338,338
316330,2014,0,611,611
316330,2015,0,558,558
316330,2016,0,485,485
316330,2017,0,76,76
316330,2018,0,97,97
316330,2019,0,159,159
316330,2020,0,229,229
316330,2021,0,211,211
316340,1988,0,1608,1608
316340,1989,0,2261,2261
316340,1990,0,2302,2302
316340,1991,0,2326,2326
316340,1992,0,2163,2163
316340,1993,0,1839,1839
316340,1994,0,1841,1841
316340,1995,0,1854,1854
316340,1996,0,1057,1057
316340,1997,0,1202,1202
316340,1998,0,1198,1198
316340,1999,0,1199,1199
316340,2000,0,1083,1083
316340,2001,0,626,626
316340,2002,0,616,616
316340,2003,0,570,570
316340,2004,0,618,618
316340,2005,0,593,593
316340,2006,0,412,412
316340,2007,0,330,330
316340,2008,0,332,332
316340,2009,0,384,384
316340,2010,0,304,304
316340,2011,0,286,286
316340,2012,0,454,454
316340,2013,0,253,253
316340,2014,0,558,558
316340,2015,0,470,470
316340,2016,0,708,708
316340,2017,0,1004,1004
316340,2018,0,929,929
316340,2019,0,942,942
316340,2020,0,1014,1014
316340,2021,0,888,888
316350,1988,0,5091,5091
316350,1989,0,4947,4947
316350,1990,0,5175,5175
316350,1991,0,5431,5431
316350,1992,0,5278,5278
316350,1993,0,4935,4935
316350,1994,0,4488,4488
316350,1995,0,3891,3891
316350,1996,0,3505,3505
316350,1997,0,3729,3729
316350,1998,0,3143,3143
316350,1999,0,3163,3163
316350,2000,0,3163,3163
316350,2001,0,2629,2629
316350,2002,0,2603,2603
316350,2003,0,2728,2728
316350,2004,0,3305,3305
316350,2005,0,3256,3256
316350,2006,0,3161,3161
316350,2007,0,2904,2904
316350,2008,0,2613,2613
316350,2009,0,2384,2384
316350,2010,0,2227,2227
316350,2011,0,2141,2141
316350,2012,0,1582,1582
316350,2013,0,1840,1840
316350,2014,0,1703,1703
316350,2015,0,1708,1708
316350,2016,0,1157,1157
316350,2017,0,804,804
316350,2018,0,817,817
316350,2019,0,953,953
316350,2020,0,946,946
316350,2021,0,1101,1101
316360,1988,0,1446,1446
316360,1989,0,1446,1446
316360,1990,0,1459,1459
316360,1991,0,1753,1753
316360,1992,0,1641,1641
316360,1993,0,2396,2396
316360,1994,0,2627,2627
316360,1995,0,2187,2187
316360,1996,0,1058,1058
316360,1997,0,1915,1915
316360,1998,0,1602,1602
316360,1999,0,1604,1604
316360,2000,0,1298,1298
316360,2001,0,1296,1296
316360,2002,0,1121,1121
316360,2003,0,1188,1188
316360,2004,0,1080,1080
316360,2005,0,1114,1114
316360,2006,0,1166,1166
316360,2007,0,1032,1032
316360,2008,0,1031,1031
316360,2009,0,1031,1031
316360,2010,0,1051,1051
316360,2011,0,1041,1041
316360,2012,0,1036,1036
316360,2013,0,1030,1030
316360,2014,0,900,900
316360,2015,0,877,877
316360,2016,0,818,818
316360,2017,0,805,805
316360,2018,0,815,815
316360,2019,0,750,750
316360,2020,0,757,757
316360,2021,0,819,819
316370,1988,0,173,173
316370,1989,0,183,183
316370,1990,0,178,178
316370,1991,0,187,187
316370,1992,0,180,180
316370,1993,0,191,191
316370,1994,0,192,192
316370,1995,0,180,180
316370,1996,0,401,401
316370,1997,0,121,121
316370,1998,0,98,98
316370,1999,0,98,98
316370,2000,0,98,98
316370,2001,0,98,98
316370,2002,0,99,99
316370,2003,0,83,83
316370,2004,0,88,88
316370,2005,0,88,88
316370,2006,0,86,86
316370,2007,0,86,86
316370,2008,0,85,85
316370,2009,0,82,82
316370,2010,0,79,79
316370,2011,0,79,79
316370,2012,0,79,79
316370,2013,0,79,79
316370,2014,0,71,71
316370,2015,0,77,77
316370,2016,0,77,77
316370,2017,0,37,37
316370,2018,0,63,63
316370,2019,0,63,63
316370,2020,0,64,64
316370,2021,0,67,67
316380,1988,0,4461,4461
316380,1989,0,4694,4694
316380,1990,0,4529,4529
316380,1991,0,4278,4278
316380,1992,0,4284,4284
316380,1993,0,4284,4284
316380,1994,0,4284,4284
316380,1995,0,5220,5220
316380,1996,0,2528,2528
316380,1997,0,3055,3055
316380,1998,0,3137,3137
316380,1999,0,2587,2587
316380,2000,0,2585,2585
316380,2001,0,3705,3705
316380,2002,0,4089,4089
316380,2003,0,4139,4139
316380,2004,0,4200,4200
316380,2005,0,4200,4200
316380,2006,0,4200,4200
316380,2007,0,3987,3987
316380,2008,0,3357,3357
316380,2009,0,3357,3357
316380,2010,0,3357,3357
316380,2011,0,3837,3837
316380,2012,0,3784,3784
316380,2013,0,3484,3484
316380,2014,0,3074,3074
316380,2015,0,3022,3022
316380,2016,0,2587,2587
316380,2017,0,2765,2765
316380,2018,0,2462,2462
316380,2019,0,2534,2534
316380,2020,0,2513,2513
316380,2021,0,2356,2356
316390,1988,0,7191,7191
316390,1989,0,7356,7356
316390,1990,0,6501,6501
316390,1991,0,6216,6216
316390,1992,0,6213,6213
316390,1993,0,6273,6273
316390,1994,0,6373,6373
316390,1995,0,6451,6451
316390,1996,0,5686,5686
316390,1997,0,5830,5830
316390,1998,0,5713,5713
316390,1999,0,5481,5481
316390,2000,0,5481,5481
316390,2001,0,5229,5229
316390,2002,0,5348,5348
316390,2003,270,5499,5229
316390,2004,414,7924,7510
316390,2005,40,6952,6912
316390,2006,40,7006,6966
316390,2007,160,6426,6266
316390,2008,345,5761,5416
316390,2009,345,5241,4896
316390,2010,345,5571,5226
316390,2011,345,5621,5276
316390,2012,345,6011,5666
316390,2013,300,4896,4596
316390,2014,900,6357,5457
316390,2015,1000,6371,5371
316390,2016,1200,6319,5119
316390,2017,1650,8150,6500
316390,2018,1650,8473,6823
316390,2019,1300,7596,6296
316390,2020,1300,7376,6076
316390,2021,1800,8356,6556
316400,1988,0,6505,6505
316400,1989,0,5999,5999
316400,1990,0,6494,6494
316400,1991,0,6425,6425
316400,1992,0,5601,5601
316400,1993,0,5531,5531
316400,1994,0,5387,5387
316400,1995,0,4551,4551
316400,1996,0,4471,4471
316400,1997,0,3693,3693
316400,1998,0,3724,3724
316400,1999,0,3503,3503
316400,2000,0,3467,3467
316400,2001,0,3419,3419
316400,2002,0,3094,3094
316400,2003,0,3305,3305
316400,2004,0,4101,4101
316400,2005,0,4127,4127
316400,2006,0,4152,4152
316400,2007,0,4152,4152
316400,2008,0,4170,4170
316400,2009,0,4175,4175
316400,2010,0,4175,4175
316400,2011,0,4190,4190
316400,2012,0,4228,4228
316400,2013,0,4243,4243
316400,2014,0,5286,5286
316400,2015,0,4398,4398
316400,2016,0,4068,4068
316400,2017,0,4430,4430
316400,2018,0,4439,4439
316400,2019,0,4450,4450
316400,2020,0,4625,4625
316400,2021,0,3762,3762
316410,1988,0,5689,5689
316410,1989,0,2870,2870
316410,1990,0,3024,3024
316410,1991,0,3214,3214
316410,1992,0,3131,3131
316410,1993,0,2789,2789
316410,1994,0,2224,2224
316410,1995,0,1708,1708
316410,1996,0,1808,1808
316410,1997,0,1621,1621
316410,1998,0,1465,1465
316410,1999,0,1504,1504
316410,2000,0,1503,1503
316410,2001,0,1283,1283
316410,2002,0,1061,1061
316410,2003,0,1037,1037
316410,2004,0,1301,1301
316410,2005,0,1191,1191
316410,2006,0,1232,1232
316410,2007,0,1163,1163
316410,2008,0,1009,1009
316410,2009,0,965,965
316410,2010,0,941,941
316410,2011,0,1027,1027
316410,2012,0,985,985
316410,2013,0,984,984
316410,2014,0,934,934
316410,2015,0,888,888
316410,2016,0,605,605
316410,2017,0,555,555
316410,2018,0,537,537
316410,2019,0,418,418
316410,2020,0,448,448
316410,2021,0,473,473
316420,1988,0,4656,4656
316420,1989,0,3836,3836
316420,1990,0,4578,4578
316420,1991,0,4009,4009
316420,1992,0,4083,4083
316420,1993,0,7587,7587
316420,1994,0,7810,7810
316420,1995,600,7870,7270
316420,1996,2,3381,3379
316420,1997,0,3562,3562
316420,1998,2,3636,3634
316420,1999,102,3084,2982
316420,2000,100,5670,5570
316420,2001,800,5132,4332
316420,2002,1200,5080,3880
316420,2003,1500,6937,5437
316420,2004,1439,7980,6541
316420,2005,1654,10782,9128
316420,2006,1654,11541,9887
316420,2007,2360,11870,9510
316420,2008,2360,10483,8123
316420,2009,2180,8723,6543
316420,2010,2580,9363,6783
316420,2011,5743,13057,7314
316420,2012,5000,16983,11983
316420,2013,9050,23103,14053
316420,2014,7400,21556,14156
316420,2015,7700,19884,12184
316420,2016,8240,24202,15962
316420,2017,8000,19625,11625
316420,2018,8300,22802,14502
316420,2019,7800,23857,16057
316420,2020,9382,23358,13976
316420,2021,9732,25237,15505
316430,1988,0,3929,3929
316430,1989,0,3973,3973
316430,1990,100,3523,3423
316430,1991,0,2996,2996
316430,1992,0,3341,3341
316430,1993,0,2411,2411
316430,1994,0,2659,2659
316430,1995,0,2743,2743
316430,1996,0,3515,3515
316430,1997,0,1866,1866
316430,1998,97,2370,2273
316430,1999,0,2971,2971
316430,2000,0,3537,3537
316430,2001,0,3671,3671
316430,2002,0,3718,3718
316430,2003,700,6772,6072
316430,2004,2000,8342,6342
316430,2005,1500,7876,6376
316430,2006,30,6676,6646
316430,2007,0,6321,6321
316430,2008,0,7511,7511
316430,2009,0,7829,7829
316430,2010,0,7219,7219
316430,2011,0,8060,8060
316430,2012,0,9721,9721
316430,2013,0,10314,10314
316430,2014,500,11164,10664
316430,2015,200,10121,9921
316430,2016,600,10220,9620
316430,2017,1730,9630,7900
316430,2018,1750,10323,8573
316430,2019,1800,9558,7758
316430,2020,1800,10689,8889
316430,2021,3000,12486,9486
316440,1988,0,2641,2641
316440,1989,0,3534,3534
316440,1990,0,3019,3019
316440,1991,0,2776,2776
316440,1992,0,2771,2771
316440,1993,0,2740,2740
316440,1994,0,2730,2730
316440,1995,0,2845,2845
316440,1996,0,5679,5679
316440,1997,0,3489,3489
316440,1998,0,6480,6480
316440,1999,0,4140,4140
316440,2000,0,3970,3970
316440,2001,0,3459,3459
316440,2002,0,3458,3458
316440,2003,0,3458,3458
316440,2004,0,3141,3141
316440,2005,0,3003,3003
316440,2006,0,2773,2773
316440,2007,0,2808,2808
316440,2008,0,2472,2472
316440,2009,0,2242,2242
316440,2010,0,2242,2242
316440,2011,0,2085,2085
316440,2012,0,2375,2375
316440,2013,0,2075,2075
316440,2014,0,1930,1930
316440,2015,0,1820,1820
316440,2016,0,1758,1758
316440,2017,225,2264,2039
316440,2018,250,2462,2212
316440,2019,100,2286,2186
316440,2020,250,2428,2178
316440,2021,250,2546,2296
316450,1988,0,6485,6485
316450,1989,0,5630,5630
316450,1990,0,5552,5552
316450,1991,0,5600,5600
316450,1992,0,5610,5610
316450,1993,0,5373,5373
316450,1994,0,4106,4106
316450,1995,0,3495,3495
316450,1996,0,3467,3467
316450,1997,0,3133,3133
316450,1998,0,2835,2835
316450,1999,0,2535,2535
316450,2000,0,2605,2605
316450,2001,0,2500,2500
316450,2002,0,2667,2667
316450,2003,0,2651,2651
316450,2004,0,2984,2984
316450,2005,0,3078,3078
316450,2006,0,3052,3052
316450,2007,0,2966,2966
316450,2008,0,2743,2743
316450,2009,0,2577,2577
316450,2010,0,2480,2480
316450,2011,0,2582,2582
316450,2012,0,2193,2193
316450,2013,0,2691,2691
316450,2014,0,2481,2481
316450,2015,0,2454,2454
316450,2016,0,775,775
316450,2017,0,1081,1081
316450,2018,0,1019,1019
316450,2019,0,1285,1285
316450,2020,0,1235,1235
316450,2021,0,1086,1086
316460,1988,0,2105,2105
316460,1989,0,1874,1874
316460,1990,0,1573,1573
316460,1991,0,1787,1787
316460,1992,0,1881,1881
316460,1993,0,1859,1859
316460,1994,0,1922,1922
316460,1995,0,1976,1976
316460,1996,0,1787,1787
316460,1997,0,2157,2157
316460,1998,0,2066,2066
316460,1999,60,1918,1858
316460,2000,0,1906,1906
316460,2001,0,1821,1821
316460,2002,0,1896,1896
316460,2003,0,1676,1676
316460,2004,0,1776,1776
316460,2005,0,1786,1786
316460,2006,0,1786,1786
316460,2007,0,1786,1786
316460,2008,0,1786,1786
316460,2009,0,1241,1241
316460,2010,0,1241,1241
316460,2011,0,1241,1241
316460,2012,0,555,555
316460,2013,0,457,457
316460,2014,0,578,578
316460,2015,0,424,424
316460,2016,0,591,591
316460,2017,0,235,235
316460,2018,0,288,288
316460,2019,0,277,277
316460,2020,0,379,379
316460,2021,0,332,332
316470,1988,0,22974,22974
316470,1989,0,24038,24038
316470,1990,0,22880,22880
316470,1991,0,23379,23379
316470,1992,0,22103,22103
316470,1993,0,17693,17693
316470,1994,0,18208,18208
316470,1995,0,15859,15859
316470,1996,2,12283,12281
316470,1997,40,15510,15470
316470,1998,50,14623,14573
316470,1999,74,14160,14086
316470,2000,70,17142,17072
316470,2001,70,18439,18369
316470,2002,0,19619,19619
316470,2003,70,20740,20670
316470,2004,1100,22780,21680
316470,2005,1100,22879,21779
316470,2006,500,22924,22424
316470,2007,100,18759,18659
316470,2008,0,20299,20299
316470,2009,0,20365,20365
316470,2010,0,29375,29375
316470,2011,0,25437,25437
316470,2012,170,28967,28797
316470,2013,100,24460,24360
316470,2014,100,22277,22177
316470,2015,0,25142,25142
316470,2016,150,25939,25789
316470,2017,610,23927,23317
316470,2018,600,21428,20828
316470,2019,900,20575,19675
316470,2020,1000,21140,20140
316470,2021,550,20826,20276
316480,1988,0,1135,1135
316480,1989,0,1125,1125
316480,1990,0,1125,1125
316480,1991,0,1134,1134
316480,1992,0,1225,1225
316480,1993,0,890,890
316480,1994,0,715,715
316480,1995,0,795,795
316480,1996,0,630,630
316480,1997,0,386,386
316480,1998,0,401,401
316480,1999,0,444,444
316480,2000,0,409,409
316480,2001,0,443,443
316480,2002,0,375,375
316480,2003,0,387,387
316480,2004,0,288,288
316480,2005,0,286,286
316480,2006,0,286,286
316480,2007,0,280,280
316480,2008,0,260,260
316480,2009,0,200,200
316480,2010,0,196,196
316480,2011,0,221,221
316480,2012,0,231,231
316480,2013,0,195,195
316480,2014,0,185,185
316480,2015,0,169,169
316480,2016,0,194,194
316480,2017,0,22,22
316480,2018,0,25,25
316480,2019,0,53,53
316480,2020,0,58,58
316480,2021,0,74,74
316490,1988,0,214,214
316490,1989,0,246,246
316490,1990,0,238,238
316490,1991,0,235,235
316490,1992,0,230,230
316490,1993,0,226,226
316490,1994,0,250,250
316490,1995,0,244,244
316490,1996,316,688,372
316490,1997,0,686,686
316490,1998,0,131,131
316490,1999,0,135,135
316490,2000,0,193,193
316490,2001,0,193,193
316490,2002,0,213,213
316490,2003,0,318,318
316490,2004,0,327,327
316490,2005,0,347,347
316490,2006,0,375,375
316490,2007,0,405,405
316490,2008,0,390,390
316490,2009,0,340,340
316490,2010,0,340,340
316490,2011,0,280,280
316490,2012,0,278,278
316490,2013,0,230,230
316490,2014,0,440,440
316490,2015,0,450,450
316490,2016,0,475,475
316490,2017,0,367,367
316490,2018,0,285,285
316490,2019,0,308,308
316490,2020,0,290,290
316490,2021,0,273,273
316500,1988,10,3824,3814
316500,1989,10,3837,3827
316500,1990,10,3753,3743
316500,1991,10,3833,3823
316500,1992,10,3797,3787
316500,1993,10,4003,3993
316500,1994,10,4243,4233
316500,1995,5,3962,3957
316500,1996,2,4545,4543
316500,1997,2,4547,4545
316500,1998,2,4335,4333
316500,1999,2,4330,4328
316500,2000,0,4394,4394
316500,2001,0,3382,3382
316500,2002,0,3386,3386
316500,2003,0,3657,3657
316500,2004,0,1268,1268
316500,2005,0,1167,1167
316500,2006,0,1477,1477
316500,2007,0,1535,1535
316500,2008,0,1592,1592
316500,2009,0,1557,1557
316500,2010,0,1487,1487
316500,2011,0,1573,1573
316500,2012,0,1581,1581
316500,2013,0,1368,1368
316500,2014,0,1286,1286
316500,2015,0,880,880
316500,2016,0,849,849
316500,2017,0,939,939
316500,2018,0,835,835
316500,2019,0,2177,2177
316500,2020,0,2189,2189
316500,2021,0,2340,2340
316510,1988,0,10492,10492
316510,1989,10,9660,9650
316510,1990,200,6266,6066
316510,1991,0,6246,6246
316510,1992,0,6734,6734
316510,1993,0,6366,6366
316510,1994,0,7268,7268
316510,1995,0,6743,6743
316510,1996,0,4827,4827
316510,1997,0,6674,6674
316510,1998,0,6657,6657
316510,1999,0,5769,5769
316510,2000,0,6851,6851
316510,2001,0,7256,7256
316510,2002,0,7509,7509
316510,2003,0,8306,8306
316510,2004,1000,9224,8224
316510,2005,1000,9675,8675
316510,2006,500,9219,8719
316510,2007,0,9284,9284
316510,2008,0,10032,10032
316510,2009,0,9389,9389
316510,2010,0,9805,9805
316510,2011,0,7885,7885
316510,2012,120,8432,8312
316510,2013,120,7919,7799
316510,2014,120,9794,9674
316510,2015,130,9826,9696
316510,2016,150,10734,10584
316510,2017,15,9110,9095
316510,2018,20,8239,8219
316510,2019,150,9326,9176
316510,2020,250,10302,10052
316510,2021,350,9381,9031
316520,1988,0,2853,2853
316520,1989,0,2927,2927
316520,1990,0,3308,3308
316520,1991,0,3307,3307
316520,1992,0,3436,3436
316520,1993,0,3283,3283
316520,1994,0,3493,3493
316520,1995,0,3213,3213
316520,1996,0,2127,2127
316520,1997,0,2403,2403
316520,1998,0,2978,2978
316520,1999,0,3028,3028
316520,2000,0,2588,2588
316520,2001,0,2388,2388
316520,2002,0,2353,2353
316520,2003,0,5591,5591
316520,2004,0,5896,5896
316520,2005,0,5896,5896
316520,2006,0,5325,5325
316520,2007,0,4785,4785
316520,2008,0,5870,5870
316520,2009,0,5863,5863
316520,2010,0,5410,5410
316520,2011,0,5390,5390
316520,2012,0,4580,4580
316520,2013,0,4258,4258
316520,2014,0,4358,4358
316520,2015,0,4360,4360
316520,2016,0,4316,4316
316520,2017,40,1804,1764
316520,2018,40,1906,1866
316520,2019,50,3374,3324
316520,2020,50,3999,3949
316520,2021,50,3309,3259
316530,1988,0,1824,1824
316530,1989,14,1958,1944
316530,1990,50,1993,1943
316530,1991,35,1951,1916
316530,1992,12,1919,1907
316530,1993,10,1883,1873
316530,1994,0,1834,1834
316530,1995,0,1769,1769
316530,1996,0,1759,1759
316530,1997,34,1788,1754
316530,1998,0,1694,1694
316530,1999,0,1647,1647
316530,2000,0,1645,1645
316530,2001,0,1632,1632
316530,2002,0,1504,1504
316530,2003,0,1460,1460
316530,2004,0,1460,1460
316530,2005,0,1451,1451
316530,2006,0,1580,1580
316530,2007,0,1412,1412
316530,2008,0,2958,2958
316530,2009,0,2923,2923
316530,2010,0,2591,2591
316530,2011,150,2839,2689
316530,2012,50,3241,3191
316530,2013,180,3480,3300
316530,2014,560,2223,1663
316530,2015,250,2169,1919
316530,2016,540,4053,3513
316530,2017,1480,4474,2994
316530,2018,1500,4663,3163
316530,2019,1500,4664,3164
316530,2020,1500,4779,3279
316530,2021,2100,6066,3966
316540,1988,0,692,692
316540,1989,0,564,564
316540,1990,0,545,545
316540,1991,0,651,651
316540,1992,0,628,628
316540,1993,0,704,704
316540,1994,0,758,758
316540,1995,0,649,649
316540,1996,4,668,664
316540,1997,0,534,534
316540,1998,0,501,501
316540,1999,0,528,528
316540,2000,0,525,525
316540,2001,0,525,525
316540,2002,0,524,524
316540,2003,0,523,523
316540,2004,0,514,514
316540,2005,0,513,513
316540,2006,0,526,526
316540,2007,0,546,546
316540,2008,0,526,526
316540,2009,0,511,511
316540,2010,0,511,511
316540,2011,0,537,537
316540,2012,0,532,532
316540,2013,0,524,524
316540,2014,0,518,518
316540,2015,0,474,474
316540,2016,0,418,418
316540,2017,0,26,26
316540,2018,0,46,46
316540,2019,0,111,111
316540,2020,0,144,144
316540,2021,0,154,154
316550,1988,0,1510,1510
316550,1989,0,1359,1359
316550,1990,0,1528,1528
316550,1991,0,1114,1114
316550,1992,0,934,934
316550,1993,0,882,882
316550,1994,0,838,838
316550,1995,0,888,888
316550,1996,0,181,181
316550,1997,0,890,890
316550,1998,0,890,890
316550,1999,0,709,709
316550,2000,0,709,709
316550,2001,0,709,709
316550,2002,0,709,709
316550,2003,0,705,705
316550,2004,0,895,895
316550,2005,0,940,940
316550,2006,0,854,854
316550,2007,0,1015,1015
316550,2008,0,905,905
316550,2009,0,905,905
316550,2010,0,905,905
316550,2011,0,878,878
316550,2012,0,998,998
316550,2013,0,894,894
316550,2014,0,975,975
316550,2015,0,1339,1339
316550,2016,0,1166,1166
316550,2017,0,330,330
316550,2018,0,302,302
316550,2019,0,476,476
316550,2020,0,478,478
316550,2021,0,428,428
316560,1988,0,1107,1107
316560,1989,0,1107,1107
316560,1990,0,1036,1036
316560,1991,0,1028,1028
316560,1992,0,825,825
316560,1993,0,1054,1054
316560,1994,0,1108,1108
316560,1995,0,1089,1089
316560,1996,0,1033,1033
316560,1997,0,747,747
316560,1998,0,769,769
316560,1999,0,494,494
316560,2000,0,407,407
316560,2001,0,299,299
316560,2002,0,113,113
316560,2003,0,106,106
316560,2004,0,85,85
316560,2005,0,100,100
316560,2006,0,90,90
316560,2007,0,92,92
316560,2008,0,69,69
316560,2009,0,85,85
316560,2010,0,191,191
316560,2011,0,160,160
316560,2012,0,150,150
316560,2013,0,150,150
316560,2014,0,169,169
316560,2015,0,138,138
316560,2016,0,102,102
316560,2017,0,99,99
316560,2018,0,44,44
316560,2019,0,282,282
316560,2020,0,40,40
316560,2021,0,11,11
316570,1988,0,2436,2436
316570,1989,0,2430,2430
316570,1990,0,2267,2267
316570,1991,0,3517,3517
316570,1992,0,3479,3479
316570,1993,0,3479,3479
316570,1994,0,3479,3479
316570,1995,0,5253,5253
316570,1996,0,4424,4424
316570,1997,0,4420,4420
316570,1998,0,5157,5157
316570,1999,0,3945,3945
316570,2000,0,3745,3745
316570,2001,0,3584,3584
316570,2002,0,5269,5269
316570,2003,0,5492,5492
316570,2004,0,5530,5530
316570,2005,0,4537,4537
316570,2006,0,3939,3939
316570,2007,0,3071,3071
316570,2008,0,2922,2922
316570,2009,0,2823,2823
316570,2010,0,2193,2193
316570,2011,0,1527,1527
316570,2012,0,1474,1474
316570,2013,0,1471,1471
316570,2014,0,1398,1398
316570,2015,0,1327,1327
316570,2016,0,1338,1338
316570,2017,0,370,370
316570,2018,0,433,433
316570,2019,0,596,596
316570,2020,0,549,549
316570,2021,0,512,512
316580,1988,0,2290,2290
316580,1989,0,2298,2298
316580,1990,0,2298,2298
316580,1991,0,1324,1324
316580,1992,0,1266,1266
316580,1993,0,1357,1357
316580,1994,0,1459,1459
316580,1995,0,1188,1188
316580,1996,0,1527,1527
316580,1997,0,1500,1500
316580,1998,0,1475,1475
316580,1999,0,1672,1672
316580,2000,0,1622,1622
316580,2001,0,1837,1837
316580,2002,0,1759,1759
316580,2003,0,1696,1696
316580,2004,0,1970,1970
316580,2005,0,1994,1994
316580,2006,0,1785,1785
316580,2007,0,1725,1725
316580,2008,0,2030,2030
316580,2009,0,1760,1760
316580,2010,0,1409,1409
316580,2011,0,1265,1265
316580,2012,0,1397,1397
316580,2013,0,1467,1467
316580,2014,0,1311,1311
316580,2015,0,1283,1283
316580,2016,0,1293,1293
316580,2017,0,771,771
316580,2018,0,816,816
316580,2019,0,838,838
316580,2020,0,1055,1055
316580,2021,0,1037,1037
316590,1988,0,1962,1962
316590,1989,0,1935,1935
316590,1990,0,2040,2040
316590,1991,0,2040,2040
316590,1992,0,2021,2021
316590,1993,0,2058,2058
316590,1994,0,2173,2173
316590,1995,0,2173,2173
316590,1996,0,2628,2628
316590,1997,0,2643,2643
316590,1998,0,2666,2666
316590,1999,0,2520,2520
316590,2000,0,1480,1480
316590,2001,0,1525,1525
316590,2002,0,1275,1275
316590,2003,0,1378,1378
316590,2004,0,1398,1398
316590,2005,0,1622,1622
316590,2006,0,1802,1802
316590,2007,0,1842,1842
316590,2008,0,1842,1842
316590,2009,0,1602,1602
316590,2010,0,1602,1602
316590,2011,0,1714,1714
316590,2012,0,1318,1318
316590,2013,0,1280,1280
316590,2014,0,1168,1168
316590,2015,0,969,969
316590,2016,0,903,903
316590,2017,0,835,835
316590,2018,0,826,826
316590,2019,0,989,989
316590,2020,0,1005,1005
316590,2021,0,1055,1055
316600,1988,0,2531,2531
316600,1989,0,2111,2111
316600,1990,0,2101,2101
316600,1991,0,2090,2090
316600,1992,0,2015,2015
316600,1993,0,1955,1955
316600,1994,0,2010,2010
316600,1995,0,2075,2075
316600,1996,0,2541,2541
316600,1997,0,2722,2722
316600,1998,0,2902,2902
316600,1999,0,2240,2240
316600,2000,0,2240,2240
316600,2001,0,1828,1828
316600,2002,0,1951,1951
316600,2003,0,1951,1951
316600,2004,0,1803,1803
316600,2005,0,1803,1803
316600,2006,0,1701,1701
316600,2007,0,1648,1648
316600,2008,0,1513,1513
316600,2009,0,978,978
316600,2010,0,978,978
316600,2011,0,908,908
316600,2012,0,905,905
316600,2013,0,825,825
316600,2014,0,765,765
316600,2015,0,777,777
316600,2016,0,646,646
316600,2017,0,571,571
316600,2018,0,617,617
316600,2019,0,655,655
316600,2020,0,659,659
316600,2021,0,657,657
316610,1988,0,1774,1774
316610,1989,0,1774,1774
316610,1990,0,1757,1757
316610,1991,0,1763,1763
316610,1992,0,1164,1164
316610,1993,0,1165,1165
316610,1994,0,1164,1164
316610,1995,0,884,884
316610,1996,0,729,729
316610,1997,0,667,667
316610,1998,0,758,758
316610,1999,0,427,427
316610,2000,0,425,425
316610,2001,0,420,420
316610,2002,0,385,385
316610,2003,0,377,377
316610,2004,0,413,413
316610,2005,0,415,415
316610,2006,0,415,415
316610,2007,0,415,415
316610,2008,0,355,355
316610,2009,0,350,350
316610,2010,0,350,350
316610,2011,0,350,350
316610,2012,0,173,173
316610,2013,0,171,171
316610,2014,0,130,130
316610,2015,0,119,119
316610,2016,0,105,105
316610,2017,0,150,150
316610,2018,0,152,152
316610,2019,0,165,165
316610,2020,0,187,187
316610,2021,0,127,127
316620,1988,0,3343,3343
316620,1989,0,3322,3322
316620,1990,0,3113,3113
316620,1991,0,2856,2856
316620,1992,0,3286,3286
316620,1993,0,4125,4125
316620,1994,0,4122,4122
316620,1995,0,2995,2995
316620,1996,0,2995,2995
316620,1997,0,3684,3684
316620,1998,0,3684,3684
316620,1999,0,3684,3684
316620,2000,0,4835,4835
316620,2001,0,5881,5881
316620,2002,0,5705,5705
316620,2003,0,5121,5121
316620,2004,0,5451,5451
316620,2005,0,5451,5451
316620,2006,0,5448,5448
316620,2007,0,6386,6386
316620,2008,0,5730,5730
316620,2009,0,5730,5730
316620,2010,0,5730,5730
316620,2011,0,5730,5730
316620,2012,0,5670,5670
316620,2013,0,5673,5673
316620,2014,0,4728,4728
316620,2015,0,4379,4379
316620,2016,0,4643,4643
316620,2017,0,1526,1526
316620,2018,0,1306,1306
316620,2019,0,1446,1446
316620,2020,0,1620,1620
316620,2021,0,1923,1923
316630,1988,0,3637,3637
316630,1989,0,3554,3554
316630,1990,0,3464,3464
316630,1991,0,3294,3294
316630,1992,0,2903,2903
316630,1993,0,2851,2851
316630,1994,0,3431,3431
316630,1995,0,3392,3392
316630,1996,0,3310,3310
316630,1997,0,3271,3271
316630,1998,0,3273,3273
316630,1999,0,3309,3309
316630,2000,0,3177,3177
316630,2001,0,5954,5954
316630,2002,0,6011,6011
316630,2003,0,5907,5907
316630,2004,0,5962,5962
316630,2005,0,6179,6179
316630,2006,0,5967,5967
316630,2007,0,5967,5967
316630,2008,0,6027,6027
316630,2009,0,5810,5810
316630,2010,0,5810,5810
316630,2011,0,5601,5601
316630,2012,0,6039,6039
316630,2013,0,5976,5976
316630,2014,0,5721,5721
316630,2015,0,5921,5921
316630,2016,0,5621,5621
316630,2017,0,3481,3481
316630,2018,0,3912,3912
316630,2019,0,3722,3722
316630,2020,0,6327,6327
316630,2021,0,4790,4790
316640,1988,0,699,699
316640,1989,0,716,716
316640,1990,0,727,727
316640,1991,0,701,701
316640,1992,0,723,723
316640,1993,0,723,723
316640,1994,0,723,723
316640,1995,0,723,723
316640,1996,0,725,725
316640,1997,0,725,725
316640,1998,0,723,723
316640,1999,0,724,724
316640,2000,0,395,395
316640,2001,0,420,420
316640,2002,0,365,365
316640,2003,0,365,365
316640,2004,0,365,365
316640,2005,0,365,365
316640,2006,0,431,431
316640,2007,0,411,411
316640,2008,0,411,411
316640,2009,0,421,421
316640,2010,0,421,421
316640,2011,0,366,366
316640,2012,0,366,366
316640,2013,0,406,406
316640,2014,0,380,380
316640,2015,0,383,383
316640,2016,0,413,413
316640,2017,0,70,70
316640,2018,0,96,96
316640,2019,0,126,126
316640,2020,0,89,89
316640,2021,0,89,89
316650,1988,0,783,783
316650,1989,0,808,808
316650,1990,0,706,706
316650,1991,0,709,709
316650,1992,0,623,623
316650,1993,0,528,528
316650,1994,0,478,478
316650,1995,0,483,483
316650,1996,0,107,107
316650,1997,0,474,474
316650,1998,0,403,403
316650,1999,0,323,323
316650,2000,0,388,388
316650,2001,0,383,383
316650,2002,0,430,430
316650,2003,0,432,432
316650,2004,0,428,428
316650,2005,0,438,438
316650,2006,0,449,449
316650,2007,0,488,488
316650,2008,0,483,483
316650,2009,0,489,489
316650,2010,0,441,441
316650,2011,0,441,441
316650,2012,0,426,426
316650,2013,0,403,403
316650,2014,0,384,384
316650,2015,0,391,391
316650,2016,0,165,165
316650,2017,0,311,311
316650,2018,0,369,369
316650,2019,0,191,191
316650,2020,0,203,203
316650,2021,0,223,223
316660,1988,0,670,670
316660,1989,0,510,510
316660,1990,0,506,506
316660,1991,0,470,470
316660,1992,0,523,523
316660,1993,0,513,513
316660,1994,0,573,573
316660,1995,0,411,411
316660,1996,0,490,490
316660,1997,0,422,422
316660,1998,0,358,358
316660,1999,0,416,416
316660,2000,0,417,417
316660,2001,0,146,146
316660,2002,0,421,421
316660,2003,0,415,415
316660,2004,0,420,420
316660,2005,0,626,626
316660,2006,0,726,726
316660,2007,0,515,515
316660,2008,0,515,515
316660,2009,0,565,565
316660,2010,0,565,565
316660,2011,0,615,615
316660,2012,0,153,153
316660,2013,0,103,103
316660,2014,30,129,99
316660,2015,30,77,47
316660,2016,32,75,43
316660,2017,0,28,28
316660,2018,0,20,20
316660,2019,0,23,23
316660,2020,0,29,29
316660,2021,0,37,37
316670,1988,0,1625,1625
316670,1989,0,1909,1909
316670,1990,0,1896,1896
316670,1991,0,1904,1904
316670,1992,0,1894,1894
316670,1993,0,1921,1921
316670,1994,0,1926,1926
316670,1995,0,2526,2526
316670,1996,0,1755,1755
316670,1997,0,1755,1755
316670,1998,0,1505,1505
316670,1999,0,1579,1579
316670,2000,0,1580,1580
316670,2001,0,1583,1583
316670,2002,0,1571,1571
316670,2003,0,1576,1576
316670,2004,0,1445,1445
316670,2005,0,1896,1896
316670,2006,0,2595,2595
316670,2007,0,2338,2338
316670,2008,0,2778,2778
316670,2009,0,2771,2771
316670,2010,0,2780,2780
316670,2011,0,3180,3180
316670,2012,0,3428,3428
316670,2013,0,3083,3083
316670,2014,0,2804,2804
316670,2015,0,4356,4356
316670,2016,0,2742,2742
316670,2017,0,1871,1871
316670,2018,0,1928,1928
316670,2019,0,1939,1939
316670,2020,0,2280,2280
316670,2021,0,2656,2656
316680,1988,400,13736,13336
316680,1989,500,13537,13037
316680,1990,600,12075,11475
316680,1991,475,13241,12766
316680,1992,700,13676,12976
316680,1993,900,13151,12251
316680,1994,800,13307,12507
316680,1995,800,12666,11866
316680,1996,1170,15300,14130
316680,1997,1200,15371,14171
316680,1998,1700,15895,14195
316680,1999,2000,15862,13862
316680,2000,2000,15386,13386
316680,2001,2000,17067,15067
316680,2002,2800,20504,17704
316680,2003,3800,20940,17140
316680,2004,4200,22012,17812
316680,2005,4000,21329,17329
316680,2006,3800,21290,17490
316680,2007,3200,20576,17376
316680,2008,2400,19716,17316
316680,2009,3000,21745,18745
316680,2010,3200,22422,19222
316680,2011,3000,22192,19192
316680,2012,3000,25402,22402
316680,2013,3500,23723,20223
316680,2014,4000,25019,21019
316680,2015,4000,25903,21903
316680,2016,4200,27443,23243
316680,2017,14400,45622,31222
316680,2018,14000,48398,34398
316680,2019,15000,53437,38437
316680,2020,14000,53736,39736
316680,2021,15000,49534,34534
316690,1988,0,4584,4584
316690,1989,0,5385,5385
316690,1990,0,5156,5156
316690,1991,5,5956,5951
316690,1992,0,5089,5089
316690,1993,0,4267,4267
316690,1994,0,4647,4647
316690,1995,0,4246,4246
316690,1996,0,3981,3981
316690,1997,0,4949,4949
316690,1998,32,4333,4301
316690,1999,0,4810,4810
316690,2000,0,4539,4539
316690,2001,0,4729,4729
316690,2002,3,4214,4211
316690,2003,70,5336,5266
316690,2004,73,5191,5118
316690,2005,0,4620,4620
316690,2006,0,4543,4543
316690,2007,0,4345,4345
316690,2008,0,4360,4360
316690,2009,0,4207,4207
316690,2010,0,4619,4619
316690,2011,0,4439,4439
316690,2012,10,4519,4509
316690,2013,100,4585,4485
316690,2014,500,5560,5060
316690,2015,300,4763,4463
316690,2016,300,5274,4974
316690,2017,450,6573,6123
316690,2018,600,7341,6741
316690,2019,500,5010,4510
316690,2020,500,5611,5111
316690,2021,600,5731,5131
316700,1988,0,641,641
316700,1989,0,676,676
316700,1990,0,693,693
316700,1991,0,711,711
316700,1992,0,686,686
316700,1993,0,686,686
316700,1994,0,686,686
316700,1995,0,686,686
316700,1996,0,689,689
316700,1997,0,689,689
316700,1998,0,689,689
316700,1999,0,690,690
316700,2000,0,517,517
316700,2001,0,560,560
316700,2002,0,590,590
316700,2003,0,600,600
316700,2004,0,600,600
316700,2005,0,600,600
316700,2006,0,616,616
316700,2007,0,616,616
316700,2008,0,616,616
316700,2009,0,586,586
316700,2010,0,586,586
316700,2011,0,546,546
316700,2012,0,546,546
316700,2013,0,306,306
316700,2014,0,274,274
316700,2015,0,167,167
316700,2016,0,340,340
316700,2017,52,216,164
316700,2018,70,274,204
316700,2019,70,311,241
316700,2020,160,459,299
316700,2021,200,584,384
316710,1988,0,5126,5126
316710,1989,0,5029,5029
316710,1990,0,4199,4199
316710,1991,0,4227,4227
316710,1992,0,3685,3685
316710,1993,0,3431,3431
316710,1994,0,3417,3417
316710,1995,0,3406,3406
316710,1996,0,2638,2638
316710,1997,0,2852,2852
316710,1998,0,2343,2343
316710,1999,0,2413,2413
316710,2000,0,2468,2468
316710,2001,0,2417,2417
316710,2002,0,2518,2518
316710,2003,0,2570,2570
316710,2004,0,2810,2810
316710,2005,0,2834,2834
316710,2006,0,3061,3061
316710,2007,0,2686,2686
316710,2008,0,2826,2826
316710,2009,0,2896,2896
316710,2010,0,2897,2897
316710,2011,0,2748,2748
316710,2012,0,2486,2486
316710,2013,0,2439,2439
316710,2014,0,2367,2367
316710,2015,0,2509,2509
316710,2016,0,1272,1272
316710,2017,0,1119,1119
316710,2018,0,1111,1111
316710,2019,0,1299,1299
316710,2020,0,1243,1243
316710,2021,0,747,747
316720,1988,50,2285,2235
316720,1989,50,2366,2316
316720,1990,50,2169,2119
316720,1991,0,2391,2391
316720,1992,0,2084,2084
316720,1993,20,2819,2799
316720,1994,30,3694,3664
316720,1995,20,3078,3058
316720,1996,90,1233,1143
316720,1997,0,1291,1291
316720,1998,40,1044,1004
316720,1999,180,1327,1147
316720,2000,180,1446,1266
316720,2001,180,1607,1427
316720,2002,0,1201,1201
316720,2003,60,922,862
316720,2004,40,1067,1027
316720,2005,5,1111,1106
316720,2006,120,1068,948
316720,2007,120,922,802
316720,2008,35,777,742
316720,2009,35,1014,979
316720,2010,30,1385,1355
316720,2011,30,1385,1355
316720,2012,100,1290,1190
316720,2013,100,1100,1000
316720,2014,100,1096,996
316720,2015,100,1003,903
316720,2016,105,770,665
316720,2017,110,302,192
316720,2018,120,310,190
316720,2019,100,400,300
316720,2020,100,422,322
316720,2021,100,368,268
316730,1988,0,1322,1322
316730,1989,0,1295,1295
316730,1990,0,1341,1341
316730,1991,0,1369,1369
316730,1992,0,1369,1369
316730,1993,0,1361,1361
316730,1994,0,1363,1363
316730,1995,0,1352,1352
316730,1996,0,1238,1238
316730,1997,0,1286,1286
316730,1998,0,982,982
316730,1999,0,2147,2147
316730,2000,0,947,947
316730,2001,0,944,944
316730,2002,0,944,944
316730,2003,0,945,945
316730,2004,0,731,731
316730,2005,0,689,689
316730,2006,0,430,430
316730,2007,0,192,192
316730,2008,0,127,127
316730,2009,0,167,167
316730,2010,0,157,157
316730,2011,0,157,157
316730,2012,0,162,162
316730,2013,0,149,149
316730,2014,0,172,172
316730,2015,0,191,191
316730,2016,0,189,189
316730,2017,0,96,96
316730,2018,0,64,64
316730,2019,0,66,66
316730,2020,0,70,70
316730,2021,0,63,63
316740,1988,0,4351,4351
316740,1989,0,5082,5082
316740,1990,0,5050,5050
316740,1991,0,4918,4918
316740,1992,0,4178,4178
316740,1993,0,4059,4059
316740,1994,0,4105,4105
316740,1995,0,3905,3905
316740,1996,0,3454,3454
316740,1997,0,3713,3713
316740,1998,0,4167,4167
316740,1999,0,3661,3661
316740,2000,0,3421,3421
316740,2001,0,3876,3876
316740,2002,0,3909,3909
316740,2003,0,3620,3620
316740,2004,0,3598,3598
316740,2005,0,3471,3471
316740,2006,0,3179,3179
316740,2007,0,3382,3382
316740,2008,0,3546,3546
316740,2009,0,3586,3586
316740,2010,0,3586,3586
316740,2011,0,3544,3544
316740,2012,150,3941,3791
316740,2013,160,4467,4307
316740,2014,150,4788,4638
316740,2015,360,4108,3748
316740,2016,250,3049,2799
316740,2017,240,3427,3187
316740,2018,300,3824,3524
316740,2019,300,3528,3228
316740,2020,400,3843,3443
316740,2021,600,4162,3562
316750,1988,0,226,226
316750,1989,0,219,219
316750,1990,0,192,192
316750,1991,0,214,214
316750,1992,0,574,574
316750,1993,0,791,791
316750,1994,0,866,866
316750,1995,0,894,894
316750,1996,0,100,100
316750,1997,0,308,308
316750,1998,0,247,247
316750,1999,0,142,142
316750,2000,0,143,143
316750,2001,0,149,149
316750,2002,0,129,129
316750,2003,0,119,119
316750,2004,0,88,88
316750,2005,0,130,130
316750,2006,0,135,135
316750,2007,0,87,87
316750,2008,0,85,85
316750,2009,0,60,60
316750,2010,0,76,76
316750,2011,0,75,75
316750,2012,0,56,56
316750,2013,0,54,54
316750,2014,0,49,49
316750,2015,0,31,31
316750,2016,0,33,33
316750,2017,0,97,97
316750,2018,0,46,46
316750,2019,0,46,46
316750,2020,0,53,53
316750,2021,0,59,59
316760,1988,0,12503,12503
316760,1989,0,11639,11639
316760,1990,0,10345,10345
316760,1991,0,9756,9756
316760,1992,0,10143,10143
316760,1993,0,10144,10144
316760,1994,0,9458,9458
316760,1995,0,8607,8607
316760,1996,0,11418,11418
316760,1997,0,8910,8910
316760,1998,0,8393,8393
316760,1999,0,8351,8351
316760,2000,0,7940,7940
316760,2001,0,7906,7906
316760,2002,0,10524,10524
316760,2003,0,10800,10800
316760,2004,0,10739,10739
316760,2005,0,10911,10911
316760,2006,0,8611,8611
316760,2007,0,9389,9389
316760,2008,0,7086,7086
316760,2009,0,8298,8298
316760,2010,0,8208,8208
316760,2011,0,8293,8293
316760,2012,0,6999,6999
316760,2013,0,7800,7800
316760,2014,0,7296,7296
316760,2015,0,7794,7794
316760,2016,0,6542,6542
316760,2017,0,12211,12211
316760,2018,0,12730,12730
316760,2019,0,9046,9046
316760,2020,0,10652,10652
316760,2021,0,11009,11009
316770,1988,0,7650,7650
316770,1989,0,7653,7653
316770,1990,0,7602,7602
316770,1991,0,7602,7602
316770,1992,0,7569,7569
316770,1993,0,7417,7417
316770,1994,0,7024,7024
316770,1995,0,5663,5663
316770,1996,0,1218,1218
316770,1997,0,5385,5385
316770,1998,0,5390,5390
316770,1999,0,3863,3863
316770,2000,0,1295,1295
316770,2001,0,1295,1295
316770,2002,0,1245,1245
316770,2003,0,640,640
316770,2004,0,425,425
316770,2005,0,200,200
316770,2006,0,175,175
316770,2007,0,133,133
316770,2008,0,146,146
316770,2009,0,146,146
316770,2010,0,146,146
316770,2011,0,146,146
316770,2012,0,188,188
316770,2013,0,390,390
316770,2014,0,358,358
316770,2015,0,158,158
316770,2016,0,137,137
316770,2017,0,95,95
316770,2018,0,110,110
316770,2019,0,129,129
316770,2020,0,132,132
316770,2021,0,134,134
316780,1988,0,1075,1075
316780,1989,0,1372,1372
316780,1990,0,1365,1365
316780,1991,0,1381,1381
316780,1992,0,1308,1308
316780,1993,0,1306,1306
316780,1994,0,1382,1382
316780,1995,0,1428,1428
316780,1996,0,1250,1250
316780,1997,0,483,483
316780,1998,0,588,588
316780,1999,0,624,624
316780,2000,0,536,536
316780,2001,0,584,584
316780,2002,0,648,648
316780,2003,0,621,621
316780,2004,0,827,827
316780,2005,0,827,827
316780,2006,0,794,794
316780,2007,0,892,892
316780,2008,0,896,896
316780,2009,0,896,896
316780,2010,0,901,901
316780,2011,0,901,901
316780,2012,0,900,900
316780,2013,0,915,915
316780,2014,0,841,841
316780,2015,0,889,889
316780,2016,0,830,830
316780,2017,200,1214,1014
316780,2018,200,1062,862
316780,2019,200,1061,861
316780,2020,180,920,740
316780,2021,80,733,653
316790,1988,0,2322,2322
316790,1989,0,2255,2255
316790,1990,0,2468,2468
316790,1991,0,2724,2724
316790,1992,0,2696,2696
316790,1993,0,2665,2665
316790,1994,0,2677,2677
316790,1995,0,2725,2725
316790,1996,0,2740,2740
316790,1997,0,2736,2736
316790,1998,0,1374,1374
316790,1999,0,974,974
316790,2000,0,724,724
316790,2001,0,714,714
316790,2002,0,709,709
316790,2003,0,717,717
316790,2004,0,443,443
316790,2005,0,331,331
316790,2006,0,374,374
316790,2007,0,372,372
316790,2008,0,370,370
316790,2009,0,370,370
316790,2010,0,370,370
316790,2011,0,138,138
316790,2012,0,134,134
316790,2013,0,142,142
316790,2014,0,136,136
316790,2015,0,182,182
316790,2016,0,142,142
316790,2017,0,93,93
316790,2018,0,90,90
316790,2019,0,87,87
316790,2020,0,76,76
316790,2021,0,84,84
316800,1988,0,10108,10108
316800,1989,45,5892,5847
316800,1990,45,9418,9373
316800,1991,0,7491,7491
316800,1992,0,5395,5395
316800,1993,0,5353,5353
316800,1994,0,5404,5404
316800,1995,0,5089,5089
316800,1996,0,1898,1898
316800,1997,0,4526,4526
316800,1998,0,3297,3297
316800,1999,0,3086,3086
316800,2000,0,2768,2768
316800,2001,0,2152,2152
316800,2002,0,3213,3213
316800,2003,0,2367,2367
316800,2004,0,3193,3193
316800,2005,0,3373,3373
316800,2006,0,3107,3107
316800,2007,0,3551,3551
316800,2008,0,3884,3884
316800,2009,0,3605,3605
316800,2010,0,3665,3665
316800,2011,0,3575,3575
316800,2012,0,3984,3984
316800,2013,0,3611,3611
316800,2014,0,3441,3441
316800,2015,0,3489,3489
316800,2016,0,3050,3050
316800,2017,0,2948,2948
316800,2018,0,2851,2851
316800,2019,0,2706,2706
316800,2020,0,2644,2644
316800,2021,0,2661,2661
316810,1988,1500,6087,4587
316810,1989,3000,7149,4149
316810,1990,3000,6990,3990
316810,1991,3000,7205,4205
316810,1992,800,5334,4534
316810,1993,800,5097,4297
316810,1994,600,4917,4317
316810,1995,200,4297,4097
316810,1996,60,4255,4195
316810,1997,120,4275,4155
316810,1998,0,4205,4205
316810,1999,900,4595,3695
316810,2000,900,4675,3775
316810,2001,500,3550,3050
316810,2002,1200,7580,6380
316810,2003,1500,7705,6205
316810,2004,3000,10035,7035
316810,2005,2500,7602,5102
316810,2006,2500,7430,4930
316810,2007,500,5857,5357
316810,2008,1000,6767,5767
316810,2009,1500,7407,5907
316810,2010,1200,7652,6452
316810,2011,1200,7597,6397
316810,2012,1200,7367,6167
316810,2013,1200,7382,6182
316810,2014,1200,7390,6190
316810,2015,1260,7300,6040
316810,2016,1500,7940,6440
316810,2017,1500,8305,6805
316810,2018,1500,6446,4946
316810,2019,3500,10267,6767
316810,2020,3000,9767,6767
316810,2021,3500,10151,6651
316820,1988,407,3501,3094
316820,1989,300,3000,2700
316820,1990,950,3540,2590
316820,1991,850,3480,2630
316820,1992,500,3516,3016
316820,1993,400,3265,2865
316820,1994,300,3015,2715
316820,1995,350,3260,2910
316820,1996,300,3130,2830
316820,1997,100,2220,2120
316820,1998,300,2605,2305
316820,1999,0,1950,1950
316820,2000,0,2105,2105
316820,2001,0,3980,3980
316820,2002,100,4220,4120
316820,2003,0,3700,3700
316820,2004,100,3895,3795
316820,2005,200,4025,3825
316820,2006,200,3895,3695
316820,2007,200,3715,3515
316820,2008,180,3585,3405
316820,2009,200,3775,3575
316820,2010,200,3775,3575
316820,2011,200,3555,3355
316820,2012,200,3555,3355
316820,2013,200,3565,3365
316820,2014,200,3766,3566
316820,2015,200,3607,3407
316820,2016,200,3705,3505
316820,2017,0,1067,1067
316820,2018,300,2311,2011
316820,2019,350,2143,1793
316820,2020,380,2289,1909
316820,2021,500,2436,1936
316830,1988,0,1548,1548
316830,1989,0,1486,1486
316830,1990,0,2174,2174
316830,1991,0,2159,2159
316830,1992,0,2161,2161
316830,1993,0,2138,2138
316830,1994,0,2163,2163
316830,1995,0,2163,2163
316830,1996,0,716,716
316830,1997,0,1194,1194
316830,1998,0,970,970
316830,1999,0,848,848
316830,2000,0,518,518
316830,2001,0,518,518
316830,2002,0,400,400
316830,2003,0,302,302
316830,2004,0,212,212
316830,2005,0,335,335
316830,2006,0,287,287
316830,2007,0,332,332
316830,2008,0,416,416
316830,2009,0,413,413
316830,2010,0,391,391
316830,2011,0,306,306
316830,2012,0,384,384
316830,2013,0,405,405
316830,2014,0,385,385
316830,2015,0,354,354
316830,2016,0,281,281
316830,2017,0,219,219
316830,2018,0,258,258
316830,2019,0,306,306
316830,2020,0,289,289
316830,2021,0,309,309
316840,1988,0,11247,11247
316840,1989,0,11251,11251
316840,1990,0,11195,11195
316840,1991,0,11188,11188
316840,1992,0,10918,10918
316840,1993,0,10621,10621
316840,1994,0,9985,9985
316840,1995,0,7864,7864
316840,1996,0,6445,6445
316840,1997,0,7311,7311
316840,1998,0,5901,5901
316840,1999,0,5637,5637
316840,2000,0,5573,5573
316840,2001,0,4054,4054
316840,2002,0,3988,3988
316840,2003,0,2749,2749
316840,2004,0,2266,2266
316840,2005,0,1843,1843
316840,2006,0,1241,1241
316840,2007,0,1616,1616
316840,2008,0,2215,2215
316840,2009,0,2330,2330
316840,2010,0,2331,2331
316840,2011,0,2420,2420
316840,2012,0,2217,2217
316840,2013,0,2085,2085
316840,2014,0,1981,1981
316840,2015,0,2156,2156
316840,2016,0,1217,1217
316840,2017,0,523,523
316840,2018,0,428,428
316840,2019,0,433,433
316840,2020,0,440,440
316840,2021,0,488,488
316850,1988,0,5149,5149
316850,1989,0,5149,5149
316850,1990,0,5072,5072
316850,1991,0,4818,4818
316850,1992,0,4806,4806
316850,1993,0,4806,4806
316850,1994,0,3845,3845
316850,1995,0,3875,3875
316850,1996,0,3766,3766
316850,1997,0,3966,3966
316850,1998,0,3378,3378
316850,1999,0,3345,3345
316850,2000,0,3340,3340
316850,2001,0,3681,3681
316850,2002,0,2914,2914
316850,2003,0,2914,2914
316850,2004,0,3384,3384
316850,2005,0,3384,3384
316850,2006,0,3419,3419
316850,2007,0,3218,3218
316850,2008,0,3208,3208
316850,2009,0,3208,3208
316850,2010,0,3214,3214
316850,2011,0,2112,2112
316850,2012,0,1948,1948
316850,2013,0,1943,1943
316850,2014,0,1848,1848
316850,2015,0,1913,1913
316850,2016,0,2441,2441
316850,2017,0,2088,2088
316850,2018,0,2143,2143
316850,2019,0,1945,1945
316850,2020,0,1900,1900
316850,2021,0,1730,1730
316860,1988,0,15872,15872
316860,1989,0,16499,16499
316860,1990,0,17910,17910
316860,1991,0,17447,17447
316860,1992,0,17287,17287
316860,1993,0,12894,12894
316860,1994,0,11827,11827
316860,1995,0,9236,9236
316860,1996,0,11258,11258
316860,1997,0,7011,7011
316860,1998,0,7026,7026
316860,1999,0,6661,6661
316860,2000,0,5849,5849
316860,2001,0,5853,5853
316860,2002,0,5416,5416
316860,2003,0,5420,5420
316860,2004,0,2496,2496
316860,2005,0,2324,2324
316860,2006,0,2613,2613
316860,2007,0,3113,3113
316860,2008,0,2963,2963
316860,2009,0,2963,2963
316860,2010,0,3013,3013
316860,2011,0,3888,3888
316860,2012,0,4811,4811
316860,2013,0,4252,4252
316860,2014,0,4007,4007
316860,2015,0,3570,3570
316860,2016,0,4733,4733
316860,2017,0,861,861
316860,2018,0,970,970
316860,2019,0,1180,1180
316860,2020,0,1343,1343
316860,2021,0,1416,1416
316870,1988,0,464,464
316870,1989,0,486,486
316870,1990,0,479,479
316870,1991,0,478,478
316870,1992,0,425,425
316870,1993,0,391,391
316870,1994,0,181,181
316870,1995,0,228,228
316870,1996,0,59,59
316870,1997,0,53,53
316870,1998,0,63,63
316870,1999,0,63,63
316870,2000,0,62,62
316870,2001,0,89,89
316870,2002,0,124,124
316870,2003,0,124,124
316870,2004,0,144,144
316870,2005,0,144,144
316870,2006,0,119,119
316870,2007,0,94,94
316870,2008,0,32,32
316870,2009,0,36,36
316870,2010,0,40,40
316870,2011,0,35,35
316870,2012,0,27,27
316870,2013,0,27,27
316870,2014,0,22,22
316870,2015,0,10,10
316870,2016,0,2,2
316870,2017,0,8,8
316870,2018,0,11,11
316870,2019,0,16,16
316870,2020,0,13,13
316870,2021,0,11,11
316880,1988,0,468,468
316880,1989,0,460,460
316880,1990,0,447,447
316880,1991,0,453,453
316880,1992,0,455,455
316880,1993,0,453,453
316880,1994,0,460,460
316880,1995,0,899,899
316880,1996,0,508,508
316880,1997,0,511,511
316880,1998,0,647,647
316880,1999,0,647,647
316880,2000,0,683,683
316880,2001,0,379,379
316880,2002,0,363,363
316880,2003,0,363,363
316880,2004,0,413,413
316880,2005,0,448,448
316880,2006,0,458,458
316880,2007,0,498,498
316880,2008,0,548,548
316880,2009,0,548,548
316880,2010,0,543,543
316880,2011,0,516,516
316880,2012,0,560,560
316880,2013,0,575,575
316880,2014,0,388,388
316880,2015,0,525,525
316880,2016,0,565,565
316880,2017,0,62,62
316880,2018,0,80,80
316880,2019,0,457,457
316880,2020,0,1047,1047
316880,2021,0,950,950
316890,1988,1480,11312,9832
316890,1989,1200,11194,9994
316890,1990,960,11360,10400
316890,1991,800,9113,8313
316890,1992,500,8465,7965
316890,1993,600,7313,6713
316890,1994,500,7582,7082
316890,1995,300,7128,6828
316890,1996,300,6936,6636
316890,1997,300,7411,7111
316890,1998,300,6812,6512
316890,1999,300,5798,5498
316890,2000,120,4561,4441
316890,2001,125,4282,4157
316890,2002,120,3157,3037
316890,2003,150,4634,4484
316890,2004,1250,5916,4666
316890,2005,1300,5566,4266
316890,2006,700,4085,3385
316890,2007,0,3357,3357
316890,2008,700,4270,3570
316890,2009,700,3844,3144
316890,2010,800,6271,5471
316890,2011,800,6229,5429
316890,2012,800,5203,4403
316890,2013,800,5206,4406
316890,2014,1000,5328,4328
316890,2015,1150,6060,4910
316890,2016,1000,6802,5802
316890,2017,370,5486,5116
316890,2018,600,6222,5622
316890,2019,1000,7143,6143
316890,2020,1000,7503,6503
316890,2021,1100,8770,7670
316900,1988,0,4777,4777
316900,1989,0,4626,4626
316900,1990,0,4493,4493
316900,1991,0,4550,4550
316900,1992,0,4580,4580
316900,1993,0,4580,4580
316900,1994,0,4580,4580
316900,1995,0,4580,4580
316900,1996,0,2764,2764
316900,1997,0,2614,2614
316900,1998,0,1958,1958
316900,1999,0,1436,1436
316900,2000,0,1436,1436
316900,2001,0,538,538
316900,2002,0,722,722
316900,2003,0,654,654
316900,2004,0,599,599
316900,2005,0,471,471
316900,2006,0,508,508
316900,2007,0,739,739
316900,2008,0,685,685
316900,2009,0,753,753
316900,2010,0,765,765
316900,2011,0,679,679
316900,2012,0,649,649
316900,2013,0,662,662
316900,2014,0,782,782
316900,2015,0,596,596
316900,2016,0,766,766
316900,2017,0,1019,1019
316900,2018,0,1204,1204
316900,2019,0,1243,1243
316900,2020,0,1263,1263
316900,2021,0,1379,1379
316910,1988,0,1345,1345
316910,1989,0,1157,1157
316910,1990,0,1050,1050
316910,1991,0,1050,1050
316910,1992,0,1053,1053
316910,1993,0,1020,1020
316910,1994,0,1020,1020
316910,1995,0,1102,1102
316910,1996,1,1860,1859
316910,1997,0,957,957
316910,1998,0,1207,1207
316910,1999,0,1264,1264
316910,2000,0,1023,1023
316910,2001,0,1023,1023
316910,2002,0,1121,1121
316910,2003,0,1282,1282
316910,2004,0,879,879
316910,2005,0,856,856
316910,2006,0,986,986
316910,2007,0,986,986
316910,2008,0,908,908
316910,2009,0,908,908
316910,2010,0,882,882
316910,2011,0,882,882
316910,2012,0,730,730
316910,2013,0,670,670
316910,2014,0,620,620
316910,2015,0,600,600
316910,2016,0,750,750
316910,2017,50,432,382
316910,2018,50,480,430
316910,2019,0,457,457
316910,2020,0,732,732
316910,2021,60,788,728
316920,1988,0,1889,1889
316920,1989,0,2130,2130
316920,1990,0,1895,1895
316920,1991,0,2780,2780
316920,1992,0,2817,2817
316920,1993,0,2944,2944
316920,1994,0,3084,3084
316920,1995,0,3377,3377
316920,1996,0,3904,3904
316920,1997,0,3912,3912
316920,1998,0,3297,3297
316920,1999,0,3302,3302
316920,2000,0,2396,2396
316920,2001,0,1916,1916
316920,2002,0,1680,1680
316920,2003,0,1775,1775
316920,2004,0,2213,2213
316920,2005,0,2336,2336
316920,2006,0,2518,2518
316920,2007,0,2171,2171
316920,2008,0,2591,2591
316920,2009,0,2633,2633
316920,2010,0,2636,2636
316920,2011,0,2512,2512
316920,2012,0,2525,2525
316920,2013,0,2496,2496
316920,2014,0,2046,2046
316920,2015,0,1592,1592
316920,2016,0,1760,1760
316920,2017,0,1425,1425
316920,2018,0,1545,1545
316920,2019,0,1444,1444
316920,2020,0,1542,1542
316920,2021,0,1547,1547
316930,1988,0,10129,10129
316930,1989,0,10382,10382
316930,1990,0,10882,10882
316930,1991,0,11236,11236
316930,1992,0,12967,12967
316930,1993,0,11473,11473
316930,1994,0,12893,12893
316930,1995,0,12948,12948
316930,1996,12,12894,12882
316930,1997,10,13278,13268
316930,1998,0,12662,12662
316930,1999,0,15892,15892
316930,2000,0,14419,14419
316930,2001,0,17532,17532
316930,2002,100,18982,18882
316930,2003,120,24680,24560
316930,2004,370,26295,25925
316930,2005,350,25988,25638
316930,2006,700,25238,24538
316930,2007,700,22938,22238
316930,2008,300,24782,24482
316930,2009,300,24340,24040
316930,2010,1200,23997,22797
316930,2011,1700,24638,22938
316930,2012,1800,27975,26175
316930,2013,4000,31845,27845
316930,2014,7200,32071,24871
316930,2015,5000,32272,27272
316930,2016,9500,34403,24903
316930,2017,6500,25583,19083
316930,2018,7000,29497,22497
316930,2019,9000,42158,33158
316930,2020,10000,41842,31842
316930,2021,11000,44541,33541
316935,1988,300,3361,3061
316935,1989,150,3172,3022
316935,1990,270,3336,3066
316935,1991,0,2711,2711
316935,1992,0,2030,2030
316935,1993,0,1959,1959
316935,1994,150,1747,1597
316935,1995,300,2202,1902
316935,1996,300,2202,1902
316935,1997,50,2251,2201
316935,1998,120,2289,2169
316935,1999,0,1874,1874
316935,2000,0,1666,1666
316935,2001,0,1169,1169
316935,2002,0,1025,1025
316935,2003,114,1044,930
316935,2004,180,1727,1547
316935,2005,220,1827,1607
316935,2006,220,2777,2557
316935,2007,840,3591,2751
316935,2008,840,3741,2901
316935,2009,840,3741,2901
316935,2010,500,3407,2907
316935,2011,300,2724,2424
316935,2012,300,2371,2071
316935,2013,300,2375,2075
316935,2014,300,2375,2075
316935,2015,350,2445,2095
316935,2016,300,1521,1221
316935,2017,910,2456,1546
316935,2018,920,2347,1427
316935,2019,950,3003,2053
316935,2020,920,2944,2024
316935,2021,930,2847,1917
316940,1988,0,33366,33366
316940,1989,0,38588,38588
316940,1990,0,38405,38405
316940,1991,200,37902,37702
316940,1992,200,38698,38498
316940,1993,200,37369,37169
316940,1994,0,33809,33809
316940,1995,0,28380,28380
316940,1996,0,27374,27374
316940,1997,0,27528,27528
316940,1998,0,27419,27419
316940,1999,0,27419,27419
316940,2000,0,27419,27419
316940,2001,0,31848,31848
316940,2002,15,32741,32726
316940,2003,288,35100,34812
316940,2004,200,32102,31902
316940,2005,200,30041,29841
316940,2006,0,29381,29381
316940,2007,0,29381,29381
316940,2008,0,28359,28359
316940,2009,620,25379,24759
316940,2010,620,26084,25464
316940,2011,620,23884,23264
316940,2012,1000,27968,26968
316940,2013,1200,26258,25058
316940,2014,1200,23991,22791
316940,2015,1260,22911,21651
316940,2016,1500,25072,23572
316940,2017,2680,19756,17076
316940,2018,2700,25423,22723
316940,2019,2800,22810,20010
316940,2020,2500,23277,20777
316940,2021,2800,23064,20264
316950,1988,0,1086,1086
316950,1989,0,2129,2129
316950,1990,0,2559,2559
316950,1991,0,2230,2230
316950,1992,0,1760,1760
316950,1993,0,1557,1557
316950,1994,0,1561,1561
316950,1995,0,1409,1409
316950,1996,0,1125,1125
316950,1997,0,1599,1599
316950,1998,0,1502,1502
316950,1999,0,1095,1095
316950,2000,0,1095,1095
316950,2001,0,1005,1005
316950,2002,0,990,990
316950,2003,0,1395,1395
316950,2004,0,1282,1282
316950,2005,0,1177,1177
316950,2006,0,272,272
316950,2007,0,454,454
316950,2008,0,458,458
316950,2009,0,458,458
316950,2010,0,458,458
316950,2011,0,458,458
316950,2012,0,832,832
316950,2013,0,472,472
316950,2014,0,472,472
316950,2015,0,385,385
316950,2016,0,365,365
316950,2017,0,192,192
316950,2018,0,207,207
316950,2019,0,219,219
316950,2020,0,232,232
316950,2021,0,284,284
316960,1988,12173,44374,32201
316960,1989,12300,41463,29163
316960,1990,12000,42015,30015
316960,1991,6500,40161,33661
316960,1992,11500,39165,27665
316960,1993,12150,35686,23536
316960,1994,14390,39532,25142
316960,1995,20000,47052,27052
316960,1996,15717,33799,18082
316960,1997,22520,42462,19942
316960,1998,26000,47342,21342
316960,1999,25700,45386,19686
316960,2000,26190,45987,19797
316960,2001,25200,47077,21877
316960,2002,25600,50302,24702
316960,2003,29400,54006,24606
316960,2004,37700,62408,24708
316960,2005,34200,57985,23785
316960,2006,30800,53028,22228
316960,2007,26300,50301,24001
316960,2008,29000,56555,27555
316960,2009,29500,56667,27167
316960,2010,33500,55806,22306
316960,2011,28500,59512,31012
316960,2012,23638,57533,33895
316960,2013,28830,61615,32785
316960,2014,29800,72782,42982
316960,2015,30800,63474,32674
316960,2016,30880,68404,37524
316960,2017,33981,85411,51430
316960,2018,26800,69135,42335
316960,2019,31000,80944,49944
316960,2020,31130,72503,41373
316960,2021,37686,71923,34237
316970,1988,0,8029,8029
316970,1989,0,8144,8144
316970,1990,0,7960,7960
316970,1991,0,3251,3251
316970,1992,0,3034,3034
316970,1993,0,2813,2813
316970,1994,0,3023,3023
316970,1995,0,2393,2393
316970,1996,2,1985,1983
316970,1997,0,1738,1738
316970,1998,0,1608,1608
316970,1999,0,1567,1567
316970,2000,5,1924,1919
316970,2001,0,2699,2699
316970,2002,0,2555,2555
316970,2003,0,2400,2400
316970,2004,0,2319,2319
316970,2005,0,2497,2497
316970,2006,0,2191,2191
316970,2007,0,2133,2133
316970,2008,0,2202,2202
316970,2009,0,2187,2187
316970,2010,0,1929,1929
316970,2011,0,2467,2467
316970,2012,0,2730,2730
316970,2013,0,1912,1912
316970,2014,0,1916,1916
316970,2015,0,2010,2010
316970,2016,0,2487,2487
316970,2017,0,2095,2095
316970,2018,0,2032,2032
316970,2019,0,2018,2018
316970,2020,0,1990,1990
316970,2021,0,2133,2133
316980,1988,0,2852,2852
316980,1989,0,2855,2855
316980,1990,0,3076,3076
316980,1991,0,3045,3045
316980,1992,0,2605,2605
316980,1993,0,2605,2605
316980,1994,0,2655,2655
316980,1995,0,2632,2632
316980,1996,0,2352,2352
316980,1997,0,3232,3232
316980,1998,0,3206,3206
316980,1999,0,2835,2835
316980,2000,0,2779,2779
316980,2001,0,3741,3741
316980,2002,0,4569,4569
316980,2003,0,4641,4641
316980,2004,0,6426,6426
316980,2005,0,5723,5723
316980,2006,0,5262,5262
316980,2007,0,5489,5489
316980,2008,0,5824,5824
316980,2009,0,6098,6098
316980,2010,0,6091,6091
316980,2011,0,5856,5856
316980,2012,0,5996,5996
316980,2013,60,6228,6168
316980,2014,60,6413,6353
316980,2015,60,6189,6129
316980,2016,60,5554,5494
316980,2017,660,6467,5807
316980,2018,700,4834,4134
316980,2019,650,4722,4072
316980,2020,750,4927,4177
316980,2021,800,4991,4191
316990,1988,0,8042,8042
316990,1989,0,7379,7379
316990,1990,0,6592,6592
316990,1991,0,5937,5937
316990,1992,0,5627,5627
316990,1993,0,5827,5827
316990,1994,0,5757,5757
316990,1995,0,4528,4528
316990,1996,0,3425,3425
316990,1997,0,2216,2216
316990,1998,0,1669,1669
316990,1999,0,1580,1580
316990,2000,0,1442,1442
316990,2001,0,1472,1472
316990,2002,0,1279,1279
316990,2003,0,1313,1313
316990,2004,0,1394,1394
316990,2005,0,1449,1449
316990,2006,0,1369,1369
316990,2007,0,1132,1132
316990,2008,0,1037,1037
316990,2009,0,1011,1011
316990,2010,0,1016,1016
316990,2011,0,974,974
316990,2012,0,964,964
316990,2013,0,961,961
316990,2014,0,892,892
316990,2015,0,820,820
316990,2016,0,881,881
316990,2017,0,254,254
316990,2018,0,296,296
316990,2019,0,599,599
316990,2020,0,316,316
316990,2021,0,286,286
317000,1988,0,4798,4798
317000,1989,0,2646,2646
317000,1990,0,4961,4961
317000,1991,0,4907,4907
317000,1992,0,5527,5527
317000,1993,0,4307,4307
317000,1994,0,4307,4307
317000,1995,0,4532,4532
317000,1996,0,4567,4567
317000,1997,0,3796,3796
317000,1998,0,3802,3802
317000,1999,0,3491,3491
317000,2000,0,6246,6246
317000,2001,0,4218,4218
317000,2002,0,3097,3097
317000,2003,0,2907,2907
317000,2004,250,3186,2936
317000,2005,150,3173,3023
317000,2006,0,3092,3092
317000,2007,0,3092,3092
317000,2008,0,3313,3313
317000,2009,0,3347,3347
317000,2010,0,3790,3790
317000,2011,0,3925,3925
317000,2012,0,4421,4421
317000,2013,0,4277,4277
317000,2014,0,4137,4137
317000,2015,0,3566,3566
317000,2016,0,3371,3371
317000,2017,0,2119,2119
317000,2018,0,1894,1894
317000,2019,0,2120,2120
317000,2020,0,1850,1850
317000,2021,0,1878,1878
317010,1988,26000,84499,58499
317010,1989,38720,99098,60378
317010,1990,40000,104832,64832
317010,1991,34000,95276,61276
317010,1992,32000,94617,62617
317010,1993,37000,85311,48311
317010,1994,41000,90539,49539
317010,1995,40000,95062,55062
317010,1996,33143,68273,35130
317010,1997,36000,92723,56723
317010,1998,45320,96833,51513
317010,1999,44300,103199,58899
317010,2000,46600,106424,59824
317010,2001,49000,108462,59462
317010,2002,53500,113586,60086
317010,2003,74600,147878,73278
317010,2004,100619,172510,71891
317010,2005,105450,192557,87107
317010,2006,100700,207287,106587
317010,2007,90700,207398,116698
317010,2008,91874,232423,140549
317010,2009,89900,200608,110708
317010,2010,80950,188106,107156
317010,2011,80950,186138,105188
317010,2012,82950,212951,130001
317010,2013,82950,215012,132062
317010,2014,85950,242725,156775
317010,2015,87000,228589,141589
317010,2016,106050,289721,183671
317010,2017,86850,247365,160515
317010,2018,74450,224407,149957
317010,2019,80360,230718,150358
317010,2020,90360,254539,164179
317010,2021,85400,282417,197017
317020,1988,18000,34008,16008
317020,1989,20000,36689,16689
317020,1990,23000,37712,14712
317020,1991,21000,38424,17424
317020,1992,36800,56184,19384
317020,1993,33500,50515,17015
317020,1994,35000,52515,17515
317020,1995,38000,57951,19951
317020,1996,29064,47689,18625
317020,1997,35591,58458,22867
317020,1998,38000,59596,21596
317020,1999,35200,58827,23627
317020,2000,35230,55816,20586
317020,2001,34000,52427,18427
317020,2002,38000,56297,18297
317020,2003,39000,57816,18816
317020,2004,48000,70260,22260
317020,2005,51000,74719,23719
317020,2006,49200,72328,23128
317020,2007,43200,65612,22412
317020,2008,43500,70319,26819
317020,2009,46000,69232,23232
317020,2010,47000,70145,23145
317020,2011,47000,71035,24035
317020,2012,48000,77748,29748
317020,2013,48000,91389,43389
317020,2014,50000,101398,51398
317020,2015,53000,99327,46327
317020,2016,55000,100582,45582
317020,2017,55000,104672,49672
317020,2018,61000,102617,41617
317020,2019,57000,104043,47043
317020,2020,60000,102274,42274
317020,2021,58000,103732,45732
317030,1988,0,309,309
317030,1989,0,266,266
317030,1990,0,296,296
317030,1991,0,506,506
317030,1992,0,1616,1616
317030,1993,0,506,506
317030,1994,0,506,506
317030,1995,0,306,306
317030,1996,0,187,187
317030,1997,0,187,187
317030,1998,0,186,186
317030,1999,0,185,185
317030,2000,0,180,180
317030,2001,0,212,212
317030,2002,0,194,194
317030,2003,0,171,171
317030,2004,0,142,142
317030,2005,0,114,114
317030,2006,0,126,126
317030,2007,0,158,158
317030,2008,0,124,124
317030,2009,0,139,139
317030,2010,0,126,126
317030,2011,0,131,131
317030,2012,0,99,99
317030,2013,0,126,126
317030,2014,0,140,140
317030,2015,0,145,145
317030,2016,0,78,78
317030,2017,0,2,2
317030,2018,0,6,6
317030,2019,0,14,14
317030,2020,0,15,15
317030,2021,0,15,15
317040,1988,38000,114726,76726
317040,1989,50000,100028,50028
317040,1990,35000,80288,45288
317040,1991,20000,77998,57998
317040,1992,20000,84684,64684
317040,1993,30000,88690,58690
317040,1994,32500,99745,67245
317040,1995,40000,117770,77770
317040,1996,40571,100167,59596
317040,1997,40000,124874,84874
317040,1998,40300,115201,74901
317040,1999,34500,109883,75383
317040,2000,39300,136057,96757
317040,2001,52200,132654,80454
317040,2002,59700,164659,104959
317040,2003,68660,194290,125630
317040,2004,75500,213338,137838
317040,2005,86100,215191,129091
317040,2006,94500,209063,114563
317040,2007,94400,221303,126903
317040,2008,101200,220001,118801
317040,2009,104900,226140,121240
317040,2010,120400,229514,109114
317040,2011,121400,252468,131068
317040,2012,121000,264916,143916
317040,2013,128000,275724,147724
317040,2014,137500,287565,150065
317040,2015,150200,282023,131823
317040,2016,155100,280394,125294
317040,2017,162450,308359,145909
317040,2018,127000,262304,135304
317040,2019,141200,277711,136511
317040,2020,143600,270703,127103
317040,2021,205600,315430,109830
317050,1988,0,5945,5945
317050,1989,0,5696,5696
317050,1990,0,5257,5257
317050,1991,0,5329,5329
317050,1992,0,5132,5132
317050,1993,0,5062,5062
317050,1994,0,5068,5068
317050,1995,0,5068,5068
317050,1996,0,5068,5068
317050,1997,0,5065,5065
317050,1998,0,4993,4993
317050,1999,0,4981,4981
317050,2000,0,4981,4981
317050,2001,0,4429,4429
317050,2002,0,4545,4545
317050,2003,0,4503,4503
317050,2004,0,4383,4383
317050,2005,0,4503,4503
317050,2006,0,4383,4383
317050,2007,0,4383,4383
317050,2008,0,4353,4353
317050,2009,0,4330,4330
317050,2010,0,4318,4318
317050,2011,0,10330,10330
317050,2012,0,10355,10355
317050,2013,0,10336,10336
317050,2014,0,3404,3404
317050,2015,0,2779,2779
317050,2016,0,2773,2773
317050,2017,0,3292,3292
317050,2018,0,3208,3208
317050,2019,0,3215,3215
317050,2020,0,3307,3307
317050,2021,0,3896,3896
317060,1988,0,2355,2355
317060,1989,0,2390,2390
317060,1990,0,1921,1921
317060,1991,0,1726,1726
317060,1992,0,1242,1242
317060,1993,0,1070,1070
317060,1994,0,1159,1159
317060,1995,0,1112,1112
317060,1996,0,1059,1059
317060,1997,0,1091,1091
317060,1998,0,1281,1281
317060,1999,0,1276,1276
317060,2000,0,1497,1497
317060,2001,0,1981,1981
317060,2002,0,2153,2153
317060,2003,0,1802,1802
317060,2004,0,1903,1903
317060,2005,0,2232,2232
317060,2006,0,2092,2092
317060,2007,0,1857,1857
317060,2008,0,1932,1932
317060,2009,0,1714,1714
317060,2010,0,1862,1862
317060,2011,0,1877,1877
317060,2012,0,1914,1914
317060,2013,0,2090,2090
317060,2014,0,2352,2352
317060,2015,0,2175,2175
317060,2016,0,2148,2148
317060,2017,440,1642,1202
317060,2018,600,2375,1775
317060,2019,800,4048,3248
317060,2020,620,3872,3252
317060,2021,600,3793,3193
317070,1988,0,10514,10514
317070,1989,0,11041,11041
317070,1990,0,12164,12164
317070,1991,0,12330,12330
317070,1992,0,12504,12504
317070,1993,0,13429,13429
317070,1994,0,9948,9948
317070,1995,0,12179,12179
317070,1996,0,12179,12179
317070,1997,0,11269,11269
317070,1998,0,11269,11269
317070,1999,0,11267,11267
317070,2000,0,11267,11267
317070,2001,0,8491,8491
317070,2002,0,8524,8524
317070,2003,0,8761,8761
317070,2004,0,9116,9116
317070,2005,0,9060,9060
317070,2006,0,9009,9009
317070,2007,0,9027,9027
317070,2008,0,10707,10707
317070,2009,0,10707,10707
317070,2010,0,9347,9347
317070,2011,0,10577,10577
317070,2012,0,9961,9961
317070,2013,0,10409,10409
317070,2014,0,10020,10020
317070,2015,0,8434,8434
317070,2016,0,9612,9612
317070,2017,96,8024,7928
317070,2018,100,8899,8799
317070,2019,120,7929,7809
317070,2020,120,10015,9895
317070,2021,120,8334,8214
317080,1988,0,4079,4079
317080,1989,0,3901,3901
317080,1990,0,3759,3759
317080,1991,0,3114,3114
317080,1992,0,4585,4585
317080,1993,0,4479,4479
317080,1994,0,4357,4357
317080,1995,0,4231,4231
317080,1996,5,2680,2675
317080,1997,0,4612,4612
317080,1998,0,4404,4404
317080,1999,0,4384,4384
317080,2000,0,4497,4497
317080,2001,0,4534,4534
317080,2002,0,4795,4795
317080,2003,0,4850,4850
317080,2004,0,4736,4736
317080,2005,0,5516,5516
317080,2006,300,3831,3531
317080,2007,300,5889,5589
317080,2008,0,5735,5735
317080,2009,0,5651,5651
317080,2010,0,5743,5743
317080,2011,0,5969,5969
317080,2012,0,5988,5988
317080,2013,0,4767,4767
317080,2014,0,5701,5701
317080,2015,0,6268,6268
317080,2016,628,6853,6225
317080,2017,1050,4115,3065
317080,2018,1100,4069,2969
317080,2019,1028,5559,4531
317080,2020,1050,6283,5233
317080,2021,1200,7243,6043
317100,1988,2000,13866,11866
317100,1989,2000,11356,9356
317100,1990,2000,9763,7763
317100,1991,1600,8791,7191
317100,1992,2100,9213,7113
317100,1993,400,5494,5094
317100,1994,640,6113,5473
317100,1995,700,5353,4653
317100,1996,1782,6731,4949
317100,1997,1500,5529,4029
317100,1998,300,5030,4730
317100,1999,350,4723,4373
317100,2000,300,4088,3788
317100,2001,150,3110,2960
317100,2002,300,3184,2884
317100,2003,300,1834,1534
317100,2004,3300,5770,2470
317100,2005,5000,10530,5530
317100,2006,2300,4205,1905
317100,2007,2300,4383,2083
317100,2008,2300,4529,2229
317100,2009,2300,4529,2229
317100,2010,2000,3695,1695
317100,2011,2000,3965,1965
317100,2012,800,2045,1245
317100,2013,1500,3795,2295
317100,2014,1700,3995,2295
317100,2015,1800,3989,2189
317100,2016,3500,8426,4926
317100,2017,11050,16119,5069
317100,2018,11500,14577,3077
317100,2019,12000,18069,6069
317100,2020,11500,17670,6170
317100,2021,12500,19699,7199
317110,1988,3000,12145,9145
317110,1989,3800,10268,6468
317110,1990,3500,7757,4257
317110,1991,1500,5255,3755
317110,1992,1200,3731,2531
317110,1993,480,2938,2458
317110,1994,580,3528,2948
317110,1995,800,3448,2648
317110,1996,1155,3633,2478
317110,1997,800,3557,2757
317110,1998,1000,4240,3240
317110,1999,3441,5426,1985
317110,2000,3700,6400,2700
317110,2001,3900,5525,1625
317110,2002,3900,5260,1360
317110,2003,5200,5965,765
317110,2004,13000,15545,2545
317110,2005,14000,15978,1978
317110,2006,11500,13314,1814
317110,2007,5000,6283,1283
317110,2008,5200,11864,6664
317110,2009,5200,14325,9125
317110,2010,5700,14876,9176
317110,2011,5700,15426,9726
317110,2012,2500,12567,10067
317110,2013,2500,13210,10710
317110,2014,2500,17510,15010
317110,2015,2700,16155,13455
317110,2016,10000,23971,13971
317110,2017,4000,20184,16184
317110,2018,2700,21477,18777
317110,2019,2400,20994,18594
317110,2020,2400,24030,21630
317110,2021,2400,24676,22276
317120,1988,0,274,274
317120,1989,0,345,345
317120,1990,0,345,345
317120,1991,0,345,345
317120,1992,0,335,335
317120,1993,0,335,335
317120,1994,0,335,335
317120,1995,0,335,335
317120,1996,0,335,335
317120,1997,0,335,335
317120,1998,0,339,339
317120,1999,0,303,303
317120,2000,0,22,22
317120,2001,0,272,272
317120,2002,0,281,281
317120,2003,0,272,272
317120,2004,0,272,272
317120,2005,0,133,133
317120,2006,0,0,0
317120,2007,0,0,0
317120,2008,0,0,0
317120,2009,0,20,20
317120,2010,0,20,20
317120,2011,0,20,20
317120,2012,0,60,60
317120,2013,0,50,50
317120,2014,0,50,50
317120,2015,0,50,50
317120,2016,0,52,52
317120,2017,0,18,18
317120,2018,0,25,25
317120,2019,0,26,26
317120,2020,0,23,23
317120,2021,0,23,23
317130,1988,0,5356,5356
317130,1989,0,5097,5097
317130,1990,0,5334,5334
317130,1991,0,4934,4934
317130,1992,0,6328,6328
317130,1993,0,6763,6763
317130,1994,0,7874,7874
317130,1995,0,8250,8250
317130,1996,0,1913,1913
317130,1997,0,4545,4545
317130,1998,0,5238,5238
317130,1999,0,4488,4488
317130,2000,0,4482,4482
317130,2001,0,4182,4182
317130,2002,0,4971,4971
317130,2003,0,4980,4980
317130,2004,0,5288,5288
317130,2005,0,5307,5307
317130,2006,0,5338,5338
317130,2007,0,5328,5328
317130,2008,0,5053,5053
317130,2009,0,4496,4496
317130,2010,0,4601,4601
317130,2011,0,4128,4128
317130,2012,0,4512,4512
317130,2013,0,4712,4712
317130,2014,0,4173,4173
317130,2015,0,4448,4448
317130,2016,0,4286,4286
317130,2017,1,1589,1588
317130,2018,0,2006,2006
317130,2019,0,1916,1916
317130,2020,0,1978,1978
317130,2021,0,1724,1724
317140,1988,0,2227,2227
317140,1989,0,3859,3859
317140,1990,0,3916,3916
317140,1991,0,3776,3776
317140,1992,0,3655,3655
317140,1993,0,3735,3735
317140,1994,0,4200,4200
317140,1995,0,4691,4691
317140,1996,0,2543,2543
317140,1997,0,2841,2841
317140,1998,0,2646,2646
317140,1999,0,2305,2305
317140,2000,0,2390,2390
317140,2001,0,2422,2422
317140,2002,0,2363,2363
317140,2003,0,2364,2364
317140,2004,0,2094,2094
317140,2005,0,1754,1754
317140,2006,0,2725,2725
317140,2007,0,2725,2725
317140,2008,0,2410,2410
317140,2009,0,2415,2415
317140,2010,0,2375,2375
317140,2011,0,2600,2600
317140,2012,0,2600,2600
317140,2013,0,2600,2600
317140,2014,0,2580,2580
317140,2015,0,2568,2568
317140,2016,0,2214,2214
317140,2017,0,930,930
317140,2018,0,1059,1059
317140,2019,0,925,925
317140,2020,0,920,920
317140,2021,0,770,770
317150,1988,0,307,307
317150,1989,0,340,340
317150,1990,0,180,180
317150,1991,0,187,187
317150,1992,0,1079,1079
317150,1993,0,996,996
317150,1994,0,991,991
317150,1995,0,908,908
317150,1996,0,737,737
317150,1997,0,918,918
317150,1998,0,934,934
317150,1999,0,680,680
317150,2000,0,680,680
317150,2001,0,680,680
317150,2002,0,662,662
317150,2003,0,478,478
317150,2004,0,217,217
317150,2005,0,183,183
317150,2006,0,271,271
317150,2007,0,222,222
317150,2008,0,212,212
317150,2009,0,212,212
317150,2010,0,212,212
317150,2011,0,212,212
317150,2012,0,94,94
317150,2013,0,224,224
317150,2014,0,216,216
317150,2015,0,160,160
317150,2016,0,28,28
317150,2017,0,29,29
317150,2018,0,40,40
317150,2019,0,42,42
317150,2020,0,28,28
317150,2021,0,34,34
317160,1988,0,3817,3817
317160,1989,0,3817,3817
317160,1990,0,3817,3817
317160,1991,0,3780,3780
317160,1992,0,3738,3738
317160,1993,0,3349,3349
317160,1994,0,3034,3034
317160,1995,0,1201,1201
317160,1996,0,2929,2929
317160,1997,0,2831,2831
317160,1998,0,107,107
317160,1999,0,2049,2049
317160,2000,0,2049,2049
317160,2001,0,1522,1522
317160,2002,0,1652,1652
317160,2003,0,1648,1648
317160,2004,0,2184,2184
317160,2005,0,1786,1786
317160,2006,0,1986,1986
317160,2007,0,1971,1971
317160,2008,0,1149,1149
317160,2009,0,2038,2038
317160,2010,0,1718,1718
317160,2011,0,1492,1492
317160,2012,0,1063,1063
317160,2013,0,1213,1213
317160,2014,0,1858,1858
317160,2015,0,2457,2457
317160,2016,0,2285,2285
317160,2017,0,857,857
317160,2018,0,1378,1378
317160,2019,0,1193,1193
317160,2020,0,918,918
317160,2021,0,808,808
317170,1988,0,3905,3905
317170,1989,0,3398,3398
317170,1990,0,3155,3155
317170,1991,0,3255,3255
317170,1992,0,3325,3325
317170,1993,0,3257,3257
317170,1994,0,2970,2970
317170,1995,0,2523,2523
317170,1996,4,3688,3684
317170,1997,4,3672,3668
317170,1998,0,1332,1332
317170,1999,0,1849,1849
317170,2000,0,2719,2719
317170,2001,0,2848,2848
317170,2002,0,3097,3097
317170,2003,0,2664,2664
317170,2004,0,1937,1937
317170,2005,0,1994,1994
317170,2006,0,2426,2426
317170,2007,0,2698,2698
317170,2008,0,2873,2873
317170,2009,0,2903,2903
317170,2010,0,3233,3233
317170,2011,0,3376,3376
317170,2012,0,3382,3382
317170,2013,0,3530,3530
317170,2014,0,3635,3635
317170,2015,0,3215,3215
317170,2016,0,2420,2420
317170,2017,0,943,943
317170,2018,0,1439,1439
317170,2019,0,1404,1404
317170,2020,0,1247,1247
317170,2021,0,989,989
317180,1988,0,5421,5421
317180,1989,0,5976,5976
317180,1990,0,5886,5886
317180,1991,0,6372,6372
317180,1992,0,6330,6330
317180,1993,0,5911,5911
317180,1994,0,5040,5040
317180,1995,0,4337,4337
317180,1996,0,2597,2597
317180,1997,0,2682,2682
317180,1998,0,2470,2470
317180,1999,0,2379,2379
317180,2000,0,2645,2645
317180,2001,0,2487,2487
317180,2002,0,2462,2462
317180,2003,0,2273,2273
317180,2004,0,2416,2416
317180,2005,0,2243,2243
317180,2006,0,2230,2230
317180,2007,0,2197,2197
317180,2008,0,1963,1963
317180,2009,0,1790,1790
317180,2010,0,1716,1716
317180,2011,0,1960,1960
317180,2012,0,2815,2815
317180,2013,0,2815,2815
317180,2014,0,2525,2525
317180,2015,0,3199,3199
317180,2016,0,2528,2528
317180,2017,0,703,703
317180,2018,0,729,729
317180,2019,0,703,703
317180,2020,0,753,753
317180,2021,0,669,669
317190,1988,0,4684,4684
317190,1989,0,2379,2379
317190,1990,0,2690,2690
317190,1991,0,3020,3020
317190,1992,0,2020,2020
317190,1993,0,1886,1886
317190,1994,0,1783,1783
317190,1995,0,3506,3506
317190,1996,0,1496,1496
317190,1997,0,3496,3496
317190,1998,0,3393,3393
317190,1999,0,3306,3306
317190,2000,0,2997,2997
317190,2001,0,1543,1543
317190,2002,0,1101,1101
317190,2003,0,1192,1192
317190,2004,0,1298,1298
317190,2005,0,1203,1203
317190,2006,0,1208,1208
317190,2007,0,1107,1107
317190,2008,0,953,953
317190,2009,0,915,915
317190,2010,0,879,879
317190,2011,0,822,822
317190,2012,0,784,784
317190,2013,0,934,934
317190,2014,0,866,866
317190,2015,0,859,859
317190,2016,0,263,263
317190,2017,0,457,457
317190,2018,0,457,457
317190,2019,0,383,383
317190,2020,0,356,356
317190,2021,0,391,391
317200,1988,0,7922,7922
317200,1989,0,8067,8067
317200,1990,0,6248,6248
317200,1991,0,6686,6686
317200,1992,0,6896,6896
317200,1993,0,6881,6881
317200,1994,0,6881,6881
317200,1995,0,6259,6259
317200,1996,0,6569,6569
317200,1997,0,6164,6164
317200,1998,0,2379,2379
317200,1999,0,2187,2187
317200,2000,0,2012,2012
317200,2001,0,1580,1580
317200,2002,0,1542,1542
317200,2003,0,1529,1529
317200,2004,0,1847,1847
317200,2005,0,1777,1777
317200,2006,0,1861,1861
317200,2007,0,1805,1805
317200,2008,0,1550,1550
317200,2009,0,2027,2027
317200,2010,0,1841,1841
317200,2011,0,1742,1742
317200,2012,0,1652,1652
317200,2013,0,1925,1925
317200,2014,0,1873,1873
317200,2015,0,1444,1444
317200,2016,0,1424,1424
317200,2017,0,1048,1048
317200,2018,0,1184,1184
317200,2019,0,1233,1233
317200,2020,0,1158,1158
317200,2021,0,1152,1152
317210,1988,0,398,398
317210,1989,0,362,362
317210,1990,0,317,317
317210,1991,0,307,307
317210,1992,0,318,318
317210,1993,0,349,349
317210,1994,0,348,348
317210,1995,0,377,377
317210,1996,0,338,338
317210,1997,0,312,312
317210,1998,0,378,378
317210,1999,0,238,238
317210,2000,0,222,222
317210,2001,0,198,198
317210,2002,0,201,201
317210,2003,0,198,198
317210,2004,0,185,185
317210,2005,0,183,183
317210,2006,0,183,183
317210,2007,0,123,123
317210,2008,0,123,123
317210,2009,0,123,123
317210,2010,0,123,123
317210,2011,0,123,123
317210,2012,0,123,123
317210,2013,0,123,123
317210,2014,0,165,165
317210,2015,0,149,149
317210,2016,0,85,85
317210,2017,0,84,84
317210,2018,0,46,46
317210,2019,0,41,41
317210,2020,0,38,38
317210,2021,0,38,38
317220,1988,0,503,503
317220,1989,0,447,447
317220,1990,0,337,337
317220,1991,0,402,402
317220,1992,0,359,359
317220,1993,0,309,309
317220,1994,0,426,426
317220,1995,0,403,403
317220,1996,0,336,336
317220,1997,0,358,358
317220,1998,0,319,319
317220,1999,0,336,336
317220,2000,0,201,201
317220,2001,0,226,226
317220,2002,0,246,246
317220,2003,0,238,238
317220,2004,0,236,236
317220,2005,0,235,235
317220,2006,0,234,234
317220,2007,0,248,248
317220,2008,0,248,248
317220,2009,0,248,248
317220,2010,0,248,248
317220,2011,0,235,235
317220,2012,0,183,183
317220,2013,0,233,233
317220,2014,0,253,253
317220,2015,0,251,251
317220,2016,0,108,108
317220,2017,0,30,30
317220,2018,0,68,68
317220,2019,0,81,81
317220,2020,0,74,74
317220,2021,0,70,70
320010,1988,0,61231,61231
320010,1989,0,49653,49653
320010,1990,0,50369,50369
320010,1991,0,48375,48375
320010,1992,0,49179,49179
320010,1993,0,51246,51246
320010,1994,0,39496,39496
320010,1995,0,43941,43941
320010,1996,0,36481,36481
320010,1997,0,49404,49404
320010,1998,0,35988,35988
320010,1999,0,34161,34161
320010,2000,0,38791,38791
320010,2001,0,39896,39896
320010,2002,0,45447,45447
320010,2003,0,46915,46915
320010,2004,0,45465,45465
320010,2005,0,43863,43863
320010,2006,0,42773,42773
320010,2007,0,41833,41833
320010,2008,0,37450,37450
320010,2009,0,34793,34793
320010,2010,0,34322,34322
320010,2011,0,31817,31817
320010,2012,0,30366,30366
320010,2013,0,30408,30408
320010,2014,0,27946,27946
320010,2015,0,26128,26128
320010,2016,0,26612,26612
320010,2017,0,26492,26492
320010,2018,0,27346,27346
320010,2019,0,25420,25420
320010,2020,0,25484,25484
320010,2021,0,23540,23540
320013,1988,0,0,0
320013,1989,0,15160,15160
320013,1990,0,13410,13410
320013,1991,0,15250,15250
320013,1992,0,12940,12940
320013,1993,0,9920,9920
320013,1994,0,10210,10210
320013,1995,0,10190,10190
320013,1996,0,9545,9545
320013,1997,0,9573,9573
320013,1998,0,9698,9698
320013,1999,0,9358,9358
320013,2000,0,8581,8581
320013,2001,0,8451,8451
320013,2002,0,8456,8456
320013,2003,0,9281,9281
320013,2004,0,9447,9447
320013,2005,0,9412,9412
320013,2006,0,9412,9412
320013,2007,0,9362,9362
320013,2008,0,8902,8902
320013,2009,0,8737,8737
320013,2010,0,8402,8402
320013,2011,0,8373,8373
320013,2012,0,8343,8343
320013,2013,0,8100,8100
320013,2014,0,7741,7741
320013,2015,0,7737,7737
320013,2016,0,7568,7568
320013,2017,0,7388,7388
320013,2018,0,6643,6643
320013,2019,0,6471,6471
320013,2020,0,6500,6500
320013,2021,0,6570,6570
320016,1988,0,0,0
320016,1989,0,13098,13098
320016,1990,0,13098,13098
320016,1991,0,12643,12643
320016,1992,0,10795,10795
320016,1993,0,11023,11023
320016,1994,0,10533,10533
320016,1995,0,10432,10432
320016,1996,0,13512,13512
320016,1997,0,12824,12824
320016,1998,0,12589,12589
320016,1999,0,12144,12144
320016,2000,0,12094,12094
320016,2001,0,12044,12044
320016,2002,0,12124,12124
320016,2003,0,12234,12234
320016,2004,0,12315,12315
320016,2005,0,12215,12215
320016,2006,0,10065,10065
320016,2007,0,9984,9984
320016,2008,0,9599,9599
320016,2009,0,9484,9484
320016,2010,0,2737,2737
320016,2011,0,3268,3268
320016,2012,0,3238,3238
320016,2013,0,3038,3038
320016,2014,0,3014,3014
320016,2015,0,2968,2968
320016,2016,0,2837,2837
320016,2017,0,2726,2726
320016,2018,0,2336,2336
320016,2019,0,2567,2567
320016,2020,0,2622,2622
320016,2021,0,2618,2618
320020,1988,0,19483,19483
320020,1989,0,19420,19420
320020,1990,0,15507,15507
320020,1991,0,15425,15425
320020,1992,0,15431,15431
320020,1993,0,11420,11420
320020,1994,0,11153,11153
320020,1995,0,11160,11160
320020,1996,0,12144,12144
320020,1997,0,12052,12052
320020,1998,0,12262,12262
320020,1999,0,12259,12259
320020,2000,0,12209,12209
320020,2001,0,11729,11729
320020,2002,0,11768,11768
320020,2003,0,11875,11875
320020,2004,0,11890,11890
320020,2005,0,12424,12424
320020,2006,0,10756,10756
320020,2007,0,7828,7828
320020,2008,0,7599,7599
320020,2009,0,7553,7553
320020,2010,0,7473,7473
320020,2011,0,7327,7327
320020,2012,0,7209,7209
320020,2013,0,6019,6019
320020,2014,0,5188,5188
320020,2015,0,4784,4784
320020,2016,0,5071,5071
320020,2017,0,5112,5112
320020,2018,0,6209,6209
320020,2019,0,6199,6199
320020,2020,0,6199,6199
320020,2021,0,6199,6199
320030,1988,0,8951,8951
320030,1989,0,8738,8738
320030,1990,0,8348,8348
320030,1991,0,8688,8688
320030,1992,0,9979,9979
320030,1993,0,9432,9432
320030,1994,0,8995,8995
320030,1995,0,8353,8353
320030,1996,0,7427,7427
320030,1997,0,7158,7158
320030,1998,0,8523,8523
320030,1999,0,7100,7100
320030,2000,0,7120,7120
320030,2001,0,6290,6290
320030,2002,0,6311,6311
320030,2003,0,6856,6856
320030,2004,0,6835,6835
320030,2005,0,6855,6855
320030,2006,0,6890,6890
320030,2007,0,7206,7206
320030,2008,0,7134,7134
320030,2009,0,7363,7363
320030,2010,0,7664,7664
320030,2011,0,7669,7669
320030,2012,0,7851,7851
320030,2013,0,8017,8017
320030,2014,0,8097,8097
320030,2015,0,8098,8098
320030,2016,0,7999,7999
320030,2017,0,8242,8242
320030,2018,0,8236,8236
320030,2019,0,8720,8720
320030,2020,0,8785,8785
320030,2021,0,8892,8892
320035,1988,0,0,0
320035,1989,0,8771,8771
320035,1990,0,8771,8771
320035,1991,0,10690,10690
320035,1992,0,8723,8723
320035,1993,0,9225,9225
320035,1994,0,9571,9571
320035,1995,0,9393,9393
320035,1996,0,8630,8630
320035,1997,0,8271,8271
320035,1998,0,8441,8441
320035,1999,0,7871,7871
320035,2000,0,7881,7881
320035,2001,0,7771,7771
320035,2002,0,7791,7791
320035,2003,0,5431,5431
320035,2004,0,5440,5440
320035,2005,0,5210,5210
320035,2006,0,5190,5190
320035,2007,0,5240,5240
320035,2008,0,5095,5095
320035,2009,0,5095,5095
320035,2010,0,2525,2525
320035,2011,0,3507,3507
320035,2012,0,3509,3509
320035,2013,0,3451,3451
320035,2014,0,3464,3464
320035,2015,0,3310,3310
320035,2016,0,3023,3023
320035,2017,0,3208,3208
320035,2018,0,2986,2986
320035,2019,0,3029,3029
320035,2020,0,3018,3018
320035,2021,0,3018,3018
320040,1988,0,7816,7816
320040,1989,0,8058,8058
320040,1990,0,7726,7726
320040,1991,0,7451,7451
320040,1992,0,7711,7711
320040,1993,0,7819,7819
320040,1994,0,7212,7212
320040,1995,0,7533,7533
320040,1996,0,3513,3513
320040,1997,0,3822,3822
320040,1998,0,6150,6150
320040,1999,0,5880,5880
320040,2000,0,4517,4517
320040,2001,0,4273,4273
320040,2002,0,4025,4025
320040,2003,0,4329,4329
320040,2004,0,4869,4869
320040,2005,0,4698,4698
320040,2006,0,4695,4695
320040,2007,0,4754,4754
320040,2008,0,4427,4427
320040,2009,0,4369,4369
320040,2010,0,3679,3679
320040,2011,0,4370,4370
320040,2012,0,3552,3552
320040,2013,0,3540,3540
320040,2014,0,3527,3527
320040,2015,0,3630,3630
320040,2016,0,3260,3260
320040,2017,0,3398,3398
320040,2018,0,2700,2700
320040,2019,0,2422,2422
320040,2020,0,2640,2640
320040,2021,0,2545,2545
320050,1988,0,4804,4804
320050,1989,0,4955,4955
320050,1990,0,3628,3628
320050,1991,0,3594,3594
320050,1992,0,3346,3346
320050,1993,0,3296,3296
320050,1994,0,3296,3296
320050,1995,0,3296,3296
320050,1996,0,3352,3352
320050,1997,0,3140,3140
320050,1998,0,3039,3039
320050,1999,0,3039,3039
320050,2000,0,3052,3052
320050,2001,0,2757,2757
320050,2002,0,2808,2808
320050,2003,0,2992,2992
320050,2004,0,3257,3257
320050,2005,0,2746,2746
320050,2006,0,2567,2567
320050,2007,0,2542,2542
320050,2008,0,2423,2423
320050,2009,0,2404,2404
320050,2010,0,1973,1973
320050,2011,0,2329,2329
320050,2012,0,2323,2323
320050,2013,0,2296,2296
320050,2014,0,2309,2309
320050,2015,0,2255,2255
320050,2016,0,2322,2322
320050,2017,0,2577,2577
320050,2018,0,1977,1977
320050,2019,0,1787,1787
320050,2020,0,1784,1784
320050,2021,0,1831,1831
320060,1988,0,8162,8162
320060,1989,0,11707,11707
320060,1990,0,11067,11067
320060,1991,0,11421,11421
320060,1992,0,10991,10991
320060,1993,0,10873,10873
320060,1994,0,10617,10617
320060,1995,0,10456,10456
320060,1996,0,10252,10252
320060,1997,0,9931,9931
320060,1998,0,9847,9847
320060,1999,0,8922,8922
320060,2000,0,8547,8547
320060,2001,0,8277,8277
320060,2002,0,9196,9196
320060,2003,0,9037,9037
320060,2004,0,9316,9316
320060,2005,0,9256,9256
320060,2006,0,9022,9022
320060,2007,0,7900,7900
320060,2008,0,7580,7580
320060,2009,0,7792,7792
320060,2010,0,8130,8130
320060,2011,0,7969,7969
320060,2012,0,7743,7743
320060,2013,0,7143,7143
320060,2014,0,7280,7280
320060,2015,0,6990,6990
320060,2016,0,7398,7398
320060,2017,0,6856,6856
320060,2018,0,7451,7451
320060,2019,0,7381,7381
320060,2020,0,7373,7373
320060,2021,0,7432,7432
320070,1988,0,4035,4035
320070,1989,0,4261,4261
320070,1990,0,4103,4103
320070,1991,0,4417,4417
320070,1992,0,4296,4296
320070,1993,0,4291,4291
320070,1994,0,4136,4136
320070,1995,0,4326,4326
320070,1996,0,4430,4430
320070,1997,0,4380,4380
320070,1998,0,4136,4136
320070,1999,0,3915,3915
320070,2000,0,3794,3794
320070,2001,0,3594,3594
320070,2002,0,3734,3734
320070,2003,0,3610,3610
320070,2004,0,3612,3612
320070,2005,0,3481,3481
320070,2006,0,3487,3487
320070,2007,0,3576,3576
320070,2008,0,3362,3362
320070,2009,0,2615,2615
320070,2010,0,3127,3127
320070,2011,0,2817,2817
320070,2012,0,2724,2724
320070,2013,0,2591,2591
320070,2014,0,2561,2561
320070,2015,0,2556,2556
320070,2016,0,2435,2435
320070,2017,0,2430,2430
320070,2018,0,1527,1527
320070,2019,0,1572,1572
320070,2020,0,1563,1563
320070,2021,0,1624,1624
320080,1988,0,13358,13358
320080,1989,0,13104,13104
320080,1990,0,12148,12148
320080,1991,0,12954,12954
320080,1992,0,11494,11494
320080,1993,0,11719,11719
320080,1994,0,12359,12359
320080,1995,0,12404,12404
320080,1996,0,8928,8928
320080,1997,0,9105,9105
320080,1998,0,9027,9027
320080,1999,0,8380,8380
320080,2000,0,8590,8590
320080,2001,0,8605,8605
320080,2002,0,8565,8565
320080,2003,0,8135,8135
320080,2004,0,9144,9144
320080,2005,0,9086,9086
320080,2006,0,9036,9036
320080,2007,0,8994,8994
320080,2008,0,8804,8804
320080,2009,0,8754,8754
320080,2010,0,6846,6846
320080,2011,0,7261,7261
320080,2012,0,7486,7486
320080,2013,0,7084,7084
320080,2014,0,6774,6774
320080,2015,0,6144,6144
320080,2016,0,5660,5660
320080,2017,0,5528,5528
320080,2018,0,3946,3946
320080,2019,0,3954,3954
320080,2020,0,4099,4099
320080,2021,0,4126,4126
320090,1988,0,38628,38628
320090,1989,0,27501,27501
320090,1990,0,22756,22756
320090,1991,0,26439,26439
320090,1992,0,22656,22656
320090,1993,0,23141,23141
320090,1994,0,24661,24661
320090,1995,0,23357,23357
320090,1996,0,18077,18077
320090,1997,0,18846,18846
320090,1998,0,18781,18781
320090,1999,0,18701,18701
320090,2000,0,16297,16297
320090,2001,0,16247,16247
320090,2002,0,16545,16545
320090,2003,0,16608,16608
320090,2004,0,17703,17703
320090,2005,0,17183,17183
320090,2006,0,9412,9412
320090,2007,0,8610,8610
320090,2008,0,7916,7916
320090,2009,0,7580,7580
320090,2010,0,8210,8210
320090,2011,0,7506,7506
320090,2012,0,7467,7467
320090,2013,0,7099,7099
320090,2014,0,6806,6806
320090,2015,0,6644,6644
320090,2016,0,5981,5981
320090,2017,0,4602,4602
320090,2018,0,5733,5733
320090,2019,0,5742,5742
320090,2020,0,6188,6188
320090,2021,0,6219,6219
320100,1988,0,12805,12805
320100,1989,0,14206,14206
320100,1990,0,9382,9382
320100,1991,0,9559,9559
320100,1992,0,9359,9359
320100,1993,0,9209,9209
320100,1994,0,9230,9230
320100,1995,0,9773,9773
320100,1996,0,9078,9078
320100,1997,0,10009,10009
320100,1998,0,9645,9645
320100,1999,0,9660,9660
320100,2000,0,9873,9873
320100,2001,0,12713,12713
320100,2002,0,13207,13207
320100,2003,0,8334,8334
320100,2004,0,8669,8669
320100,2005,0,10661,10661
320100,2006,0,10802,10802
320100,2007,0,11588,11588
320100,2008,0,11415,11415
320100,2009,0,13250,13250
320100,2010,0,13189,13189
320100,2011,0,11435,11435
320100,2012,0,11286,11286
320100,2013,0,12387,12387
320100,2014,0,11687,11687
320100,2015,0,12264,12264
320100,2016,0,10361,10361
320100,2017,0,11604,11604
320100,2018,0,7254,7254
320100,2019,0,7073,7073
320100,2020,0,6848,6848
320100,2021,0,6952,6952
320110,1988,0,454,454
320110,1989,0,349,349
320110,1990,0,359,359
320110,1991,0,338,338
320110,1992,0,351,351
320110,1993,0,352,352
320110,1994,0,284,284
320110,1995,0,285,285
320110,1996,0,306,306
320110,1997,0,302,302
320110,1998,0,300,300
320110,1999,0,343,343
320110,2000,0,469,469
320110,2001,0,449,449
320110,2002,0,452,452
320110,2003,0,505,505
320110,2004,0,419,419
320110,2005,0,363,363
320110,2006,0,333,333
320110,2007,0,324,324
320110,2008,0,374,374
320110,2009,0,376,376
320110,2010,0,335,335
320110,2011,0,334,334
320110,2012,0,313,313
320110,2013,0,289,289
320110,2014,0,277,277
320110,2015,0,273,273
320110,2016,0,304,304
320110,2017,0,248,248
320110,2018,0,281,281
320110,2019,0,293,293
320110,2020,0,292,292
320110,2021,0,240,240
320120,1988,0,21500,21500
320120,1989,0,13784,13784
320120,1990,0,13557,13557
320120,1991,0,13640,13640
320120,1992,0,11812,11812
320120,1993,0,10606,10606
320120,1994,0,10381,10381
320120,1995,0,8656,8656
320120,1996,0,8404,8404
320120,1997,0,7491,7491
320120,1998,0,7568,7568
320120,1999,0,7590,7590
320120,2000,0,8309,8309
320120,2001,0,7365,7365
320120,2002,0,7309,7309
320120,2003,0,7596,7596
320120,2004,0,7972,7972
320120,2005,0,8430,8430
320120,2006,0,8157,8157
320120,2007,0,8099,8099
320120,2008,0,7704,7704
320120,2009,0,8109,8109
320120,2010,0,7856,7856
320120,2011,0,7841,7841
320120,2012,0,7193,7193
320120,2013,0,7081,7081
320120,2014,0,6901,6901
320120,2015,0,6823,6823
320120,2016,0,6230,6230
320120,2017,0,6332,6332
320120,2018,0,6423,6423
320120,2019,0,6258,6258
320120,2020,0,6221,6221
320120,2021,0,6270,6270
320130,1988,0,1555,1555
320130,1989,0,1740,1740
320130,1990,0,1787,1787
320130,1991,0,1767,1767
320130,1992,0,1998,1998
320130,1993,0,1998,1998
320130,1994,0,2111,2111
320130,1995,0,2011,2011
320130,1996,0,1090,1090
320130,1997,0,1061,1061
320130,1998,0,1327,1327
320130,1999,0,1275,1275
320130,2000,0,1277,1277
320130,2001,0,1223,1223
320130,2002,0,1455,1455
320130,2003,0,1410,1410
320130,2004,0,1433,1433
320130,2005,0,1402,1402
320130,2006,0,1343,1343
320130,2007,0,1318,1318
320130,2008,0,1308,1308
320130,2009,0,1308,1308
320130,2010,0,1265,1265
320130,2011,0,1270,1270
320130,2012,0,1283,1283
320130,2013,0,1251,1251
320130,2014,0,1251,1251
320130,2015,0,1233,1233
320130,2016,0,1197,1197
320130,2017,0,1344,1344
320130,2018,0,1570,1570
320130,2019,0,1571,1571
320130,2020,0,1589,1589
320130,2021,0,1584,1584
320140,1988,0,17775,17775
320140,1989,0,19984,19984
320140,1990,0,20269,20269
320140,1991,0,18409,18409
320140,1992,0,15907,15907
320140,1993,0,15601,15601
320140,1994,0,15589,15589
320140,1995,0,15754,15754
320140,1996,0,16104,16104
320140,1997,0,16057,16057
320140,1998,0,16052,16052
320140,1999,0,17022,17022
320140,2000,0,14069,14069
320140,2001,0,13929,13929
320140,2002,0,15199,15199
320140,2003,0,15334,15334
320140,2004,0,14365,14365
320140,2005,0,14828,14828
320140,2006,0,14303,14303
320140,2007,0,14533,14533
320140,2008,0,14432,14432
320140,2009,0,14326,14326
320140,2010,0,14138,14138
320140,2011,0,13410,13410
320140,2012,0,13633,13633
320140,2013,0,12694,12694
320140,2014,0,12121,12121
320140,2015,0,12324,12324
320140,2016,0,11735,11735
320140,2017,0,11620,11620
320140,2018,0,11957,11957
320140,2019,0,11937,11937
320140,2020,0,12490,12490
320140,2021,0,12367,12367
320150,1988,0,38779,38779
320150,1989,0,38252,38252
320150,1990,0,38469,38469
320150,1991,0,38158,38158
320150,1992,0,35198,35198
320150,1993,0,41923,41923
320150,1994,0,42153,42153
320150,1995,0,42794,42794
320150,1996,0,34495,34495
320150,1997,0,35562,35562
320150,1998,0,35867,35867
320150,1999,0,36288,36288
320150,2000,0,36336,36336
320150,2001,0,35976,35976
320150,2002,0,35813,35813
320150,2003,0,34202,34202
320150,2004,0,34223,34223
320150,2005,0,33878,33878
320150,2006,0,32338,32338
320150,2007,0,30686,30686
320150,2008,0,29265,29265
320150,2009,0,28729,28729
320150,2010,0,26465,26465
320150,2011,0,29322,29322
320150,2012,0,29025,29025
320150,2013,0,27755,27755
320150,2014,0,27462,27462
320150,2015,0,27132,27132
320150,2016,0,25095,25095
320150,2017,0,23524,23524
320150,2018,0,27000,27000
320150,2019,0,27412,27412
320150,2020,0,27663,27663
320150,2021,0,27969,27969
320160,1988,0,9887,9887
320160,1989,0,8619,8619
320160,1990,0,9597,9597
320160,1991,0,5530,5530
320160,1992,0,6397,6397
320160,1993,0,5946,5946
320160,1994,0,8173,8173
320160,1995,0,8783,8783
320160,1996,0,10301,10301
320160,1997,0,8795,8795
320160,1998,0,8059,8059
320160,1999,0,9119,9119
320160,2000,0,10368,10368
320160,2001,0,10144,10144
320160,2002,0,11400,11400
320160,2003,0,11863,11863
320160,2004,0,11828,11828
320160,2005,0,12231,12231
320160,2006,0,12444,12444
320160,2007,0,12502,12502
320160,2008,0,12612,12612
320160,2009,0,12734,12734
320160,2010,0,12584,12584
320160,2011,0,10723,10723
320160,2012,0,10432,10432
320160,2013,0,12448,12448
320160,2014,0,12652,12652
320160,2015,0,12682,12682
320160,2016,0,9977,9977
320160,2017,0,8957,8957
320160,2018,0,13479,13479
320160,2019,0,10515,10515
320160,2020,0,10057,10057
320160,2021,0,12591,12591
320170,1988,0,13705,13705
320170,1989,0,8716,8716
320170,1990,0,9811,9811
320170,1991,0,8840,8840
320170,1992,0,7697,7697
320170,1993,0,7877,7877
320170,1994,0,7872,7872
320170,1995,0,7873,7873
320170,1996,0,6935,6935
320170,1997,0,6958,6958
320170,1998,0,8639,8639
320170,1999,0,8639,8639
320170,2000,0,9379,9379
320170,2001,0,9175,9175
320170,2002,0,9285,9285
320170,2003,0,10100,10100
320170,2004,0,10133,10133
320170,2005,0,10178,10178
320170,2006,0,8928,8928
320170,2007,0,8671,8671
320170,2008,0,6903,6903
320170,2009,0,6775,6775
320170,2010,0,6375,6375
320170,2011,0,5737,5737
320170,2012,0,5225,5225
320170,2013,0,4983,4983
320170,2014,0,4438,4438
320170,2015,0,4545,4545
320170,2016,0,4094,4094
320170,2017,0,4199,4199
320170,2018,0,4416,4416
320170,2019,0,4416,4416
320170,2020,0,4665,4665
320170,2021,0,4646,4646
320180,1988,0,3672,3672
320180,1989,0,3671,3671
320180,1990,0,3509,3509
320180,1991,0,3049,3049
320180,1992,0,2799,2799
320180,1993,0,3049,3049
320180,1994,0,2901,2901
320180,1995,0,3203,3203
320180,1996,0,2862,2862
320180,1997,0,2988,2988
320180,1998,0,3102,3102
320180,1999,0,3201,3201
320180,2000,0,3351,3351
320180,2001,0,3346,3346
320180,2002,0,3438,3438
320180,2003,0,3876,3876
320180,2004,0,3826,3826
320180,2005,0,3965,3965
320180,2006,0,3936,3936
320180,2007,0,3931,3931
320180,2008,0,3829,3829
320180,2009,0,3829,3829
320180,2010,0,3067,3067
320180,2011,0,3829,3829
320180,2012,0,3746,3746
320180,2013,0,3364,3364
320180,2014,0,2959,2959
320180,2015,0,3250,3250
320180,2016,0,3250,3250
320180,2017,0,3266,3266
320180,2018,0,2067,2067
320180,2019,0,2103,2103
320180,2020,0,2103,2103
320180,2021,0,2153,2153
320190,1988,0,18799,18799
320190,1989,0,19431,19431
320190,1990,0,20087,20087
320190,1991,0,17970,17970
320190,1992,0,19372,19372
320190,1993,0,25450,25450
320190,1994,0,22332,22332
320190,1995,0,22257,22257
320190,1996,0,23302,23302
320190,1997,0,23715,23715
320190,1998,0,19184,19184
320190,1999,0,20240,20240
320190,2000,0,20049,20049
320190,2001,0,19687,19687
320190,2002,0,19656,19656
320190,2003,0,19285,19285
320190,2004,0,18903,18903
320190,2005,0,19123,19123
320190,2006,0,18867,18867
320190,2007,0,17453,17453
320190,2008,0,16105,16105
320190,2009,0,16131,16131
320190,2010,0,15518,15518
320190,2011,0,16042,16042
320190,2012,0,15136,15136
320190,2013,0,15095,15095
320190,2014,0,15636,15636
320190,2015,0,13895,13895
320190,2016,0,12532,12532
320190,2017,0,12935,12935
320190,2018,0,12739,12739
320190,2019,0,13289,13289
320190,2020,0,13336,13336
320190,2021,0,12903,12903
320200,1988,0,4183,4183
320200,1989,0,4710,4710
320200,1990,0,5491,5491
320200,1991,0,6092,6092
320200,1992,0,5650,5650
320200,1993,0,5578,5578
320200,1994,0,6018,6018
320200,1995,0,5838,5838
320200,1996,0,4897,4897
320200,1997,0,5155,5155
320200,1998,0,5319,5319
320200,1999,0,5480,5480
320200,2000,0,5700,5700
320200,2001,0,5825,5825
320200,2002,0,5976,5976
320200,2003,0,6442,6442
320200,2004,0,5730,5730
320200,2005,0,6316,6316
320200,2006,0,6283,6283
320200,2007,0,6258,6258
320200,2008,0,5888,5888
320200,2009,0,5988,5988
320200,2010,0,3746,3746
320200,2011,0,5980,5980
320200,2012,0,6448,6448
320200,2013,0,6437,6437
320200,2014,0,5515,5515
320200,2015,0,6215,6215
320200,2016,0,6210,6210
320200,2017,0,6325,6325
320200,2018,0,5055,5055
320200,2019,0,5163,5163
320200,2020,0,4963,4963
320200,2021,0,4852,4852
320210,1988,0,12029,12029
320210,1989,0,11444,11444
320210,1990,0,12274,12274
320210,1991,0,12692,12692
320210,1992,0,12812,12812
320210,1993,0,9639,9639
320210,1994,0,7819,7819
320210,1995,0,6178,6178
320210,1996,0,5935,5935
320210,1997,0,6144,6144
320210,1998,0,6250,6250
320210,1999,0,6082,6082
320210,2000,0,6006,6006
320210,2001,0,6066,6066
320210,2002,0,6063,6063
320210,2003,0,6752,6752
320210,2004,0,6735,6735
320210,2005,0,6390,6390
320210,2006,0,5950,5950
320210,2007,0,3210,3210
320210,2008,0,3004,3004
320210,2009,0,2920,2920
320210,2010,0,1935,1935
320210,2011,0,1628,1628
320210,2012,0,1634,1634
320210,2013,0,1516,1516
320210,2014,0,1407,1407
320210,2015,0,1381,1381
320210,2016,0,1239,1239
320210,2017,0,1225,1225
320210,2018,0,1404,1404
320210,2019,0,1517,1517
320210,2020,0,1816,1816
320210,2021,0,2041,2041
320220,1988,0,2323,2323
320220,1989,0,2235,2235
320220,1990,0,2557,2557
320220,1991,0,2442,2442
320220,1992,0,2579,2579
320220,1993,0,2504,2504
320220,1994,0,2319,2319
320220,1995,0,2467,2467
320220,1996,0,2859,2859
320220,1997,0,2821,2821
320220,1998,0,2866,2866
320220,1999,0,2911,2911
320220,2000,0,3458,3458
320220,2001,0,3388,3388
320220,2002,0,3607,3607
320220,2003,0,3629,3629
320220,2004,0,3701,3701
320220,2005,0,3694,3694
320220,2006,0,3709,3709
320220,2007,0,3447,3447
320220,2008,0,3367,3367
320220,2009,0,3281,3281
320220,2010,0,3186,3186
320220,2011,0,2915,2915
320220,2012,0,2812,2812
320220,2013,0,2628,2628
320220,2014,0,2757,2757
320220,2015,0,2803,2803
320220,2016,0,2677,2677
320220,2017,0,2893,2893
320220,2018,0,2898,2898
320220,2019,0,2934,2934
320220,2020,0,2947,2947
320220,2021,0,2906,2906
320230,1988,0,9127,9127
320230,1989,0,8962,8962
320230,1990,0,6535,6535
320230,1991,0,6510,6510
320230,1992,0,6539,6539
320230,1993,0,5902,5902
320230,1994,0,5768,5768
320230,1995,0,5758,5758
320230,1996,0,6634,6634
320230,1997,0,6613,6613
320230,1998,0,6529,6529
320230,1999,0,7229,7229
320230,2000,0,6790,6790
320230,2001,0,7133,7133
320230,2002,0,7624,7624
320230,2003,0,7748,7748
320230,2004,0,7301,7301
320230,2005,0,6601,6601
320230,2006,0,6601,6601
320230,2007,0,6307,6307
320230,2008,0,6477,6477
320230,2009,0,6477,6477
320230,2010,0,5315,5315
320230,2011,0,6435,6435
320230,2012,0,6712,6712
320230,2013,0,6712,6712
320230,2014,0,6762,6762
320230,2015,0,6749,6749
320230,2016,0,6045,6045
320230,2017,0,5700,5700
320230,2018,0,6514,6514
320230,2019,0,6519,6519
320230,2020,0,6804,6804
320230,2021,0,8051,8051
320240,1988,0,5247,5247
320240,1989,0,5475,5475
320240,1990,0,4246,4246
320240,1991,0,4383,4383
320240,1992,0,4559,4559
320240,1993,0,4549,4549
320240,1994,0,4639,4639
320240,1995,0,4712,4712
320240,1996,0,3726,3726
320240,1997,0,3628,3628
320240,1998,0,4684,4684
320240,1999,0,4547,4547
320240,2000,0,4598,4598
320240,2001,0,4579,4579
320240,2002,0,4547,4547
320240,2003,0,5303,5303
320240,2004,0,5283,5283
320240,2005,0,5304,5304
320240,2006,0,5306,5306
320240,2007,0,5497,5497
320240,2008,0,5492,5492
320240,2009,0,5815,5815
320240,2010,0,5653,5653
320240,2011,0,5573,5573
320240,2012,0,5672,5672
320240,2013,0,5680,5680
320240,2014,0,5642,5642
320240,2015,0,5678,5678
320240,2016,0,5570,5570
320240,2017,0,5568,5568
320240,2018,0,5873,5873
320240,2019,0,5870,5870
320240,2020,0,6281,6281
320240,2021,0,6016,6016
320245,1988,0,12604,12604
320245,1989,0,12646,12646
320245,1990,0,8988,8988
320245,1991,0,9354,9354
320245,1992,0,9574,9574
320245,1993,0,7775,7775
320245,1994,0,7411,7411
320245,1995,0,7410,7410
320245,1996,0,7715,7715
320245,1997,0,7945,7945
320245,1998,0,8240,8240
320245,1999,0,8736,8736
320245,2000,0,9216,9216
320245,2001,0,9528,9528
320245,2002,0,9608,9608
320245,2003,0,9575,9575
320245,2004,0,9713,9713
320245,2005,0,9813,9813
320245,2006,0,10335,10335
320245,2007,0,10345,10345
320245,2008,0,9810,9810
320245,2009,0,9810,9810
320245,2010,0,8565,8565
320245,2011,0,10808,10808
320245,2012,0,10768,10768
320245,2013,0,10768,10768
320245,2014,0,9278,9278
320245,2015,0,9688,9688
320245,2016,0,9688,9688
320245,2017,0,8767,8767
320245,2018,0,8711,8711
320245,2019,0,8709,8709
320245,2020,0,8713,8713
320245,2021,0,8813,8813
320250,1988,0,7045,7045
320250,1989,0,4129,4129
320250,1990,0,3816,3816
320250,1991,0,3966,3966
320250,1992,0,3852,3852
320250,1993,0,3984,3984
320250,1994,0,4059,4059
320250,1995,0,4020,4020
320250,1996,0,2775,2775
320250,1997,0,3295,3295
320250,1998,0,3161,3161
320250,1999,0,3196,3196
320250,2000,0,3258,3258
320250,2001,0,3276,3276
320250,2002,0,3392,3392
320250,2003,0,3422,3422
320250,2004,0,3511,3511
320250,2005,0,3550,3550
320250,2006,0,3594,3594
320250,2007,0,3567,3567
320250,2008,0,3433,3433
320250,2009,0,3382,3382
320250,2010,0,3338,3338
320250,2011,0,3132,3132
320250,2012,0,2975,2975
320250,2013,0,2919,2919
320250,2014,0,2915,2915
320250,2015,0,2957,2957
320250,2016,0,2615,2615
320250,2017,0,2729,2729
320250,2018,0,2140,2140
320250,2019,0,2297,2297
320250,2020,0,2297,2297
320250,2021,0,2289,2289
320255,1988,0,0,0
320255,1989,0,0,0
320255,1990,0,8522,8522
320255,1991,0,9095,9095
320255,1992,0,9073,9073
320255,1993,0,8742,8742
320255,1994,0,8706,8706
320255,1995,0,8563,8563
320255,1996,0,8546,8546
320255,1997,0,8478,8478
320255,1998,0,8203,8203
320255,1999,0,8381,8381
320255,2000,0,8277,8277
320255,2001,0,8552,8552
320255,2002,0,8622,8622
320255,2003,0,8622,8622
320255,2004,0,8685,8685
320255,2005,0,8671,8671
320255,2006,0,9169,9169
320255,2007,0,9200,9200
320255,2008,0,8905,8905
320255,2009,0,8890,8890
320255,2010,0,8873,8873
320255,2011,0,9173,9173
320255,2012,0,9074,9074
320255,2013,0,9364,9364
320255,2014,0,9366,9366
320255,2015,0,9115,9115
320255,2016,0,9035,9035
320255,2017,0,9159,9159
320255,2018,0,6159,6159
320255,2019,0,6159,6159
320255,2020,0,6162,6162
320255,2021,0,5661,5661
320260,1988,0,6370,6370
320260,1989,0,5890,5890
320260,1990,0,5678,5678
320260,1991,0,6848,6848
320260,1992,0,6815,6815
320260,1993,0,6810,6810
320260,1994,0,6809,6809
320260,1995,0,6821,6821
320260,1996,0,4288,4288
320260,1997,0,4294,4294
320260,1998,0,6749,6749
320260,1999,0,6285,6285
320260,2000,0,6225,6225
320260,2001,0,6102,6102
320260,2002,0,6102,6102
320260,2003,0,6005,6005
320260,2004,0,6028,6028
320260,2005,0,6038,6038
320260,2006,0,5968,5968
320260,2007,0,5997,5997
320260,2008,0,5883,5883
320260,2009,0,5783,5783
320260,2010,0,5661,5661
320260,2011,0,5866,5866
320260,2012,0,6123,6123
320260,2013,0,5749,5749
320260,2014,0,5912,5912
320260,2015,0,5882,5882
320260,2016,0,5967,5967
320260,2017,0,6285,6285
320260,2018,0,7068,7068
320260,2019,0,7065,7065
320260,2020,0,7588,7588
320260,2021,0,7595,7595
320270,1988,0,19958,19958
320270,1989,0,19993,19993
320270,1990,0,21393,21393
320270,1991,0,22624,22624
320270,1992,0,15295,15295
320270,1993,0,12127,12127
320270,1994,0,20087,20087
320270,1995,0,16877,16877
320270,1996,0,16741,16741
320270,1997,0,17741,17741
320270,1998,0,18321,18321
320270,1999,0,18202,18202
320270,2000,0,16943,16943
320270,2001,0,19679,19679
320270,2002,0,19760,19760
320270,2003,0,20436,20436
320270,2004,0,17810,17810
320270,2005,0,17820,17820
320270,2006,0,18568,18568
320270,2007,0,18058,18058
320270,2008,0,17304,17304
320270,2009,0,17049,17049
320270,2010,0,17212,17212
320270,2011,0,17196,17196
320270,2012,0,16366,16366
320270,2013,0,15512,15512
320270,2014,0,10660,10660
320270,2015,0,10823,10823
320270,2016,0,10782,10782
320270,2017,0,10592,10592
320270,2018,0,8379,8379
320270,2019,0,8376,8376
320270,2020,0,8480,8480
320270,2021,0,8353,8353
320280,1988,0,14639,14639
320280,1989,0,16069,16069
320280,1990,0,12262,12262
320280,1991,0,10619,10619
320280,1992,0,10908,10908
320280,1993,0,14233,14233
320280,1994,0,14164,14164
320280,1995,0,14604,14604
320280,1996,0,17162,17162
320280,1997,0,14062,14062
320280,1998,0,14086,14086
320280,1999,0,14578,14578
320280,2000,0,14457,14457
320280,2001,0,13717,13717
320280,2002,0,12797,12797
320280,2003,0,12616,12616
320280,2004,0,13951,13951
320280,2005,0,13600,13600
320280,2006,0,13148,13148
320280,2007,0,12556,12556
320280,2008,0,12726,12726
320280,2009,0,12709,12709
320280,2010,0,12854,12854
320280,2011,0,13419,13419
320280,2012,0,11940,11940
320280,2013,0,12077,12077
320280,2014,0,11996,11996
320280,2015,0,11934,11934
320280,2016,0,11057,11057
320280,2017,0,11146,11146
320280,2018,0,11253,11253
320280,2019,0,11271,11271
320280,2020,0,11270,11270
320280,2021,0,11267,11267
320290,1988,0,7601,7601
320290,1989,0,7704,7704
320290,1990,0,7705,7705
320290,1991,0,7555,7555
320290,1992,0,7710,7710
320290,1993,0,7390,7390
320290,1994,0,7442,7442
320290,1995,0,6803,6803
320290,1996,0,6460,6460
320290,1997,0,6319,6319
320290,1998,0,7222,7222
320290,1999,0,7229,7229
320290,2000,0,7576,7576
320290,2001,0,7959,7959
320290,2002,0,8286,8286
320290,2003,0,6597,6597
320290,2004,0,6776,6776
320290,2005,0,6664,6664
320290,2006,0,6764,6764
320290,2007,0,6408,6408
320290,2008,0,6339,6339
320290,2009,0,5478,5478
320290,2010,0,5570,5570
320290,2011,0,4284,4284
320290,2012,0,4371,4371
320290,2013,0,4438,4438
320290,2014,0,3965,3965
320290,2015,0,4108,4108
320290,2016,0,3943,3943
320290,2017,0,3928,3928
320290,2018,0,4135,4135
320290,2019,0,3869,3869
320290,2020,0,4369,4369
320290,2021,0,4389,4389
320300,1988,0,32595,32595
320300,1989,0,33682,33682
320300,1990,0,34184,34184
320300,1991,0,31737,31737
320300,1992,0,27732,27732
320300,1993,0,27451,27451
320300,1994,0,27649,27649
320300,1995,0,27807,27807
320300,1996,0,25370,25370
320300,1997,0,25467,25467
320300,1998,0,24198,24198
320300,1999,0,31561,31561
320300,2000,0,33872,33872
320300,2001,0,34792,34792
320300,2002,0,35549,35549
320300,2003,0,31282,31282
320300,2004,0,29177,29177
320300,2005,0,30429,30429
320300,2006,0,32085,32085
320300,2007,0,29872,29872
320300,2008,0,29304,29304
320300,2009,0,29304,29304
320300,2010,0,25505,25505
320300,2011,0,27256,27256
320300,2012,0,27430,27430
320300,2013,0,26729,26729
320300,2014,0,24533,24533
320300,2015,0,26393,26393
320300,2016,0,23833,23833
320300,2017,0,26215,26215
320300,2018,0,25968,25968
320300,2019,0,23441,23441
320300,2020,0,23904,23904
320300,2021,0,24167,24167
320305,1988,0,19304,19304
320305,1989,0,26440,26440
320305,1990,0,31376,31376
320305,1991,0,31641,31641
320305,1992,0,25100,25100
320305,1993,0,24760,24760
320305,1994,0,23015,23015
320305,1995,0,24782,24782
320305,1996,0,20511,20511
320305,1997,0,21655,21655
320305,1998,0,21480,21480
320305,1999,0,21988,21988
320305,2000,0,20475,20475
320305,2001,0,21480,21480
320305,2002,0,21956,21956
320305,2003,0,21383,21383
320305,2004,0,20983,20983
320305,2005,0,20143,20143
320305,2006,0,20863,20863
320305,2007,0,20983,20983
320305,2008,0,19753,19753
320305,2009,0,20614,20614
320305,2010,0,20924,20924
320305,2011,0,21211,21211
320305,2012,0,20977,20977
320305,2013,0,23844,23844
320305,2014,0,22957,22957
320305,2015,0,22902,22902
320305,2016,0,22273,22273
320305,2017,0,21417,21417
320305,2018,0,15732,15732
320305,2019,0,15747,15747
320305,2020,0,15819,15819
320305,2021,0,16060,16060
320310,1988,0,4076,4076
320310,1989,0,3876,3876
320310,1990,0,3671,3671
320310,1991,0,3681,3681
320310,1992,0,3546,3546
320310,1993,0,3227,3227
320310,1994,0,3217,3217
320310,1995,0,3476,3476
320310,1996,0,3640,3640
320310,1997,0,3438,3438
320310,1998,0,3240,3240
320310,1999,0,3413,3413
320310,2000,0,3422,3422
320310,2001,0,3279,3279
320310,2002,0,3184,3184
320310,2003,0,3409,3409
320310,2004,0,3545,3545
320310,2005,0,3276,3276
320310,2006,0,2826,2826
320310,2007,0,2826,2826
320310,2008,0,2999,2999
320310,2009,0,2963,2963
320310,2010,0,2370,2370
320310,2011,0,2758,2758
320310,2012,0,2715,2715
320310,2013,0,2693,2693
320310,2014,0,2693,2693
320310,2015,0,2465,2465
320310,2016,0,2373,2373
320310,2017,0,2418,2418
320310,2018,0,2435,2435
320310,2019,0,2435,2435
320310,2020,0,2435,2435
320310,2021,0,2445,2445
320313,1988,0,0,0
320313,1989,0,3271,3271
320313,1990,0,3971,3971
320313,1991,0,3882,3882
320313,1992,0,3446,3446
320313,1993,0,3495,3495
320313,1994,0,3951,3951
320313,1995,0,4061,4061
320313,1996,0,2055,2055
320313,1997,0,2514,2514
320313,1998,0,2486,2486
320313,1999,0,2507,2507
320313,2000,0,3157,3157
320313,2001,0,3142,3142
320313,2002,0,3163,3163
320313,2003,0,3518,3518
320313,2004,0,3588,3588
320313,2005,0,3676,3676
320313,2006,0,3690,3690
320313,2007,0,4073,4073
320313,2008,0,4060,4060
320313,2009,0,4099,4099
320313,2010,0,5006,5006
320313,2011,0,4503,4503
320313,2012,0,4853,4853
320313,2013,0,4626,4626
320313,2014,0,4649,4649
320313,2015,0,4669,4669
320313,2016,0,4504,4504
320313,2017,0,4540,4540
320313,2018,0,1583,1583
320313,2019,0,1553,1553
320313,2020,0,1547,1547
320313,2021,0,1610,1610
320316,1988,0,0,0
320316,1989,0,11300,11300
320316,1990,0,11357,11357
320316,1991,0,11672,11672
320316,1992,0,11741,11741
320316,1993,0,9701,9701
320316,1994,0,7286,7286
320316,1995,0,6568,6568
320316,1996,0,7092,7092
320316,1997,0,7425,7425
320316,1998,0,5845,5845
320316,1999,0,5378,5378
320316,2000,0,5398,5398
320316,2001,0,5064,5064
320316,2002,0,5169,5169
320316,2003,0,4999,4999
320316,2004,0,4719,4719
320316,2005,0,4827,4827
320316,2006,0,4852,4852
320316,2007,0,4602,4602
320316,2008,0,4780,4780
320316,2009,0,4669,4669
320316,2010,0,4847,4847
320316,2011,0,4563,4563
320316,2012,0,4595,4595
320316,2013,0,4499,4499
320316,2014,0,4331,4331
320316,2015,0,4150,4150
320316,2016,0,3392,3392
320316,2017,0,2972,2972
320316,2018,0,3563,3563
320316,2019,0,3557,3557
320316,2020,0,3562,3562
320316,2021,0,3810,3810
320320,1988,0,123449,123449
320320,1989,0,112125,112125
320320,1990,0,107105,107105
320320,1991,0,110882,110882
320320,1992,0,107767,107767
320320,1993,0,104667,104667
320320,1994,0,100831,100831
320320,1995,0,103396,103396
320320,1996,0,78121,78121
320320,1997,0,83137,83137
320320,1998,0,90644,90644
320320,1999,0,92470,92470
320320,2000,0,92497,92497
320320,2001,0,95252,95252
320320,2002,0,100766,100766
320320,2003,0,118614,118614
320320,2004,0,119393,119393
320320,2005,0,116326,116326
320320,2006,0,115792,115792
320320,2007,0,111418,111418
320320,2008,0,113168,113168
320320,2009,0,110310,110310
320320,2010,0,107368,107368
320320,2011,0,107659,107659
320320,2012,0,106202,106202
320320,2013,0,104045,104045
320320,2014,0,105512,105512
320320,2015,0,102591,102591
320320,2016,0,100040,100040
320320,2017,0,90211,90211
320320,2018,0,83535,83535
320320,2019,0,83565,83565
320320,2020,0,83693,83693
320320,2021,0,89751,89751
320330,1988,0,16877,16877
320330,1989,0,17907,17907
320330,1990,0,15769,15769
320330,1991,0,11564,11564
320330,1992,0,10726,10726
320330,1993,0,11464,11464
320330,1994,0,11455,11455
320330,1995,0,9044,9044
320330,1996,0,5696,5696
320330,1997,0,6221,6221
320330,1998,0,6124,6124
320330,1999,0,5864,5864
320330,2000,0,5994,5994
320330,2001,0,5974,5974
320330,2002,0,5974,5974
320330,2003,0,6109,6109
320330,2004,0,6037,6037
320330,2005,0,5311,5311
320330,2006,0,4304,4304
320330,2007,0,4420,4420
320330,2008,0,4388,4388
320330,2009,0,4388,4388
320330,2010,0,4618,4618
320330,2011,0,4783,4783
320330,2012,0,4779,4779
320330,2013,0,4767,4767
320330,2014,0,4764,4764
320330,2015,0,4757,4757
320330,2016,0,4651,4651
320330,2017,0,4975,4975
320330,2018,0,5449,5449
320330,2019,0,4601,4601
320330,2020,0,4596,4596
320330,2021,0,4596,4596
320335,1988,0,10688,10688
320335,1989,0,10733,10733
320335,1990,0,11224,11224
320335,1991,0,12975,12975
320335,1992,0,14547,14547
320335,1993,0,13648,13648
320335,1994,0,12113,12113
320335,1995,0,11456,11456
320335,1996,0,9860,9860
320335,1997,0,12338,12338
320335,1998,0,12275,12275
320335,1999,0,12430,12430
320335,2000,0,9270,9270
320335,2001,0,9250,9250
320335,2002,0,9305,9305
320335,2003,0,9800,9800
320335,2004,0,9986,9986
320335,2005,0,9666,9666
320335,2006,0,8396,8396
320335,2007,0,8242,8242
320335,2008,0,7687,7687
320335,2009,0,7458,7458
320335,2010,0,5008,5008
320335,2011,0,8375,8375
320335,2012,0,8586,8586
320335,2013,0,8561,8561
320335,2014,0,8456,8456
320335,2015,0,8736,8736
320335,2016,0,7928,7928
320335,2017,0,7670,7670
320335,2018,0,9020,9020
320335,2019,0,8228,8228
320335,2020,0,8224,8224
320335,2021,0,8186,8186
320340,1988,0,16969,16969
320340,1989,0,16784,16784
320340,1990,0,16601,16601
320340,1991,0,15238,15238
320340,1992,0,13366,13366
320340,1993,0,13501,13501
320340,1994,0,13288,13288
320340,1995,0,12881,12881
320340,1996,0,13036,13036
320340,1997,0,12505,12505
320340,1998,0,14642,14642
320340,1999,0,14540,14540
320340,2000,0,14504,14504
320340,2001,0,14256,14256
320340,2002,0,15375,15375
320340,2003,0,14802,14802
320340,2004,0,15352,15352
320340,2005,0,13738,13738
320340,2006,0,12925,12925
320340,2007,0,12705,12705
320340,2008,0,12181,12181
320340,2009,0,12044,12044
320340,2010,0,12233,12233
320340,2011,0,12351,12351
320340,2012,0,12326,12326
320340,2013,0,11932,11932
320340,2014,0,12117,12117
320340,2015,0,12022,12022
320340,2016,0,11575,11575
320340,2017,0,11500,11500
320340,2018,0,9358,9358
320340,2019,0,9423,9423
320340,2020,0,9458,9458
320340,2021,0,9590,9590
320350,1988,0,9690,9690
320350,1989,0,11300,11300
320350,1990,0,11816,11816
320350,1991,0,13886,13886
320350,1992,0,9747,9747
320350,1993,0,12594,12594
320350,1994,0,14513,14513
320350,1995,0,7967,7967
320350,1996,0,6610,6610
320350,1997,0,8693,8693
320350,1998,0,8134,8134
320350,1999,0,6555,6555
320350,2000,0,7765,7765
320350,2001,0,8586,8586
320350,2002,0,9867,9867
320350,2003,0,10004,10004
320350,2004,0,11307,11307
320350,2005,0,10935,10935
320350,2006,0,10468,10468
320350,2007,0,11982,11982
320350,2008,0,14221,14221
320350,2009,0,14757,14757
320350,2010,0,15852,15852
320350,2011,0,16964,16964
320350,2012,0,16905,16905
320350,2013,0,16595,16595
320350,2014,0,16676,16676
320350,2015,0,15066,15066
320350,2016,0,12986,12986
320350,2017,0,9596,9596
320350,2018,0,7861,7861
320350,2019,0,6548,6548
320350,2020,0,6813,6813
320350,2021,0,7301,7301
320360,1988,0,5122,5122
320360,1989,0,5423,5423
320360,1990,0,5095,5095
320360,1991,0,5063,5063
320360,1992,0,4130,4130
320360,1993,0,4349,4349
320360,1994,0,4501,4501
320360,1995,0,2976,2976
320360,1996,0,2810,2810
320360,1997,0,2790,2790
320360,1998,0,3362,3362
320360,1999,0,3382,3382
320360,2000,0,2821,2821
320360,2001,0,3504,3504
320360,2002,0,2235,2235
320360,2003,0,2251,2251
320360,2004,0,2702,2702
320360,2005,0,2856,2856
320360,2006,0,2963,2963
320360,2007,0,3382,3382
320360,2008,0,4368,4368
320360,2009,0,3688,3688
320360,2010,0,4110,4110
320360,2011,0,3401,3401
320360,2012,0,3393,3393
320360,2013,0,2687,2687
320360,2014,0,1787,1787
320360,2015,0,1524,1524
320360,2016,0,1427,1427
320360,2017,0,1594,1594
320360,2018,0,2422,2422
320360,2019,0,2398,2398
320360,2020,0,2416,2416
320360,2021,0,2539,2539
320370,1988,0,18017,18017
320370,1989,0,19303,19303
320370,1990,0,18157,18157
320370,1991,0,14964,14964
320370,1992,0,13222,13222
320370,1993,0,13186,13186
320370,1994,0,12413,12413
320370,1995,0,16857,16857
320370,1996,0,12203,12203
320370,1997,0,13165,13165
320370,1998,0,12139,12139
320370,1999,0,16654,16654
320370,2000,0,19648,19648
320370,2001,0,20951,20951
320370,2002,0,21370,21370
320370,2003,0,15754,15754
320370,2004,0,13740,13740
320370,2005,0,13784,13784
320370,2006,0,13757,13757
320370,2007,0,13760,13760
320370,2008,0,13555,13555
320370,2009,0,13545,13545
320370,2010,0,11795,11795
320370,2011,0,11761,11761
320370,2012,0,12245,12245
320370,2013,0,12240,12240
320370,2014,0,12438,12438
320370,2015,0,12872,12872
320370,2016,0,12264,12264
320370,2017,0,12348,12348
320370,2018,0,8774,8774
320370,2019,0,8774,8774
320370,2020,0,10122,10122
320370,2021,0,11419,11419
320380,1988,0,3594,3594
320380,1989,0,5689,5689
320380,1990,0,5299,5299
320380,1991,0,5424,5424
320380,1992,0,5439,5439
320380,1993,0,5029,5029
320380,1994,0,4722,4722
320380,1995,0,4402,4402
320380,1996,0,4410,4410
320380,1997,0,4238,4238
320380,1998,0,4309,4309
320380,1999,0,4294,4294
320380,2000,0,4384,4384
320380,2001,0,4261,4261
320380,2002,0,4409,4409
320380,2003,0,4941,4941
320380,2004,0,5296,5296
320380,2005,0,5371,5371
320380,2006,0,5031,5031
320380,2007,0,5006,5006
320380,2008,0,5232,5232
320380,2009,0,5023,5023
320380,2010,0,5183,5183
320380,2011,0,4968,4968
320380,2012,0,4968,4968
320380,2013,0,4907,4907
320380,2014,0,4867,4867
320380,2015,0,4661,4661
320380,2016,0,3888,3888
320380,2017,0,3929,3929
320380,2018,0,3858,3858
320380,2019,0,4191,4191
320380,2020,0,4191,4191
320380,2021,0,4821,4821
320390,1988,0,29889,29889
320390,1989,0,31307,31307
320390,1990,0,28392,28392
320390,1991,0,30625,30625
320390,1992,0,36569,36569
320390,1993,0,32752,32752
320390,1994,0,32757,32757
320390,1995,0,31404,31404
320390,1996,0,28823,28823
320390,1997,0,32699,32699
320390,1998,0,33740,33740
320390,1999,0,33092,33092
320390,2000,0,33086,33086
320390,2001,0,34038,34038
320390,2002,0,34546,34546
320390,2003,0,34816,34816
320390,2004,0,34571,34571
320390,2005,0,33500,33500
320390,2006,0,33560,33560
320390,2007,0,33979,33979
320390,2008,0,32972,32972
320390,2009,0,32638,32638
320390,2010,0,32690,32690
320390,2011,0,30325,30325
320390,2012,0,28949,28949
320390,2013,0,26784,26784
320390,2014,0,25593,25593
320390,2015,0,25076,25076
320390,2016,0,23564,23564
320390,2017,0,22811,22811
320390,2018,0,17793,17793
320390,2019,0,17898,17898
320390,2020,0,18075,18075
320390,2021,0,18141,18141
320400,1988,0,34366,34366
320400,1989,0,25951,25951
320400,1990,0,26278,26278
320400,1991,0,27096,27096
320400,1992,0,24872,24872
320400,1993,0,23568,23568
320400,1994,0,23612,23612
320400,1995,0,22654,22654
320400,1996,0,15871,15871
320400,1997,0,15642,15642
320400,1998,0,15400,15400
320400,1999,0,15863,15863
320400,2000,0,15883,15883
320400,2001,0,15858,15858
320400,2002,0,15808,15808
320400,2003,0,14821,14821
320400,2004,0,15577,15577
320400,2005,0,14747,14747
320400,2006,0,14948,14948
320400,2007,0,10607,10607
320400,2008,0,9619,9619
320400,2009,0,9309,9309
320400,2010,0,9320,9320
320400,2011,0,8790,8790
320400,2012,0,9061,9061
320400,2013,0,8796,8796
320400,2014,0,8559,8559
320400,2015,0,8606,8606
320400,2016,0,8241,8241
320400,2017,0,6311,6311
320400,2018,0,13189,13189
320400,2019,0,13238,13238
320400,2020,0,13211,13211
320400,2021,0,13011,13011
320405,1988,0,5931,5931
320405,1989,0,7074,7074
320405,1990,0,7264,7264
320405,1991,0,6934,6934
320405,1992,0,6234,6234
320405,1993,0,4661,4661
320405,1994,0,3610,3610
320405,1995,0,4631,4631
320405,1996,0,6825,6825
320405,1997,0,6841,6841
320405,1998,0,5506,5506
320405,1999,0,3696,3696
320405,2000,0,5045,5045
320405,2001,0,5223,5223
320405,2002,0,5307,5307
320405,2003,0,7056,7056
320405,2004,0,7106,7106
320405,2005,0,7146,7146
320405,2006,0,6876,6876
320405,2007,0,7916,7916
320405,2008,0,8597,8597
320405,2009,0,8580,8580
320405,2010,0,8497,8497
320405,2011,0,11411,11411
320405,2012,0,11549,11549
320405,2013,0,10920,10920
320405,2014,0,11018,11018
320405,2015,0,11132,11132
320405,2016,0,9504,9504
320405,2017,0,7091,7091
320405,2018,0,7783,7783
320405,2019,0,6887,6887
320405,2020,0,6891,6891
320405,2021,0,7892,7892
320410,1988,0,18681,18681
320410,1989,0,17343,17343
320410,1990,0,20070,20070
320410,1991,0,21684,21684
320410,1992,0,21623,21623
320410,1993,0,20748,20748
320410,1994,0,18210,18210
320410,1995,0,17216,17216
320410,1996,0,10149,10149
320410,1997,0,10716,10716
320410,1998,0,14080,14080
320410,1999,0,14092,14092
320410,2000,0,13478,13478
320410,2001,0,15652,15652
320410,2002,0,14784,14784
320410,2003,0,18499,18499
320410,2004,0,20023,20023
320410,2005,0,19878,19878
320410,2006,0,20182,20182
320410,2007,0,21994,21994
320410,2008,0,25482,25482
320410,2009,0,25285,25285
320410,2010,0,25061,25061
320410,2011,0,23570,23570
320410,2012,0,23616,23616
320410,2013,0,23283,23283
320410,2014,0,23815,23815
320410,2015,0,24840,24840
320410,2016,0,23303,23303
320410,2017,0,20093,20093
320410,2018,0,20325,20325
320410,2019,0,18887,18887
320410,2020,0,18508,18508
320410,2021,0,18575,18575
320420,1988,0,460,460
320420,1989,0,461,461
320420,1990,0,400,400
320420,1991,0,441,441
320420,1992,0,382,382
320420,1993,0,462,462
320420,1994,0,397,397
320420,1995,0,416,416
320420,1996,0,265,265
320420,1997,0,309,309
320420,1998,0,455,455
320420,1999,0,423,423
320420,2000,0,472,472
320420,2001,0,507,507
320420,2002,0,425,425
320420,2003,0,471,471
320420,2004,0,615,615
320420,2005,0,584,584
320420,2006,0,582,582
320420,2007,0,522,522
320420,2008,0,550,550
320420,2009,0,511,511
320420,2010,0,410,410
320420,2011,0,470,470
320420,2012,0,444,444
320420,2013,0,435,435
320420,2014,0,439,439
320420,2015,0,438,438
320420,2016,0,289,289
320420,2017,0,294,294
320420,2018,0,343,343
320420,2019,0,391,391
320420,2020,0,356,356
320420,2021,0,347,347
320430,1988,0,6172,6172
320430,1989,0,5181,5181
320430,1990,0,4044,4044
320430,1991,0,3869,3869
320430,1992,0,3046,3046
320430,1993,0,2902,2902
320430,1994,0,2599,2599
320430,1995,0,2441,2441
320430,1996,0,3308,3308
320430,1997,0,3976,3976
320430,1998,0,4004,4004
320430,1999,0,4158,4158
320430,2000,0,4223,4223
320430,2001,0,4510,4510
320430,2002,0,4015,4015
320430,2003,0,4703,4703
320430,2004,0,5323,5323
320430,2005,0,5788,5788
320430,2006,0,5773,5773
320430,2007,0,5633,5633
320430,2008,0,5089,5089
320430,2009,0,5204,5204
320430,2010,0,5399,5399
320430,2011,0,4552,4552
320430,2012,0,5549,5549
320430,2013,0,4462,4462
320430,2014,0,4490,4490
320430,2015,0,3069,3069
320430,2016,0,2773,2773
320430,2017,0,2261,2261
320430,2018,0,2158,2158
320430,2019,0,2335,2335
320430,2020,0,2076,2076
320430,2021,0,2065,2065
320435,1988,0,18850,18850
320435,1989,0,19937,19937
320435,1990,0,20121,20121
320435,1991,0,20021,20021
320435,1992,0,20092,20092
320435,1993,0,18495,18495
320435,1994,0,17035,17035
320435,1995,0,18555,18555
320435,1996,0,16624,16624
320435,1997,0,17770,17770
320435,1998,0,17280,17280
320435,1999,0,17463,17463
320435,2000,0,17837,17837
320435,2001,0,17874,17874
320435,2002,0,19410,19410
320435,2003,0,19117,19117
320435,2004,0,19103,19103
320435,2005,0,17989,17989
320435,2006,0,17601,17601
320435,2007,0,16329,16329
320435,2008,0,15348,15348
320435,2009,0,15040,15040
320435,2010,0,15080,15080
320435,2011,0,15601,15601
320435,2012,0,15599,15599
320435,2013,0,14969,14969
320435,2014,0,15162,15162
320435,2015,0,15092,15092
320435,2016,0,13290,13290
320435,2017,0,13276,13276
320435,2018,0,17442,17442
320435,2019,0,18582,18582
320435,2020,0,19272,19272
320435,2021,0,19639,19639
320440,1988,0,4103,4103
320440,1989,0,3529,3529
320440,1990,0,3412,3412
320440,1991,0,3787,3787
320440,1992,0,3623,3623
320440,1993,0,3618,3618
320440,1994,0,3430,3430
320440,1995,0,3472,3472
320440,1996,0,3361,3361
320440,1997,0,3326,3326
320440,1998,0,3480,3480
320440,1999,0,3361,3361
320440,2000,0,3364,3364
320440,2001,0,3311,3311
320440,2002,0,3299,3299
320440,2003,0,3509,3509
320440,2004,0,3611,3611
320440,2005,0,3613,3613
320440,2006,0,3670,3670
320440,2007,0,3710,3710
320440,2008,0,3649,3649
320440,2009,0,3759,3759
320440,2010,0,3759,3759
320440,2011,0,3037,3037
320440,2012,0,2966,2966
320440,2013,0,2830,2830
320440,2014,0,2690,2690
320440,2015,0,2690,2690
320440,2016,0,2715,2715
320440,2017,0,2635,2635
320440,2018,0,4689,4689
320440,2019,0,4696,4696
320440,2020,0,4679,4679
320440,2021,0,4679,4679
320450,1988,0,22746,22746
320450,1989,0,7558,7558
320450,1990,0,8151,8151
320450,1991,0,8091,8091
320450,1992,0,7596,7596
320450,1993,0,7631,7631
320450,1994,0,8224,8224
320450,1995,0,7084,7084
320450,1996,0,6667,6667
320450,1997,0,6951,6951
320450,1998,0,6931,6931
320450,1999,0,6254,6254
320450,2000,0,4930,4930
320450,2001,0,4705,4705
320450,2002,0,5494,5494
320450,2003,0,5800,5800
320450,2004,0,5626,5626
320450,2005,0,5315,5315
320450,2006,0,5576,5576
320450,2007,0,5729,5729
320450,2008,0,5691,5691
320450,2009,0,5777,5777
320450,2010,0,5500,5500
320450,2011,0,5835,5835
320450,2012,0,5678,5678
320450,2013,0,5780,5780
320450,2014,0,5923,5923
320450,2015,0,5838,5838
320450,2016,0,5707,5707
320450,2017,0,6251,6251
320450,2018,0,6389,6389
320450,2019,0,6661,6661
320450,2020,0,6964,6964
320450,2021,0,7255,7255
320455,1988,0,0,0
320455,1989,0,14855,14855
320455,1990,0,15472,15472
320455,1991,0,14296,14296
320455,1992,0,11355,11355
320455,1993,0,9877,9877
320455,1994,0,10342,10342
320455,1995,0,9868,9868
320455,1996,0,8969,8969
320455,1997,0,10239,10239
320455,1998,0,11514,11514
320455,1999,0,11804,11804
320455,2000,0,12274,12274
320455,2001,0,13213,13213
320455,2002,0,13997,13997
320455,2003,0,14725,14725
320455,2004,0,14141,14141
320455,2005,0,13508,13508
320455,2006,0,12469,12469
320455,2007,0,10607,10607
320455,2008,0,10831,10831
320455,2009,0,11001,11001
320455,2010,0,9890,9890
320455,2011,0,10100,10100
320455,2012,0,9550,9550
320455,2013,0,8515,8515
320455,2014,0,8440,8440
320455,2015,0,6540,6540
320455,2016,0,6036,6036
320455,2017,0,5162,5162
320455,2018,0,6196,6196
320455,2019,0,6781,6781
320455,2020,0,6771,6771
320455,2021,0,7413,7413
320460,1988,0,23596,23596
320460,1989,0,24437,24437
320460,1990,0,25136,25136
320460,1991,0,26181,26181
320460,1992,0,20340,20340
320460,1993,0,20322,20322
320460,1994,0,21469,21469
320460,1995,0,19663,19663
320460,1996,0,20628,20628
320460,1997,0,19953,19953
320460,1998,0,19635,19635
320460,1999,0,20142,20142
320460,2000,0,20249,20249
320460,2001,0,19617,19617
320460,2002,0,20716,20716
320460,2003,0,20157,20157
320460,2004,0,17421,17421
320460,2005,0,17646,17646
320460,2006,0,18301,18301
320460,2007,0,17637,17637
320460,2008,0,17128,17128
320460,2009,0,16957,16957
320460,2010,0,15774,15774
320460,2011,0,16074,16074
320460,2012,0,16949,16949
320460,2013,0,16429,16429
320460,2014,0,16648,16648
320460,2015,0,16673,16673
320460,2016,0,15938,15938
320460,2017,0,15938,15938
320460,2018,0,14966,14966
320460,2019,0,14613,14613
320460,2020,0,14685,14685
320460,2021,0,14764,14764
320480,1988,0,4553,4553
320480,1989,0,4143,4143
320480,1990,0,3780,3780
320480,1991,0,3610,3610
320480,1992,0,3619,3619
320480,1993,0,3620,3620
320480,1994,0,3808,3808
320480,1995,0,4389,4389
320480,1996,0,3926,3926
320480,1997,0,3805,3805
320480,1998,0,3726,3726
320480,1999,0,3731,3731
320480,2000,0,3905,3905
320480,2001,0,4200,4200
320480,2002,0,4235,4235
320480,2003,0,4895,4895
320480,2004,0,4939,4939
320480,2005,0,4271,4271
320480,2006,0,4242,4242
320480,2007,0,3416,3416
320480,2008,0,3243,3243
320480,2009,0,3243,3243
320480,2010,0,2486,2486
320480,2011,0,3520,3520
320480,2012,0,3528,3528
320480,2013,0,3543,3543
320480,2014,0,2977,2977
320480,2015,0,2822,2822
320480,2016,0,2911,2911
320480,2017,0,2972,2972
320480,2018,0,2086,2086
320480,2019,0,2083,2083
320480,2020,0,2083,2083
320480,2021,0,2200,2200
320490,1988,0,15413,15413
320490,1989,0,17111,17111
320490,1990,0,16877,16877
320490,1991,0,18008,18008
320490,1992,0,16087,16087
320490,1993,0,14591,14591
320490,1994,0,14884,14884
320490,1995,0,15504,15504
320490,1996,0,22511,22511
320490,1997,0,22023,22023
320490,1998,0,19697,19697
320490,1999,0,20153,20153
320490,2000,0,20823,20823
320490,2001,0,21678,21678
320490,2002,0,23847,23847
320490,2003,0,25245,25245
320490,2004,0,25334,25334
320490,2005,0,29184,29184
320490,2006,0,29330,29330
320490,2007,0,29467,29467
320490,2008,0,28853,28853
320490,2009,0,28787,28787
320490,2010,0,29453,29453
320490,2011,0,26149,26149
320490,2012,0,26425,26425
320490,2013,0,27890,27890
320490,2014,0,27681,27681
320490,2015,0,31857,31857
320490,2016,0,31547,31547
320490,2017,0,23359,23359
320490,2018,0,26234,26234
320490,2019,0,25921,25921
320490,2020,0,26471,26471
320490,2021,0,27292,27292
320500,1988,0,1465,1465
320500,1989,0,1570,1570
320500,1990,0,1275,1275
320500,1991,0,1256,1256
320500,1992,0,1451,1451
320500,1993,0,1572,1572
320500,1994,0,1689,1689
320500,1995,0,1562,1562
320500,1996,0,1580,1580
320500,1997,0,1181,1181
320500,1998,0,1366,1366
320500,1999,0,1367,1367
320500,2000,0,1450,1450
320500,2001,0,1529,1529
320500,2002,0,1637,1637
320500,2003,0,2265,2265
320500,2004,0,2283,2283
320500,2005,0,2407,2407
320500,2006,0,2440,2440
320500,2007,0,2437,2437
320500,2008,0,2321,2321
320500,2009,0,2297,2297
320500,2010,0,1855,1855
320500,2011,0,1720,1720
320500,2012,0,1769,1769
320500,2013,0,1724,1724
320500,2014,0,1670,1670
320500,2015,0,1683,1683
320500,2016,0,1720,1720
320500,2017,0,1671,1671
320500,2018,0,1717,1717
320500,2019,0,1696,1696
320500,2020,0,1726,1726
320500,2021,0,1578,1578
320503,1988,0,0,0
320503,1989,0,22972,22972
320503,1990,0,22399,22399
320503,1991,0,22673,22673
320503,1992,0,17790,17790
320503,1993,0,17825,17825
320503,1994,0,17785,17785
320503,1995,0,17821,17821
320503,1996,0,17470,17470
320503,1997,0,19794,19794
320503,1998,0,21702,21702
320503,1999,0,19428,19428
320503,2000,0,19375,19375
320503,2001,0,19420,19420
320503,2002,0,19626,19626
320503,2003,0,21296,21296
320503,2004,0,19346,19346
320503,2005,0,19293,19293
320503,2006,0,18108,18108
320503,2007,0,18159,18159
320503,2008,0,17381,17381
320503,2009,0,17021,17021
320503,2010,0,16435,16435
320503,2011,0,13525,13525
320503,2012,0,13561,13561
320503,2013,0,13181,13181
320503,2014,0,12861,12861
320503,2015,0,11947,11947
320503,2016,0,11709,11709
320503,2017,0,11944,11944
320503,2018,0,6764,6764
320503,2019,0,6750,6750
320503,2020,0,6909,6909
320503,2021,0,6794,6794
320506,1988,0,0,0
320506,1989,0,6763,6763
320506,1990,0,6948,6948
320506,1991,0,7024,7024
320506,1992,0,6267,6267
320506,1993,0,6899,6899
320506,1994,0,7002,7002
320506,1995,0,6811,6811
320506,1996,0,5086,5086
320506,1997,0,5250,5250
320506,1998,0,5968,5968
320506,1999,0,5785,5785
320506,2000,0,6032,6032
320506,2001,0,5927,5927
320506,2002,0,6014,6014
320506,2003,0,5306,5306
320506,2004,0,5326,5326
320506,2005,0,5114,5114
320506,2006,0,5121,5121
320506,2007,0,4887,4887
320506,2008,0,4710,4710
320506,2009,0,4570,4570
320506,2010,0,5263,5263
320506,2011,0,4891,4891
320506,2012,0,5031,5031
320506,2013,0,4772,4772
320506,2014,0,4652,4652
320506,2015,0,4529,4529
320506,2016,0,3378,3378
320506,2017,0,3369,3369
320506,2018,0,3252,3252
320506,2019,0,4039,4039
320506,2020,0,4039,4039
320506,2021,0,4090,4090
320510,1988,0,2195,2195
320510,1989,0,2230,2230
320510,1990,0,2351,2351
320510,1991,0,2793,2793
320510,1992,0,2936,2936
320510,1993,0,2636,2636
320510,1994,0,2286,2286
320510,1995,0,2276,2276
320510,1996,0,2516,2516
320510,1997,0,2985,2985
320510,1998,0,2627,2627
320510,1999,0,2647,2647
320510,2000,0,2789,2789
320510,2001,0,2141,2141
320510,2002,0,2317,2317
320510,2003,0,2583,2583
320510,2004,0,2489,2489
320510,2005,0,2409,2409
320510,2006,0,2488,2488
320510,2007,0,2713,2713
320510,2008,0,2576,2576
320510,2009,0,2692,2692
320510,2010,0,2660,2660
320510,2011,0,2993,2993
320510,2012,0,2962,2962
320510,2013,0,2937,2937
320510,2014,0,2855,2855
320510,2015,0,2882,2882
320510,2016,0,2336,2336
320510,2017,0,2198,2198
320510,2018,0,2164,2164
320510,2019,0,2164,2164
320510,2020,0,2097,2097
320510,2021,0,2060,2060
320520,1988,0,561,561
320520,1989,0,554,554
320520,1990,0,502,502
320520,1991,0,449,449
320520,1992,0,580,580
320520,1993,0,529,529
320520,1994,0,471,471
320520,1995,0,341,341
320520,1996,0,150,150
320520,1997,0,189,189
320520,1998,0,360,360
320520,1999,0,478,478
320520,2000,0,508,508
320520,2001,0,446,446
320520,2002,0,413,413
320520,2003,0,437,437
320520,2004,0,459,459
320520,2005,0,449,449
320520,2006,0,503,503
320520,2007,0,628,628
320520,2008,0,695,695
320520,2009,0,796,796
320520,2010,0,559,559
320520,2011,0,528,528
320520,2012,0,526,526
320520,2013,0,526,526
320520,2014,0,511,511
320520,2015,0,480,480
320520,2016,0,425,425
320520,2017,0,388,388
320520,2018,0,385,385
320520,2019,0,385,385
320520,2020,0,387,387
320520,2021,0,385,385
320530,1988,0,9,9
320530,1989,0,9,9
320530,1990,0,9,9
320530,1991,0,9,9
320530,1992,0,0,0
320530,1993,0,0,0
320530,1994,0,0,0
320530,1995,0,0,0
320530,1996,0,0,0
320530,1997,0,0,0
320530,1998,0,0,0
320530,1999,0,0,0
320530,2000,0,0,0
320530,2001,0,0,0
320530,2002,0,0,0
320530,2003,0,0,0
320530,2004,0,0,0
320530,2005,0,0,0
320530,2006,0,0,0
320530,2007,0,0,0
320530,2008,0,0,0
320530,2009,0,0,0
320530,2010,0,0,0
320530,2011,0,0,0
320530,2012,0,0,0
320530,2013,0,0,0
320530,2014,0,0,0
320530,2015,0,0,0
320530,2016,0,0,0
320530,2017,0,0,0
320530,2018,0,0,0
320530,2019,0,0,0
320530,2020,0,0,0
320530,2021,0,0,0
330010,1988,0,1845,1845
330010,1989,0,1795,1795
330010,1990,0,1469,1469
330010,1991,0,1495,1495
330010,1992,0,1507,1507
330010,1993,0,1720,1720
330010,1994,0,1623,1623
330010,1995,0,1629,1629
330010,1996,0,1542,1542
330010,1997,0,1592,1592
330010,1998,0,1546,1546
330010,1999,0,1555,1555
330010,2000,0,1597,1597
330010,2001,0,1567,1567
330010,2002,0,1557,1557
330010,2003,0,1595,1595
330010,2004,0,1590,1590
330010,2005,0,1479,1479
330010,2006,0,1537,1537
330010,2007,0,1468,1468
330010,2008,0,1404,1404
330010,2009,0,1404,1404
330010,2010,0,1433,1433
330010,2011,0,1525,1525
330010,2012,0,1525,1525
330010,2013,0,1530,1530
330010,2014,0,1525,1525
330010,2015,0,738,738
330010,2016,0,738,738
330010,2017,0,455,455
330010,2018,0,358,358
330010,2019,0,258,258
330010,2020,0,429,429
330010,2021,0,264,264
330020,1988,0,16389,16389
330020,1989,0,17145,17145
330020,1990,0,17057,17057
330020,1991,0,20728,20728
330020,1992,0,19678,19678
330020,1993,0,20021,20021
330020,1994,0,19322,19322
330020,1995,0,6133,6133
330020,1996,0,11633,11633
330020,1997,0,11398,11398
330020,1998,0,11155,11155
330020,1999,0,10945,10945
330020,2000,0,11214,11214
330020,2001,0,8694,8694
330020,2002,0,8646,8646
330020,2003,0,8634,8634
330020,2004,0,6216,6216
330020,2005,0,4760,4760
330020,2006,0,4793,4793
330020,2007,0,3628,3628
330020,2008,0,3628,3628
330020,2009,0,3474,3474
330020,2010,0,3474,3474
330020,2011,0,3488,3488
330020,2012,0,3479,3479
330020,2013,0,3527,3527
330020,2014,0,4878,4878
330020,2015,0,5321,5321
330020,2016,0,5015,5015
330020,2017,0,5009,5009
330020,2018,0,5931,5931
330020,2019,0,6234,6234
330020,2020,0,5656,5656
330020,2021,0,5356,5356
330030,1988,0,795,795
330030,1989,0,994,994
330030,1990,0,837,837
330030,1991,0,837,837
330030,1992,0,904,904
330030,1993,0,939,939
330030,1994,0,926,926
330030,1995,0,926,926
330030,1996,0,650,650
330030,1997,0,611,611
330030,1998,0,606,606
330030,1999,0,431,431
330030,2000,0,431,431
330030,2001,0,410,410
330030,2002,0,230,230
330030,2003,0,230,230
330030,2004,0,270,270
330030,2005,0,243,243
330030,2006,0,243,243
330030,2007,0,231,231
330030,2008,0,389,389
330030,2009,0,389,389
330030,2010,0,389,389
330030,2011,0,389,389
330030,2012,0,381,381
330030,2013,0,292,292
330030,2014,0,252,252
330030,2015,0,230,230
330030,2016,0,138,138
330030,2017,0,94,94
330030,2018,0,27,27
330030,2019,0,22,22
330030,2020,0,98,98
330030,2021,0,67,67
330040,1988,0,2816,2816
330040,1989,0,2769,2769
330040,1990,0,1565,1565
330040,1991,0,1590,1590
330040,1992,0,1070,1070
330040,1993,0,3280,3280
330040,1994,0,3853,3853
330040,1995,0,2753,2753
330040,1996,0,1781,1781
330040,1997,0,1402,1402
330040,1998,0,1290,1290
330040,1999,0,1340,1340
330040,2000,0,1275,1275
330040,2001,0,1287,1287
330040,2002,0,1095,1095
330040,2003,0,634,634
330040,2004,0,571,571
330040,2005,0,577,577
330040,2006,0,548,548
330040,2007,0,508,508
330040,2008,0,488,488
330040,2009,0,468,468
330040,2010,0,627,627
330040,2011,0,500,500
330040,2012,0,499,499
330040,2013,0,475,475
330040,2014,0,427,427
330040,2015,0,325,325
330040,2016,0,300,300
330040,2017,0,287,287
330040,2018,0,254,254
330040,2019,0,196,196
330040,2020,0,99,99
330040,2021,0,98,98
330050,1988,0,2655,2655
330050,1989,0,2855,2855
330050,1990,0,2848,2848
330050,1991,0,2451,2451
330050,1992,0,2460,2460
330050,1993,0,2468,2468
330050,1994,0,2710,2710
330050,1995,0,3045,3045
330050,1996,0,2320,2320
330050,1997,0,2212,2212
330050,1998,0,2129,2129
330050,1999,0,1931,1931
330050,2000,0,1896,1896
330050,2001,0,2203,2203
330050,2002,0,2285,2285
330050,2003,0,2285,2285
330050,2004,0,2445,2445
330050,2005,0,2370,2370
330050,2006,0,2370,2370
330050,2007,0,2370,2370
330050,2008,0,2370,2370
330050,2009,0,2222,2222
330050,2010,0,2222,2222
330050,2011,0,2222,2222
330050,2012,0,2205,2205
330050,2013,0,2205,2205
330050,2014,0,2290,2290
330050,2015,0,2194,2194
330050,2016,0,2034,2034
330050,2017,0,2014,2014
330050,2018,0,2077,2077
330050,2019,0,2038,2038
330050,2020,0,2038,2038
330050,2021,0,2009,2009
330060,1988,0,8523,8523
330060,1989,0,8523,8523
330060,1990,0,8572,8572
330060,1991,0,5065,5065
330060,1992,0,4850,4850
330060,1993,0,4913,4913
330060,1994,0,3312,3312
330060,1995,0,2770,2770
330060,1996,0,2325,2325
330060,1997,0,2162,2162
330060,1998,0,2800,2800
330060,1999,0,2700,2700
330060,2000,0,2700,2700
330060,2001,0,2399,2399
330060,2002,0,2386,2386
330060,2003,0,2796,2796
330060,2004,0,2809,2809
330060,2005,0,3040,3040
330060,2006,0,3021,3021
330060,2007,0,3187,3187
330060,2008,0,2921,2921
330060,2009,0,2648,2648
330060,2010,0,2383,2383
330060,2011,0,2374,2374
330060,2012,0,2321,2321
330060,2013,0,2284,2284
330060,2014,0,2154,2154
330060,2015,0,1136,1136
330060,2016,0,1161,1161
330060,2017,0,1031,1031
330060,2018,0,990,990
330060,2019,0,922,922
330060,2020,0,994,994
330060,2021,0,947,947
330070,1988,0,10051,10051
330070,1989,0,9928,9928
330070,1990,0,9704,9704
330070,1991,0,9788,9788
330070,1992,0,9491,9491
330070,1993,0,9188,9188
330070,1994,0,9046,9046
330070,1995,0,5076,5076
330070,1996,0,3434,3434
330070,1997,0,3573,3573
330070,1998,0,3582,3582
330070,1999,0,3586,3586
330070,2000,0,2567,2567
330070,2001,0,3117,3117
330070,2002,0,3009,3009
330070,2003,0,3009,3009
330070,2004,0,4535,4535
330070,2005,0,4525,4525
330070,2006,0,4507,4507
330070,2007,0,4455,4455
330070,2008,0,4461,4461
330070,2009,0,4469,4469
330070,2010,0,4354,4354
330070,2011,0,4393,4393
330070,2012,0,4375,4375
330070,2013,0,4232,4232
330070,2014,0,4214,4214
330070,2015,0,2532,2532
330070,2016,0,2317,2317
330070,2017,0,2317,2317
330070,2018,0,2509,2509
330070,2019,0,2993,2993
330070,2020,0,2534,2534
330070,2021,0,1897,1897
330080,1988,0,5308,5308
330080,1989,0,4331,4331
330080,1990,0,4106,4106
330080,1991,0,3776,3776
330080,1992,0,4418,4418
330080,1993,0,4460,4460
330080,1994,0,4023,4023
330080,1995,0,3727,3727
330080,1996,0,3259,3259
330080,1997,0,3259,3259
330080,1998,0,2969,2969
330080,1999,0,3062,3062
330080,2000,0,3398,3398
330080,2001,0,3237,3237
330080,2002,0,3199,3199
330080,2003,0,3322,3322
330080,2004,0,2425,2425
330080,2005,0,2353,2353
330080,2006,0,2363,2363
330080,2007,0,2488,2488
330080,2008,0,2451,2451
330080,2009,0,1585,1585
330080,2010,0,1694,1694
330080,2011,0,1582,1582
330080,2012,0,1768,1768
330080,2013,0,1913,1913
330080,2014,0,1622,1622
330080,2015,0,1706,1706
330080,2016,0,1964,1964
330080,2017,0,2279,2279
330080,2018,0,2604,2604
330080,2019,0,2229,2229
330080,2020,0,2439,2439
330080,2021,0,2315,2315
330090,1988,0,5182,5182
330090,1989,0,4530,4530
330090,1990,0,3930,3930
330090,1991,0,2986,2986
330090,1992,0,4878,4878
330090,1993,0,3718,3718
330090,1994,0,3960,3960
330090,1995,0,2691,2691
330090,1996,0,2484,2484
330090,1997,0,2683,2683
330090,1998,0,2650,2650
330090,1999,0,2908,2908
330090,2000,0,3158,3158
330090,2001,0,2922,2922
330090,2002,0,2779,2779
330090,2003,0,2781,2781
330090,2004,0,2764,2764
330090,2005,0,2811,2811
330090,2006,0,2676,2676
330090,2007,0,2791,2791
330090,2008,0,2359,2359
330090,2009,0,2534,2534
330090,2010,0,2484,2484
330090,2011,0,1820,1820
330090,2012,0,1647,1647
330090,2013,0,1572,1572
330090,2014,0,1645,1645
330090,2015,0,987,987
330090,2016,0,950,950
330090,2017,0,905,905
330090,2018,0,881,881
330090,2019,0,1065,1065
330090,2020,0,820,820
330090,2021,0,780,780
330100,1988,0,139685,139685
330100,1989,0,138228,138228
330100,1990,0,121447,121447
330100,1991,0,115432,115432
330100,1992,0,105535,105535
330100,1993,0,103891,103891
330100,1994,0,104776,104776
330100,1995,0,104005,104005
330100,1996,0,105408,105408
330100,1997,0,106433,106433
330100,1998,0,107526,107526
330100,1999,0,105898,105898
330100,2000,0,100509,100509
330100,2001,0,100179,100179
330100,2002,0,100171,100171
330100,2003,0,102157,102157
330100,2004,0,103529,103529
330100,2005,0,102605,102605
330100,2006,0,101658,101658
330100,2007,0,74808,74808
330100,2008,0,79889,79889
330100,2009,0,79993,79993
330100,2010,0,80081,80081
330100,2011,0,63953,63953
330100,2012,0,65530,65530
330100,2013,0,58146,58146
330100,2014,0,55869,55869
330100,2015,0,47104,47104
330100,2016,0,31922,31922
330100,2017,0,31949,31949
330100,2018,0,30846,30846
330100,2019,0,31357,31357
330100,2020,0,31355,31355
330100,2021,0,40886,40886
330110,1988,0,4359,4359
330110,1989,0,5008,5008
330110,1990,0,5272,5272
330110,1991,0,5363,5363
330110,1992,0,6072,6072
330110,1993,0,5619,5619
330110,1994,0,4524,4524
330110,1995,0,2346,2346
330110,1996,0,2464,2464
330110,1997,0,2869,2869
330110,1998,0,2984,2984
330110,1999,0,3149,3149
330110,2000,0,3163,3163
330110,2001,0,3146,3146
330110,2002,0,3012,3012
330110,2003,0,2643,2643
330110,2004,0,2581,2581
330110,2005,0,2628,2628
330110,2006,0,2554,2554
330110,2007,0,2445,2445
330110,2008,0,2634,2634
330110,2009,0,2284,2284
330110,2010,0,2268,2268
330110,2011,0,2016,2016
330110,2012,0,1973,1973
330110,2013,0,1994,1994
330110,2014,0,753,753
330110,2015,0,573,573
330110,2016,0,534,534
330110,2017,0,415,415
330110,2018,0,459,459
330110,2019,0,370,370
330110,2020,0,394,394
330110,2021,0,369,369
330120,1988,0,944,944
330120,1989,0,1052,1052
330120,1990,0,1047,1047
330120,1991,0,855,855
330120,1992,0,849,849
330120,1993,0,861,861
330120,1994,0,748,748
330120,1995,0,716,716
330120,1996,0,897,897
330120,1997,0,905,905
330120,1998,0,925,925
330120,1999,0,780,780
330120,2000,0,702,702
330120,2001,0,631,631
330120,2002,0,631,631
330120,2003,0,666,666
330120,2004,0,685,685
330120,2005,0,682,682
330120,2006,0,682,682
330120,2007,0,684,684
330120,2008,0,684,684
330120,2009,0,381,381
330120,2010,0,381,381
330120,2011,0,379,379
330120,2012,0,375,375
330120,2013,0,375,375
330120,2014,0,128,128
330120,2015,0,57,57
330120,2016,0,37,37
330120,2017,0,23,23
330120,2018,0,25,25
330120,2019,0,20,20
330120,2020,0,28,28
330120,2021,0,30,30
330130,1988,0,5598,5598
330130,1989,0,3479,3479
330130,1990,0,2971,2971
330130,1991,0,2775,2775
330130,1992,0,3335,3335
330130,1993,0,3329,3329
330130,1994,0,1959,1959
330130,1995,0,2001,2001
330130,1996,0,2183,2183
330130,1997,0,1459,1459
330130,1998,0,1284,1284
330130,1999,0,1140,1140
330130,2000,0,1134,1134
330130,2001,0,992,992
330130,2002,0,967,967
330130,2003,0,997,997
330130,2004,0,930,930
330130,2005,0,941,941
330130,2006,0,901,901
330130,2007,0,853,853
330130,2008,0,896,896
330130,2009,0,989,989
330130,2010,0,919,919
330130,2011,0,924,924
330130,2012,0,945,945
330130,2013,0,880,880
330130,2014,0,921,921
330130,2015,0,591,591
330130,2016,0,656,656
330130,2017,0,549,549
330130,2018,0,615,615
330130,2019,0,630,630
330130,2020,0,536,536
330130,2021,0,614,614
330140,1988,0,5036,5036
330140,1989,0,5087,5087
330140,1990,0,4203,4203
330140,1991,0,5043,5043
330140,1992,0,3438,3438
330140,1993,0,3172,3172
330140,1994,0,3264,3264
330140,1995,0,1837,1837
330140,1996,0,501,501
330140,1997,0,492,492
330140,1998,0,433,433
330140,1999,0,463,463
330140,2000,0,474,474
330140,2001,0,201,201
330140,2002,0,212,212
330140,2003,0,258,258
330140,2004,0,271,271
330140,2005,0,281,281
330140,2006,0,263,263
330140,2007,0,264,264
330140,2008,0,273,273
330140,2009,0,273,273
330140,2010,0,273,273
330140,2011,0,279,279
330140,2012,0,282,282
330140,2013,0,284,284
330140,2014,0,543,543
330140,2015,0,509,509
330140,2016,0,178,178
330140,2017,0,155,155
330140,2018,0,159,159
330140,2019,0,142,142
330140,2020,0,142,142
330140,2021,0,142,142
330160,1988,0,2151,2151
330160,1989,0,2392,2392
330160,1990,0,2253,2253
330160,1991,0,1971,1971
330160,1992,0,2164,2164
330160,1993,0,1953,1953
330160,1994,0,1973,1973
330160,1995,0,2440,2440
330160,1996,0,2488,2488
330160,1997,0,2572,2572
330160,1998,0,2546,2546
330160,1999,0,2575,2575
330160,2000,0,2318,2318
330160,2001,0,1828,1828
330160,2002,0,1836,1836
330160,2003,0,1909,1909
330160,2004,0,2187,2187
330160,2005,0,2310,2310
330160,2006,0,2290,2290
330160,2007,0,2260,2260
330160,2008,0,2250,2250
330160,2009,0,2345,2345
330160,2010,0,2295,2295
330160,2011,0,2253,2253
330160,2012,0,1980,1980
330160,2013,0,1984,1984
330160,2014,0,1849,1849
330160,2015,0,890,890
330160,2016,0,789,789
330160,2017,0,855,855
330160,2018,0,805,805
330160,2019,0,696,696
330160,2020,0,588,588
330160,2021,0,529,529
330170,1988,0,1051,1051
330170,1989,0,606,606
330170,1990,0,598,598
330170,1991,0,613,613
330170,1992,0,616,616
330170,1993,0,603,603
330170,1994,0,567,567
330170,1995,0,616,616
330170,1996,0,665,665
330170,1997,0,734,734
330170,1998,0,732,732
330170,1999,0,723,723
330170,2000,0,536,536
330170,2001,0,523,523
330170,2002,0,530,530
330170,2003,0,569,569
330170,2004,0,446,446
330170,2005,0,415,415
330170,2006,0,416,416
330170,2007,0,385,385
330170,2008,0,385,385
330170,2009,0,385,385
330170,2010,0,385,385
330170,2011,0,786,786
330170,2012,0,786,786
330170,2013,0,677,677
330170,2014,0,452,452
330170,2015,0,714,714
330170,2016,0,685,685
330170,2017,0,657,657
330170,2018,0,619,619
330170,2019,0,608,608
330170,2020,0,746,746
330170,2021,0,747,747
330180,1988,0,156,156
330180,1989,0,157,157
330180,1990,0,153,153
330180,1991,0,153,153
330180,1992,0,156,156
330180,1993,0,152,152
330180,1994,0,156,156
330180,1995,0,155,155
330180,1996,0,150,150
330180,1997,0,146,146
330180,1998,0,144,144
330180,1999,0,150,150
330180,2000,0,150,150
330180,2001,0,148,148
330180,2002,0,140,140
330180,2003,0,140,140
330180,2004,0,139,139
330180,2005,0,139,139
330180,2006,0,136,136
330180,2007,0,136,136
330180,2008,0,110,110
330180,2009,0,110,110
330180,2010,0,110,110
330180,2011,0,110,110
330180,2012,0,110,110
330180,2013,0,108,108
330180,2014,0,95,95
330180,2015,0,95,95
330180,2016,0,95,95
330180,2017,0,33,33
330180,2018,0,27,27
330180,2019,0,35,35
330180,2020,0,37,37
330180,2021,0,32,32
330190,1988,0,9711,9711
330190,1989,0,9279,9279
330190,1990,0,9256,9256
330190,1991,0,2545,2545
330190,1992,0,2526,2526
330190,1993,0,1742,1742
330190,1994,0,1470,1470
330190,1995,0,1080,1080
330190,1996,0,917,917
330190,1997,0,917,917
330190,1998,0,776,776
330190,1999,0,577,577
330190,2000,0,557,557
330190,2001,0,994,994
330190,2002,0,1283,1283
330190,2003,0,1304,1304
330190,2004,0,1382,1382
330190,2005,0,1701,1701
330190,2006,0,1698,1698
330190,2007,0,1698,1698
330190,2008,0,1698,1698
330190,2009,0,1698,1698
330190,2010,0,1698,1698
330190,2011,0,1821,1821
330190,2012,0,1993,1993
330190,2013,0,1992,1992
330190,2014,0,1961,1961
330190,2015,0,1113,1113
330190,2016,0,1117,1117
330190,2017,0,1159,1159
330190,2018,0,1055,1055
330190,2019,0,1787,1787
330190,2020,0,1828,1828
330190,2021,0,1765,1765
330200,1988,0,6128,6128
330200,1989,0,5996,5996
330200,1990,0,6080,6080
330200,1991,0,6060,6060
330200,1992,0,6036,6036
330200,1993,0,6060,6060
330200,1994,0,6000,6000
330200,1995,0,6028,6028
330200,1996,0,5983,5983
330200,1997,0,5990,5990
330200,1998,0,5912,5912
330200,1999,0,6000,6000
330200,2000,0,6023,6023
330200,2001,0,5425,5425
330200,2002,0,5397,5397
330200,2003,0,5417,5417
330200,2004,0,5359,5359
330200,2005,0,5181,5181
330200,2006,0,5122,5122
330200,2007,0,5156,5156
330200,2008,0,5166,5166
330200,2009,0,5168,5168
330200,2010,0,5238,5238
330200,2011,0,5209,5209
330200,2012,0,5209,5209
330200,2013,0,5174,5174
330200,2014,0,5149,5149
330200,2015,0,4798,4798
330200,2016,0,4789,4789
330200,2017,0,1580,1580
330200,2018,0,1702,1702
330200,2019,0,1674,1674
330200,2020,0,1611,1611
330200,2021,0,1639,1639
330205,1988,0,670,670
330205,1989,0,1289,1289
330205,1990,0,989,989
330205,1991,0,1065,1065
330205,1992,0,1161,1161
330205,1993,0,1172,1172
330205,1994,0,1140,1140
330205,1995,0,780,780
330205,1996,0,1158,1158
330205,1997,0,1058,1058
330205,1998,0,966,966
330205,1999,0,950,950
330205,2000,0,670,670
330205,2001,0,740,740
330205,2002,0,751,751
330205,2003,0,812,812
330205,2004,0,983,983
330205,2005,0,1001,1001
330205,2006,0,949,949
330205,2007,0,1037,1037
330205,2008,0,1121,1121
330205,2009,0,1139,1139
330205,2010,0,1139,1139
330205,2011,0,1139,1139
330205,2012,0,1189,1189
330205,2013,0,892,892
330205,2014,0,930,930
330205,2015,0,769,769
330205,2016,0,769,769
330205,2017,0,587,587
330205,2018,0,575,575
330205,2019,0,546,546
330205,2020,0,545,545
330205,2021,0,527,527
330210,1988,0,5283,5283
330210,1989,0,5438,5438
330210,1990,0,5041,5041
330210,1991,0,4526,4526
330210,1992,0,4570,4570
330210,1993,0,4667,4667
330210,1994,0,4647,4647
330210,1995,0,4541,4541
330210,1996,0,2669,2669
330210,1997,0,2308,2308
330210,1998,0,2136,2136
330210,1999,0,2194,2194
330210,2000,0,2247,2247
330210,2001,0,2333,2333
330210,2002,0,2364,2364
330210,2003,0,2392,2392
330210,2004,0,2479,2479
330210,2005,0,2535,2535
330210,2006,0,2535,2535
330210,2007,0,2618,2618
330210,2008,0,2485,2485
330210,2009,0,2526,2526
330210,2010,0,2561,2561
330210,2011,0,2055,2055
330210,2012,0,1568,1568
330210,2013,0,1580,1580
330210,2014,0,1634,1634
330210,2015,0,1351,1351
330210,2016,0,801,801
330210,2017,0,409,409
330210,2018,0,484,484
330210,2019,0,485,485
330210,2020,0,465,465
330210,2021,0,348,348
330220,1988,0,7283,7283
330220,1989,0,11438,11438
330220,1990,0,10517,10517
330220,1991,0,10127,10127
330220,1992,0,9801,9801
330220,1993,0,11048,11048
330220,1994,0,9135,9135
330220,1995,0,5520,5520
330220,1996,0,5041,5041
330220,1997,0,4861,4861
330220,1998,0,3232,3232
330220,1999,0,3367,3367
330220,2000,0,2705,2705
330220,2001,0,2526,2526
330220,2002,0,2225,2225
330220,2003,0,2970,2970
330220,2004,0,3571,3571
330220,2005,0,3491,3491
330220,2006,0,3071,3071
330220,2007,0,3333,3333
330220,2008,0,2225,2225
330220,2009,0,2040,2040
330220,2010,0,1971,1971
330220,2011,0,1912,1912
330220,2012,0,835,835
330220,2013,0,690,690
330220,2014,0,779,779
330220,2015,0,221,221
330220,2016,0,229,229
330220,2017,0,221,221
330220,2018,0,189,189
330220,2019,0,106,106
330220,2020,0,131,131
330220,2021,0,112,112
330225,1988,0,0,0
330225,1989,0,0,0
330225,1990,0,343,343
330225,1991,0,283,283
330225,1992,0,238,238
330225,1993,0,313,313
330225,1994,0,273,273
330225,1995,0,152,152
330225,1996,0,82,82
330225,1997,0,73,73
330225,1998,0,58,58
330225,1999,0,61,61
330225,2000,0,61,61
330225,2001,0,57,57
330225,2002,0,101,101
330225,2003,0,101,101
330225,2004,0,67,67
330225,2005,0,67,67
330225,2006,0,57,57
330225,2007,0,52,52
330225,2008,0,52,52
330225,2009,0,52,52
330225,2010,0,52,52
330225,2011,0,32,32
330225,2012,0,32,32
330225,2013,0,32,32
330225,2014,0,0,0
330225,2015,0,0,0
330225,2016,0,0,0
330225,2017,0,0,0
330225,2018,0,0,0
330225,2019,0,0,0
330225,2020,0,0,0
330225,2021,0,0,0
330230,1988,0,2414,2414
330230,1989,0,2431,2431
330230,1990,0,2026,2026
330230,1991,0,1095,1095
330230,1992,0,1355,1355
330230,1993,0,1560,1560
330230,1994,0,1566,1566
330230,1995,0,1212,1212
330230,1996,0,1224,1224
330230,1997,0,1010,1010
330230,1998,0,620,620
330230,1999,0,620,620
330230,2000,0,621,621
330230,2001,0,416,416
330230,2002,0,323,323
330230,2003,0,344,344
330230,2004,0,381,381
330230,2005,0,355,355
330230,2006,0,221,221
330230,2007,0,216,216
330230,2008,0,252,252
330230,2009,0,257,257
330230,2010,0,251,251
330230,2011,0,256,256
330230,2012,0,225,225
330230,2013,0,185,185
330230,2014,0,205,205
330230,2015,0,112,112
330230,2016,0,110,110
330230,2017,0,13,13
330230,2018,0,13,13
330230,2019,0,6,6
330230,2020,0,13,13
330230,2021,0,9,9
330240,1988,4,31959,31955
330240,1989,0,32323,32323
330240,1990,0,16222,16222
330240,1991,0,16297,16297
330240,1992,0,15469,15469
330240,1993,0,14585,14585
330240,1994,0,15255,15255
330240,1995,0,14994,14994
330240,1996,0,13196,13196
330240,1997,0,12075,12075
330240,1998,0,12424,12424
330240,1999,0,12754,12754
330240,2000,0,12765,12765
330240,2001,0,11988,11988
330240,2002,0,11701,11701
330240,2003,0,11831,11831
330240,2004,0,12048,12048
330240,2005,0,12086,12086
330240,2006,0,9789,9789
330240,2007,0,6890,6890
330240,2008,0,6043,6043
330240,2009,0,3857,3857
330240,2010,0,3491,3491
330240,2011,0,3828,3828
330240,2012,0,3535,3535
330240,2013,0,2936,2936
330240,2014,0,3033,3033
330240,2015,0,2533,2533
330240,2016,0,2650,2650
330240,2017,0,1109,1109
330240,2018,0,1116,1116
330240,2019,0,1329,1329
330240,2020,0,998,998
330240,2021,0,1559,1559
330250,1988,0,3403,3403
330250,1989,0,2789,2789
330250,1990,0,3263,3263
330250,1991,0,2048,2048
330250,1992,0,1390,1390
330250,1993,0,1721,1721
330250,1994,0,2495,2495
330250,1995,0,2055,2055
330250,1996,0,916,916
330250,1997,0,865,865
330250,1998,0,1071,1071
330250,1999,0,1152,1152
330250,2000,0,1544,1544
330250,2001,0,1364,1364
330250,2002,0,1430,1430
330250,2003,0,1419,1419
330250,2004,0,1600,1600
330250,2005,0,1320,1320
330250,2006,0,1402,1402
330250,2007,0,1495,1495
330250,2008,0,1367,1367
330250,2009,0,1437,1437
330250,2010,0,1491,1491
330250,2011,0,1598,1598
330250,2012,0,1592,1592
330250,2013,0,1721,1721
330250,2014,0,1045,1045
330250,2015,0,1081,1081
330250,2016,0,1198,1198
330250,2017,0,1260,1260
330250,2018,0,1146,1146
330250,2019,0,1248,1248
330250,2020,0,1272,1272
330250,2021,0,1240,1240
330260,1988,0,5540,5540
330260,1989,0,5493,5493
330260,1990,0,5498,5498
330260,1991,0,5498,5498
330260,1992,0,5504,5504
330260,1993,0,5593,5593
330260,1994,0,5473,5473
330260,1995,0,5782,5782
330260,1996,0,5672,5672
330260,1997,0,5671,5671
330260,1998,0,5651,5651
330260,1999,0,5649,5649
330260,2000,0,5687,5687
330260,2001,0,5192,5192
330260,2002,0,5213,5213
330260,2003,0,5167,5167
330260,2004,0,5172,5172
330260,2005,0,5180,5180
330260,2006,0,5031,5031
330260,2007,0,5026,5026
330260,2008,0,5025,5025
330260,2009,0,5027,5027
330260,2010,0,4892,4892
330260,2011,0,5059,5059
330260,2012,0,5061,5061
330260,2013,0,4910,4910
330260,2014,0,4818,4818
330260,2015,0,4887,4887
330260,2016,0,4892,4892
330260,2017,0,4766,4766
330260,2018,0,2993,2993
330260,2019,0,2998,2998
330260,2020,0,2416,2416
330260,2021,0,2282,2282
330270,1988,0,1733,1733
330270,1989,0,1589,1589
330270,1990,0,1543,1543
330270,1991,0,1141,1141
330270,1992,0,779,779
330270,1993,0,690,690
330270,1994,0,705,705
330270,1995,0,683,683
330270,1996,0,723,723
330270,1997,0,724,724
330270,1998,0,702,702
330270,1999,0,702,702
330270,2000,0,711,711
330270,2001,0,632,632
330270,2002,0,434,434
330270,2003,0,434,434
330270,2004,0,277,277
330270,2005,0,299,299
330270,2006,0,299,299
330270,2007,0,269,269
330270,2008,0,277,277
330270,2009,0,277,277
330270,2010,0,235,235
330270,2011,0,205,205
330270,2012,0,131,131
330270,2013,0,110,110
330270,2014,0,70,70
330270,2015,0,70,70
330270,2016,0,70,70
330270,2017,0,70,70
330270,2018,0,110,110
330270,2019,0,60,60
330270,2020,0,109,109
330270,2021,0,106,106
330280,1988,0,45,45
330280,1989,0,120,120
330280,1990,0,88,88
330280,1991,0,88,88
330280,1992,0,88,88
330280,1993,0,61,61
330280,1994,0,56,56
330280,1995,0,50,50
330280,1996,0,30,30
330280,1997,0,25,25
330280,1998,0,25,25
330280,1999,0,23,23
330280,2000,0,23,23
330280,2001,0,23,23
330280,2002,0,60,60
330280,2003,0,24,24
330280,2004,0,22,22
330280,2005,0,22,22
330280,2006,0,22,22
330280,2007,0,20,20
330280,2008,0,20,20
330280,2009,0,20,20
330280,2010,0,20,20
330280,2011,0,23,23
330280,2012,0,20,20
330280,2013,0,16,16
330280,2014,0,5,5
330280,2015,0,5,5
330280,2016,0,5,5
330280,2017,0,14,14
330280,2018,0,14,14
330280,2019,0,17,17
330280,2020,0,16,16
330280,2021,0,17,17
330290,1988,0,124,124
330290,1989,0,73,73
330290,1990,0,69,69
330290,1991,0,69,69
330290,1992,0,69,69
330290,1993,0,69,69
330290,1994,0,69,69
330290,1995,0,69,69
330290,1996,0,71,71
330290,1997,0,71,71
330290,1998,0,69,69
330290,1999,0,69,69
330290,2000,0,100,100
330290,2001,0,100,100
330290,2002,0,102,102
330290,2003,0,102,102
330290,2004,0,102,102
330290,2005,0,118,118
330290,2006,0,118,118
330290,2007,0,108,108
330290,2008,0,114,114
330290,2009,0,114,114
330290,2010,0,114,114
330290,2011,0,119,119
330290,2012,0,114,114
330290,2013,0,82,82
330290,2014,0,43,43
330290,2015,0,35,35
330290,2016,0,35,35
330290,2017,0,59,59
330290,2018,0,69,69
330290,2019,0,39,39
330290,2020,0,35,35
330290,2021,0,34,34
330300,1988,0,3346,3346
330300,1989,0,2536,2536
330300,1990,0,1872,1872
330300,1991,0,1124,1124
330300,1992,0,1745,1745
330300,1993,0,1927,1927
330300,1994,0,1634,1634
330300,1995,0,1058,1058
330300,1996,0,979,979
330300,1997,0,943,943
330300,1998,0,685,685
330300,1999,0,741,741
330300,2000,0,612,612
330300,2001,0,737,737
330300,2002,0,684,684
330300,2003,0,548,548
330300,2004,0,706,706
330300,2005,0,835,835
330300,2006,0,790,790
330300,2007,0,704,704
330300,2008,0,586,586
330300,2009,0,660,660
330300,2010,0,722,722
330300,2011,0,753,753
330300,2012,0,806,806
330300,2013,0,698,698
330300,2014,0,727,727
330300,2015,0,551,551
330300,2016,0,136,136
330300,2017,0,137,137
330300,2018,0,121,121
330300,2019,0,77,77
330300,2020,0,79,79
330300,2021,0,71,71
330310,1988,0,9122,9122
330310,1989,0,9241,9241
330310,1990,0,9290,9290
330310,1991,0,9701,9701
330310,1992,0,10058,10058
330310,1993,0,5974,5974
330310,1994,0,6506,6506
330310,1995,0,5065,5065
330310,1996,0,5028,5028
330310,1997,0,5207,5207
330310,1998,0,4963,4963
330310,1999,0,4802,4802
330310,2000,0,4872,4872
330310,2001,0,5848,5848
330310,2002,0,5234,5234
330310,2003,0,6406,6406
330310,2004,0,7452,7452
330310,2005,0,7867,7867
330310,2006,0,7722,7722
330310,2007,0,8279,8279
330310,2008,0,7371,7371
330310,2009,0,7847,7847
330310,2010,0,7836,7836
330310,2011,0,7138,7138
330310,2012,0,7159,7159
330310,2013,0,7153,7153
330310,2014,0,6579,6579
330310,2015,0,5921,5921
330310,2016,0,6496,6496
330310,2017,0,6396,6396
330310,2018,0,6447,6447
330310,2019,0,5716,5716
330310,2020,0,5714,5714
330310,2021,0,5560,5560
330330,1988,0,51,51
330330,1989,0,47,47
330330,1990,0,50,50
330330,1991,0,55,55
330330,1992,0,40,40
330330,1993,0,35,35
330330,1994,0,45,45
330330,1995,0,45,45
330330,1996,0,28,28
330330,1997,0,21,21
330330,1998,0,0,0
330330,1999,0,0,0
330330,2000,0,0,0
330330,2001,0,0,0
330330,2002,0,0,0
330330,2003,0,0,0
330330,2004,0,0,0
330330,2005,0,0,0
330330,2006,0,0,0
330330,2007,0,0,0
330330,2008,0,0,0
330330,2009,0,0,0
330330,2010,0,0,0
330330,2011,0,0,0
330330,2012,0,0,0
330330,2013,0,0,0
330330,2014,0,0,0
330330,2015,0,0,0
330330,2016,0,0,0
330330,2017,0,0,0
330330,2018,0,0,0
330330,2019,0,0,0
330330,2020,0,0,0
330330,2021,0,12,12
330340,1988,0,1580,1580
330340,1989,0,1825,1825
330340,1990,0,1407,1407
330340,1991,0,1103,1103
330340,1992,0,1129,1129
330340,1993,0,1129,1129
330340,1994,0,1224,1224
330340,1995,0,1118,1118
330340,1996,0,926,926
330340,1997,0,926,926
330340,1998,0,667,667
330340,1999,0,619,619
330340,2000,0,559,559
330340,2001,0,577,577
330340,2002,0,563,563
330340,2003,0,552,552
330340,2004,0,565,565
330340,2005,0,586,586
330340,2006,0,543,543
330340,2007,0,543,543
330340,2008,0,543,543
330340,2009,0,543,543
330340,2010,0,543,543
330340,2011,0,511,511
330340,2012,0,512,512
330340,2013,0,454,454
330340,2014,0,479,479
330340,2015,0,468,468
330340,2016,0,450,450
330340,2017,0,572,572
330340,2018,0,636,636
330340,2019,0,559,559
330340,2020,0,512,512
330340,2021,0,532,532
330350,1988,0,2935,2935
330350,1989,0,2453,2453
330350,1990,0,2538,2538
330350,1991,0,2556,2556
330350,1992,0,2518,2518
330350,1993,0,2517,2517
330350,1994,0,2554,2554
330350,1995,0,2983,2983
330350,1996,0,1894,1894
330350,1997,0,1960,1960
330350,1998,0,1983,1983
330350,1999,0,2345,2345
330350,2000,0,2428,2428
330350,2001,0,2172,2172
330350,2002,0,2799,2799
330350,2003,0,2502,2502
330350,2004,0,2334,2334
330350,2005,0,2249,2249
330350,2006,0,2236,2236
330350,2007,0,2209,2209
330350,2008,0,2209,2209
330350,2009,0,2209,2209
330350,2010,0,2209,2209
330350,2011,0,2209,2209
330350,2012,0,2214,2214
330350,2013,0,2214,2214
330350,2014,0,750,750
330350,2015,0,1337,1337
330350,2016,0,1561,1561
330350,2017,0,1558,1558
330350,2018,0,1290,1290
330350,2019,0,1078,1078
330350,2020,0,1372,1372
330350,2021,0,887,887
330360,1988,0,1574,1574
330360,1989,0,1586,1586
330360,1990,0,1635,1635
330360,1991,0,1680,1680
330360,1992,0,1629,1629
330360,1993,0,1628,1628
330360,1994,0,1578,1578
330360,1995,0,1643,1643
330360,1996,0,1499,1499
330360,1997,0,1506,1506
330360,1998,0,1463,1463
330360,1999,0,1461,1461
330360,2000,0,1471,1471
330360,2001,0,1452,1452
330360,2002,0,1464,1464
330360,2003,0,1462,1462
330360,2004,0,1415,1415
330360,2005,0,1368,1368
330360,2006,0,1325,1325
330360,2007,0,1325,1325
330360,2008,0,1325,1325
330360,2009,0,1323,1323
330360,2010,0,1323,1323
330360,2011,0,1312,1312
330360,2012,0,1312,1312
330360,2013,0,1311,1311
330360,2014,0,1309,1309
330360,2015,0,1279,1279
330360,2016,0,1279,1279
330360,2017,0,158,158
330360,2018,0,174,174
330360,2019,0,174,174
330360,2020,0,83,83
330360,2021,0,83,83
330370,1988,0,851,851
330370,1989,0,658,658
330370,1990,0,616,616
330370,1991,0,518,518
330370,1992,0,705,705
330370,1993,0,680,680
330370,1994,0,550,550
330370,1995,0,452,452
330370,1996,0,520,520
330370,1997,0,587,587
330370,1998,0,559,559
330370,1999,0,557,557
330370,2000,0,527,527
330370,2001,0,519,519
330370,2002,0,624,624
330370,2003,0,496,496
330370,2004,0,597,597
330370,2005,0,532,532
330370,2006,0,353,353
330370,2007,0,382,382
330370,2008,0,366,366
330370,2009,0,264,264
330370,2010,0,264,264
330370,2011,0,360,360
330370,2012,0,369,369
330370,2013,0,345,345
330370,2014,0,231,231
330370,2015,0,215,215
330370,2016,0,215,215
330370,2017,0,176,176
330370,2018,0,164,164
330370,2019,0,142,142
330370,2020,0,144,144
330370,2021,0,144,144
330380,1988,0,3802,3802
330380,1989,0,2870,2870
330380,1990,0,2880,2880
330380,1991,0,2806,2806
330380,1992,0,2806,2806
330380,1993,0,2694,2694
330380,1994,0,2686,2686
330380,1995,0,2600,2600
330380,1996,0,2356,2356
330380,1997,0,2369,2369
330380,1998,0,2293,2293
330380,1999,0,2295,2295
330380,2000,0,2306,2306
330380,2001,0,2301,2301
330380,2002,0,2325,2325
330380,2003,0,2349,2349
330380,2004,0,2349,2349
330380,2005,0,2364,2364
330380,2006,0,2366,2366
330380,2007,0,2386,2386
330380,2008,0,2386,2386
330380,2009,0,2386,2386
330380,2010,0,2400,2400
330380,2011,0,2488,2488
330380,2012,0,2488,2488
330380,2013,0,2327,2327
330380,2014,0,2327,2327
330380,2015,0,2265,2265
330380,2016,0,2265,2265
330380,2017,0,1391,1391
330380,2018,0,397,397
330380,2019,0,364,364
330380,2020,0,357,357
330380,2021,0,308,308
330385,1988,0,0,0
330385,1989,0,1162,1162
330385,1990,0,1300,1300
330385,1991,0,1257,1257
330385,1992,0,1271,1271
330385,1993,0,1106,1106
330385,1994,0,1106,1106
330385,1995,0,1074,1074
330385,1996,0,1104,1104
330385,1997,0,1104,1104
330385,1998,0,1104,1104
330385,1999,0,1104,1104
330385,2000,0,1104,1104
330385,2001,0,1074,1074
330385,2002,0,447,447
330385,2003,0,527,527
330385,2004,0,700,700
330385,2005,0,451,451
330385,2006,0,471,471
330385,2007,0,471,471
330385,2008,0,510,510
330385,2009,0,515,515
330385,2010,0,515,515
330385,2011,0,501,501
330385,2012,0,511,511
330385,2013,0,477,477
330385,2014,0,329,329
330385,2015,0,329,329
330385,2016,0,329,329
330385,2017,0,392,392
330385,2018,0,354,354
330385,2019,0,163,163
330385,2020,0,257,257
330385,2021,0,294,294
330390,1988,0,1468,1468
330390,1989,0,579,579
330390,1990,0,605,605
330390,1991,0,603,603
330390,1992,0,601,601
330390,1993,0,608,608
330390,1994,0,579,579
330390,1995,0,592,592
330390,1996,0,442,442
330390,1997,0,408,408
330390,1998,0,389,389
330390,1999,0,377,377
330390,2000,0,357,357
330390,2001,0,358,358
330390,2002,0,350,350
330390,2003,0,348,348
330390,2004,0,325,325
330390,2005,0,326,326
330390,2006,0,344,344
330390,2007,0,292,292
330390,2008,0,182,182
330390,2009,0,117,117
330390,2010,0,78,78
330390,2011,0,56,56
330390,2012,0,52,52
330390,2013,0,43,43
330390,2014,0,43,43
330390,2015,0,43,43
330390,2016,0,54,54
330390,2017,0,52,52
330390,2018,0,50,50
330390,2019,0,76,76
330390,2020,0,71,71
330390,2021,0,71,71
330400,1988,0,1275,1275
330400,1989,0,1221,1221
330400,1990,0,1420,1420
330400,1991,0,1400,1400
330400,1992,0,1217,1217
330400,1993,0,1054,1054
330400,1994,0,850,850
330400,1995,0,850,850
330400,1996,0,719,719
330400,1997,0,757,757
330400,1998,0,666,666
330400,1999,0,629,629
330400,2000,0,624,624
330400,2001,0,620,620
330400,2002,0,572,572
330400,2003,0,572,572
330400,2004,0,543,543
330400,2005,0,444,444
330400,2006,0,427,427
330400,2007,0,427,427
330400,2008,0,418,418
330400,2009,0,348,348
330400,2010,0,348,348
330400,2011,0,348,348
330400,2012,0,341,341
330400,2013,0,309,309
330400,2014,0,179,179
330400,2015,0,178,178
330400,2016,0,186,186
330400,2017,0,569,569
330400,2018,0,264,264
330400,2019,0,517,517
330400,2020,0,531,531
330400,2021,0,532,532
330410,1988,0,4115,4115
330410,1989,0,4260,4260
330410,1990,0,4340,4340
330410,1991,0,3663,3663
330410,1992,0,3492,3492
330410,1993,0,3148,3148
330410,1994,0,3074,3074
330410,1995,0,2846,2846
330410,1996,0,3026,3026
330410,1997,0,2994,2994
330410,1998,0,3193,3193
330410,1999,0,3193,3193
330410,2000,0,3050,3050
330410,2001,0,2966,2966
330410,2002,0,2786,2786
330410,2003,0,4260,4260
330410,2004,0,4450,4450
330410,2005,0,4540,4540
330410,2006,0,4350,4350
330410,2007,0,3518,3518
330410,2008,0,4506,4506
330410,2009,0,4444,4444
330410,2010,0,3470,3470
330410,2011,0,3950,3950
330410,2012,0,4579,4579
330410,2013,0,4550,4550
330410,2014,0,4735,4735
330410,2015,0,4872,4872
330410,2016,0,5222,5222
330410,2017,0,5070,5070
330410,2018,0,4915,4915
330410,2019,0,5339,5339
330410,2020,0,5368,5368
330410,2021,0,3649,3649
330415,1988,0,0,0
330415,1989,0,0,0
330415,1990,0,13021,13021
330415,1991,0,14958,14958
330415,1992,0,18449,18449
330415,1993,0,12365,12365
330415,1994,0,15664,15664
330415,1995,0,15679,15679
330415,1996,0,15526,15526
330415,1997,0,13632,13632
330415,1998,0,13718,13718
330415,1999,0,13655,13655
330415,2000,0,13811,13811
330415,2001,0,17340,17340
330415,2002,0,14950,14950
330415,2003,0,11005,11005
330415,2004,0,15170,15170
330415,2005,0,15378,15378
330415,2006,0,15499,15499
330415,2007,0,15620,15620
330415,2008,0,15639,15639
330415,2009,0,15879,15879
330415,2010,0,14324,14324
330415,2011,0,14414,14414
330415,2012,0,14725,14725
330415,2013,0,15078,15078
330415,2014,0,8935,8935
330415,2015,0,4187,4187
330415,2016,0,2110,2110
330415,2017,0,2340,2340
330415,2018,0,1666,1666
330415,2019,0,1666,1666
330415,2020,0,1602,1602
330415,2021,0,1602,1602
330420,1988,0,3626,3626
330420,1989,0,2858,2858
330420,1990,0,2384,2384
330420,1991,0,2315,2315
330420,1992,0,2105,2105
330420,1993,0,2340,2340
330420,1994,0,2227,2227
330420,1995,0,1917,1917
330420,1996,0,2126,2126
330420,1997,0,1318,1318
330420,1998,0,1163,1163
330420,1999,0,969,969
330420,2000,0,852,852
330420,2001,0,792,792
330420,2002,0,801,801
330420,2003,0,801,801
330420,2004,0,447,447
330420,2005,0,447,447
330420,2006,0,420,420
330420,2007,0,392,392
330420,2008,0,392,392
330420,2009,0,392,392
330420,2010,0,392,392
330420,2011,0,572,572
330420,2012,0,569,569
330420,2013,0,569,569
330420,2014,0,28,28
330420,2015,0,155,155
330420,2016,0,161,161
330420,2017,0,161,161
330420,2018,0,161,161
330420,2019,0,161,161
330420,2020,0,43,43
330420,2021,0,43,43
330430,1988,0,9956,9956
330430,1989,0,10633,10633
330430,1990,0,10475,10475
330430,1991,0,10616,10616
330430,1992,0,10333,10333
330430,1993,0,10849,10849
330430,1994,0,10776,10776
330430,1995,0,10709,10709
330430,1996,0,6874,6874
330430,1997,0,6810,6810
330430,1998,0,4677,4677
330430,1999,0,3771,3771
330430,2000,0,3646,3646
330430,2001,0,2890,2890
330430,2002,0,2600,2600
330430,2003,0,2543,2543
330430,2004,0,2515,2515
330430,2005,0,2641,2641
330430,2006,0,2642,2642
330430,2007,0,2655,2655
330430,2008,0,2655,2655
330430,2009,0,2655,2655
330430,2010,0,2655,2655
330430,2011,0,2486,2486
330430,2012,0,2559,2559
330430,2013,0,2391,2391
330430,2014,0,2236,2236
330430,2015,0,2066,2066
330430,2016,0,2062,2062
330430,2017,0,2683,2683
330430,2018,0,2367,2367
330430,2019,0,2622,2622
330430,2020,0,2620,2620
330430,2021,0,2620,2620
330440,1988,0,4089,4089
330440,1989,0,3481,3481
330440,1990,0,1862,1862
330440,1991,0,724,724
330440,1992,0,625,625
330440,1993,0,670,670
330440,1994,0,740,740
330440,1995,0,740,740
330440,1996,0,1137,1137
330440,1997,0,1128,1128
330440,1998,0,1153,1153
330440,1999,0,1073,1073
330440,2000,0,965,965
330440,2001,0,1175,1175
330440,2002,0,1075,1075
330440,2003,0,965,965
330440,2004,0,974,974
330440,2005,0,988,988
330440,2006,0,1028,1028
330440,2007,0,996,996
330440,2008,0,896,896
330440,2009,0,865,865
330440,2010,0,839,839
330440,2011,0,822,822
330440,2012,0,516,516
330440,2013,0,506,506
330440,2014,0,520,520
330440,2015,0,519,519
330440,2016,0,446,446
330440,2017,0,394,394
330440,2018,0,355,355
330440,2019,0,269,269
330440,2020,0,242,242
330440,2021,0,241,241
330450,1988,0,798,798
330450,1989,0,1041,1041
330450,1990,0,1421,1421
330450,1991,0,1720,1720
330450,1992,0,1639,1639
330450,1993,0,1534,1534
330450,1994,0,1549,1549
330450,1995,0,989,989
330450,1996,0,392,392
330450,1997,0,392,392
330450,1998,0,391,391
330450,1999,0,391,391
330450,2000,0,387,387
330450,2001,0,380,380
330450,2002,0,83,83
330450,2003,0,182,182
330450,2004,0,97,97
330450,2005,0,98,98
330450,2006,0,111,111
330450,2007,0,111,111
330450,2008,0,140,140
330450,2009,0,140,140
330450,2010,0,140,140
330450,2011,0,157,157
330450,2012,0,143,143
330450,2013,0,112,112
330450,2014,0,30,30
330450,2015,0,30,30
330450,2016,0,36,36
330450,2017,0,28,28
330450,2018,0,23,23
330450,2019,0,33,33
330450,2020,0,26,26
330450,2021,0,26,26
330455,1988,0,3307,3307
330455,1989,0,4194,4194
330455,1990,0,3989,3989
330455,1991,0,3728,3728
330455,1992,0,2060,2060
330455,1993,0,1844,1844
330455,1994,0,2050,2050
330455,1995,0,2363,2363
330455,1996,0,2335,2335
330455,1997,0,2333,2333
330455,1998,0,2333,2333
330455,1999,0,2333,2333
330455,2000,0,2329,2329
330455,2001,0,2012,2012
330455,2002,0,2228,2228
330455,2003,0,2193,2193
330455,2004,0,2269,2269
330455,2005,0,2269,2269
330455,2006,0,2269,2269
330455,2007,0,2269,2269
330455,2008,0,2375,2375
330455,2009,0,2380,2380
330455,2010,0,2380,2380
330455,2011,0,2435,2435
330455,2012,0,2435,2435
330455,2013,0,2435,2435
330455,2014,0,2306,2306
330455,2015,0,2021,2021
330455,2016,0,2292,2292
330455,2017,0,2098,2098
330455,2018,0,2076,2076
330455,2019,0,2172,2172
330455,2020,0,2090,2090
330455,2021,0,2096,2096
330460,1988,0,2775,2775
330460,1989,0,2142,2142
330460,1990,0,1756,1756
330460,1991,0,1656,1656
330460,1992,0,1560,1560
330460,1993,0,1581,1581
330460,1994,0,1581,1581
330460,1995,0,1473,1473
330460,1996,0,1470,1470
330460,1997,0,1381,1381
330460,1998,0,1540,1540
330460,1999,0,1767,1767
330460,2000,0,1748,1748
330460,2001,0,1747,1747
330460,2002,0,1747,1747
330460,2003,0,1667,1667
330460,2004,0,1467,1467
330460,2005,0,1424,1424
330460,2006,0,1414,1414
330460,2007,0,1321,1321
330460,2008,0,1321,1321
330460,2009,0,1261,1261
330460,2010,0,1269,1269
330460,2011,0,1239,1239
330460,2012,0,943,943
330460,2013,0,763,763
330460,2014,0,167,167
330460,2015,0,169,169
330460,2016,0,152,152
330460,2017,0,142,142
330460,2018,0,269,269
330460,2019,0,151,151
330460,2020,0,192,192
330460,2021,0,192,192
330470,1988,0,3849,3849
330470,1989,0,3905,3905
330470,1990,0,3177,3177
330470,1991,0,1371,1371
330470,1992,0,1466,1466
330470,1993,0,1529,1529
330470,1994,0,1577,1577
330470,1995,0,1456,1456
330470,1996,0,1378,1378
330470,1997,0,1625,1625
330470,1998,0,1232,1232
330470,1999,0,1226,1226
330470,2000,0,1267,1267
330470,2001,0,1028,1028
330470,2002,0,948,948
330470,2003,0,986,986
330470,2004,0,982,982
330470,2005,0,986,986
330470,2006,0,948,948
330470,2007,0,908,908
330470,2008,0,934,934
330470,2009,0,914,914
330470,2010,0,868,868
330470,2011,0,815,815
330470,2012,0,772,772
330470,2013,0,747,747
330470,2014,0,702,702
330470,2015,0,361,361
330470,2016,0,111,111
330470,2017,0,149,149
330470,2018,0,150,150
330470,2019,0,172,172
330470,2020,0,176,176
330470,2021,0,165,165
330480,1988,0,10610,10610
330480,1989,0,11292,11292
330480,1990,0,10813,10813
330480,1991,0,9029,9029
330480,1992,0,9693,9693
330480,1993,0,8274,8274
330480,1994,0,8005,8005
330480,1995,0,6262,6262
330480,1996,0,5068,5068
330480,1997,0,4882,4882
330480,1998,0,5056,5056
330480,1999,0,4593,4593
330480,2000,0,4172,4172
330480,2001,0,3825,3825
330480,2002,0,3428,3428
330480,2003,0,3139,3139
330480,2004,0,3249,3249
330480,2005,0,3315,3315
330480,2006,0,3055,3055
330480,2007,0,3101,3101
330480,2008,0,3045,3045
330480,2009,0,3240,3240
330480,2010,0,2161,2161
330480,2011,0,1504,1504
330480,2012,0,1032,1032
330480,2013,0,693,693
330480,2014,0,682,682
330480,2015,0,459,459
330480,2016,0,459,459
330480,2017,0,246,246
330480,2018,0,246,246
330480,2019,0,272,272
330480,2020,0,256,256
330480,2021,0,259,259
330490,1988,0,530,530
330490,1989,0,530,530
330490,1990,0,530,530
330490,1991,0,536,536
330490,1992,0,543,543
330490,1993,0,661,661
330490,1994,0,661,661
330490,1995,0,661,661
330490,1996,0,513,513
330490,1997,0,510,510
330490,1998,0,353,353
330490,1999,0,340,340
330490,2000,0,348,348
330490,2001,0,345,345
330490,2002,0,195,195
330490,2003,0,196,196
330490,2004,0,168,168
330490,2005,0,163,163
330490,2006,0,163,163
330490,2007,0,143,143
330490,2008,0,143,143
330490,2009,0,143,143
330490,2010,0,143,143
330490,2011,0,143,143
330490,2012,0,193,193
330490,2013,0,158,158
330490,2014,0,173,173
330490,2015,0,245,245
330490,2016,0,285,285
330490,2017,0,296,296
330490,2018,0,282,282
330490,2019,0,246,246
330490,2020,0,177,177
330490,2021,0,215,215
330500,1988,0,46227,46227
330500,1989,0,45281,45281
330500,1990,0,44052,44052
330500,1991,0,39939,39939
330500,1992,0,31067,31067
330500,1993,0,29882,29882
330500,1994,0,30325,30325
330500,1995,0,30366,30366
330500,1996,0,33310,33310
330500,1997,0,32716,32716
330500,1998,0,34104,34104
330500,1999,0,34237,34237
330500,2000,0,31792,31792
330500,2001,0,32143,32143
330500,2002,0,32142,32142
330500,2003,0,33644,33644
330500,2004,0,38330,38330
330500,2005,0,37336,37336
330500,2006,0,35636,35636
330500,2007,0,30037,30037
330500,2008,0,30687,30687
330500,2009,0,30785,30785
330500,2010,0,34446,34446
330500,2011,0,25604,25604
330500,2012,0,42089,42089
330500,2013,0,31809,31809
330500,2014,0,28476,28476
330500,2015,0,29951,29951
330500,2016,0,24001,24001
330500,2017,0,24310,24310
330500,2018,0,22221,22221
330500,2019,0,24963,24963
330500,2020,0,25811,25811
330500,2021,0,23051,23051
330515,1988,0,0,0
330515,1989,0,876,876
330515,1990,0,864,864
330515,1991,0,858,858
330515,1992,0,841,841
330515,1993,0,959,959
330515,1994,0,1209,1209
330515,1995,0,1217,1217
330515,1996,0,1315,1315
330515,1997,0,1247,1247
330515,1998,0,1264,1264
330515,1999,0,1227,1227
330515,2000,0,1204,1204
330515,2001,0,1137,1137
330515,2002,0,1137,1137
330515,2003,0,1150,1150
330515,2004,0,1212,1212
330515,2005,0,1210,1210
330515,2006,0,1221,1221
330515,2007,0,1133,1133
330515,2008,0,1133,1133
330515,2009,0,1150,1150
330515,2010,0,1150,1150
330515,2011,0,1132,1132
330515,2012,0,1093,1093
330515,2013,0,1167,1167
330515,2014,0,706,706
330515,2015,0,779,779
330515,2016,0,740,740
330515,2017,0,843,843
330515,2018,0,840,840
330515,2019,0,867,867
330515,2020,0,868,868
330515,2021,0,911,911
330520,1988,0,3552,3552
330520,1989,0,2564,2564
330520,1990,0,2651,2651
330520,1991,0,1693,1693
330520,1992,0,1498,1498
330520,1993,0,1540,1540
330520,1994,0,1552,1552
330520,1995,0,687,687
330520,1996,0,453,453
330520,1997,0,413,413
330520,1998,0,451,451
330520,1999,0,488,488
330520,2000,0,452,452
330520,2001,0,362,362
330520,2002,0,410,410
330520,2003,0,410,410
330520,2004,0,386,386
330520,2005,0,326,326
330520,2006,0,326,326
330520,2007,0,326,326
330520,2008,0,173,173
330520,2009,0,171,171
330520,2010,0,176,176
330520,2011,0,184,184
330520,2012,0,173,173
330520,2013,0,177,177
330520,2014,0,172,172
330520,2015,0,461,461
330520,2016,0,1237,1237
330520,2017,0,1112,1112
330520,2018,0,1015,1015
330520,2019,0,871,871
330520,2020,0,928,928
330520,2021,0,739,739
330540,1988,0,622,622
330540,1989,0,512,512
330540,1990,0,445,445
330540,1991,0,432,432
330540,1992,0,460,460
330540,1993,0,537,537
330540,1994,0,572,572
330540,1995,0,460,460
330540,1996,0,551,551
330540,1997,0,493,493
330540,1998,0,491,491
330540,1999,0,486,486
330540,2000,0,451,451
330540,2001,0,443,443
330540,2002,0,465,465
330540,2003,0,463,463
330540,2004,0,410,410
330540,2005,0,416,416
330540,2006,0,396,396
330540,2007,0,321,321
330540,2008,0,281,281
330540,2009,0,293,293
330540,2010,0,353,353
330540,2011,0,352,352
330540,2012,0,357,357
330540,2013,0,354,354
330540,2014,0,411,411
330540,2015,0,266,266
330540,2016,0,271,271
330540,2017,0,261,261
330540,2018,0,272,272
330540,2019,0,251,251
330540,2020,0,261,261
330540,2021,0,261,261
330550,1988,0,2624,2624
330550,1989,0,2168,2168
330550,1990,0,2075,2075
330550,1991,0,2110,2110
330550,1992,0,2152,2152
330550,1993,0,2067,2067
330550,1994,0,1891,1891
330550,1995,0,1946,1946
330550,1996,0,2239,2239
330550,1997,0,2058,2058
330550,1998,0,2047,2047
330550,1999,0,2063,2063
330550,2000,0,2147,2147
330550,2001,0,2245,2245
330550,2002,0,2143,2143
330550,2003,0,2136,2136
330550,2004,0,2300,2300
330550,2005,0,2319,2319
330550,2006,0,2319,2319
330550,2007,0,1692,1692
330550,2008,0,1829,1829
330550,2009,0,1863,1863
330550,2010,0,1864,1864
330550,2011,0,1865,1865
330550,2012,0,1816,1816
330550,2013,0,1759,1759
330550,2014,0,1598,1598
330550,2015,0,1561,1561
330550,2016,0,1090,1090
330550,2017,0,952,952
330550,2018,0,957,957
330550,2019,0,806,806
330550,2020,0,383,383
330550,2021,0,352,352
330560,1988,0,6445,6445
330560,1989,0,6354,6354
330560,1990,0,5388,5388
330560,1991,0,4399,4399
330560,1992,0,4489,4489
330560,1993,0,3570,3570
330560,1994,0,3377,3377
330560,1995,0,3435,3435
330560,1996,0,3247,3247
330560,1997,0,3047,3047
330560,1998,0,2746,2746
330560,1999,0,2613,2613
330560,2000,0,2621,2621
330560,2001,0,2764,2764
330560,2002,0,2167,2167
330560,2003,0,2286,2286
330560,2004,0,2391,2391
330560,2005,0,2480,2480
330560,2006,0,2446,2446
330560,2007,0,2453,2453
330560,2008,0,2401,2401
330560,2009,0,2422,2422
330560,2010,0,2422,2422
330560,2011,0,2625,2625
330560,2012,0,2661,2661
330560,2013,0,2686,2686
330560,2014,0,2659,2659
330560,2015,0,1617,1617
330560,2016,0,900,900
330560,2017,0,1277,1277
330560,2018,0,1214,1214
330560,2019,0,1425,1425
330560,2020,0,1521,1521
330560,2021,0,1521,1521
330570,1988,0,1301,1301
330570,1989,0,1244,1244
330570,1990,0,1343,1343
330570,1991,0,1320,1320
330570,1992,0,1290,1290
330570,1993,0,1257,1257
330570,1994,0,1211,1211
330570,1995,0,1160,1160
330570,1996,0,1034,1034
330570,1997,0,1083,1083
330570,1998,0,1053,1053
330570,1999,0,1066,1066
330570,2000,0,1072,1072
330570,2001,0,1006,1006
330570,2002,0,939,939
330570,2003,0,865,865
330570,2004,0,894,894
330570,2005,0,951,951
330570,2006,0,957,957
330570,2007,0,957,957
330570,2008,0,852,852
330570,2009,0,837,837
330570,2010,0,837,837
330570,2011,0,908,908
330570,2012,0,983,983
330570,2013,0,983,983
330570,2014,0,1023,1023
330570,2015,0,706,706
330570,2016,0,704,704
330570,2017,0,618,618
330570,2018,0,510,510
330570,2019,0,510,510
330570,2020,0,815,815
330570,2021,0,1075,1075
330580,1988,0,969,969
330580,1989,0,791,791
330580,1990,0,732,732
330580,1991,0,792,792
330580,1992,0,752,752
330580,1993,0,731,731
330580,1994,0,743,743
330580,1995,0,600,600
330580,1996,0,598,598
330580,1997,0,551,551
330580,1998,0,558,558
330580,1999,0,463,463
330580,2000,0,472,472
330580,2001,0,394,394
330580,2002,0,632,632
330580,2003,0,637,637
330580,2004,0,805,805
330580,2005,0,818,818
330580,2006,0,818,818
330580,2007,0,765,765
330580,2008,0,765,765
330580,2009,0,765,765
330580,2010,0,705,705
330580,2011,0,683,683
330580,2012,0,694,694
330580,2013,0,643,643
330580,2014,0,488,488
330580,2015,0,498,498
330580,2016,0,393,393
330580,2017,0,493,493
330580,2018,0,460,460
330580,2019,0,451,451
330580,2020,0,450,450
330580,2021,0,462,462
330590,1988,0,1863,1863
330590,1989,0,2574,2574
330590,1990,0,2378,2378
330590,1991,0,2172,2172
330590,1992,0,2146,2146
330590,1993,0,2143,2143
330590,1994,0,2228,2228
330590,1995,0,1805,1805
330590,1996,0,2106,2106
330590,1997,0,2080,2080
330590,1998,0,1977,1977
330590,1999,0,2313,2313
330590,2000,0,2313,2313
330590,2001,0,2317,2317
330590,2002,0,2016,2016
330590,2003,0,2048,2048
330590,2004,0,1887,1887
330590,2005,0,1836,1836
330590,2006,0,1836,1836
330590,2007,0,1836,1836
330590,2008,0,1813,1813
330590,2009,0,1793,1793
330590,2010,0,1793,1793
330590,2011,0,1793,1793
330590,2012,0,2198,2198
330590,2013,0,2198,2198
330590,2014,0,2114,2114
330590,2015,0,1890,1890
330590,2016,0,1734,1734
330590,2017,0,575,575
330590,2018,0,452,452
330590,2019,0,753,753
330590,2020,0,768,768
330590,2021,0,807,807
330600,1988,0,572,572
330600,1989,0,826,826
330600,1990,0,610,610
330600,1991,0,557,557
330600,1992,0,633,633
330600,1993,0,603,603
330600,1994,0,594,594
330600,1995,0,733,733
330600,1996,0,616,616
330600,1997,0,578,578
330600,1998,0,680,680
330600,1999,0,622,622
330600,2000,0,494,494
330600,2001,0,367,367
330600,2002,0,482,482
330600,2003,0,473,473
330600,2004,0,457,457
330600,2005,0,450,450
330600,2006,0,380,380
330600,2007,0,383,383
330600,2008,0,316,316
330600,2009,0,244,244
330600,2010,0,221,221
330600,2011,0,200,200
330600,2012,0,194,194
330600,2013,0,100,100
330600,2014,0,84,84
330600,2015,0,86,86
330600,2016,0,89,89
330600,2017,0,61,61
330600,2018,0,60,60
330600,2019,0,54,54
330600,2020,0,57,57
330600,2021,0,65,65
330610,1988,0,3607,3607
330610,1989,0,4001,4001
330610,1990,0,4866,4866
330610,1991,0,4866,4866
330610,1992,0,2988,2988
330610,1993,0,2461,2461
330610,1994,0,2770,2770
330610,1995,0,2263,2263
330610,1996,0,2191,2191
330610,1997,0,2144,2144
330610,1998,0,2141,2141
330610,1999,0,2141,2141
330610,2000,0,2141,2141
330610,2001,0,2079,2079
330610,2002,0,1638,1638
330610,2003,0,1633,1633
330610,2004,0,1521,1521
330610,2005,0,657,657
330610,2006,0,527,527
330610,2007,0,527,527
330610,2008,0,374,374
330610,2009,0,364,364
330610,2010,0,384,384
330610,2011,0,384,384
330610,2012,0,385,385
330610,2013,0,303,303
330610,2014,0,128,128
330610,2015,0,148,148
330610,2016,0,37,37
330610,2017,0,97,97
330610,2018,0,333,333
330610,2019,0,211,211
330610,2020,0,141,141
330610,2021,0,264,264
330620,1988,0,1466,1466
330620,1989,0,661,661
330620,1990,0,744,744
330620,1991,0,744,744
330620,1992,0,678,678
330620,1993,0,716,716
330620,1994,0,698,698
330620,1995,0,715,715
330620,1996,0,1196,1196
330620,1997,0,1184,1184
330620,1998,0,1174,1174
330620,1999,0,1174,1174
330620,2000,0,1174,1174
330620,2001,0,1154,1154
330620,2002,0,944,944
330620,2003,0,944,944
330620,2004,0,928,928
330620,2005,0,332,332
330620,2006,0,354,354
330620,2007,0,354,354
330620,2008,0,168,168
330620,2009,0,168,168
330620,2010,0,168,168
330620,2011,0,171,171
330620,2012,0,168,168
330620,2013,0,155,155
330620,2014,0,186,186
330620,2015,0,192,192
330620,2016,0,216,216
330620,2017,0,233,233
330620,2018,0,154,154
330620,2019,0,118,118
330620,2020,0,156,156
330620,2021,0,136,136
330630,1988,0,144,144
330630,1989,0,48,48
330630,1990,0,47,47
330630,1991,0,54,54
330630,1992,0,94,94
330630,1993,0,62,62
330630,1994,0,63,63
330630,1995,0,63,63
330630,1996,0,183,183
330630,1997,0,186,186
330630,1998,0,170,170
330630,1999,0,165,165
330630,2000,0,155,155
330630,2001,0,149,149
330630,2002,0,167,167
330630,2003,0,166,166
330630,2004,0,171,171
330630,2005,0,169,169
330630,2006,0,170,170
330630,2007,0,159,159
330630,2008,0,148,148
330630,2009,0,129,129
330630,2010,0,135,135
330630,2011,0,127,127
330630,2012,0,121,121
330630,2013,0,115,115
330630,2014,0,97,97
330630,2015,0,83,83
330630,2016,0,81,81
330630,2017,0,71,71
330630,2018,0,63,63
330630,2019,0,43,43
330630,2020,0,14,14
330630,2021,0,13,13
350010,1988,0,13913,13913
350010,1989,0,13083,13083
350010,1990,0,14030,14030
350010,1991,0,12483,12483
350010,1992,0,10703,10703
350010,1993,0,9507,9507
350010,1994,0,10016,10016
350010,1995,0,9819,9819
350010,1996,530,10747,10217
350010,1997,484,10923,10439
350010,1998,200,10571,10371
350010,1999,48,11059,11011
350010,2000,0,9796,9796
350010,2001,0,12473,12473
350010,2002,600,14605,14005
350010,2003,611,13559,12948
350010,2004,638,14779,14141
350010,2005,500,14339,13839
350010,2006,50,12864,12814
350010,2007,50,14173,14123
350010,2008,0,15758,15758
350010,2009,0,16083,16083
350010,2010,0,15877,15877
350010,2011,0,15405,15405
350010,2012,0,15300,15300
350010,2013,0,15162,15162
350010,2014,0,14302,14302
350010,2015,0,14755,14755
350010,2016,100,14394,14294
350010,2017,300,14699,14399
350010,2018,300,14893,14593
350010,2019,400,14508,14108
350010,2020,500,13059,12559
350010,2021,450,15348,14898
350020,1988,80,5060,4980
350020,1989,355,5178,4823
350020,1990,335,6140,5805
350020,1991,0,5670,5670
350020,1992,0,7464,7464
350020,1993,18,5241,5223
350020,1994,80,8371,8291
350020,1995,36,6130,6094
350020,1996,150,5583,5433
350020,1997,121,5162,5041
350020,1998,146,6112,5966
350020,1999,150,6181,6031
350020,2000,0,5038,5038
350020,2001,0,13864,13864
350020,2002,0,5012,5012
350020,2003,96,6720,6624
350020,2004,258,7219,6961
350020,2005,400,7048,6648
350020,2006,400,6640,6240
350020,2007,145,9235,9090
350020,2008,86,9913,9827
350020,2009,100,8725,8625
350020,2010,200,9072,8872
350020,2011,200,9062,8862
350020,2012,150,8801,8651
350020,2013,195,8489,8294
350020,2014,195,9569,9374
350020,2015,184,8595,8411
350020,2016,536,8287,7751
350020,2017,416,9755,9339
350020,2018,748,9455,8707
350020,2019,694,10275,9581
350020,2020,400,8525,8125
350020,2021,480,8585,8105
350030,1988,3500,17767,14267
350030,1989,4095,18312,14217
350030,1990,3000,17398,14398
350030,1991,3500,18134,14634
350030,1992,3000,16278,13278
350030,1993,3000,16381,13381
350030,1994,3000,17430,14430
350030,1995,3000,16807,13807
350030,1996,3000,20857,17857
350030,1997,3000,13497,10497
350030,1998,3000,18485,15485
350030,1999,2800,18789,15989
350030,2000,1600,28591,26991
350030,2001,1600,17663,16063
350030,2002,1550,28374,26824
350030,2003,1400,32630,31230
350030,2004,1300,36544,35244
350030,2005,1200,36342,35142
350030,2006,1200,37776,36576
350030,2007,1000,38300,37300
350030,2008,960,37375,36415
350030,2009,650,41235,40585
350030,2010,600,30525,29925
350030,2011,700,33285,32585
350030,2012,650,33831,33181
350030,2013,750,33035,32285
350030,2014,750,33545,32795
350030,2015,850,33387,32537
350030,2016,850,31312,30462
350030,2017,1150,31346,30196
350030,2018,2000,28810,26810
350030,2019,3000,29564,26564
350030,2020,3000,29034,26034
350030,2021,3000,28919,25919
350040,1988,0,1929,1929
350040,1989,0,1751,1751
350040,1990,0,2008,2008
350040,1991,0,2528,2528
350040,1992,0,2483,2483
350040,1993,0,2386,2386
350040,1994,0,2095,2095
350040,1995,0,1999,1999
350040,1996,0,2051,2051
350040,1997,0,1796,1796
350040,1998,0,1855,1855
350040,1999,0,1920,1920
350040,2000,0,1990,1990
350040,2001,0,1458,1458
350040,2002,0,1840,1840
350040,2003,0,1778,1778
350040,2004,0,1786,1786
350040,2005,0,1830,1830
350040,2006,0,1830,1830
350040,2007,0,1740,1740
350040,2008,0,1713,1713
350040,2009,0,1900,1900
350040,2010,0,1860,1860
350040,2011,0,1865,1865
350040,2012,0,1870,1870
350040,2013,0,2669,2669
350040,2014,0,1813,1813
350040,2015,0,1745,1745
350040,2016,0,1808,1808
350040,2017,0,1387,1387
350040,2018,0,1694,1694
350040,2019,0,1724,1724
350040,2020,0,1585,1585
350040,2021,0,1585,1585
350050,1988,0,1518,1518
350050,1989,0,1588,1588
350050,1990,0,1413,1413
350050,1991,0,1437,1437
350050,1992,0,1306,1306
350050,1993,0,1196,1196
350050,1994,0,678,678
350050,1995,0,673,673
350050,1996,0,681,681
350050,1997,0,704,704
350050,1998,0,733,733
350050,1999,0,735,735
350050,2000,0,596,596
350050,2001,0,559,559
350050,2002,0,588,588
350050,2003,0,580,580
350050,2004,0,577,577
350050,2005,0,595,595
350050,2006,0,664,664
350050,2007,0,657,657
350050,2008,0,649,649
350050,2009,0,656,656
350050,2010,0,656,656
350050,2011,0,616,616
350050,2012,0,616,616
350050,2013,0,616,616
350050,2014,0,616,616
350050,2015,0,622,622
350050,2016,0,625,625
350050,2017,23,474,451
350050,2018,0,451,451
350050,2019,0,447,447
350050,2020,0,447,447
350050,2021,0,447,447
350055,1988,1000,8876,7876
350055,1989,2500,13518,11018
350055,1990,1500,11080,9580
350055,1991,1000,8075,7075
350055,1992,80,10510,10430
350055,1993,1275,7942,6667
350055,1994,2000,7777,5777
350055,1995,1350,6280,4930
350055,1996,1900,10369,8469
350055,1997,5500,14477,8977
350055,1998,4800,11624,6824
350055,1999,4250,13002,8752
350055,2000,4100,9596,5496
350055,2001,4100,10719,6619
350055,2002,4600,11017,6417
350055,2003,6200,13758,7558
350055,2004,6100,14196,8096
350055,2005,5300,12643,7343
350055,2006,2850,10429,7579
350055,2007,3340,13553,10213
350055,2008,2280,12143,9863
350055,2009,7400,27505,20105
350055,2010,2220,23288,21068
350055,2011,1250,21983,20733
350055,2012,2300,29592,27292
350055,2013,2360,28852,26492
350055,2014,2360,28852,26492
350055,2015,2550,25022,22472
350055,2016,3800,31162,27362
350055,2017,4060,33164,29104
350055,2018,7150,36052,28902
350055,2019,10173,44591,34418
350055,2020,9500,42349,32849
350055,2021,13454,47957,34503
350060,1988,0,0,0
350060,1989,0,0,0
350060,1990,0,0,0
350060,1991,0,0,0
350060,1992,0,0,0
350060,1993,0,0,0
350060,1994,0,0,0
350060,1995,0,0,0
350060,1996,0,0,0
350060,1997,0,0,0
350060,1998,0,0,0
350060,1999,0,0,0
350060,2000,0,0,0
350060,2001,0,0,0
350060,2002,0,0,0
350060,2003,0,0,0
350060,2004,0,0,0
350060,2005,0,0,0
350060,2006,0,0,0
350060,2007,0,0,0
350060,2008,0,0,0
350060,2009,0,0,0
350060,2010,0,1,1
350060,2011,0,0,0
350060,2012,0,1,1
350060,2013,0,0,0
350060,2014,0,0,0
350060,2015,0,0,0
350060,2016,0,0,0
350060,2017,0,0,0
350060,2018,0,0,0
350060,2019,0,0,0
350060,2020,0,0,0
350060,2021,0,0,0
350070,1988,0,9279,9279
350070,1989,0,6989,6989
350070,1990,0,7468,7468
350070,1991,0,7448,7448
350070,1992,0,9903,9903
350070,1993,0,8965,8965
350070,1994,0,8714,8714
350070,1995,0,11447,11447
350070,1996,0,11348,11348
350070,1997,0,16374,16374
350070,1998,0,12928,12928
350070,1999,0,12615,12615
350070,2000,0,12375,12375
350070,2001,0,11758,11758
350070,2002,0,11137,11137
350070,2003,252,12452,12200
350070,2004,317,8164,7847
350070,2005,227,9180,8953
350070,2006,0,13180,13180
350070,2007,0,14020,14020
350070,2008,0,16452,16452
350070,2009,0,19257,19257
350070,2010,0,16027,16027
350070,2011,0,17566,17566
350070,2012,0,19637,19637
350070,2013,0,19755,19755
350070,2014,0,18393,18393
350070,2015,0,16872,16872
350070,2016,0,19525,19525
350070,2017,150,17598,17448
350070,2018,220,17689,17469
350070,2019,695,18609,17914
350070,2020,1757,15922,14165
350070,2021,935,11474,10539
350080,1988,0,3779,3779
350080,1989,0,2941,2941
350080,1990,0,3586,3586
350080,1991,0,3425,3425
350080,1992,0,3430,3430
350080,1993,0,3699,3699
350080,1994,0,2965,2965
350080,1995,0,2095,2095
350080,1996,0,1937,1937
350080,1997,0,1564,1564
350080,1998,0,1154,1154
350080,1999,0,1567,1567
350080,2000,0,1277,1277
350080,2001,0,1438,1438
350080,2002,0,1088,1088
350080,2003,0,798,798
350080,2004,0,856,856
350080,2005,0,711,711
350080,2006,0,515,515
350080,2007,0,614,614
350080,2008,0,776,776
350080,2009,0,535,535
350080,2010,0,624,624
350080,2011,0,676,676
350080,2012,0,469,469
350080,2013,0,328,328
350080,2014,0,358,358
350080,2015,0,342,342
350080,2016,0,457,457
350080,2017,0,466,466
350080,2018,0,416,416
350080,2019,0,411,411
350080,2020,0,461,461
350080,2021,0,478,478
350090,1988,1000,9705,8705
350090,1989,1400,13850,12450
350090,1990,1200,11030,9830
350090,1991,1000,11730,10730
350090,1992,1000,10280,9280
350090,1993,600,12459,11859
350090,1994,1250,13899,12649
350090,1995,500,12021,11521
350090,1996,720,13400,12680
350090,1997,850,14430,13580
350090,1998,800,12321,11521
350090,1999,1000,13378,12378
350090,2000,300,13009,12709
350090,2001,500,12534,12034
350090,2002,500,14173,13673
350090,2003,850,15826,14976
350090,2004,850,16556,15706
350090,2005,700,17084,16384
350090,2006,435,16099,15664
350090,2007,400,18065,17665
350090,2008,400,18040,17640
350090,2009,500,24839,24339
350090,2010,600,20860,20260
350090,2011,600,25775,25175
350090,2012,550,24779,24229
350090,2013,470,35142,34672
350090,2014,470,38142,37672
350090,2015,470,35142,34672
350090,2016,400,58745,58345
350090,2017,400,58202,57802
350090,2018,400,21593,21193
350090,2019,300,18840,18540
350090,2020,600,18771,18171
350090,2021,1000,19521,18521
350100,1988,3500,25407,21907
350100,1989,3000,26175,23175
350100,1990,3000,26440,23440
350100,1991,2500,25231,22731
350100,1992,2500,25505,23005
350100,1993,2100,16781,14681
350100,1994,2100,28168,26068
350100,1995,2100,28265,26165
350100,1996,1000,31967,30967
350100,1997,1000,28892,27892
350100,1998,1600,30057,28457
350100,1999,1600,30248,28648
350100,2000,1600,28365,26765
350100,2001,1300,25392,24092
350100,2002,1800,24129,22329
350100,2003,2000,24159,22159
350100,2004,2500,26312,23812
350100,2005,2500,27682,25182
350100,2006,2000,26726,24726
350100,2007,500,26177,25677
350100,2008,1150,26763,25613
350100,2009,330,37723,37393
350100,2010,400,38039,37639
350100,2011,400,40042,39642
350100,2012,800,19321,18521
350100,2013,1680,28985,27305
350100,2014,1680,36987,35307
350100,2015,2200,43071,40871
350100,2016,2200,44247,42047
350100,2017,1800,43148,41348
350100,2018,1800,43430,41630
350100,2019,2100,39500,37400
350100,2020,2240,39500,37260
350100,2021,2240,39500,37260
350110,1988,0,5035,5035
350110,1989,0,4988,4988
350110,1990,0,3852,3852
350110,1991,0,5110,5110
350110,1992,0,8827,8827
350110,1993,0,8728,8728
350110,1994,0,8412,8412
350110,1995,0,6441,6441
350110,1996,0,4917,4917
350110,1997,0,5966,5966
350110,1998,0,6262,6262
350110,1999,0,4916,4916
350110,2000,0,5228,5228
350110,2001,0,2190,2190
350110,2002,0,8289,8289
350110,2003,0,9567,9567
350110,2004,0,9204,9204
350110,2005,95,6037,5942
350110,2006,0,9508,9508
350110,2007,0,9415,9415
350110,2008,0,10103,10103
350110,2009,0,34,34
350110,2010,0,16133,16133
350110,2011,0,15912,15912
350110,2012,0,13175,13175
350110,2013,0,13037,13037
350110,2014,0,18307,18307
350110,2015,0,13269,13269
350110,2016,0,12196,12196
350110,2017,0,12806,12806
350110,2018,0,13208,13208
350110,2019,0,17350,17350
350110,2020,0,14427,14427
350110,2021,320,9383,9063
350120,1988,0,11282,11282
350120,1989,0,9836,9836
350120,1990,0,8366,8366
350120,1991,0,9040,9040
350120,1992,0,7500,7500
350120,1993,0,4664,4664
350120,1994,0,4466,4466
350120,1995,0,4410,4410
350120,1996,0,3637,3637
350120,1997,0,5372,5372
350120,1998,0,3341,3341
350120,1999,0,2971,2971
350120,2000,0,2002,2002
350120,2001,0,2544,2544
350120,2002,0,3125,3125
350120,2003,300,3639,3339
350120,2004,436,4470,4034
350120,2005,400,4458,4058
350120,2006,500,5083,4583
350120,2007,500,4752,4252
350120,2008,400,5575,5175
350120,2009,0,3755,3755
350120,2010,0,2785,2785
350120,2011,300,4391,4091
350120,2012,300,8249,7949
350120,2013,463,10223,9760
350120,2014,463,11294,10831
350120,2015,201,11199,10998
350120,2016,442,11031,10589
350120,2017,512,13616,13104
350120,2018,492,15718,15226
350120,2019,680,11927,11247
350120,2020,680,11219,10539
350120,2021,1200,11339,10139
350130,1988,0,4326,4326
350130,1989,0,3728,3728
350130,1990,0,3384,3384
350130,1991,0,1570,1570
350130,1992,0,3389,3389
350130,1993,0,2045,2045
350130,1994,0,3782,3782
350130,1995,0,2797,2797
350130,1996,0,2625,2625
350130,1997,0,2112,2112
350130,1998,0,2375,2375
350130,1999,0,2514,2514
350130,2000,0,2302,2302
350130,2001,0,2267,2267
350130,2002,0,2345,2345
350130,2003,0,1982,1982
350130,2004,0,2282,2282
350130,2005,0,3067,3067
350130,2006,0,3018,3018
350130,2007,0,2079,2079
350130,2008,0,1577,1577
350130,2009,0,1538,1538
350130,2010,0,1418,1418
350130,2011,0,1482,1482
350130,2012,0,1779,1779
350130,2013,0,1372,1372
350130,2014,0,1224,1224
350130,2015,0,1017,1017
350130,2016,0,1244,1244
350130,2017,0,1213,1213
350130,2018,0,1063,1063
350130,2019,0,1063,1063
350130,2020,45,2207,2162
350130,2021,50,2067,2017
350140,1988,0,3721,3721
350140,1989,0,3173,3173
350140,1990,0,3208,3208
350140,1991,0,2895,2895
350140,1992,0,2119,2119
350140,1993,0,1952,1952
350140,1994,0,1558,1558
350140,1995,0,1242,1242
350140,1996,0,1395,1395
350140,1997,0,1154,1154
350140,1998,0,1142,1142
350140,1999,0,1377,1377
350140,2000,0,931,931
350140,2001,0,1631,1631
350140,2002,0,1799,1799
350140,2003,0,1704,1704
350140,2004,73,2079,2006
350140,2005,0,2422,2422
350140,2006,0,2204,2204
350140,2007,0,2251,2251
350140,2008,0,2674,2674
350140,2009,0,1808,1808
350140,2010,0,1463,1463
350140,2011,0,2556,2556
350140,2012,0,1943,1943
350140,2013,0,1545,1545
350140,2014,0,693,693
350140,2015,0,1660,1660
350140,2016,0,1999,1999
350140,2017,0,1827,1827
350140,2018,0,897,897
350140,2019,0,895,895
350140,2020,0,894,894
350140,2021,40,1272,1232
350150,1988,0,1675,1675
350150,1989,0,2158,2158
350150,1990,0,2131,2131
350150,1991,0,2294,2294
350150,1992,0,1876,1876
350150,1993,0,1622,1622
350150,1994,0,1237,1237
350150,1995,0,1255,1255
350150,1996,0,1055,1055
350150,1997,0,896,896
350150,1998,0,882,882
350150,1999,0,891,891
350150,2000,0,693,693
350150,2001,0,1078,1078
350150,2002,0,1028,1028
350150,2003,0,1015,1015
350150,2004,240,1052,812
350150,2005,240,2297,2057
350150,2006,300,2355,2055
350150,2007,500,2865,2365
350150,2008,272,1481,1209
350150,2009,860,1807,947
350150,2010,484,2004,1520
350150,2011,484,2168,1684
350150,2012,500,1817,1317
350150,2013,1000,2601,1601
350150,2014,0,1831,1831
350150,2015,300,2331,2031
350150,2016,0,1867,1867
350150,2017,300,2009,1709
350150,2018,300,2296,1996
350150,2019,300,2251,1951
350150,2020,0,1609,1609
350150,2021,0,1446,1446
350160,1988,0,2263,2263
350160,1989,0,2256,2256
350160,1990,0,2409,2409
350160,1991,0,2429,2429
350160,1992,0,2379,2379
350160,1993,0,2351,2351
350160,1994,0,2342,2342
350160,1995,0,2345,2345
350160,1996,0,2005,2005
350160,1997,0,2272,2272
350160,1998,0,2711,2711
350160,1999,0,2322,2322
350160,2000,0,2301,2301
350160,2001,0,2920,2920
350160,2002,0,2995,2995
350160,2003,0,1710,1710
350160,2004,0,1700,1700
350160,2005,0,1775,1775
350160,2006,0,2595,2595
350160,2007,0,2595,2595
350160,2008,0,2570,2570
350160,2009,550,2850,2300
350160,2010,550,3450,2900
350160,2011,0,2900,2900
350160,2012,0,2500,2500
350160,2013,0,2500,2500
350160,2014,0,1671,1671
350160,2015,0,1500,1500
350160,2016,0,1500,1500
350160,2017,0,1500,1500
350160,2018,0,1500,1500
350160,2019,0,2110,2110
350160,2020,0,2110,2110
350160,2021,0,2110,2110
350170,1988,0,10388,10388
350170,1989,600,11244,10644
350170,1990,450,11229,10779
350170,1991,320,10691,10371
350170,1992,150,11839,11689
350170,1993,150,10892,10742
350170,1994,170,10736,10566
350170,1995,170,10862,10692
350170,1996,170,10460,10290
350170,1997,60,8973,8913
350170,1998,0,10558,10558
350170,1999,0,7743,7743
350170,2000,0,8087,8087
350170,2001,0,7605,7605
350170,2002,100,7782,7682
350170,2003,100,7794,7694
350170,2004,0,7907,7907
350170,2005,0,7746,7746
350170,2006,0,7746,7746
350170,2007,0,7800,7800
350170,2008,0,10084,10084
350170,2009,0,9325,9325
350170,2010,250,9530,9280
350170,2011,250,9402,9152
350170,2012,250,9584,9334
350170,2013,250,9064,8814
350170,2014,250,9064,8814
350170,2015,0,8802,8802
350170,2016,0,8863,8863
350170,2017,0,9563,9563
350170,2018,0,8863,8863
350170,2019,0,8863,8863
350170,2020,0,8780,8780
350170,2021,0,8830,8830
350180,1988,1000,6396,5396
350180,1989,1000,6176,5176
350180,1990,1100,6042,4942
350180,1991,800,5136,4336
350180,1992,500,3645,3145
350180,1993,530,3449,2919
350180,1994,500,3523,3023
350180,1995,500,3664,3164
350180,1996,500,4486,3986
350180,1997,0,1100,1100
350180,1998,0,1058,1058
350180,1999,0,1156,1156
350180,2000,0,1015,1015
350180,2001,0,1096,1096
350180,2002,0,1246,1246
350180,2003,0,1598,1598
350180,2004,120,2847,2727
350180,2005,250,4368,4118
350180,2006,150,3412,3262
350180,2007,150,3848,3698
350180,2008,75,3905,3830
350180,2009,0,10374,10374
350180,2010,150,8595,8445
350180,2011,750,8532,7782
350180,2012,750,8386,7636
350180,2013,170,8121,7951
350180,2014,0,13455,13455
350180,2015,275,13651,13376
350180,2016,175,12780,12605
350180,2017,475,9325,8850
350180,2018,275,8774,8499
350180,2019,425,8963,8538
350180,2020,350,8874,8524
350180,2021,1300,9862,8562
350190,1988,0,10108,10108
350190,1989,0,11141,11141
350190,1990,0,10931,10931
350190,1991,0,9633,9633
350190,1992,0,8833,8833
350190,1993,0,7306,7306
350190,1994,0,7507,7507
350190,1995,0,9606,9606
350190,1996,0,11224,11224
350190,1997,0,21434,21434
350190,1998,0,7270,7270
350190,1999,0,7270,7270
350190,2000,0,6512,6512
350190,2001,0,6551,6551
350190,2002,0,6446,6446
350190,2003,0,6582,6582
350190,2004,0,5913,5913
350190,2005,0,6638,6638
350190,2006,0,6645,6645
350190,2007,0,7151,7151
350190,2008,0,7093,7093
350190,2009,0,7123,7123
350190,2010,0,7123,7123
350190,2011,0,6432,6432
350190,2012,0,6856,6856
350190,2013,0,6854,6854
350190,2014,0,6252,6252
350190,2015,0,6399,6399
350190,2016,0,5090,5090
350190,2017,0,5025,5025
350190,2018,0,5005,5005
350190,2019,0,5005,5005
350190,2020,48,4788,4740
350190,2021,48,4781,4733
350200,1988,145,4924,4779
350200,1989,530,4440,3910
350200,1990,530,5116,4586
350200,1991,430,5924,5494
350200,1992,80,4926,4846
350200,1993,150,3707,3557
350200,1994,0,4406,4406
350200,1995,0,3185,3185
350200,1996,0,2771,2771
350200,1997,180,5045,4865
350200,1998,180,5041,4861
350200,1999,200,5241,5041
350200,2000,200,4955,4755
350200,2001,100,4816,4716
350200,2002,0,5327,5327
350200,2003,0,4780,4780
350200,2004,0,4404,4404
350200,2005,0,4731,4731
350200,2006,0,4651,4651
350200,2007,0,4924,4924
350200,2008,0,5473,5473
350200,2009,0,6704,6704
350200,2010,0,6923,6923
350200,2011,0,6923,6923
350200,2012,0,8820,8820
350200,2013,0,8913,8913
350200,2014,350,10363,10013
350200,2015,350,11363,11013
350200,2016,350,11506,11156
350200,2017,544,11620,11076
350200,2018,544,11855,11311
350200,2019,544,12200,11656
350200,2020,600,12156,11556
350200,2021,600,11168,10568
350210,1988,300,13640,13340
350210,1989,0,11506,11506
350210,1990,0,11555,11555
350210,1991,0,18938,18938
350210,1992,0,17341,17341
350210,1993,0,11899,11899
350210,1994,0,9461,9461
350210,1995,780,10274,9494
350210,1996,360,4000,3640
350210,1997,400,5187,4787
350210,1998,400,9391,8991
350210,1999,0,11116,11116
350210,2000,50,9801,9751
350210,2001,30,12752,12722
350210,2002,0,15591,15591
350210,2003,1050,21757,20707
350210,2004,2000,40825,38825
350210,2005,1000,21940,20940
350210,2006,500,21524,21024
350210,2007,1260,24754,23494
350210,2008,800,36450,35650
350210,2009,1000,35493,34493
350210,2010,0,34817,34817
350210,2011,400,36931,36531
350210,2012,400,37592,37192
350210,2013,400,37887,37487
350210,2014,400,37639,37239
350210,2015,600,34320,33720
350210,2016,300,36512,36212
350210,2017,600,37004,36404
350210,2018,600,37714,37114
350210,2019,30,42551,42521
350210,2020,30,42551,42521
350210,2021,30,46571,46541
350220,1988,1500,15385,13885
350220,1989,500,7637,7137
350220,1990,800,10048,9248
350220,1991,500,7288,6788
350220,1992,1000,10711,9711
350220,1993,600,8461,7861
350220,1994,140,11351,11211
350220,1995,290,9767,9477
350220,1996,50,6651,6601
350220,1997,100,6493,6393
350220,1998,380,10926,10546
350220,1999,300,17256,16956
350220,2000,500,13185,12685
350220,2001,850,17226,16376
350220,2002,600,14970,14370
350220,2003,450,15101,14651
350220,2004,600,15660,15060
350220,2005,3900,20826,16926
350220,2006,2850,20657,17807
350220,2007,3870,24948,21078
350220,2008,2420,19400,16980
350220,2009,2800,19627,16827
350220,2010,4800,26288,21488
350220,2011,3900,27994,24094
350220,2012,4150,28950,24800
350220,2013,4400,30054,25654
350220,2014,7600,29459,21859
350220,2015,8000,30090,22090
350220,2016,8500,36958,28458
350220,2017,8500,36533,28033
350220,2018,11500,36499,24999
350220,2019,11500,33098,21598
350220,2020,11500,31371,19871
350220,2021,11750,32417,20667
350230,1988,0,5799,5799
350230,1989,0,6023,6023
350230,1990,0,5307,5307
350230,1991,0,4895,4895
350230,1992,0,5287,5287
350230,1993,0,5467,5467
350230,1994,0,4519,4519
350230,1995,0,4539,4539
350230,1996,0,3922,3922
350230,1997,0,6354,6354
350230,1998,0,6823,6823
350230,1999,0,6923,6923
350230,2000,0,8392,8392
350230,2001,0,8139,8139
350230,2002,0,9208,9208
350230,2003,0,10231,10231
350230,2004,0,10596,10596
350230,2005,0,11218,11218
350230,2006,0,10485,10485
350230,2007,0,12895,12895
350230,2008,0,14194,14194
350230,2009,0,15816,15816
350230,2010,0,12410,12410
350230,2011,600,13094,12494
350230,2012,200,11804,11604
350230,2013,0,13395,13395
350230,2014,150,13846,13696
350230,2015,230,14685,14455
350230,2016,230,14905,14675
350230,2017,150,14687,14537
350230,2018,0,14902,14902
350230,2019,0,14727,14727
350230,2020,0,14724,14724
350230,2021,230,14905,14675
350240,1988,70,5114,5044
350240,1989,120,3312,3192
350240,1990,120,3460,3340
350240,1991,80,2270,2190
350240,1992,0,2316,2316
350240,1993,0,1410,1410
350240,1994,0,1770,1770
350240,1995,0,1897,1897
350240,1996,0,1312,1312
350240,1997,0,1206,1206
350240,1998,0,1692,1692
350240,1999,0,1076,1076
350240,2000,0,1267,1267
350240,2001,0,1497,1497
350240,2002,0,1261,1261
350240,2003,0,2572,2572
350240,2004,360,2711,2351
350240,2005,650,2583,1933
350240,2006,900,2893,1993
350240,2007,900,3433,2533
350240,2008,350,5052,4702
350240,2009,100,4172,4072
350240,2010,100,6162,6062
350240,2011,100,2512,2412
350240,2012,50,7915,7865
350240,2013,120,10195,10075
350240,2014,150,8932,8782
350240,2015,300,9045,8745
350240,2016,300,9188,8888
350240,2017,400,11367,10967
350240,2018,400,10692,10292
350240,2019,400,10692,10292
350240,2020,1500,8889,7389
350240,2021,600,11150,10550
350250,1988,0,4505,4505
350250,1989,0,474,474
350250,1990,0,400,400
350250,1991,0,570,570
350250,1992,0,460,460
350250,1993,0,460,460
350250,1994,0,460,460
350250,1995,0,505,505
350250,1996,0,400,400
350250,1997,0,470,470
350250,1998,0,390,390
350250,1999,0,570,570
350250,2000,0,0,0
350250,2001,0,270,270
350250,2002,0,70,70
350250,2003,0,370,370
350250,2004,0,320,320
350250,2005,0,370,370
350250,2006,0,370,370
350250,2007,0,370,370
350250,2008,0,325,325
350250,2009,0,321,321
350250,2010,0,334,334
350250,2011,0,270,270
350250,2012,0,970,970
350250,2013,0,260,260
350250,2014,0,260,260
350250,2015,0,260,260
350250,2016,0,260,260
350250,2017,0,260,260
350250,2018,0,260,260
350250,2019,0,260,260
350250,2020,0,260,260
350250,2021,0,260,260
350260,1988,0,3691,3691
350260,1989,0,4153,4153
350260,1990,0,4014,4014
350260,1991,0,4612,4612
350260,1992,0,4371,4371
350260,1993,0,3730,3730
350260,1994,0,3992,3992
350260,1995,0,3519,3519
350260,1996,0,3096,3096
350260,1997,0,2911,2911
350260,1998,0,3059,3059
350260,1999,0,2979,2979
350260,2000,0,2943,2943
350260,2001,0,3137,3137
350260,2002,0,3371,3371
350260,2003,0,3010,3010
350260,2004,0,3325,3325
350260,2005,0,2798,2798
350260,2006,0,3122,3122
350260,2007,0,1070,1070
350260,2008,0,3196,3196
350260,2009,0,3043,3043
350260,2010,0,3033,3033
350260,2011,0,2960,2960
350260,2012,0,3287,3287
350260,2013,0,3006,3006
350260,2014,0,3190,3190
350260,2015,0,2901,2901
350260,2016,0,2538,2538
350260,2017,0,2578,2578
350260,2018,0,2616,2616
350260,2019,0,2701,2701
350260,2020,0,2701,2701
350260,2021,0,1854,1854
350270,1988,0,19374,19374
350270,1989,0,18964,18964
350270,1990,0,19663,19663
350270,1991,0,19080,19080
350270,1992,0,14705,14705
350270,1993,0,10140,10140
350270,1994,0,8267,8267
350270,1995,0,5646,5646
350270,1996,0,5747,5747
350270,1997,0,6135,6135
350270,1998,0,4477,4477
350270,1999,0,4347,4347
350270,2000,0,4744,4744
350270,2001,0,3198,3198
350270,2002,0,4466,4466
350270,2003,0,5080,5080
350270,2004,0,5595,5595
350270,2005,0,5919,5919
350270,2006,0,5825,5825
350270,2007,0,9769,9769
350270,2008,0,8986,8986
350270,2009,0,8575,8575
350270,2010,0,8465,8465
350270,2011,0,7303,7303
350270,2012,0,7391,7391
350270,2013,0,7342,7342
350270,2014,500,8443,7943
350270,2015,200,8874,8674
350270,2016,200,8663,8463
350270,2017,200,10478,10278
350270,2018,900,8106,7206
350270,2019,1200,8638,7438
350270,2020,1200,7875,6675
350270,2021,2000,8815,6815
350280,1988,1100,52138,51038
350280,1989,2800,53559,50759
350280,1990,2800,46854,44054
350280,1991,900,41606,40706
350280,1992,941,41555,40614
350280,1993,940,45699,44759
350280,1994,200,37700,37500
350280,1995,350,38128,37778
350280,1996,814,45110,44296
350280,1997,50,43570,43520
350280,1998,500,43004,42504
350280,1999,310,45643,45333
350280,2000,380,52458,52078
350280,2001,880,56417,55537
350280,2002,900,50040,49140
350280,2003,1400,54514,53114
350280,2004,3860,51659,47799
350280,2005,4100,59090,54990
350280,2006,3730,66215,62485
350280,2007,4400,63713,59313
350280,2008,4000,70961,66961
350280,2009,3731,73377,69646
350280,2010,4300,71814,67514
350280,2011,3800,68682,64882
350280,2012,3800,67557,63757
350280,2013,3020,65762,62742
350280,2014,2700,62352,59652
350280,2015,8853,64208,55355
350280,2016,8477,70994,62517
350280,2017,9700,66326,56626
350280,2018,9291,78122,68831
350280,2019,14577,83749,69172
350280,2020,11500,78593,67093
350280,2021,15100,87590,72490
350290,1988,0,7152,7152
350290,1989,0,3374,3374
350290,1990,0,4068,4068
350290,1991,0,4175,4175
350290,1992,0,4775,4775
350290,1993,0,3302,3302
350290,1994,0,2970,2970
350290,1995,0,4685,4685
350290,1996,0,106,106
350290,1997,0,404,404
350290,1998,0,2776,2776
350290,1999,0,2907,2907
350290,2000,0,1490,1490
350290,2001,0,1254,1254
350290,2002,0,1369,1369
350290,2003,0,1335,1335
350290,2004,0,1857,1857
350290,2005,0,1675,1675
350290,2006,0,1657,1657
350290,2007,0,768,768
350290,2008,0,1641,1641
350290,2009,0,1797,1797
350290,2010,0,1442,1442
350290,2011,0,1947,1947
350290,2012,80,1776,1696
350290,2013,150,1844,1694
350290,2014,150,1920,1770
350290,2015,250,2181,1931
350290,2016,290,2574,2284
350290,2017,300,2606,2306
350290,2018,300,2606,2306
350290,2019,1000,3623,2623
350290,2020,1000,3363,2363
350290,2021,1100,3348,2248
350300,1988,600,7752,7152
350300,1989,700,7901,7201
350300,1990,700,10129,9429
350300,1991,600,8020,7420
350300,1992,700,8040,7340
350300,1993,1000,8430,7430
350300,1994,1000,10037,9037
350300,1995,1000,7327,6327
350300,1996,1000,7177,6177
350300,1997,1373,14156,12783
350300,1998,1782,14882,13100
350300,1999,1800,14850,13050
350300,2000,2200,12275,10075
350300,2001,2200,13624,11424
350300,2002,2200,12770,10570
350300,2003,2000,12415,10415
350300,2004,2000,12320,10320
350300,2005,1500,13009,11509
350300,2006,1300,13070,11770
350300,2007,1000,13094,12094
350300,2008,1600,14738,13138
350300,2009,2000,17072,15072
350300,2010,2000,14194,12194
350300,2011,1800,14215,12415
350300,2012,2000,13869,11869
350300,2013,3000,16392,13392
350300,2014,2546,12846,10300
350300,2015,1900,12167,10267
350300,2016,1900,11981,10081
350300,2017,2212,15666,13454
350300,2018,2212,15646,13434
350300,2019,1916,14363,12447
350300,2020,1916,14363,12447
350300,2021,1916,14773,12857
350310,1988,50,4663,4613
350310,1989,90,4937,4847
350310,1990,250,5461,5211
350310,1991,100,5229,5129
350310,1992,100,5310,5210
350310,1993,100,4845,4745
350310,1994,100,4438,4338
350310,1995,75,3964,3889
350310,1996,110,3094,2984
350310,1997,110,2767,2657
350310,1998,150,2609,2459
350310,1999,150,2661,2511
350310,2000,100,2556,2456
350310,2001,200,3344,3144
350310,2002,200,3010,2810
350310,2003,410,3614,3204
350310,2004,1450,5656,4206
350310,2005,1590,5574,3984
350310,2006,800,5914,5114
350310,2007,250,4656,4406
350310,2008,640,5577,4937
350310,2009,540,8362,7822
350310,2010,900,9370,8470
350310,2011,1250,10090,8840
350310,2012,950,10000,9050
350310,2013,950,10000,9050
350310,2014,1000,10100,9100
350310,2015,2000,11660,9660
350310,2016,2840,11200,8360
350310,2017,4750,17270,12520
350310,2018,4750,13755,9005
350310,2019,7000,14450,7450
350310,2020,7000,17950,10950
350310,2021,5900,12593,6693
350320,1988,700,67127,66427
350320,1989,3600,70958,67358
350320,1990,3600,68650,65050
350320,1991,3600,86337,82737
350320,1992,3600,86329,82729
350320,1993,1600,59537,57937
350320,1994,1414,72270,70856
350320,1995,1414,67368,65954
350320,1996,1100,68894,67794
350320,1997,1320,66690,65370
350320,1998,900,73017,72117
350320,1999,860,70972,70112
350320,2000,1000,75917,74917
350320,2001,850,71806,70956
350320,2002,1400,70538,69138
350320,2003,1520,75146,73626
350320,2004,1950,70662,68712
350320,2005,2050,68880,66830
350320,2006,2170,68240,66070
350320,2007,1810,70041,68231
350320,2008,1200,88268,87068
350320,2009,0,79156,79156
350320,2010,1000,66422,65422
350320,2011,1000,68644,67644
350320,2012,2200,64814,62614
350320,2013,2340,66696,64356
350320,2014,2300,67856,65556
350320,2015,2155,65656,63501
350320,2016,2330,65933,63603
350320,2017,2820,95497,92677
350320,2018,3260,66189,62929
350320,2019,4120,66971,62851
350320,2020,3620,66556,62936
350320,2021,3620,66496,62876
350330,1988,240,47644,47404
350330,1989,300,45090,44790
350330,1990,240,44387,44147
350330,1991,250,44789,44539
350330,1992,300,43580,43280
350330,1993,750,40551,39801
350330,1994,800,42035,41235
350330,1995,900,41715,40815
350330,1996,650,44209,43559
350330,1997,140,40318,40178
350330,1998,50,38671,38621
350330,1999,50,38898,38848
350330,2000,2000,36405,34405
350330,2001,0,34714,34714
350330,2002,350,35746,35396
350330,2003,200,35796,35596
350330,2004,650,35048,34398
350330,2005,500,34156,33656
350330,2006,500,34354,33854
350330,2007,500,33683,33183
350330,2008,400,33848,33448
350330,2009,0,39052,39052
350330,2010,0,33037,33037
350330,2011,1000,35034,34034
350330,2012,2000,32945,30945
350330,2013,2000,35361,33361
350330,2014,1500,5787,4287
350330,2015,1500,35838,34338
350330,2016,1800,33387,31587
350330,2017,1800,38387,36587
350330,2018,1800,38591,36791
350330,2019,2000,38955,36955
350330,2020,1400,45892,44492
350330,2021,4000,40897,36897
350340,1988,58,4995,4937
350340,1989,92,5288,5196
350340,1990,92,5440,5348
350340,1991,109,5246,5137
350340,1992,73,4442,4369
350340,1993,0,2398,2398
350340,1994,100,4509,4409
350340,1995,100,3577,3477
350340,1996,100,3468,3368
350340,1997,194,4153,3959
350340,1998,206,4503,4297
350340,1999,145,4579,4434
350340,2000,100,2838,2738
350340,2001,363,2943,2580
350340,2002,363,3152,2789
350340,2003,400,2835,2435
350340,2004,200,3056,2856
350340,2005,200,3142,2942
350340,2006,242,4364,4122
350340,2007,194,18133,17939
350340,2008,242,22734,22492
350340,2009,242,22546,22304
350340,2010,242,22803,22561
350340,2011,160,11931,11771
350340,2012,160,11508,11348
350340,2013,32,10470,10438
350340,2014,32,11397,11365
350340,2015,32,11314,11282
350340,2016,354,10840,10486
350340,2017,280,11797,11517
350340,2018,699,14844,14145
350340,2019,776,12533,11757
350340,2020,986,15313,14327
350340,2021,986,15275,14289
350350,1988,0,398,398
350350,1989,0,269,269
350350,1990,0,296,296
350350,1991,0,307,307
350350,1992,0,229,229
350350,1993,0,198,198
350350,1994,0,392,392
350350,1995,0,316,316
350350,1996,0,9,9
350350,1997,0,87,87
350350,1998,0,545,545
350350,1999,0,552,552
350350,2000,0,424,424
350350,2001,0,387,387
350350,2002,0,432,432
350350,2003,0,429,429
350350,2004,0,437,437
350350,2005,0,481,481
350350,2006,0,454,454
350350,2007,0,424,424
350350,2008,0,418,418
350350,2009,0,306,306
350350,2010,0,140,140
350350,2011,0,153,153
350350,2012,0,153,153
350350,2013,0,153,153
350350,2014,0,153,153
350350,2015,0,153,153
350350,2016,0,123,123
350350,2017,0,153,153
350350,2018,0,153,153
350350,2019,0,154,154
350350,2020,0,153,153
350350,2021,0,153,153
350360,1988,0,4246,4246
350360,1989,0,6546,6546
350360,1990,0,6571,6571
350360,1991,0,6168,6168
350360,1992,0,6410,6410
350360,1993,0,5817,5817
350360,1994,0,5646,5646
350360,1995,0,5629,5629
350360,1996,0,6769,6769
350360,1997,0,6665,6665
350360,1998,0,6543,6543
350360,1999,0,6416,6416
350360,2000,0,5822,5822
350360,2001,0,6161,6161
350360,2002,0,7706,7706
350360,2003,50,7716,7666
350360,2004,50,7576,7526
350360,2005,50,7730,7680
350360,2006,50,6721,6671
350360,2007,40,7362,7322
350360,2008,20,6733,6713
350360,2009,20,6717,6697
350360,2010,0,6851,6851
350360,2011,0,6850,6850
350360,2012,0,9701,9701
350360,2013,20,8430,8410
350360,2014,50,7320,7270
350360,2015,50,6632,6582
350360,2016,50,8612,8562
350360,2017,0,7145,7145
350360,2018,0,7145,7145
350360,2019,0,8105,8105
350360,2020,0,8105,8105
350360,2021,50,8612,8562
350370,1988,0,9920,9920
350370,1989,0,10100,10100
350370,1990,0,8890,8890
350370,1991,0,10970,10970
350370,1992,0,8970,8970
350370,1993,0,8637,8637
350370,1994,0,8226,8226
350370,1995,0,8444,8444
350370,1996,0,7240,7240
350370,1997,0,8765,8765
350370,1998,0,10817,10817
350370,1999,0,11858,11858
350370,2000,0,9926,9926
350370,2001,0,10048,10048
350370,2002,0,9803,9803
350370,2003,133,10054,9921
350370,2004,133,9999,9866
350370,2005,0,10627,10627
350370,2006,0,10266,10266
350370,2007,0,10251,10251
350370,2008,0,10010,10010
350370,2009,0,9649,9649
350370,2010,0,10080,10080
350370,2011,0,9575,9575
350370,2012,0,9360,9360
350370,2013,0,9467,9467
350370,2014,0,9596,9596
350370,2015,0,9471,9471
350370,2016,0,9965,9965
350370,2017,0,9139,9139
350370,2018,60,9218,9158
350370,2019,80,9188,9108
350370,2020,30,9216,9186
350370,2021,80,8881,8801
350390,1988,0,277,277
350390,1989,0,191,191
350390,1990,0,210,210
350390,1991,0,200,200
350390,1992,0,160,160
350390,1993,0,68,68
350390,1994,0,40,40
350390,1995,0,0,0
350390,1996,0,2,2
350390,1997,0,4,4
350390,1998,0,9,9
350390,1999,0,5,5
350390,2000,0,139,139
350390,2001,0,9,9
350390,2002,0,9,9
350390,2003,0,9,9
350390,2004,0,9,9
350390,2005,0,9,9
350390,2006,0,14,14
350390,2007,0,14,14
350390,2008,0,14,14
350390,2009,0,14,14
350390,2010,0,12,12
350390,2011,0,12,12
350390,2012,0,0,0
350390,2013,0,0,0
350390,2014,0,0,0
350390,2015,0,0,0
350390,2016,0,0,0
350390,2017,0,0,0
350390,2018,0,0,0
350390,2019,0,0,0
350390,2020,0,0,0
350390,2021,0,0,0
350400,1988,21500,68015,46515
350400,1989,22000,74145,52145
350400,1990,21000,70941,49941
350400,1991,18000,68977,50977
350400,1992,18000,75917,57917
350400,1993,16000,60343,44343
350400,1994,18148,63646,45498
350400,1995,17820,62118,44298
350400,1996,20000,58688,38688
350400,1997,21649,67475,45826
350400,1998,18850,62162,43312
350400,1999,16450,59601,43151
350400,2000,16800,55005,38205
350400,2001,16300,55690,39390
350400,2002,15900,55896,39996
350400,2003,9100,44243,35143
350400,2004,10000,46890,36890
350400,2005,10100,45176,35076
350400,2006,9450,46960,37510
350400,2007,8500,43558,35058
350400,2008,9170,54149,44979
350400,2009,8900,48009,39109
350400,2010,9100,51089,41989
350400,2011,9400,53877,44477
350400,2012,9500,52641,43141
350400,2013,9900,52408,42508
350400,2014,10000,53313,43313
350400,2015,10600,55645,45045
350400,2016,10600,62518,51918
350400,2017,10800,58261,47461
350400,2018,12700,55697,42997
350400,2019,13100,56657,43557
350400,2020,12100,52931,40831
350400,2021,13100,43131,30031
350410,1988,0,1496,1496
350410,1989,0,1396,1396
350410,1990,0,1461,1461
350410,1991,0,1447,1447
350410,1992,0,1075,1075
350410,1993,0,1523,1523
350410,1994,0,1532,1532
350410,1995,0,1514,1514
350410,1996,0,1531,1531
350410,1997,0,1583,1583
350410,1998,0,1676,1676
350410,1999,0,1700,1700
350410,2000,0,1474,1474
350410,2001,0,1813,1813
350410,2002,0,1919,1919
350410,2003,0,1883,1883
350410,2004,0,1742,1742
350410,2005,0,1710,1710
350410,2006,0,2145,2145
350410,2007,0,2056,2056
350410,2008,0,2386,2386
350410,2009,0,2378,2378
350410,2010,0,2243,2243
350410,2011,0,1813,1813
350410,2012,30,1628,1598
350410,2013,30,1671,1641
350410,2014,30,1821,1791
350410,2015,200,2112,1912
350410,2016,480,2422,1942
350410,2017,600,2807,2207
350410,2018,700,2772,2072
350410,2019,800,2909,2109
350410,2020,1000,2939,1939
350410,2021,1000,2880,1880
350420,1988,0,5443,5443
350420,1989,0,4768,4768
350420,1990,0,8834,8834
350420,1991,0,3579,3579
350420,1992,0,3975,3975
350420,1993,0,3892,3892
350420,1994,0,3445,3445
350420,1995,0,3477,3477
350420,1996,0,2368,2368
350420,1997,0,2540,2540
350420,1998,0,2217,2217
350420,1999,0,2270,2270
350420,2000,0,1870,1870
350420,2001,0,2254,2254
350420,2002,0,2107,2107
350420,2003,0,2154,2154
350420,2004,240,2674,2434
350420,2005,170,2541,2371
350420,2006,0,987,987
350420,2007,0,3763,3763
350420,2008,0,2979,2979
350420,2009,0,1391,1391
350420,2010,0,3200,3200
350420,2011,0,6905,6905
350420,2012,0,7739,7739
350420,2013,0,6002,6002
350420,2014,0,6051,6051
350420,2015,70,5090,5020
350420,2016,0,7354,7354
350420,2017,40,7674,7634
350420,2018,40,8129,8089
350420,2019,220,8222,8002
350420,2020,250,8586,8336
350420,2021,250,8311,8061
350430,1988,0,7768,7768
350430,1989,0,5412,5412
350430,1990,0,4870,4870
350430,1991,0,6990,6990
350430,1992,0,6545,6545
350430,1993,0,5571,5571
350430,1994,0,5978,5978
350430,1995,0,4270,4270
350430,1996,0,3347,3347
350430,1997,0,4687,4687
350430,1998,0,4203,4203
350430,1999,0,4610,4610
350430,2000,0,3488,3488
350430,2001,0,2969,2969
350430,2002,0,3404,3404
350430,2003,0,3537,3537
350430,2004,0,3429,3429
350430,2005,0,3365,3365
350430,2006,0,3142,3142
350430,2007,0,3168,3168
350430,2008,0,3472,3472
350430,2009,0,3316,3316
350430,2010,0,6291,6291
350430,2011,0,6948,6948
350430,2012,0,7757,7757
350430,2013,0,7754,7754
350430,2014,0,4055,4055
350430,2015,0,3691,3691
350430,2016,0,5352,5352
350430,2017,0,5342,5342
350430,2018,0,5125,5125
350430,2019,0,5125,5125
350430,2020,0,5259,5259
350430,2021,0,5067,5067
350440,1988,0,8855,8855
350440,1989,0,11196,11196
350440,1990,0,11411,11411
350440,1991,0,14081,14081
350440,1992,0,10162,10162
350440,1993,0,9739,9739
350440,1994,0,9760,9760
350440,1995,0,9596,9596
350440,1996,0,11928,11928
350440,1997,0,12052,12052
350440,1998,30,12289,12259
350440,1999,0,12255,12255
350440,2000,121,10020,9899
350440,2001,0,702,702
350440,2002,673,8678,8005
350440,2003,310,14317,14007
350440,2004,259,15860,15601
350440,2005,97,12248,12151
350440,2006,92,14766,14674
350440,2007,92,15207,15115
350440,2008,194,18561,18367
350440,2009,0,18145,18145
350440,2010,242,25653,25411
350440,2011,242,25544,25302
350440,2012,360,26838,26478
350440,2013,360,26946,26586
350440,2014,968,22830,21862
350440,2015,339,8311,7972
350440,2016,242,18832,18590
350440,2017,242,21011,20769
350440,2018,450,22752,22302
350440,2019,550,26902,26352
350440,2020,612,24342,23730
350440,2021,400,14093,13693
350450,1988,200,18236,18036
350450,1989,220,18893,18673
350450,1990,200,17947,17747
350450,1991,80,17897,17817
350450,1992,1250,14458,13208
350450,1993,120,13187,13067
350450,1994,0,12140,12140
350450,1995,250,14932,14682
350450,1996,150,18222,18072
350450,1997,600,18430,17830
350450,1998,800,18148,17348
350450,1999,350,14103,13753
350450,2000,350,14413,14063
350450,2001,350,15162,14812
350450,2002,1800,13011,11211
350450,2003,2460,20913,18453
350450,2004,2500,19014,16514
350450,2005,4000,21614,17614
350450,2006,4000,20629,16629
350450,2007,3500,17678,14178
350450,2008,3200,19120,15920
350450,2009,3500,23860,20360
350450,2010,3500,24077,20577
350450,2011,3500,23722,20222
350450,2012,3500,23912,20412
350450,2013,3500,23912,20412
350450,2014,3500,23912,20412
350450,2015,4200,24854,20654
350450,2016,4350,29642,25292
350450,2017,0,25248,25248
350450,2018,6200,33349,27149
350450,2019,11000,40114,29114
350450,2020,8500,35814,27314
350450,2021,13000,47974,34974
350460,1988,0,5942,5942
350460,1989,0,5314,5314
350460,1990,0,5255,5255
350460,1991,0,4822,4822
350460,1992,0,4832,4832
350460,1993,0,4812,4812
350460,1994,0,3737,3737
350460,1995,0,2259,2259
350460,1996,0,1875,1875
350460,1997,0,1825,1825
350460,1998,50,1499,1449
350460,1999,50,1710,1660
350460,2000,0,1467,1467
350460,2001,0,1458,1458
350460,2002,0,1909,1909
350460,2003,85,2165,2080
350460,2004,85,2214,2129
350460,2005,50,2854,2804
350460,2006,0,2868,2868
350460,2007,0,2820,2820
350460,2008,50,2807,2757
350460,2009,150,3055,2905
350460,2010,200,3646,3446
350460,2011,200,3717,3517
350460,2012,100,3661,3561
350460,2013,115,3723,3608
350460,2014,100,3689,3589
350460,2015,75,4405,4330
350460,2016,80,3024,2944
350460,2017,134,3150,3016
350460,2018,130,2849,2719
350460,2019,100,3781,3681
350460,2020,500,3712,3212
350460,2021,500,3745,3245
350470,1988,0,1348,1348
350470,1989,0,1013,1013
350470,1990,0,708,708
350470,1991,0,829,829
350470,1992,0,502,502
350470,1993,0,478,478
350470,1994,0,445,445
350470,1995,0,599,599
350470,1996,0,495,495
350470,1997,0,478,478
350470,1998,0,639,639
350470,1999,0,656,656
350470,2000,80,495,415
350470,2001,31,481,450
350470,2002,0,325,325
350470,2003,0,268,268
350470,2004,0,230,230
350470,2005,0,256,256
350470,2006,0,279,279
350470,2007,0,301,301
350470,2008,0,304,304
350470,2009,0,318,318
350470,2010,0,661,661
350470,2011,0,1805,1805
350470,2012,0,2320,2320
350470,2013,0,4382,4382
350470,2014,0,4567,4567
350470,2015,0,4568,4568
350470,2016,0,4035,4035
350470,2017,0,4781,4781
350470,2018,0,4979,4979
350470,2019,0,5597,5597
350470,2020,0,5597,5597
350470,2021,0,5697,5697
350480,1988,0,5734,5734
350480,1989,0,4838,4838
350480,1990,0,4814,4814
350480,1991,0,3643,3643
350480,1992,0,3497,3497
350480,1993,0,2962,2962
350480,1994,0,2896,2896
350480,1995,0,2955,2955
350480,1996,0,2943,2943
350480,1997,0,2676,2676
350480,1998,0,3612,3612
350480,1999,50,3791,3741
350480,2000,0,2653,2653
350480,2001,0,3256,3256
350480,2002,0,3259,3259
350480,2003,72,3287,3215
350480,2004,80,3667,3587
350480,2005,73,3978,3905
350480,2006,150,4028,3878
350480,2007,150,4617,4467
350480,2008,70,10098,10028
350480,2009,100,10886,10786
350480,2010,200,11934,11734
350480,2011,200,12085,11885
350480,2012,200,12261,12061
350480,2013,100,11186,11086
350480,2014,100,10371,10271
350480,2015,0,10455,10455
350480,2016,470,10665,10195
350480,2017,350,10390,10040
350480,2018,400,9850,9450
350480,2019,400,9935,9535
350480,2020,400,9985,9585
350480,2021,300,10150,9850
350490,1988,0,1003,1003
350490,1989,0,1104,1104
350490,1990,0,810,810
350490,1991,0,813,813
350490,1992,0,620,620
350490,1993,0,472,472
350490,1994,0,243,243
350490,1995,0,467,467
350490,1996,0,12,12
350490,1997,0,576,576
350490,1998,0,868,868
350490,1999,0,913,913
350490,2000,0,723,723
350490,2001,0,813,813
350490,2002,0,743,743
350490,2003,0,570,570
350490,2004,0,567,567
350490,2005,0,526,526
350490,2006,0,534,534
350490,2007,0,460,460
350490,2008,0,495,495
350490,2009,0,540,540
350490,2010,0,514,514
350490,2011,0,513,513
350490,2012,0,463,463
350490,2013,0,556,556
350490,2014,0,527,527
350490,2015,0,527,527
350490,2016,0,468,468
350490,2017,0,527,527
350490,2018,0,527,527
350490,2019,0,258,258
350490,2020,0,461,461
350490,2021,0,487,487
350500,1988,0,4569,4569
350500,1989,0,2589,2589
350500,1990,0,2545,2545
350500,1991,0,1695,1695
350500,1992,0,1798,1798
350500,1993,0,1307,1307
350500,1994,0,441,441
350500,1995,0,833,833
350500,1996,0,900,900
350500,1997,0,1782,1782
350500,1998,0,2359,2359
350500,1999,100,2542,2442
350500,2000,0,2815,2815
350500,2001,0,2244,2244
350500,2002,0,2538,2538
350500,2003,150,2979,2829
350500,2004,200,3801,3601
350500,2005,300,2949,2649
350500,2006,180,3769,3589
350500,2007,300,3487,3187
350500,2008,250,3262,3012
350500,2009,200,1978,1778
350500,2010,200,1548,1348
350500,2011,100,1613,1513
350500,2012,200,2075,1875
350500,2013,500,2323,1823
350500,2014,2000,3613,1613
350500,2015,2000,3765,1765
350500,2016,2000,3219,1219
350500,2017,2000,2570,570
350500,2018,2000,3302,1302
350500,2019,4000,5463,1463
350500,2020,4000,5233,1233
350500,2021,4000,5186,1186
350510,1988,0,3544,3544
350510,1989,0,3867,3867
350510,1990,0,3600,3600
350510,1991,0,1895,1895
350510,1992,0,2071,2071
350510,1993,0,2855,2855
350510,1994,0,2949,2949
350510,1995,150,4125,3975
350510,1996,0,1158,1158
350510,1997,0,2475,2475
350510,1998,100,2701,2601
350510,1999,0,2809,2809
350510,2000,160,2562,2402
350510,2001,320,3687,3367
350510,2002,320,3874,3554
350510,2003,254,5178,4924
350510,2004,300,5100,4800
350510,2005,508,3137,2629
350510,2006,60,4292,4232
350510,2007,60,4917,4857
350510,2008,48,4600,4552
350510,2009,0,4330,4330
350510,2010,35,9944,9909
350510,2011,35,11065,11030
350510,2012,35,11491,11456
350510,2013,80,12350,12270
350510,2014,200,12824,12624
350510,2015,150,4566,4416
350510,2016,100,8019,7919
350510,2017,80,6429,6349
350510,2018,90,8287,8197
350510,2019,170,14393,14223
350510,2020,100,11878,11778
350510,2021,180,3864,3684
350520,1988,60,23671,23611
350520,1989,80,27017,26937
350520,1990,50,18929,18879
350520,1991,60,17427,17367
350520,1992,70,20892,20822
350520,1993,90,18872,18782
350520,1994,0,18856,18856
350520,1995,0,20502,20502
350520,1996,250,20422,20172
350520,1997,0,22350,22350
350520,1998,50,20781,20731
350520,1999,50,21110,21060
350520,2000,180,20060,19880
350520,2001,150,18836,18686
350520,2002,70,17907,17837
350520,2003,350,22659,22309
350520,2004,950,20156,19206
350520,2005,1000,21488,20488
350520,2006,650,20995,20345
350520,2007,150,26931,26781
350520,2008,150,29381,29231
350520,2009,100,28821,28721
350520,2010,100,29222,29122
350520,2011,100,29967,29867
350520,2012,100,29254,29154
350520,2013,700,28887,28187
350520,2014,1000,29078,28078
350520,2015,1200,30726,29526
350520,2016,1300,26159,24859
350520,2017,1500,26653,25153
350520,2018,1500,26778,25278
350520,2019,1200,27138,25938
350520,2020,1500,26536,25036
350520,2021,1600,27778,26178
350530,1988,0,9216,9216
350530,1989,3,9186,9183
350530,1990,14,9192,9178
350530,1991,20,9561,9541
350530,1992,20,9544,9524
350530,1993,0,9217,9217
350530,1994,0,9128,9128
350530,1995,0,9128,9128
350530,1996,0,9128,9128
350530,1997,0,9128,9128
350530,1998,0,9128,9128
350530,1999,0,9228,9228
350530,2000,0,9228,9228
350530,2001,0,9366,9366
350530,2002,0,9198,9198
350530,2003,0,9198,9198
350530,2004,0,9198,9198
350530,2005,0,9627,9627
350530,2006,0,8644,8644
350530,2007,0,8560,8560
350530,2008,0,8560,8560
350530,2009,0,8520,8520
350530,2010,0,9723,9723
350530,2011,0,10080,10080
350530,2012,0,10065,10065
350530,2013,0,9993,9993
350530,2014,0,10000,10000
350530,2015,0,10003,10003
350530,2016,50,10093,10043
350530,2017,50,10088,10038
350530,2018,55,10123,10068
350530,2019,50,8519,8469
350530,2020,56,8478,8422
350530,2021,550,9332,8782
350540,1988,0,3205,3205
350540,1989,0,2893,2893
350540,1990,0,3938,3938
350540,1991,0,3285,3285
350540,1992,0,1162,1162
350540,1993,0,1112,1112
350540,1994,0,1584,1584
350540,1995,0,2084,2084
350540,1996,0,1373,1373
350540,1997,0,1167,1167
350540,1998,0,1528,1528
350540,1999,0,1528,1528
350540,2000,0,1003,1003
350540,2001,0,1045,1045
350540,2002,0,965,965
350540,2003,0,550,550
350540,2004,0,508,508
350540,2005,0,448,448
350540,2006,0,456,456
350540,2007,0,634,634
350540,2008,0,704,704
350540,2009,0,558,558
350540,2010,0,629,629
350540,2011,0,587,587
350540,2012,0,462,462
350540,2013,0,462,462
350540,2014,0,462,462
350540,2015,0,493,493
350540,2016,0,477,477
350540,2017,0,475,475
350540,2018,0,565,565
350540,2019,0,469,469
350540,2020,0,438,438
350540,2021,0,438,438
350550,1988,12000,54269,42269
350550,1989,13650,53111,39461
350550,1990,12500,52951,40451
350550,1991,12300,52289,39989
350550,1992,11500,53592,42092
350550,1993,11500,52655,41155
350550,1994,12000,56356,44356
350550,1995,13000,58331,45331
350550,1996,18000,70610,52610
350550,1997,19000,66420,47420
350550,1998,16000,74251,58251
350550,1999,17000,76859,59859
350550,2000,17000,70458,53458
350550,2001,17600,71582,53982
350550,2002,19000,71140,52140
350550,2003,20000,77218,57218
350550,2004,22000,87722,65722
350550,2005,21300,84851,63551
350550,2006,17530,90775,73245
350550,2007,7330,83379,76049
350550,2008,12500,91297,78797
350550,2009,7000,86021,79021
350550,2010,6000,95661,89661
350550,2011,6000,86256,80256
350550,2012,4200,84799,80599
350550,2013,3500,84086,80586
350550,2014,4000,85855,81855
350550,2015,4000,82567,78567
350550,2016,4000,82436,78436
350550,2017,4500,83524,79024
350550,2018,5000,86654,81654
350550,2019,4500,88409,83909
350550,2020,5072,89181,84109
350550,2021,5200,102888,97688
350560,1988,300,11396,11096
350560,1989,500,10071,9571
350560,1990,270,10145,9875
350560,1991,250,10757,10507
350560,1992,300,10680,10380
350560,1993,300,10135,9835
350560,1994,300,10700,10400
350560,1995,300,10050,9750
350560,1996,400,11500,11100
350560,1997,250,12140,11890
350560,1998,500,11370,10870
350560,1999,500,13200,12700
350560,2000,500,13700,13200
350560,2001,500,11100,10600
350560,2002,500,11100,10600
350560,2003,100,11150,11050
350560,2004,100,11150,11050
350560,2005,100,11674,11574
350560,2006,100,11150,11050
350560,2007,100,11150,11050
350560,2008,50,11100,11050
350560,2009,50,11100,11050
350560,2010,50,11100,11050
350560,2011,50,11100,11050
350560,2012,50,11100,11050
350560,2013,50,11100,11050
350560,2014,50,11100,11050
350560,2015,50,11100,11050
350560,2016,50,11000,10950
350560,2017,83,11056,10973
350560,2018,83,11033,10950
350560,2019,83,11033,10950
350560,2020,83,11033,10950
350560,2021,83,11033,10950
350570,1988,0,34,34
350570,1989,0,14,14
350570,1990,0,13,13
350570,1991,0,13,13
350570,1992,0,0,0
350570,1993,0,0,0
350570,1994,0,0,0
350570,1995,0,0,0
350570,1996,0,0,0
350570,1997,0,0,0
350570,1998,0,0,0
350570,1999,0,0,0
350570,2000,0,0,0
350570,2001,0,0,0
350570,2002,0,0,0
350570,2003,0,0,0
350570,2004,0,0,0
350570,2005,0,0,0
350570,2006,0,0,0
350570,2007,0,0,0
350570,2008,0,0,0
350570,2009,0,0,0
350570,2010,0,0,0
350570,2011,0,0,0
350570,2012,0,0,0
350570,2013,0,0,0
350570,2014,0,0,0
350570,2015,0,0,0
350570,2016,0,0,0
350570,2017,0,0,0
350570,2018,0,0,0
350570,2019,0,0,0
350570,2020,0,0,0
350570,2021,0,0,0
350580,1988,0,2060,2060
350580,1989,0,1886,1886
350580,1990,0,2321,2321
350580,1991,0,2141,2141
350580,1992,0,2387,2387
350580,1993,0,2824,2824
350580,1994,0,2555,2555
350580,1995,0,1959,1959
350580,1996,0,1708,1708
350580,1997,0,1698,1698
350580,1998,0,899,899
350580,1999,0,1089,1089
350580,2000,0,1514,1514
350580,2001,0,1617,1617
350580,2002,0,852,852
350580,2003,0,1081,1081
350580,2004,0,791,791
350580,2005,0,986,986
350580,2006,0,780,780
350580,2007,0,852,852
350580,2008,0,1767,1767
350580,2009,0,1520,1520
350580,2010,0,3003,3003
350580,2011,0,3047,3047
350580,2012,0,3436,3436
350580,2013,0,3155,3155
350580,2014,0,3095,3095
350580,2015,0,2860,2860
350580,2016,0,3100,3100
350580,2017,0,3040,3040
350580,2018,0,2949,2949
350580,2019,0,2192,2192
350580,2020,0,2192,2192
350580,2021,0,2052,2052
350590,1988,7000,37545,30545
350590,1989,10500,42661,32161
350590,1990,9000,40630,31630
350590,1991,7000,41836,34836
350590,1992,9000,60493,51493
350590,1993,9000,60743,51743
350590,1994,8000,58055,50055
350590,1995,8000,57070,49070
350590,1996,9000,62956,53956
350590,1997,6500,49418,42918
350590,1998,6500,45145,38645
350590,1999,6500,48124,41624
350590,2000,6500,50018,43518
350590,2001,4500,46222,41722
350590,2002,5400,46251,40851
350590,2003,6000,46387,40387
350590,2004,6000,44973,38973
350590,2005,3800,48129,44329
350590,2006,3000,50639,47639
350590,2007,1100,53360,52260
350590,2008,1700,54165,52465
350590,2009,2500,54469,51969
350590,2010,2700,57010,54310
350590,2011,2700,57673,54973
350590,2012,2300,54482,52182
350590,2013,3800,54540,50740
350590,2014,3800,55974,52174
350590,2015,3700,53570,49870
350590,2016,3700,53071,49371
350590,2017,3800,53575,49775
350590,2018,3800,53575,49775
350590,2019,3800,54105,50305
350590,2020,3800,54105,50305
350590,2021,3800,54105,50305
350600,1988,0,3793,3793
350600,1989,0,3805,3805
350600,1990,0,4414,4414
350600,1991,0,4164,4164
350600,1992,0,3889,3889
350600,1993,0,2485,2485
350600,1994,0,2269,2269
350600,1995,0,2577,2577
350600,1996,0,2629,2629
350600,1997,0,4400,4400
350600,1998,0,4167,4167
350600,1999,0,3476,3476
350600,2000,0,2600,2600
350600,2001,0,2105,2105
350600,2002,0,2217,2217
350600,2003,0,2442,2442
350600,2004,0,2141,2141
350600,2005,0,2782,2782
350600,2006,97,2751,2654
350600,2007,97,2847,2750
350600,2008,115,2863,2748
350600,2009,115,3894,3779
350600,2010,115,2838,2723
350600,2011,0,3186,3186
350600,2012,0,2687,2687
350600,2013,0,2687,2687
350600,2014,0,2193,2193
350600,2015,0,2817,2817
350600,2016,0,2817,2817
350600,2017,200,4425,4225
350600,2018,64,4616,4552
350600,2019,64,4616,4552
350600,2020,0,4798,4798
350600,2021,0,4550,4550
350610,1988,500,44990,44490
350610,1989,600,60265,59665
350610,1990,500,51734,51234
350610,1991,500,50711,50211
350610,1992,500,51805,51305
350610,1993,600,41963,41363
350610,1994,600,41558,40958
350610,1995,600,41345,40745
350610,1996,600,53423,52823
350610,1997,800,47378,46578
350610,1998,1200,38983,37783
350610,1999,1200,42826,41626
350610,2000,1200,39923,38723
350610,2001,1900,43109,41209
350610,2002,600,40937,40337
350610,2003,2000,44572,42572
350610,2004,2200,43514,41314
350610,2005,2000,44103,42103
350610,2006,1200,44443,43243
350610,2007,800,47619,46819
350610,2008,700,48580,47880
350610,2009,700,46515,45815
350610,2010,700,48486,47786
350610,2011,450,48639,48189
350610,2012,450,47864,47414
350610,2013,1200,43646,42446
350610,2014,1500,46588,45088
350610,2015,1500,46598,45098
350610,2016,1500,46494,44994
350610,2017,1500,47433,45933
350610,2018,1400,50439,49039
350610,2019,2150,50217,48067
350610,2020,2000,49436,47436
350610,2021,2200,49535,47335
350620,1988,0,7815,7815
350620,1989,0,6028,6028
350620,1990,0,6022,6022
350620,1991,0,4966,4966
350620,1992,0,5769,5769
350620,1993,100,5337,5237
350620,1994,120,7131,7011
350620,1995,0,7853,7853
350620,1996,0,8299,8299
350620,1997,0,9868,9868
350620,1998,365,9699,9334
350620,1999,200,10223,10023
350620,2000,200,10752,10552
350620,2001,650,14756,14106
350620,2002,1000,8981,7981
350620,2003,800,14513,13713
350620,2004,800,11763,10963
350620,2005,750,13622,12872
350620,2006,350,16701,16351
350620,2007,250,16201,15951
350620,2008,250,17495,17245
350620,2009,750,18051,17301
350620,2010,600,18028,17428
350620,2011,500,17866,17366
350620,2012,435,17456,17021
350620,2013,600,11033,10433
350620,2014,500,17261,16761
350620,2015,850,19440,18590
350620,2016,750,14106,13356
350620,2017,1050,14801,13751
350620,2018,1000,18300,17300
350620,2019,840,17280,16440
350620,2020,890,18470,17580
350620,2021,850,17055,16205
350630,1988,100,6272,6172
350630,1989,100,6996,6896
350630,1990,700,6890,6190
350630,1991,700,7378,6678
350630,1992,500,7479,6979
350630,1993,350,6695,6345
350630,1994,100,7442,7342
350630,1995,400,7404,7004
350630,1996,480,7465,6985
350630,1997,490,7586,7096
350630,1998,490,7216,6726
350630,1999,490,8826,8336
350630,2000,300,7354,7054
350630,2001,530,8805,8275
350630,2002,350,8482,8132
350630,2003,400,8880,8480
350630,2004,400,6050,5650
350630,2005,450,6445,5995
350630,2006,400,9108,8708
350630,2007,460,10042,9582
350630,2008,480,10597,10117
350630,2009,495,10147,9652
350630,2010,650,10877,10227
350630,2011,650,10924,10274
350630,2012,700,11736,11036
350630,2013,1200,9680,8480
350630,2014,1500,10630,9130
350630,2015,2000,11100,9100
350630,2016,2000,11100,9100
350630,2017,2000,11100,9100
350630,2018,2000,11100,9100
350630,2019,3500,12214,8714
350630,2020,3500,10675,7175
350630,2021,4300,11780,7480
350640,1988,0,3811,3811
350640,1989,0,3913,3913
350640,1990,0,3712,3712
350640,1991,0,3694,3694
350640,1992,0,3710,3710
350640,1993,0,3259,3259
350640,1994,0,2982,2982
350640,1995,0,2935,2935
350640,1996,0,2423,2423
350640,1997,29,2560,2531
350640,1998,82,2557,2475
350640,1999,180,2685,2505
350640,2000,380,2713,2333
350640,2001,380,3376,2996
350640,2002,500,2722,2222
350640,2003,700,3288,2588
350640,2004,1100,4215,3115
350640,2005,1100,4147,3047
350640,2006,900,3502,2602
350640,2007,400,2430,2030
350640,2008,400,3622,3222
350640,2009,500,3268,2768
350640,2010,800,5027,4227
350640,2011,800,5930,5130
350640,2012,800,6681,5881
350640,2013,800,7405,6605
350640,2014,800,6803,6003
350640,2015,800,6888,6088
350640,2016,800,6817,6017
350640,2017,800,7474,6674
350640,2018,800,7469,6669
350640,2019,2589,11270,8681
350640,2020,2500,8777,6277
350640,2021,1426,7296,5870
350650,1988,600,10269,9669
350650,1989,750,10609,9859
350650,1990,1100,10724,9624
350650,1991,900,8818,7918
350650,1992,800,10462,9662
350650,1993,800,10989,10189
350650,1994,1300,11614,10314
350650,1995,2150,13024,10874
350650,1996,2500,14206,11706
350650,1997,3000,13800,10800
350650,1998,4900,15047,10147
350650,1999,5150,15219,10069
350650,2000,5700,14725,9025
350650,2001,5600,14445,8845
350650,2002,7300,14104,6804
350650,2003,7700,17330,9630
350650,2004,11000,24750,13750
350650,2005,11470,24786,13316
350650,2006,9954,21559,11605
350650,2007,3000,11038,8038
350650,2008,4490,19477,14987
350650,2009,6680,20157,13477
350650,2010,7300,27424,20124
350650,2011,8500,30833,22333
350650,2012,8580,29758,21178
350650,2013,9360,28352,18992
350650,2014,9828,27058,17230
350650,2015,11000,30280,19280
350650,2016,11096,34260,23164
350650,2017,11496,34966,23470
350650,2018,12251,33592,21341
350650,2019,12891,33288,20397
350650,2020,11816,30755,18939
350650,2021,11816,32133,20317
350660,1988,0,760,760
350660,1989,0,799,799
350660,1990,0,806,806
350660,1991,0,765,765
350660,1992,0,774,774
350660,1993,0,490,490
350660,1994,0,760,760
350660,1995,0,686,686
350660,1996,0,322,322
350660,1997,0,734,734
350660,1998,0,576,576
350660,1999,0,627,627
350660,2000,0,613,613
350660,2001,0,528,528
350660,2002,0,530,530
350660,2003,0,560,560
350660,2004,0,540,540
350660,2005,0,499,499
350660,2006,0,490,490
350660,2007,0,477,477
350660,2008,0,500,500
350660,2009,0,395,395
350660,2010,0,415,415
350660,2011,0,415,415
350660,2012,0,356,356
350660,2013,0,297,297
350660,2014,0,287,287
350660,2015,0,241,241
350660,2016,0,140,140
350660,2017,0,112,112
350660,2018,0,92,92
350660,2019,0,92,92
350660,2020,0,92,92
350660,2021,0,92,92
350670,1988,120,21314,21194
350670,1989,0,25426,25426
350670,1990,100,21847,21747
350670,1991,0,25441,25441
350670,1992,0,25652,25652
350670,1993,0,26284,26284
350670,1994,150,38132,37982
350670,1995,145,30079,29934
350670,1996,0,36022,36022
350670,1997,800,38126,37326
350670,1998,800,41175,40375
350670,1999,800,34243,33443
350670,2000,300,33085,32785
350670,2001,20,34786,34766
350670,2002,0,33237,33237
350670,2003,0,37319,37319
350670,2004,230,36010,35780
350670,2005,30,32216,32186
350670,2006,180,33776,33596
350670,2007,180,44406,44226
350670,2008,0,40608,40608
350670,2009,0,33523,33523
350670,2010,200,9755,9555
350670,2011,200,48631,48431
350670,2012,100,41958,41858
350670,2013,200,47774,47574
350670,2014,200,46537,46337
350670,2015,100,44223,44123
350670,2016,100,48408,48308
350670,2017,400,47797,47397
350670,2018,200,46646,46446
350670,2019,350,45389,45039
350670,2020,835,46329,45494
350670,2021,848,46392,45544
350680,1988,0,9763,9763
350680,1989,0,10983,10983
350680,1990,0,11391,11391
350680,1991,0,11410,11410
350680,1992,0,10840,10840
350680,1993,0,12371,12371
350680,1994,460,13539,13079
350680,1995,0,12720,12720
350680,1996,100,13193,13093
350680,1997,100,12110,12010
350680,1998,60,15143,15083
350680,1999,60,18341,18281
350680,2000,0,9215,9215
350680,2001,0,12950,12950
350680,2002,0,11002,11002
350680,2003,0,11710,11710
350680,2004,0,11510,11510
350680,2005,0,12038,12038
350680,2006,0,11499,11499
350680,2007,0,11519,11519
350680,2008,0,15468,15468
350680,2009,0,17148,17148
350680,2010,0,15817,15817
350680,2011,0,15814,15814
350680,2012,0,15814,15814
350680,2013,0,15464,15464
350680,2014,86,15550,15464
350680,2015,16,18416,18400
350680,2016,140,17674,17534
350680,2017,764,19187,18423
350680,2018,862,18986,18124
350680,2019,383,17665,17282
350680,2020,351,17164,16813
350680,2021,267,17323,17056
350690,1988,0,1854,1854
350690,1989,0,1894,1894
350690,1990,0,1712,1712
350690,1991,0,1623,1623
350690,1992,0,1733,1733
350690,1993,0,1549,1549
350690,1994,0,3818,3818
350690,1995,0,2021,2021
350690,1996,0,1031,1031
350690,1997,0,1821,1821
350690,1998,0,1851,1851
350690,1999,0,1960,1960
350690,2000,0,1740,1740
350690,2001,0,1592,1592
350690,2002,0,1671,1671
350690,2003,0,1587,1587
350690,2004,0,1658,1658
350690,2005,327,2059,1732
350690,2006,327,2079,1752
350690,2007,326,2048,1722
350690,2008,90,3188,3098
350690,2009,90,3177,3087
350690,2010,0,1634,1634
350690,2011,0,1634,1634
350690,2012,0,1131,1131
350690,2013,0,920,920
350690,2014,0,910,910
350690,2015,0,860,860
350690,2016,0,860,860
350690,2017,0,1086,1086
350690,2018,0,1149,1149
350690,2019,0,1394,1394
350690,2020,0,1394,1394
350690,2021,0,860,860
350700,1988,0,13425,13425
350700,1989,0,9768,9768
350700,1990,0,11896,11896
350700,1991,0,11783,11783
350700,1992,0,9333,9333
350700,1993,0,9402,9402
350700,1994,0,8844,8844
350700,1995,0,8455,8455
350700,1996,0,7843,7843
350700,1997,0,8451,8451
350700,1998,0,8383,8383
350700,1999,0,8485,8485
350700,2000,0,6872,6872
350700,2001,0,7730,7730
350700,2002,0,6750,6750
350700,2003,0,7750,7750
350700,2004,0,7997,7997
350700,2005,5,8343,8338
350700,2006,5,8069,8064
350700,2007,5,1919,1914
350700,2008,0,8260,8260
350700,2009,0,9277,9277
350700,2010,0,9445,9445
350700,2011,0,9476,9476
350700,2012,0,2173,2173
350700,2013,10,8744,8734
350700,2014,0,9011,9011
350700,2015,650,8054,7404
350700,2016,650,8046,7396
350700,2017,350,7500,7150
350700,2018,600,7046,6446
350700,2019,600,7046,6446
350700,2020,600,7046,6446
350700,2021,875,7209,6334
350710,1988,0,331,331
350710,1989,0,334,334
350710,1990,0,334,334
350710,1991,0,324,324
350710,1992,0,454,454
350710,1993,0,548,548
350710,1994,0,581,581
350710,1995,0,481,481
350710,1996,0,423,423
350710,1997,0,305,305
350710,1998,0,294,294
350710,1999,0,313,313
350710,2000,0,77,77
350710,2001,0,196,196
350710,2002,0,165,165
350710,2003,0,200,200
350710,2004,0,190,190
350710,2005,0,181,181
350710,2006,0,195,195
350710,2007,0,126,126
350710,2008,0,205,205
350710,2009,0,205,205
350710,2010,0,187,187
350710,2011,0,170,170
350710,2012,0,122,122
350710,2013,0,141,141
350710,2014,0,145,145
350710,2015,0,165,165
350710,2016,0,93,93
350710,2017,0,70,70
350710,2018,0,44,44
350710,2019,0,54,54
350710,2020,0,54,54
350710,2021,0,54,54
350720,1988,200,6168,5968
350720,1989,80,8042,7962
350720,1990,75,3075,3000
350720,1991,70,2830,2760
350720,1992,0,3915,3915
350720,1993,0,3128,3128
350720,1994,0,1355,1355
350720,1995,0,2066,2066
350720,1996,0,2064,2064
350720,1997,0,1540,1540
350720,1998,120,1380,1260
350720,1999,0,1630,1630
350720,2000,43,2194,2151
350720,2001,97,1513,1416
350720,2002,532,2445,1913
350720,2003,530,1350,820
350720,2004,530,3187,2657
350720,2005,80,4308,4228
350720,2006,50,6304,6254
350720,2007,50,6420,6370
350720,2008,50,5749,5699
350720,2009,50,4932,4882
350720,2010,30,4707,4677
350720,2011,50,5000,4950
350720,2012,0,4680,4680
350720,2013,0,4563,4563
350720,2014,0,5270,5270
350720,2015,0,5441,5441
350720,2016,0,5660,5660
350720,2017,0,5876,5876
350720,2018,0,6214,6214
350720,2019,40,5883,5843
350720,2020,0,5687,5687
350720,2021,0,5842,5842
350730,1988,0,5698,5698
350730,1989,0,6541,6541
350730,1990,25,6926,6901
350730,1991,0,6831,6831
350730,1992,0,6871,6871
350730,1993,0,4991,4991
350730,1994,0,6285,6285
350730,1995,0,7575,7575
350730,1996,0,7653,7653
350730,1997,0,7581,7581
350730,1998,0,7658,7658
350730,1999,0,6691,6691
350730,2000,0,7344,7344
350730,2001,0,8808,8808
350730,2002,0,6442,6442
350730,2003,0,7329,7329
350730,2004,0,7833,7833
350730,2005,0,7740,7740
350730,2006,300,7640,7340
350730,2007,300,7395,7095
350730,2008,220,7315,7095
350730,2009,0,7555,7555
350730,2010,0,7195,7195
350730,2011,0,7195,7195
350730,2012,0,7195,7195
350730,2013,0,7195,7195
350730,2014,0,7195,7195
350730,2015,100,7300,7200
350730,2016,100,7495,7395
350730,2017,702,8241,7539
350730,2018,455,8014,7559
350730,2019,324,7796,7472
350730,2020,727,8132,7405
350730,2021,695,8199,7504
350740,1988,2000,21751,19751
350740,1989,2200,21397,19197
350740,1990,2600,19811,17211
350740,1991,2600,25999,23399
350740,1992,1800,24112,22312
350740,1993,2000,18278,16278
350740,1994,1750,20386,18636
350740,1995,1750,20510,18760
350740,1996,500,17752,17252
350740,1997,500,18426,17926
350740,1998,300,23163,22863
350740,1999,200,22033,21833
350740,2000,100,20706,20606
350740,2001,100,19460,19360
350740,2002,130,19192,19062
350740,2003,220,21868,21648
350740,2004,250,23340,23090
350740,2005,250,28467,28217
350740,2006,200,27954,27754
350740,2007,200,26185,25985
350740,2008,150,33000,32850
350740,2009,150,31239,31089
350740,2010,50,31783,31733
350740,2011,50,39407,39357
350740,2012,0,42124,42124
350740,2013,0,38713,38713
350740,2014,0,36599,36599
350740,2015,0,36862,36862
350740,2016,498,37209,36711
350740,2017,498,37463,36965
350740,2018,498,34626,34128
350740,2019,498,35582,35084
350740,2020,498,35729,35231
350740,2021,450,35729,35279
350750,1988,388,10950,10562
350750,1989,515,11281,10766
350750,1990,0,9628,9628
350750,1991,0,10223,10223
350750,1992,0,10387,10387
350750,1993,0,10986,10986
350750,1994,0,9432,9432
350750,1995,0,10157,10157
350750,1996,0,8130,8130
350750,1997,0,17313,17313
350750,1998,0,15849,15849
350750,1999,0,15884,15884
350750,2000,157,14273,14116
350750,2001,80,14613,14533
350750,2002,150,16719,16569
350750,2003,240,19875,19635
350750,2004,280,21191,20911
350750,2005,280,22459,22179
350750,2006,200,22177,21977
350750,2007,30,22996,22966
350750,2008,40,21918,21878
350750,2009,100,27833,27733
350750,2010,100,24186,24086
350750,2011,100,24185,24085
350750,2012,500,25875,25375
350750,2013,600,26665,26065
350750,2014,600,30900,30300
350750,2015,600,30220,29620
350750,2016,600,30712,30112
350750,2017,2000,41031,39031
350750,2018,2314,36552,34238
350750,2019,2314,37863,35549
350750,2020,2314,37582,35268
350750,2021,600,30712,30112
350760,1988,96,8719,8623
350760,1989,200,12561,12361
350760,1990,0,11103,11103
350760,1991,0,10210,10210
350760,1992,0,10402,10402
350760,1993,0,9686,9686
350760,1994,0,10098,10098
350760,1995,0,9555,9555
350760,1996,0,9355,9355
350760,1997,0,9866,9866
350760,1998,0,9662,9662
350760,1999,0,8965,8965
350760,2000,0,8629,8629
350760,2001,0,7379,7379
350760,2002,0,7639,7639
350760,2003,0,7615,7615
350760,2004,0,7313,7313
350760,2005,0,6981,6981
350760,2006,0,7211,7211
350760,2007,0,6872,6872
350760,2008,0,9210,9210
350760,2009,0,9192,9192
350760,2010,0,9417,9417
350760,2011,0,9653,9653
350760,2012,0,8960,8960
350760,2013,0,9051,9051
350760,2014,50,7753,7703
350760,2015,430,8116,7686
350760,2016,720,8382,7662
350760,2017,850,8732,7882
350760,2018,900,9122,8222
350760,2019,820,9375,8555
350760,2020,1120,9795,8675
350760,2021,1120,9895,8775
350770,1988,0,4751,4751
350770,1989,0,4149,4149
350770,1990,0,4626,4626
350770,1991,0,3605,3605
350770,1992,0,3516,3516
350770,1993,0,3444,3444
350770,1994,0,2528,2528
350770,1995,0,3206,3206
350770,1996,0,2090,2090
350770,1997,0,2898,2898
350770,1998,0,3097,3097
350770,1999,60,3674,3614
350770,2000,20,2984,2964
350770,2001,100,5524,5424
350770,2002,130,5518,5388
350770,2003,0,5553,5553
350770,2004,450,6537,6087
350770,2005,300,4910,4610
350770,2006,100,5232,5132
350770,2007,60,8175,8115
350770,2008,80,6514,6434
350770,2009,0,5850,5850
350770,2010,80,7405,7325
350770,2011,100,7181,7081
350770,2012,150,7361,7211
350770,2013,130,7286,7156
350770,2014,150,5927,5777
350770,2015,200,6427,6227
350770,2016,150,7245,7095
350770,2017,150,8276,8126
350770,2018,150,8409,8259
350770,2019,930,9252,8322
350770,2020,270,8954,8684
350770,2021,1050,7806,6756
350780,1988,200,11281,11081
350780,1989,300,12433,12133
350780,1990,300,13148,12848
350780,1991,150,13505,13355
350780,1992,150,10910,10760
350780,1993,150,9710,9560
350780,1994,250,10247,9997
350780,1995,250,9109,8859
350780,1996,400,8023,7623
350780,1997,692,14588,13896
350780,1998,692,14136,13444
350780,1999,680,14120,13440
350780,2000,700,12991,12291
350780,2001,750,12360,11610
350780,2002,1000,13189,12189
350780,2003,800,13150,12350
350780,2004,800,13520,12720
350780,2005,1200,14600,13400
350780,2006,1200,14310,13110
350780,2007,1200,14955,13755
350780,2008,960,17631,16671
350780,2009,100,15988,15888
350780,2010,100,15863,15763
350780,2011,100,15932,15832
350780,2012,600,16292,15692
350780,2013,150,15882,15732
350780,2014,150,15772,15622
350780,2015,300,15928,15628
350780,2016,300,15965,15665
350780,2017,500,16305,15805
350780,2018,350,16185,15835
350780,2019,350,16185,15835
350780,2020,350,16248,15898
350780,2021,350,16248,15898
350790,1988,380,12783,12403
350790,1989,500,15221,14721
350790,1990,600,17383,16783
350790,1991,200,17411,17211
350790,1992,100,17798,17698
350790,1993,200,13486,13286
350790,1994,220,18629,18409
350790,1995,220,19480,19260
350790,1996,200,31765,31565
350790,1997,40,29270,29230
350790,1998,60,28236,28176
350790,1999,60,23865,23805
350790,2000,240,20870,20630
350790,2001,0,17922,17922
350790,2002,0,19405,19405
350790,2003,0,19811,19811
350790,2004,0,22231,22231
350790,2005,0,24181,24181
350790,2006,0,23776,23776
350790,2007,0,24729,24729
350790,2008,0,57140,57140
350790,2009,0,41289,41289
350790,2010,0,33208,33208
350790,2011,0,35733,35733
350790,2012,0,37025,37025
350790,2013,0,38546,38546
350790,2014,0,37183,37183
350790,2015,800,37703,36903
350790,2016,1136,35178,34042
350790,2017,1288,36734,35446
350790,2018,940,42264,41324
350790,2019,1139,44309,43170
350790,2020,1254,43697,42443
350790,2021,3754,42554,38800
350800,1988,180,11696,11516
350800,1989,170,13494,13324
350800,1990,200,13206,13006
350800,1991,0,12562,12562
350800,1992,180,12096,11916
350800,1993,145,11655,11510
350800,1994,145,11444,11299
350800,1995,640,5755,5115
350800,1996,640,5832,5192
350800,1997,400,7093,6693
350800,1998,450,6516,6066
350800,1999,500,8057,7557
350800,2000,500,5887,5387
350800,2001,1000,9534,8534
350800,2002,1200,8775,7575
350800,2003,600,12407,11807
350800,2004,2500,12651,10151
350800,2005,3300,12805,9505
350800,2006,3650,17053,13403
350800,2007,3400,16479,13079
350800,2008,3400,17740,14340
350800,2009,6500,27791,21291
350800,2010,8000,27401,19401
350800,2011,8000,21801,13801
350800,2012,9300,26021,16721
350800,2013,8800,27945,19145
350800,2014,8800,43009,34209
350800,2015,25903,59899,33996
350800,2016,25576,67312,41736
350800,2017,23000,54857,31857
350800,2018,21000,51766,30766
350800,2019,21000,49245,28245
350800,2020,21000,50765,29765
350800,2021,22500,53936,31436
350810,1988,145,5517,5372
350810,1989,125,5827,5702
350810,1990,100,4951,4851
350810,1991,100,5086,4986
350810,1992,17,5262,5245
350810,1993,44,3548,3504
350810,1994,260,3961,3701
350810,1995,450,3856,3406
350810,1996,400,3980,3580
350810,1997,400,4479,4079
350810,1998,600,4831,4231
350810,1999,600,3696,3096
350810,2000,950,4877,3927
350810,2001,900,4704,3804
350810,2002,1400,4428,3028
350810,2003,1400,4981,3581
350810,2004,1400,5125,3725
350810,2005,1400,5467,4067
350810,2006,1380,5959,4579
350810,2007,1400,5809,4409
350810,2008,800,5227,4427
350810,2009,484,9280,8796
350810,2010,484,10679,10195
350810,2011,680,9599,8919
350810,2012,300,8020,7720
350810,2013,550,7866,7316
350810,2014,180,7211,7031
350810,2015,145,7455,7310
350810,2016,430,9558,9128
350810,2017,145,9540,9395
350810,2018,520,13040,12520
350810,2019,490,12922,12432
350810,2020,590,12972,12382
350810,2021,500,12887,12387
350820,1988,3000,9417,6417
350820,1989,3000,10199,7199
350820,1990,3000,10658,7658
350820,1991,2400,8658,6258
350820,1992,2000,8387,6387
350820,1993,2400,7420,5020
350820,1994,3000,10690,7690
350820,1995,3000,13314,10314
350820,1996,2000,10078,8078
350820,1997,2000,11078,9078
350820,1998,2000,13578,11578
350820,1999,2400,14058,11658
350820,2000,2400,13936,11536
350820,2001,2400,13753,11353
350820,2002,2400,14253,11853
350820,2003,2000,14593,12593
350820,2004,2000,14706,12706
350820,2005,2000,15389,13389
350820,2006,2000,14850,12850
350820,2007,1000,12850,11850
350820,2008,960,13200,12240
350820,2009,1200,13006,11806
350820,2010,1200,12906,11706
350820,2011,994,12471,11477
350820,2012,900,13063,12163
350820,2013,900,13116,12216
350820,2014,1000,13427,12427
350820,2015,1100,13483,12383
350820,2016,1400,13914,12514
350820,2017,1600,14089,12489
350820,2018,1600,14089,12489
350820,2019,1600,14245,12645
350820,2020,1600,14247,12647
350820,2021,1600,14247,12647
350830,1988,0,1828,1828
350830,1989,0,1892,1892
350830,1990,0,1667,1667
350830,1991,0,1612,1612
350830,1992,0,2400,2400
350830,1993,0,1814,1814
350830,1994,0,1630,1630
350830,1995,0,1562,1562
350830,1996,0,1573,1573
350830,1997,0,1511,1511
350830,1998,0,1511,1511
350830,1999,0,1512,1512
350830,2000,0,1751,1751
350830,2001,0,1259,1259
350830,2002,0,2495,2495
350830,2003,0,2161,2161
350830,2004,0,2169,2169
350830,2005,0,2385,2385
350830,2006,200,2160,1960
350830,2007,200,2437,2237
350830,2008,200,1719,1519
350830,2009,205,2405,2200
350830,2010,200,3291,3091
350830,2011,210,3270,3060
350830,2012,250,3310,3060
350830,2013,250,3392,3142
350830,2014,260,2405,2145
350830,2015,0,4335,4335
350830,2016,0,4360,4360
350830,2017,0,2903,2903
350830,2018,80,2415,2335
350830,2019,0,1991,1991
350830,2020,130,1627,1497
350830,2021,0,1464,1464
350840,1988,0,1243,1243
350840,1989,0,1466,1466
350840,1990,0,1608,1608
350840,1991,0,1965,1965
350840,1992,0,1886,1886
350840,1993,0,2624,2624
350840,1994,0,2438,2438
350840,1995,0,2591,2591
350840,1996,0,2515,2515
350840,1997,0,2255,2255
350840,1998,0,2155,2155
350840,1999,0,2250,2250
350840,2000,0,714,714
350840,2001,0,1678,1678
350840,2002,0,1553,1553
350840,2003,0,1886,1886
350840,2004,0,1481,1481
350840,2005,0,2124,2124
350840,2006,0,1154,1154
350840,2007,0,1464,1464
350840,2008,0,1706,1706
350840,2009,0,703,703
350840,2010,0,316,316
350840,2011,0,382,382
350840,2012,0,354,354
350840,2013,0,348,348
350840,2014,0,398,398
350840,2015,0,241,241
350840,2016,37,280,243
350840,2017,0,245,245
350840,2018,0,275,275
350840,2019,0,274,274
350840,2020,0,267,267
350840,2021,0,252,252
350850,1988,0,4168,4168
350850,1989,0,4911,4911
350850,1990,0,3753,3753
350850,1991,0,4379,4379
350850,1992,0,4012,4012
350850,1993,0,3711,3711
350850,1994,0,3209,3209
350850,1995,0,3986,3986
350850,1996,0,4344,4344
350850,1997,0,3961,3961
350850,1998,0,3993,3993
350850,1999,0,2718,2718
350850,2000,0,3502,3502
350850,2001,0,2820,2820
350850,2002,0,2240,2240
350850,2003,0,2667,2667
350850,2004,0,2106,2106
350850,2005,0,2499,2499
350850,2006,0,2726,2726
350850,2007,0,2636,2636
350850,2008,0,2252,2252
350850,2009,0,1152,1152
350850,2010,0,1152,1152
350850,2011,0,2817,2817
350850,2012,0,1421,1421
350850,2013,0,3475,3475
350850,2014,0,3440,3440
350850,2015,0,2600,2600
350850,2016,0,2495,2495
350850,2017,0,3440,3440
350850,2018,0,3440,3440
350850,2019,0,3440,3440
350850,2020,0,3440,3440
350850,2021,0,3440,3440
350860,1988,0,1548,1548
350860,1989,0,1189,1189
350860,1990,0,1093,1093
350860,1991,0,903,903
350860,1992,0,842,842
350860,1993,0,690,690
350860,1994,0,479,479
350860,1995,0,1076,1076
350860,1996,0,68,68
350860,1997,0,1090,1090
350860,1998,0,88,88
350860,1999,0,1084,1084
350860,2000,0,697,697
350860,2001,0,567,567
350860,2002,0,537,537
350860,2003,0,545,545
350860,2004,0,519,519
350860,2005,0,520,520
350860,2006,0,522,522
350860,2007,0,454,454
350860,2008,0,488,488
350860,2009,0,399,399
350860,2010,0,317,317
350860,2011,0,317,317
350860,2012,0,432,432
350860,2013,0,432,432
350860,2014,0,427,427
350860,2015,0,427,427
350860,2016,0,427,427
350860,2017,0,427,427
350860,2018,0,412,412
350860,2019,0,227,227
350860,2020,0,354,354
350860,2021,0,332,332
350870,1988,0,9875,9875
350870,1989,0,9731,9731
350870,1990,0,11425,11425
350870,1991,0,11501,11501
350870,1992,0,10186,10186
350870,1993,0,10133,10133
350870,1994,0,8779,8779
350870,1995,0,8813,8813
350870,1996,0,8084,8084
350870,1997,0,9792,9792
350870,1998,0,12118,12118
350870,1999,0,12593,12593
350870,2000,0,10744,10744
350870,2001,0,8181,8181
350870,2002,0,9382,9382
350870,2003,0,10753,10753
350870,2004,0,10352,10352
350870,2005,0,11218,11218
350870,2006,0,11439,11439
350870,2007,0,11329,11329
350870,2008,0,9768,9768
350870,2009,0,9908,9908
350870,2010,0,18085,18085
350870,2011,0,11794,11794
350870,2012,0,9299,9299
350870,2013,60,8894,8834
350870,2014,60,8874,8814
350870,2015,60,8968,8908
350870,2016,60,9997,9937
350870,2017,60,9037,8977
350870,2018,0,12669,12669
350870,2019,120,10096,9976
350870,2020,120,10096,9976
350870,2021,120,10213,10093
350880,1988,100,11872,11772
350880,1989,100,11709,11609
350880,1990,5,8731,8726
350880,1991,0,5663,5663
350880,1992,0,4791,4791
350880,1993,0,5093,5093
350880,1994,0,6196,6196
350880,1995,25,6333,6308
350880,1996,0,7229,7229
350880,1997,0,5955,5955
350880,1998,0,6629,6629
350880,1999,0,7479,7479
350880,2000,0,6824,6824
350880,2001,0,7626,7626
350880,2002,48,7149,7101
350880,2003,0,10808,10808
350880,2004,150,7935,7785
350880,2005,150,9317,9167
350880,2006,150,12911,12761
350880,2007,150,7216,7066
350880,2008,120,7999,7879
350880,2009,0,34765,34765
350880,2010,0,50764,50764
350880,2011,0,42218,42218
350880,2012,0,1220,1220
350880,2013,0,37609,37609
350880,2014,240,35278,35038
350880,2015,0,33734,33734
350880,2016,0,36174,36174
350880,2017,40,32105,32065
350880,2018,240,36739,36499
350880,2019,595,36904,36309
350880,2020,600,37796,37196
350880,2021,799,36478,35679
350890,1988,0,5935,5935
350890,1989,0,7088,7088
350890,1990,0,7061,7061
350890,1991,0,6552,6552
350890,1992,0,5442,5442
350890,1993,0,5963,5963
350890,1994,0,5490,5490
350890,1995,0,3486,3486
350890,1996,0,3608,3608
350890,1997,0,6715,6715
350890,1998,0,6982,6982
350890,1999,0,2338,2338
350890,2000,0,5474,5474
350890,2001,0,5578,5578
350890,2002,0,5528,5528
350890,2003,0,5038,5038
350890,2004,0,5495,5495
350890,2005,0,5778,5778
350890,2006,0,5556,5556
350890,2007,0,5653,5653
350890,2008,0,6051,6051
350890,2009,0,8463,8463
350890,2010,0,10563,10563
350890,2011,0,8568,8568
350890,2012,0,6741,6741
350890,2013,0,6693,6693
350890,2014,0,6693,6693
350890,2015,0,6693,6693
350890,2016,0,6693,6693
350890,2017,0,6694,6694
350890,2018,0,6554,6554
350890,2019,0,6554,6554
350890,2020,0,6526,6526
350890,2021,0,6701,6701
350900,1988,0,112,112
350900,1989,0,126,126
350900,1990,0,32,32
350900,1991,0,85,85
350900,1992,0,770,770
350900,1993,0,669,669
350900,1994,0,323,323
350900,1995,0,660,660
350900,1996,0,1,1
350900,1997,0,69,69
350900,1998,0,1,1
350900,1999,0,1,1
350900,2000,0,53,53
350900,2001,0,1,1
350900,2002,0,1,1
350900,2003,0,1,1
350900,2004,0,0,0
350900,2005,0,0,0
350900,2006,0,0,0
350900,2007,0,0,0
350900,2008,0,0,0
350900,2009,0,0,0
350900,2010,0,0,0
350900,2011,0,0,0
350900,2012,0,0,0
350900,2013,0,0,0
350900,2014,0,0,0
350900,2015,0,0,0
350900,2016,0,0,0
350900,2017,0,0,0
350900,2018,0,3,3
350900,2019,0,3,3
350900,2020,0,3,3
350900,2021,0,3,3
350910,1988,0,6411,6411
350910,1989,0,6084,6084
350910,1990,0,7744,7744
350910,1991,0,4418,4418
350910,1992,150,5182,5032
350910,1993,0,3320,3320
350910,1994,0,2975,2975
350910,1995,0,3433,3433
350910,1996,0,3961,3961
350910,1997,0,3830,3830
350910,1998,0,4205,4205
350910,1999,0,3668,3668
350910,2000,0,5153,5153
350910,2001,0,4600,4600
350910,2002,90,4275,4185
350910,2003,0,4382,4382
350910,2004,0,4546,4546
350910,2005,200,6669,6469
350910,2006,0,8387,8387
350910,2007,0,7182,7182
350910,2008,0,6990,6990
350910,2009,0,6699,6699
350910,2010,0,8500,8500
350910,2011,0,8537,8537
350910,2012,0,9851,9851
350910,2013,0,7029,7029
350910,2014,300,8533,8233
350910,2015,0,7366,7366
350910,2016,0,5398,5398
350910,2017,500,5976,5476
350910,2018,0,5273,5273
350910,2019,0,5689,5689
350910,2020,200,3944,3744
350910,2021,200,3924,3724
350920,1988,0,83,83
350920,1989,0,46,46
350920,1990,0,45,45
350920,1991,0,0,0
350920,1992,0,1,1
350920,1993,0,0,0
350920,1994,0,0,0
350920,1995,0,0,0
350920,1996,0,0,0
350920,1997,0,0,0
350920,1998,0,0,0
350920,1999,0,0,0
350920,2000,0,28,28
350920,2001,0,0,0
350920,2002,0,0,0
350920,2003,0,0,0
350920,2004,0,0,0
350920,2005,0,0,0
350920,2006,0,0,0
350920,2007,0,0,0
350920,2008,0,0,0
350920,2009,0,0,0
350920,2010,0,0,0
350920,2011,0,0,0
350920,2012,0,0,0
350920,2013,0,0,0
350920,2014,0,0,0
350920,2015,0,0,0
350920,2016,0,0,0
350920,2017,0,0,0
350920,2018,0,8,8
350920,2019,0,3,3
350920,2020,0,3,3
350920,2021,0,3,3
350930,1988,0,17799,17799
350930,1989,0,18827,18827
350930,1990,0,18949,18949
350930,1991,0,20602,20602
350930,1992,0,20552,20552
350930,1993,0,16765,16765
350930,1994,0,16058,16058
350930,1995,0,11703,11703
350930,1996,0,13945,13945
350930,1997,0,15121,15121
350930,1998,0,15124,15124
350930,1999,0,15165,15165
350930,2000,0,12486,12486
350930,2001,15,14291,14276
350930,2002,20,12099,12079
350930,2003,20,17042,17022
350930,2004,0,15691,15691
350930,2005,17,12721,12704
350930,2006,0,16333,16333
350930,2007,0,16628,16628
350930,2008,0,17576,17576
350930,2009,0,17646,17646
350930,2010,0,16330,16330
350930,2011,0,17375,17375
350930,2012,0,16174,16174
350930,2013,81,18233,18152
350930,2014,0,20023,20023
350930,2015,0,19708,19708
350930,2016,301,17551,17250
350930,2017,240,17166,16926
350930,2018,156,18299,18143
350930,2019,52,18419,18367
350930,2020,220,18328,18108
350930,2021,95,17887,17792
350940,1988,120,15619,15499
350940,1989,150,17395,17245
350940,1990,50,17820,17770
350940,1991,150,18350,18200
350940,1992,200,14940,14740
350940,1993,200,16583,16383
350940,1994,0,23593,23593
350940,1995,0,21879,21879
350940,1996,0,26050,26050
350940,1997,0,23978,23978
350940,1998,50,23709,23659
350940,1999,200,23719,23519
350940,2000,0,23750,23750
350940,2001,100,21768,21668
350940,2002,200,21591,21391
350940,2003,160,22072,21912
350940,2004,60,21448,21388
350940,2005,200,23601,23401
350940,2006,200,27882,27682
350940,2007,200,32818,32618
350940,2008,160,31226,31066
350940,2009,0,34504,34504
350940,2010,0,34283,34283
350940,2011,0,33917,33917
350940,2012,200,34404,34204
350940,2013,0,34234,34234
350940,2014,0,31134,31134
350940,2015,200,34752,34552
350940,2016,200,35684,35484
350940,2017,200,35690,35490
350940,2018,200,23386,23186
350940,2019,500,34115,33615
350940,2020,600,34702,34102
350940,2021,600,34702,34102
350950,1988,300,8021,7721
350950,1989,1544,9235,7691
350950,1990,1480,11646,10166
350950,1991,500,10598,10098
350950,1992,40,9877,9837
350950,1993,0,6776,6776
350950,1994,0,5791,5791
350950,1995,60,8485,8425
350950,1996,183,8456,8273
350950,1997,10,1154,1144
350950,1998,9,2076,2067
350950,1999,9,2230,2221
350950,2000,0,7569,7569
350950,2001,50,6718,6668
350950,2002,50,6299,6249
350950,2003,225,6865,6640
350950,2004,50,6422,6372
350950,2005,313,7552,7239
350950,2006,180,9816,9636
350950,2007,50,7134,7084
350950,2008,144,6965,6821
350950,2009,144,6965,6821
350950,2010,0,1877,1877
350950,2011,0,5198,5198
350950,2012,0,5233,5233
350950,2013,10,4783,4773
350950,2014,10,4690,4680
350950,2015,20,5090,5070
350950,2016,30,5095,5065
350950,2017,150,4837,4687
350950,2018,700,3871,3171
350950,2019,800,3978,3178
350950,2020,800,3978,3178
350950,2021,800,3882,3082
350960,1988,0,159,159
350960,1989,0,176,176
350960,1990,0,167,167
350960,1991,0,7,7
350960,1992,0,23,23
350960,1993,0,4,4
350960,1994,0,3,3
350960,1995,0,5,5
350960,1996,0,38,38
350960,1997,0,40,40
350960,1998,0,99,99
350960,1999,0,99,99
350960,2000,0,19,19
350960,2001,0,1,1
350960,2002,0,1,1
350960,2003,0,1,1
350960,2004,0,1,1
350960,2005,0,1,1
350960,2006,0,1,1
350960,2007,0,1,1
350960,2008,0,1,1
350960,2009,0,1,1
350960,2010,0,9,9
350960,2011,0,0,0
350960,2012,0,0,0
350960,2013,0,0,0
350960,2014,0,0,0
350960,2015,0,0,0
350960,2016,0,0,0
350960,2017,0,0,0
350960,2018,0,0,0
350960,2019,0,0,0
350960,2020,0,0,0
350960,2021,0,0,0
350970,1988,0,375,375
350970,1989,0,373,373
350970,1990,0,509,509
350970,1991,0,462,462
350970,1992,0,454,454
350970,1993,0,374,374
350970,1994,0,401,401
350970,1995,0,259,259
350970,1996,0,286,286
350970,1997,0,209,209
350970,1998,0,134,134
350970,1999,0,210,210
350970,2000,0,251,251
350970,2001,0,227,227
350970,2002,0,206,206
350970,2003,0,36,36
350970,2004,0,166,166
350970,2005,0,149,149
350970,2006,0,149,149
350970,2007,0,139,139
350970,2008,0,142,142
350970,2009,0,147,147
350970,2010,0,29,29
350970,2011,0,29,29
350970,2012,0,29,29
350970,2013,0,29,29
350970,2014,0,29,29
350970,2015,0,27,27
350970,2016,0,24,24
350970,2017,0,40,40
350970,2018,0,40,40
350970,2019,0,20,20
350970,2020,0,16,16
350970,2021,0,5,5
350980,1988,1800,6466,4666
350980,1989,3000,7670,4670
350980,1990,3000,8415,5415
350980,1991,3000,8205,5205
350980,1992,3630,10514,6884
350980,1993,3000,6537,3537
350980,1994,4730,12007,7277
350980,1995,5100,12745,7645
350980,1996,6000,14295,8295
350980,1997,6200,15560,9360
350980,1998,6000,13951,7951
350980,1999,6200,15447,9247
350980,2000,6200,15416,9216
350980,2001,6000,16188,10188
350980,2002,6900,17624,10724
350980,2003,7000,17292,10292
350980,2004,7000,17297,10297
350980,2005,6920,17531,10611
350980,2006,6935,16764,9829
350980,2007,7000,17851,10851
350980,2008,7000,19768,12768
350980,2009,7000,21221,14221
350980,2010,6800,23461,16661
350980,2011,6800,23556,16756
350980,2012,6800,23659,16859
350980,2013,6800,23133,16333
350980,2014,6750,23863,17113
350980,2015,12500,34229,21729
350980,2016,13000,37561,24561
350980,2017,13500,33697,20197
350980,2018,13800,37345,23545
350980,2019,13800,46529,32729
350980,2020,13938,38243,24305
350980,2021,13800,37754,23954
350990,1988,0,1913,1913
350990,1989,0,2188,2188
350990,1990,0,2081,2081
350990,1991,0,2135,2135
350990,1992,0,969,969
350990,1993,0,2198,2198
350990,1994,0,2305,2305
350990,1995,0,1729,1729
350990,1996,0,1772,1772
350990,1997,0,3214,3214
350990,1998,0,4210,4210
350990,1999,0,4135,4135
350990,2000,0,2768,2768
350990,2001,0,2569,2569
350990,2002,0,2580,2580
350990,2003,0,2581,2581
350990,2004,0,2576,2576
350990,2005,0,2335,2335
350990,2006,0,2217,2217
350990,2007,0,2060,2060
350990,2008,0,2887,2887
350990,2009,0,2398,2398
350990,2010,0,3045,3045
350990,2011,0,3451,3451
350990,2012,0,2992,2992
350990,2013,0,2992,2992
350990,2014,0,2992,2992
350990,2015,0,2721,2721
350990,2016,0,3580,3580
350990,2017,0,3592,3592
350990,2018,0,4575,4575
350990,2019,0,4521,4521
350990,2020,0,4521,4521
350990,2021,0,4521,4521
351000,1988,23000,59647,36647
351000,1989,24000,55464,31464
351000,1990,22500,52954,30454
351000,1991,22000,46744,24744
351000,1992,19000,54190,35190
351000,1993,20000,55690,35690
351000,1994,30000,75125,45125
351000,1995,28000,66335,38335
351000,1996,33500,77664,44164
351000,1997,34500,85689,51189
351000,1998,30000,79972,49972
351000,1999,26000,65889,39889
351000,2000,27000,71963,44963
351000,2001,26000,72319,46319
351000,2002,29000,84417,55417
351000,2003,28600,82737,54137
351000,2004,30000,78026,48026
351000,2005,29450,78375,48925
351000,2006,26000,75419,49419
351000,2007,22000,70174,48174
351000,2008,23500,79626,56126
351000,2009,23500,71795,48295
351000,2010,24000,73665,49665
351000,2011,24000,74114,50114
351000,2012,23000,72058,49058
351000,2013,23500,71096,47596
351000,2014,24200,71785,47585
351000,2015,24500,71918,47418
351000,2016,24500,72686,48186
351000,2017,25600,71665,46065
351000,2018,25600,71385,45785
351000,2019,25600,69695,44095
351000,2020,25600,71875,46275
351000,2021,27000,49500,22500
351010,1988,0,4794,4794
351010,1989,0,4888,4888
351010,1990,0,4979,4979
351010,1991,0,5347,5347
351010,1992,0,5731,5731
351010,1993,0,5209,5209
351010,1994,300,21171,20871
351010,1995,0,5271,5271
351010,1996,0,3381,3381
351010,1997,90,4839,4749
351010,1998,120,5249,5129
351010,1999,150,4718,4568
351010,2000,80,5104,5024
351010,2001,0,4759,4759
351010,2002,0,4999,4999
351010,2003,0,4870,4870
351010,2004,0,5263,5263
351010,2005,0,4656,4656
351010,2006,0,5188,5188
351010,2007,0,4693,4693
351010,2008,0,4720,4720
351010,2009,0,4464,4464
351010,2010,0,4211,4211
351010,2011,0,4218,4218
351010,2012,0,4576,4576
351010,2013,0,4533,4533
351010,2014,0,5863,5863
351010,2015,0,6015,6015
351010,2016,0,5702,5702
351010,2017,45,5352,5307
351010,2018,15,4566,4551
351010,2019,15,4028,4013
351010,2020,0,3904,3904
351010,2021,0,3817,3817
351020,1988,70,33198,33128
351020,1989,340,31677,31337
351020,1990,340,31176,30836
351020,1991,100,31864,31764
351020,1992,0,32428,32428
351020,1993,0,32960,32960
351020,1994,0,26575,26575
351020,1995,0,23129,23129
351020,1996,0,22336,22336
351020,1997,0,20463,20463
351020,1998,0,22267,22267
351020,1999,0,29386,29386
351020,2000,0,19884,19884
351020,2001,0,23697,23697
351020,2002,0,22414,22414
351020,2003,0,30232,30232
351020,2004,0,27301,27301
351020,2005,100,25996,25896
351020,2006,1500,32078,30578
351020,2007,1500,28475,26975
351020,2008,1900,31417,29517
351020,2009,1900,30535,28635
351020,2010,2300,29375,27075
351020,2011,3000,28341,25341
351020,2012,4500,29485,24985
351020,2013,4800,26773,21973
351020,2014,12000,36235,24235
351020,2015,16600,41249,24649
351020,2016,19600,47500,27900
351020,2017,21100,52226,31126
351020,2018,20600,54184,33584
351020,2019,20600,54367,33767
351020,2020,20600,54331,33731
351020,2021,23600,58327,34727
351030,1988,0,8460,8460
351030,1989,0,7128,7128
351030,1990,0,7741,7741
351030,1991,0,6829,6829
351030,1992,0,6892,6892
351030,1993,0,5652,5652
351030,1994,0,5842,5842
351030,1995,0,5561,5561
351030,1996,0,4348,4348
351030,1997,0,5854,5854
351030,1998,0,5792,5792
351030,1999,0,5992,5992
351030,2000,0,3732,3732
351030,2001,0,5988,5988
351030,2002,0,6545,6545
351030,2003,70,4949,4879
351030,2004,70,3954,3884
351030,2005,70,5303,5233
351030,2006,70,4196,4126
351030,2007,70,3632,3562
351030,2008,0,4744,4744
351030,2009,0,5070,5070
351030,2010,0,4472,4472
351030,2011,0,5007,5007
351030,2012,80,1930,1850
351030,2013,150,2000,1850
351030,2014,0,1600,1600
351030,2015,700,5077,4377
351030,2016,700,3404,2704
351030,2017,700,4289,3589
351030,2018,700,4154,3454
351030,2019,700,4650,3950
351030,2020,700,4680,3980
351030,2021,700,4423,3723
351040,1988,0,18164,18164
351040,1989,0,17655,17655
351040,1990,0,17427,17427
351040,1991,0,17242,17242
351040,1992,0,17556,17556
351040,1993,0,17342,17342
351040,1994,0,18495,18495
351040,1995,0,16536,16536
351040,1996,0,13273,13273
351040,1997,0,13823,13823
351040,1998,0,17190,17190
351040,1999,0,17103,17103
351040,2000,0,17289,17289
351040,2001,0,17178,17178
351040,2002,0,17206,17206
351040,2003,0,20493,20493
351040,2004,0,21487,21487
351040,2005,0,14402,14402
351040,2006,0,13769,13769
351040,2007,0,17205,17205
351040,2008,0,17172,17172
351040,2009,0,19234,19234
351040,2010,0,23173,23173
351040,2011,0,22005,22005
351040,2012,0,23205,23205
351040,2013,0,23007,23007
351040,2014,0,23006,23006
351040,2015,0,23006,23006
351040,2016,30,23086,23056
351040,2017,30,23086,23056
351040,2018,30,23081,23051
351040,2019,30,23246,23216
351040,2020,30,21680,21650
351040,2021,90,21740,21650
351050,1988,0,200,200
351050,1989,0,224,224
351050,1990,0,49,49
351050,1991,0,20,20
351050,1992,0,206,206
351050,1993,0,326,326
351050,1994,0,432,432
351050,1995,0,160,160
351050,1996,0,65,65
351050,1997,0,1335,1335
351050,1998,0,43,43
351050,1999,0,35,35
351050,2000,0,88,88
351050,2001,0,0,0
351050,2002,0,0,0
351050,2003,0,0,0
351050,2004,0,0,0
351050,2005,0,0,0
351050,2006,0,0,0
351050,2007,0,0,0
351050,2008,0,0,0
351050,2009,0,0,0
351050,2010,0,0,0
351050,2011,0,0,0
351050,2012,0,0,0
351050,2013,0,90,90
351050,2014,0,0,0
351050,2015,0,100,100
351050,2016,0,131,131
351050,2017,0,111,111
351050,2018,0,80,80
351050,2019,0,78,78
351050,2020,0,81,81
351050,2021,0,84,84
351060,1988,0,0,0
351060,1989,0,0,0
351060,1990,0,0,0
351060,1991,0,0,0
351060,1992,0,1,1
351060,1993,0,0,0
351060,1994,0,0,0
351060,1995,0,0,0
351060,1996,0,0,0
351060,1997,0,0,0
351060,1998,0,0,0
351060,1999,0,0,0
351060,2000,0,0,0
351060,2001,0,0,0
351060,2002,0,0,0
351060,2003,0,0,0
351060,2004,0,0,0
351060,2005,0,0,0
351060,2006,0,0,0
351060,2007,0,0,0
351060,2008,0,0,0
351060,2009,0,0,0
351060,2010,0,0,0
351060,2011,0,0,0
351060,2012,0,0,0
351060,2013,0,0,0
351060,2014,0,0,0
351060,2015,0,0,0
351060,2016,0,0,0
351060,2017,0,0,0
351060,2018,0,0,0
351060,2019,0,0,0
351060,2020,0,0,0
351060,2021,0,0,0
351070,1988,50,10507,10457
351070,1989,100,10183,10083
351070,1990,100,8483,8383
351070,1991,0,18786,18786
351070,1992,50,9784,9734
351070,1993,50,8195,8145
351070,1994,150,5809,5659
351070,1995,180,6624,6444
351070,1996,80,5996,5916
351070,1997,70,5472,5402
351070,1998,80,5136,5056
351070,1999,200,5946,5746
351070,2000,500,4796,4296
351070,2001,500,8189,7689
351070,2002,600,5406,4806
351070,2003,600,5753,5153
351070,2004,650,5769,5119
351070,2005,900,6702,5802
351070,2006,700,5741,5041
351070,2007,800,9630,8830
351070,2008,4200,12342,8142
351070,2009,4100,16882,12782
351070,2010,630,11745,11115
351070,2011,125,16017,15892
351070,2012,164,9613,9449
351070,2013,541,9307,8766
351070,2014,113,15029,14916
351070,2015,665,14979,14314
351070,2016,806,14877,14071
351070,2017,671,20624,19953
351070,2018,2655,22843,20188
351070,2019,3123,24795,21672
351070,2020,2466,24201,21735
351070,2021,3655,20855,17200
351080,1988,6000,46979,40979
351080,1989,9000,63644,54644
351080,1990,8000,46723,38723
351080,1991,8000,54437,46437
351080,1992,8000,49976,41976
351080,1993,9000,44902,35902
351080,1994,8000,28408,20408
351080,1995,5500,41106,35606
351080,1996,2500,47231,44731
351080,1997,3000,50626,47626
351080,1998,3000,54226,51226
351080,1999,3200,53042,49842
351080,2000,2500,50094,47594
351080,2001,2200,52900,50700
351080,2002,2200,45346,43146
351080,2003,3800,64900,61100
351080,2004,4800,61521,56721
351080,2005,4800,71783,66983
351080,2006,6000,72000,66000
351080,2007,4000,76035,72035
351080,2008,4800,74399,69599
351080,2009,4800,74451,69651
351080,2010,0,59111,59111
351080,2011,2400,66160,63760
351080,2012,2600,69161,66561
351080,2013,2800,68603,65803
351080,2014,2800,68003,65203
351080,2015,2850,65718,62868
351080,2016,2850,64180,61330
351080,2017,5800,66262,60462
351080,2018,5800,60972,55172
351080,2019,9800,56831,47031
351080,2020,12800,63616,50816
351080,2021,12800,68031,55231
351090,1988,0,3830,3830
351090,1989,0,3696,3696
351090,1990,0,3646,3646
351090,1991,0,3691,3691
351090,1992,0,3161,3161
351090,1993,0,3011,3011
351090,1994,0,2359,2359
351090,1995,30,1935,1905
351090,1996,0,1937,1937
351090,1997,0,1990,1990
351090,1998,0,2207,2207
351090,1999,0,2274,2274
351090,2000,30,1787,1757
351090,2001,0,1871,1871
351090,2002,0,1654,1654
351090,2003,0,1675,1675
351090,2004,70,1723,1653
351090,2005,0,1999,1999
351090,2006,0,2035,2035
351090,2007,0,1800,1800
351090,2008,0,1237,1237
351090,2009,0,3269,3269
351090,2010,0,3289,3289
351090,2011,0,3369,3369
351090,2012,0,3024,3024
351090,2013,0,2814,2814
351090,2014,0,3214,3214
351090,2015,100,4073,3973
351090,2016,100,4460,4360
351090,2017,0,3878,3878
351090,2018,0,4336,4336
351090,2019,0,4739,4739
351090,2020,350,4794,4444
351090,2021,350,4794,4444
351100,1988,0,14342,14342
351100,1989,180,11327,11147
351100,1990,0,9238,9238
351100,1991,0,5033,5033
351100,1992,0,18695,18695
351100,1993,0,7654,7654
351100,1994,0,7338,7338
351100,1995,0,3226,3226
351100,1996,0,2702,2702
351100,1997,0,2759,2759
351100,1998,0,6594,6594
351100,1999,0,6230,6230
351100,2000,0,5983,5983
351100,2001,0,4828,4828
351100,2002,120,3326,3206
351100,2003,690,7138,6448
351100,2004,350,6722,6372
351100,2005,400,4243,3843
351100,2006,1670,10305,8635
351100,2007,1670,18562,16892
351100,2008,920,17284,16364
351100,2009,530,23847,23317
351100,2010,200,26810,26610
351100,2011,300,30617,30317
351100,2012,300,32465,32165
351100,2013,2500,26923,24423
351100,2014,2200,29228,27028
351100,2015,2100,29508,27408
351100,2016,1500,29790,28290
351100,2017,1500,28500,27000
351100,2018,2000,30258,28258
351100,2019,2000,42123,40123
351100,2020,2000,42123,40123
351100,2021,2000,42470,40470
351110,1988,0,23170,23170
351110,1989,0,21630,21630
351110,1990,0,22410,22410
351110,1991,0,22779,22779
351110,1992,0,22507,22507
351110,1993,45,21297,21252
351110,1994,0,12703,12703
351110,1995,200,20507,20307
351110,1996,100,23569,23469
351110,1997,0,20297,20297
351110,1998,0,24423,24423
351110,1999,0,22870,22870
351110,2000,0,23055,23055
351110,2001,0,22894,22894
351110,2002,0,21344,21344
351110,2003,281,21564,21283
351110,2004,578,19797,19219
351110,2005,966,22152,21186
351110,2006,400,21517,21117
351110,2007,400,22507,22107
351110,2008,250,22341,22091
351110,2009,0,21941,21941
351110,2010,0,21442,21442
351110,2011,0,20276,20276
351110,2012,0,22015,22015
351110,2013,0,22160,22160
351110,2014,0,23131,23131
351110,2015,0,23172,23172
351110,2016,0,22713,22713
351110,2017,62,22508,22446
351110,2018,104,22572,22468
351110,2019,295,23011,22716
351110,2020,110,23068,22958
351110,2021,202,23139,22937
351120,1988,0,11342,11342
351120,1989,0,10560,10560
351120,1990,0,10820,10820
351120,1991,0,9993,9993
351120,1992,0,9025,9025
351120,1993,0,8546,8546
351120,1994,0,8623,8623
351120,1995,0,8624,8624
351120,1996,0,8230,8230
351120,1997,0,8315,8315
351120,1998,0,10201,10201
351120,1999,0,10356,10356
351120,2000,0,7669,7669
351120,2001,0,7834,7834
351120,2002,0,7766,7766
351120,2003,0,7885,7885
351120,2004,0,8863,8863
351120,2005,42,9423,9381
351120,2006,0,9452,9452
351120,2007,0,8965,8965
351120,2008,0,9421,9421
351120,2009,0,9351,9351
351120,2010,0,11402,11402
351120,2011,0,9329,9329
351120,2012,0,11329,11329
351120,2013,0,11335,11335
351120,2014,0,11322,11322
351120,2015,0,11372,11372
351120,2016,0,8976,8976
351120,2017,0,8970,8970
351120,2018,0,8870,8870
351120,2019,0,8771,8771
351120,2020,0,8871,8871
351120,2021,150,8918,8768
351130,1988,0,7585,7585
351130,1989,0,7101,7101
351130,1990,0,6222,6222
351130,1991,0,5702,5702
351130,1992,0,5852,5852
351130,1993,0,6010,6010
351130,1994,0,5539,5539
351130,1995,0,6331,6331
351130,1996,0,5293,5293
351130,1997,0,5244,5244
351130,1998,0,6096,6096
351130,1999,0,7159,7159
351130,2000,240,4115,3875
351130,2001,139,4945,4806
351130,2002,100,4696,4596
351130,2003,50,5034,4984
351130,2004,0,6345,6345
351130,2005,0,6462,6462
351130,2006,0,5574,5574
351130,2007,0,6417,6417
351130,2008,0,6636,6636
351130,2009,0,7838,7838
351130,2010,0,8021,8021
351130,2011,0,8464,8464
351130,2012,0,8644,8644
351130,2013,0,8276,8276
351130,2014,0,8219,8219
351130,2015,0,8679,8679
351130,2016,0,8981,8981
351130,2017,0,8510,8510
351130,2018,0,6178,6178
351130,2019,40,6675,6635
351130,2020,85,6409,6324
351130,2021,300,7724,7424
351140,1988,1500,10777,9277
351140,1989,2000,14035,12035
351140,1990,2500,12972,10472
351140,1991,798,8785,7987
351140,1992,780,7047,6267
351140,1993,900,6618,5718
351140,1994,1000,6969,5969
351140,1995,1000,6162,5162
351140,1996,1500,6803,5303
351140,1997,1300,6740,5440
351140,1998,1800,5850,4050
351140,1999,1800,6707,4907
351140,2000,1800,6015,4215
351140,2001,1800,6160,4360
351140,2002,300,5042,4742
351140,2003,2000,8140,6140
351140,2004,5000,12329,7329
351140,2005,5000,14425,9425
351140,2006,3000,14696,11696
351140,2007,1000,13526,12526
351140,2008,2650,20427,17777
351140,2009,1500,15940,14440
351140,2010,1900,16454,14554
351140,2011,1700,19034,17334
351140,2012,1500,21310,19810
351140,2013,1500,20080,18580
351140,2014,1800,20200,18400
351140,2015,2850,23480,20630
351140,2016,2800,25609,22809
351140,2017,3000,24549,21549
351140,2018,3900,26250,22350
351140,2019,9500,32205,22705
351140,2020,5950,27002,21052
351140,2021,12000,33287,21287
351150,1988,0,4533,4533
351150,1989,0,5048,5048
351150,1990,0,696,696
351150,1991,0,5876,5876
351150,1992,0,6287,6287
351150,1993,0,6420,6420
351150,1994,0,5221,5221
351150,1995,0,6713,6713
351150,1996,0,6260,6260
351150,1997,0,6212,6212
351150,1998,0,6747,6747
351150,1999,0,5326,5326
351150,2000,0,6688,6688
351150,2001,0,6614,6614
351150,2002,0,5266,5266
351150,2003,0,5189,5189
351150,2004,70,5356,5286
351150,2005,120,5975,5855
351150,2006,120,6080,5960
351150,2007,100,5950,5850
351150,2008,100,6080,5980
351150,2009,150,6210,6060
351150,2010,150,6300,6150
351150,2011,150,7070,6920
351150,2012,200,7100,6900
351150,2013,300,3878,3578
351150,2014,0,2966,2966
351150,2015,300,3267,2967
351150,2016,550,6301,5751
351150,2017,700,6753,6053
351150,2018,700,6373,5673
351150,2019,700,6483,5783
351150,2020,700,6483,5783
351150,2021,400,6282,5882
351160,1988,0,10198,10198
351160,1989,0,8865,8865
351160,1990,0,9295,9295
351160,1991,0,9623,9623
351160,1992,0,8074,8074
351160,1993,0,7866,7866
351160,1994,0,6737,6737
351160,1995,0,6631,6631
351160,1996,0,5766,5766
351160,1997,0,6010,6010
351160,1998,0,6241,6241
351160,1999,0,6695,6695
351160,2000,0,9317,9317
351160,2001,0,7397,7397
351160,2002,0,7315,7315
351160,2003,60,7518,7458
351160,2004,210,7568,7358
351160,2005,300,8790,8490
351160,2006,350,10137,9787
351160,2007,350,7951,7601
351160,2008,250,8860,8610
351160,2009,400,7498,7098
351160,2010,480,7671,7191
351160,2011,480,7755,7275
351160,2012,200,6583,6383
351160,2013,0,8700,8700
351160,2014,0,14342,14342
351160,2015,1347,16085,14738
351160,2016,0,13788,13788
351160,2017,750,14998,14248
351160,2018,600,15228,14628
351160,2019,750,15328,14578
351160,2020,2100,17166,15066
351160,2021,2100,17105,15005
351170,1988,15,8524,8509
351170,1989,0,8513,8513
351170,1990,0,8525,8525
351170,1991,0,8578,8578
351170,1992,0,8640,8640
351170,1993,0,8426,8426
351170,1994,0,11455,11455
351170,1995,0,10972,10972
351170,1996,0,9444,9444
351170,1997,0,9131,9131
351170,1998,0,10082,10082
351170,1999,0,9679,9679
351170,2000,0,9656,9656
351170,2001,0,9658,9658
351170,2002,0,9656,9656
351170,2003,0,9656,9656
351170,2004,0,9683,9683
351170,2005,0,10140,10140
351170,2006,0,9146,9146
351170,2007,0,9875,9875
351170,2008,0,11285,11285
351170,2009,0,11581,11581
351170,2010,0,11583,11583
351170,2011,0,11496,11496
351170,2012,0,11643,11643
351170,2013,0,11620,11620
351170,2014,0,11408,11408
351170,2015,0,11459,11459
351170,2016,0,11442,11442
351170,2017,0,11442,11442
351170,2018,0,10442,10442
351170,2019,0,9653,9653
351170,2020,0,9653,9653
351170,2021,0,9653,9653
351190,1988,0,3536,3536
351190,1989,0,3457,3457
351190,1990,0,3665,3665
351190,1991,0,3228,3228
351190,1992,0,2845,2845
351190,1993,0,2270,2270
351190,1994,0,3275,3275
351190,1995,0,3384,3384
351190,1996,0,2516,2516
351190,1997,0,2593,2593
351190,1998,10,2464,2454
351190,1999,0,2331,2331
351190,2000,0,2677,2677
351190,2001,80,4287,4207
351190,2002,120,3318,3198
351190,2003,0,4061,4061
351190,2004,125,4757,4632
351190,2005,100,4999,4899
351190,2006,24,3490,3466
351190,2007,24,4452,4428
351190,2008,0,5897,5897
351190,2009,0,4240,4240
351190,2010,0,7999,7999
351190,2011,0,6251,6251
351190,2012,0,5627,5627
351190,2013,22,6091,6069
351190,2014,270,5661,5391
351190,2015,311,5718,5407
351190,2016,300,6366,6066
351190,2017,200,6576,6376
351190,2018,150,7022,6872
351190,2019,520,7665,7145
351190,2020,590,6900,6310
351190,2021,120,5853,5733
351200,1988,2200,24710,22510
351200,1989,2600,26367,23767
351200,1990,2600,23058,20458
351200,1991,2100,26465,24365
351200,1992,2500,23100,20600
351200,1993,4000,22067,18067
351200,1994,4000,23874,19874
351200,1995,4000,23647,19647
351200,1996,3000,24658,21658
351200,1997,3200,28687,25487
351200,1998,3500,28276,24776
351200,1999,3500,31160,27660
351200,2000,4000,29003,25003
351200,2001,3600,28838,25238
351200,2002,2100,28292,26192
351200,2003,2300,28025,25725
351200,2004,2500,29512,27012
351200,2005,2000,29925,27925
351200,2006,2000,31041,29041
351200,2007,1500,28336,26836
351200,2008,1500,28451,26951
351200,2009,1000,27611,26611
351200,2010,1500,29103,27603
351200,2011,1500,30413,28913
351200,2012,800,29692,28892
351200,2013,800,30171,29371
351200,2014,800,31709,30909
351200,2015,1400,33214,31814
351200,2016,1250,31447,30197
351200,2017,2600,36100,33500
351200,2018,500,29253,28753
351200,2019,1250,29705,28455
351200,2020,600,28824,28224
351200,2021,1100,29812,28712
351210,1988,7032,30987,23955
351210,1989,12188,28832,16644
351210,1990,11526,28918,17392
351210,1991,9000,31282,22282
351210,1992,8032,25976,17944
351210,1993,9760,23294,13534
351210,1994,14030,33091,19061
351210,1995,14500,25863,11363
351210,1996,18000,32945,14945
351210,1997,19000,44470,25470
351210,1998,16200,44872,28672
351210,1999,16300,44061,27761
351210,2000,16000,41189,25189
351210,2001,16800,47060,30260
351210,2002,15950,40126,24176
351210,2003,17780,44823,27043
351210,2004,20000,45848,25848
351210,2005,16230,54028,37798
351210,2006,12300,50656,38356
351210,2007,1245,36880,35635
351210,2008,7200,48442,41242
351210,2009,1700,43801,42101
351210,2010,402,42794,42392
351210,2011,1100,44311,43211
351210,2012,1478,49037,47559
351210,2013,635,50439,49804
351210,2014,556,53169,52613
351210,2015,843,56168,55325
351210,2016,918,56114,55196
351210,2017,730,56013,55283
351210,2018,1100,54452,53352
351210,2019,880,55000,54120
351210,2020,2000,55583,53583
351210,2021,1300,53097,51797
351220,1988,0,18544,18544
351220,1989,0,17226,17226
351220,1990,0,16705,16705
351220,1991,180,15300,15120
351220,1992,200,14280,14080
351220,1993,0,12427,12427
351220,1994,0,13133,13133
351220,1995,0,10596,10596
351220,1996,0,14319,14319
351220,1997,0,12802,12802
351220,1998,0,12241,12241
351220,1999,0,11720,11720
351220,2000,0,12588,12588
351220,2001,0,10190,10190
351220,2002,0,10592,10592
351220,2003,0,9609,9609
351220,2004,0,9895,9895
351220,2005,0,10104,10104
351220,2006,0,10717,10717
351220,2007,0,16052,16052
351220,2008,0,10429,10429
351220,2009,0,11820,11820
351220,2010,0,12860,12860
351220,2011,0,13010,13010
351220,2012,50,13948,13898
351220,2013,150,10858,10708
351220,2014,286,8883,8597
351220,2015,900,12858,11958
351220,2016,1200,13663,12463
351220,2017,1200,14423,13223
351220,2018,1200,14423,13223
351220,2019,1200,14423,13223
351220,2020,3500,14058,10558
351220,2021,3500,14469,10969
351230,1988,0,1904,1904
351230,1989,0,2440,2440
351230,1990,0,2012,2012
351230,1991,0,2114,2114
351230,1992,0,1865,1865
351230,1993,0,806,806
351230,1994,0,647,647
351230,1995,0,828,828
351230,1996,0,600,600
351230,1997,0,1173,1173
351230,1998,0,888,888
351230,1999,0,1881,1881
351230,2000,0,1338,1338
351230,2001,0,940,940
351230,2002,0,842,842
351230,2003,0,850,850
351230,2004,0,1124,1124
351230,2005,0,1211,1211
351230,2006,0,1514,1514
351230,2007,0,2338,2338
351230,2008,0,2039,2039
351230,2009,0,2102,2102
351230,2010,0,2355,2355
351230,2011,0,2316,2316
351230,2012,0,2961,2961
351230,2013,218,2474,2256
351230,2014,0,1842,1842
351230,2015,120,2891,2771
351230,2016,240,2447,2207
351230,2017,265,2669,2404
351230,2018,245,3340,3095
351230,2019,245,3481,3236
351230,2020,240,3475,3235
351230,2021,245,4208,3963
351240,1988,10,9609,9599
351240,1989,50,10961,10911
351240,1990,0,11824,11824
351240,1991,0,12029,12029
351240,1992,0,10762,10762
351240,1993,0,11827,11827
351240,1994,75,10396,10321
351240,1995,190,10372,10182
351240,1996,150,10282,10132
351240,1997,150,10336,10186
351240,1998,50,9614,9564
351240,1999,50,9158,9108
351240,2000,50,8843,8793
351240,2001,100,9298,9198
351240,2002,130,9790,9660
351240,2003,130,9670,9540
351240,2004,130,9842,9712
351240,2005,150,10310,10160
351240,2006,150,10014,9864
351240,2007,200,10150,9950
351240,2008,120,10074,9954
351240,2009,200,10157,9957
351240,2010,200,10161,9961
351240,2011,200,12026,11826
351240,2012,200,11232,11032
351240,2013,70,11207,11137
351240,2014,200,11491,11291
351240,2015,270,11239,10969
351240,2016,270,11259,10989
351240,2017,270,11554,11284
351240,2018,200,11460,11260
351240,2019,260,11325,11065
351240,2020,270,11565,11295
351240,2021,600,11545,10945
351250,1988,740,9119,8379
351250,1989,1000,11939,10939
351250,1990,1200,8337,7137
351250,1991,1200,6528,5328
351250,1992,900,11432,10532
351250,1993,900,11171,10271
351250,1994,900,13937,13037
351250,1995,1800,13217,11417
351250,1996,2500,13722,11222
351250,1997,2000,10089,8089
351250,1998,5200,14469,9269
351250,1999,6400,17596,11196
351250,2000,2900,7400,4500
351250,2001,4700,12292,7592
351250,2002,6850,12977,6127
351250,2003,9400,23463,14063
351250,2004,10000,24452,14452
351250,2005,12550,29221,16671
351250,2006,10600,24721,14121
351250,2007,6600,25942,19342
351250,2008,4900,24781,19881
351250,2009,2000,22667,20667
351250,2010,3600,26995,23395
351250,2011,3900,23421,19521
351250,2012,3700,20319,16619
351250,2013,5116,21991,16875
351250,2014,5555,21649,16094
351250,2015,5541,21883,16342
351250,2016,5720,22292,16572
351250,2017,6120,23881,17761
351250,2018,6500,25187,18687
351250,2019,6600,24757,18157
351250,2020,6900,24974,18074
351250,2021,6875,26104,19229
351260,1988,70,15082,15012
351260,1989,100,15943,15843
351260,1990,100,12884,12784
351260,1991,150,10806,10656
351260,1992,250,16376,16126
351260,1993,0,13121,13121
351260,1994,250,15766,15516
351260,1995,250,13821,13571
351260,1996,120,12608,12488
351260,1997,100,15381,15281
351260,1998,100,13727,13627
351260,1999,0,16777,16777
351260,2000,0,14764,14764
351260,2001,72,15607,15535
351260,2002,3000,20075,17075
351260,2003,1500,17925,16425
351260,2004,1500,15892,14392
351260,2005,2000,12140,10140
351260,2006,3000,17275,14275
351260,2007,2300,14092,11792
351260,2008,2200,15581,13381
351260,2009,2000,16209,14209
351260,2010,1500,11109,9609
351260,2011,5500,18737,13237
351260,2012,5500,18385,12885
351260,2013,6500,19845,13345
351260,2014,8000,21300,13300
351260,2015,8000,20503,12503
351260,2016,8000,19373,11373
351260,2017,10000,21340,11340
351260,2018,7500,18142,10642
351260,2019,8500,21676,13176
351260,2020,9500,22054,12554
351260,2021,10000,23676,13676
351270,1988,0,6290,6290
351270,1989,0,4638,4638
351270,1990,0,4902,4902
351270,1991,10,5358,5348
351270,1992,0,4515,4515
351270,1993,0,3412,3412
351270,1994,0,3775,3775
351270,1995,0,3595,3595
351270,1996,0,6060,6060
351270,1997,0,3824,3824
351270,1998,0,3424,3424
351270,1999,0,4335,4335
351270,2000,0,3570,3570
351270,2001,0,3647,3647
351270,2002,24,3334,3310
351270,2003,25,3907,3882
351270,2004,25,3994,3969
351270,2005,0,4903,4903
351270,2006,0,5476,5476
351270,2007,0,5019,5019
351270,2008,0,6094,6094
351270,2009,0,6239,6239
351270,2010,0,6030,6030
351270,2011,0,6019,6019
351270,2012,0,4530,4530
351270,2013,0,6401,6401
351270,2014,0,4701,4701
351270,2015,0,4258,4258
351270,2016,15,4615,4600
351270,2017,0,4563,4563
351270,2018,50,4537,4487
351270,2019,200,4669,4469
351270,2020,200,4645,4445
351270,2021,300,4458,4158
351280,1988,482,47969,47487
351280,1989,801,43021,42220
351280,1990,607,50733,50126
351280,1991,230,48749,48519
351280,1992,480,48783,48303
351280,1993,130,35785,35655
351280,1994,270,33531,33261
351280,1995,410,32987,32577
351280,1996,415,31674,31259
351280,1997,425,42282,41857
351280,1998,474,37099,36625
351280,1999,384,40147,39763
351280,2000,100,37835,37735
351280,2001,0,37556,37556
351280,2002,230,38733,38503
351280,2003,50,40334,40284
351280,2004,855,42181,41326
351280,2005,365,39117,38752
351280,2006,370,38411,38041
351280,2007,320,37842,37522
351280,2008,178,36217,36039
351280,2009,178,36878,36700
351280,2010,30,31543,31513
351280,2011,120,40985,40865
351280,2012,120,35238,35118
351280,2013,100,35500,35400
351280,2014,1157,34988,33831
351280,2015,1160,34959,33799
351280,2016,1460,37123,35663
351280,2017,1490,36593,35103
351280,2018,1176,35522,34346
351280,2019,1760,35146,33386
351280,2020,1810,34961,33151
351280,2021,1960,34530,32570
351290,1988,0,9822,9822
351290,1989,0,7627,7627
351290,1990,0,5718,5718
351290,1991,0,6782,6782
351290,1992,0,5974,5974
351290,1993,50,4932,4882
351290,1994,0,4131,4131
351290,1995,0,4198,4198
351290,1996,0,4853,4853
351290,1997,0,7315,7315
351290,1998,0,6912,6912
351290,1999,0,6970,6970
351290,2000,0,5501,5501
351290,2001,0,4913,4913
351290,2002,0,5410,5410
351290,2003,0,4560,4560
351290,2004,380,6876,6496
351290,2005,250,6555,6305
351290,2006,250,5767,5517
351290,2007,250,8066,7816
351290,2008,200,9635,9435
351290,2009,0,13460,13460
351290,2010,0,13427,13427
351290,2011,0,14521,14521
351290,2012,0,13545,13545
351290,2013,60,11742,11682
351290,2014,60,12848,12788
351290,2015,300,11577,11277
351290,2016,240,13389,13149
351290,2017,160,22095,21935
351290,2018,160,21707,21547
351290,2019,520,23793,23273
351290,2020,200,21657,21457
351290,2021,300,22032,21732
351300,1988,0,674,674
351300,1989,0,566,566
351300,1990,0,496,496
351300,1991,0,509,509
351300,1992,0,296,296
351300,1993,0,129,129
351300,1994,0,474,474
351300,1995,0,88,88
351300,1996,0,64,64
351300,1997,0,48,48
351300,1998,0,36,36
351300,1999,0,25,25
351300,2000,0,0,0
351300,2001,0,0,0
351300,2002,0,0,0
351300,2003,0,0,0
351300,2004,0,0,0
351300,2005,0,0,0
351300,2006,0,0,0
351300,2007,0,0,0
351300,2008,0,0,0
351300,2009,0,0,0
351300,2010,0,0,0
351300,2011,0,0,0
351300,2012,0,0,0
351300,2013,0,0,0
351300,2014,0,0,0
351300,2015,0,0,0
351300,2016,0,0,0
351300,2017,0,0,0
351300,2018,0,0,0
351300,2019,0,0,0
351300,2020,0,0,0
351300,2021,0,0,0
351310,1988,800,25049,24249
351310,1989,1000,27171,26171
351310,1990,500,30021,29521
351310,1991,400,32149,31749
351310,1992,400,23608,23208
351310,1993,500,20784,20284
351310,1994,300,25372,25072
351310,1995,300,24433,24133
351310,1996,250,22151,21901
351310,1997,250,21023,20773
351310,1998,100,21353,21253
351310,1999,400,22216,21816
351310,2000,500,23378,22878
351310,2001,400,22406,22006
351310,2002,400,21670,21270
351310,2003,800,22005,21205
351310,2004,1000,21565,20565
351310,2005,400,22106,21706
351310,2006,100,20924,20824
351310,2007,100,20179,20079
351310,2008,115,24848,24733
351310,2009,0,23167,23167
351310,2010,0,23015,23015
351310,2011,0,22973,22973
351310,2012,50,22653,22603
351310,2013,200,22948,22748
351310,2014,200,22772,22572
351310,2015,300,23028,22728
351310,2016,300,23060,22760
351310,2017,0,22678,22678
351310,2018,0,22690,22690
351310,2019,0,22518,22518
351310,2020,0,22690,22690
351310,2021,0,22690,22690
351320,1988,200,13996,13796
351320,1989,250,14869,14619
351320,1990,300,13627,13327
351320,1991,400,17141,16741
351320,1992,200,12652,12452
351320,1993,400,11730,11330
351320,1994,400,10338,9938
351320,1995,500,9651,9151
351320,1996,800,14546,13746
351320,1997,930,12629,11699
351320,1998,750,12463,11713
351320,1999,800,13004,12204
351320,2000,800,11041,10241
351320,2001,900,8731,7831
351320,2002,1232,8485,7253
351320,2003,2250,9894,7644
351320,2004,2232,9787,7555
351320,2005,3469,11001,7532
351320,2006,3300,11151,7851
351320,2007,1200,8176,6976
351320,2008,1800,11331,9531
351320,2009,1000,11033,10033
351320,2010,1100,11137,10037
351320,2011,1000,11247,10247
351320,2012,600,11128,10528
351320,2013,635,13734,13099
351320,2014,900,14345,13445
351320,2015,900,14445,13545
351320,2016,900,15672,14772
351320,2017,800,15080,14280
351320,2018,700,15435,14735
351320,2019,600,15280,14680
351320,2020,600,15430,14830
351320,2021,600,14867,14267
351330,1988,21500,43240,21740
351330,1989,21260,45240,23980
351330,1990,21200,44220,23020
351330,1991,16940,41632,24692
351330,1992,13850,45112,31262
351330,1993,19800,46085,26285
351330,1994,21850,47570,25720
351330,1995,21900,41946,20046
351330,1996,26500,50595,24095
351330,1997,28500,53438,24938
351330,1998,20830,45421,24591
351330,1999,19650,45690,26040
351330,2000,19750,41951,22201
351330,2001,18700,41326,22626
351330,2002,20187,43360,23173
351330,2003,19150,43457,24307
351330,2004,20500,43991,23491
351330,2005,19540,42771,23231
351330,2006,17780,38520,20740
351330,2007,16800,40435,23635
351330,2008,17200,42078,24878
351330,2009,15600,37649,22049
351330,2010,16000,36319,20319
351330,2011,16000,38149,22149
351330,2012,15000,37590,22590
351330,2013,14500,36680,22180
351330,2014,14500,36787,22287
351330,2015,16960,38352,21392
351330,2016,7205,27883,20678
351330,2017,15060,37771,22711
351330,2018,15710,38891,23181
351330,2019,15850,38792,22942
351330,2020,15780,39044,23264
351330,2021,15780,22859,7079
351340,1988,0,389,389
351340,1989,0,378,378
351340,1990,0,434,434
351340,1991,0,342,342
351340,1992,0,438,438
351340,1993,0,406,406
351340,1994,0,330,330
351340,1995,0,506,506
351340,1996,0,149,149
351340,1997,0,472,472
351340,1998,0,138,138
351340,1999,0,381,381
351340,2000,0,394,394
351340,2001,0,432,432
351340,2002,0,427,427
351340,2003,0,426,426
351340,2004,0,433,433
351340,2005,0,447,447
351340,2006,0,441,441
351340,2007,0,440,440
351340,2008,0,382,382
351340,2009,0,344,344
351340,2010,0,258,258
351340,2011,0,259,259
351340,2012,0,268,268
351340,2013,0,294,294
351340,2014,0,294,294
351340,2015,0,294,294
351340,2016,0,294,294
351340,2017,0,294,294
351340,2018,0,294,294
351340,2019,0,298,298
351340,2020,0,282,282
351340,2021,0,275,275
351350,1988,0,48,48
351350,1989,0,49,49
351350,1990,0,8,8
351350,1991,0,8,8
351350,1992,0,0,0
351350,1993,0,0,0
351350,1994,0,0,0
351350,1995,0,0,0
351350,1996,0,0,0
351350,1997,0,0,0
351350,1998,0,0,0
351350,1999,0,0,0
351350,2000,0,35,35
351350,2001,0,0,0
351350,2002,0,0,0
351350,2003,0,0,0
351350,2004,0,0,0
351350,2005,0,0,0
351350,2006,0,0,0
351350,2007,0,0,0
351350,2008,0,0,0
351350,2009,0,0,0
351350,2010,0,0,0
351350,2011,0,0,0
351350,2012,0,0,0
351350,2013,0,0,0
351350,2014,0,0,0
351350,2015,0,0,0
351350,2016,0,0,0
351350,2017,0,0,0
351350,2018,0,0,0
351350,2019,0,0,0
351350,2020,0,0,0
351350,2021,0,0,0
351360,1988,0,13391,13391
351360,1989,0,14478,14478
351360,1990,0,9880,9880
351360,1991,0,10750,10750
351360,1992,0,4813,4813
351360,1993,0,2856,2856
351360,1994,0,4171,4171
351360,1995,0,4171,4171
351360,1996,0,3015,3015
351360,1997,0,4841,4841
351360,1998,0,1337,1337
351360,1999,0,4232,4232
351360,2000,0,5124,5124
351360,2001,0,3956,3956
351360,2002,0,3680,3680
351360,2003,0,3960,3960
351360,2004,0,3703,3703
351360,2005,0,3946,3946
351360,2006,0,4377,4377
351360,2007,0,3923,3923
351360,2008,0,3269,3269
351360,2009,0,3276,3276
351360,2010,0,3378,3378
351360,2011,0,182,182
351360,2012,0,5782,5782
351360,2013,0,3400,3400
351360,2014,0,3400,3400
351360,2015,0,3412,3412
351360,2016,0,3412,3412
351360,2017,0,3421,3421
351360,2018,0,1126,1126
351360,2019,0,966,966
351360,2020,0,966,966
351360,2021,0,1283,1283
351370,1988,250,24635,24385
351370,1989,400,28640,28240
351370,1990,550,28037,27487
351370,1991,500,32728,32228
351370,1992,500,30957,30457
351370,1993,500,27569,27069
351370,1994,500,26634,26134
351370,1995,500,22745,22245
351370,1996,500,26159,25659
351370,1997,250,36443,36193
351370,1998,250,35346,35096
351370,1999,250,37604,37354
351370,2000,250,32383,32133
351370,2001,250,32669,32419
351370,2002,250,26263,26013
351370,2003,250,31206,30956
351370,2004,250,28201,27951
351370,2005,230,28189,27959
351370,2006,250,29005,28755
351370,2007,1000,30940,29940
351370,2008,1000,31070,30070
351370,2009,0,33270,33270
351370,2010,0,37713,37713
351370,2011,0,37198,37198
351370,2012,0,32799,32799
351370,2013,0,26332,26332
351370,2014,0,37170,37170
351370,2015,0,36059,36059
351370,2016,0,35959,35959
351370,2017,0,42357,42357
351370,2018,0,33186,33186
351370,2019,0,33186,33186
351370,2020,1000,35192,34192
351370,2021,1000,34192,33192
351390,1988,0,9044,9044
351390,1989,0,9395,9395
351390,1990,0,9907,9907
351390,1991,0,9774,9774
351390,1992,0,10440,10440
351390,1993,0,9470,9470
351390,1994,0,9586,9586
351390,1995,0,7436,7436
351390,1996,0,8226,8226
351390,1997,0,9069,9069
351390,1998,0,6291,6291
351390,1999,0,7293,7293
351390,2000,0,5975,5975
351390,2001,0,6630,6630
351390,2002,0,7250,7250
351390,2003,0,7620,7620
351390,2004,0,6060,6060
351390,2005,0,6323,6323
351390,2006,0,6270,6270
351390,2007,0,5690,5690
351390,2008,0,8764,8764
351390,2009,0,8771,8771
351390,2010,0,5585,5585
351390,2011,0,5560,5560
351390,2012,0,5560,5560
351390,2013,0,4501,4501
351390,2014,0,4951,4951
351390,2015,0,5401,5401
351390,2016,0,6421,6421
351390,2017,0,6922,6922
351390,2018,0,6810,6810
351390,2019,30,6599,6569
351390,2020,30,6589,6559
351390,2021,0,5434,5434
351400,1988,60,12686,12626
351400,1989,70,10748,10678
351400,1990,30,10595,10565
351400,1991,30,10405,10375
351400,1992,600,10922,10322
351400,1993,500,21274,20774
351400,1994,350,13357,13007
351400,1995,380,13045,12665
351400,1996,300,12037,11737
351400,1997,0,10251,10251
351400,1998,150,10539,10389
351400,1999,150,10500,10350
351400,2000,150,10327,10177
351400,2001,150,12812,12662
351400,2002,150,10256,10106
351400,2003,200,10377,10177
351400,2004,250,11076,10826
351400,2005,300,10970,10670
351400,2006,250,10541,10291
351400,2007,200,10472,10272
351400,2008,200,10536,10336
351400,2009,50,10482,10432
351400,2010,50,10475,10425
351400,2011,50,10335,10285
351400,2012,50,10327,10277
351400,2013,60,10429,10369
351400,2014,60,10429,10369
351400,2015,60,10439,10379
351400,2016,60,10464,10404
351400,2017,120,10594,10474
351400,2018,120,10576,10456
351400,2019,160,10816,10656
351400,2020,210,10768,10558
351400,2021,200,10762,10562
351410,1988,0,21265,21265
351410,1989,8,20476,20468
351410,1990,0,25610,25610
351410,1991,0,22862,22862
351410,1992,0,31969,31969
351410,1993,0,19062,19062
351410,1994,152,24812,24660
351410,1995,0,35900,35900
351410,1996,152,29332,29180
351410,1997,152,31011,30859
351410,1998,0,31665,31665
351410,1999,0,34857,34857
351410,2000,0,33083,33083
351410,2001,0,32788,32788
351410,2002,0,33318,33318
351410,2003,0,36628,36628
351410,2004,50,38708,38658
351410,2005,0,33455,33455
351410,2006,0,33428,33428
351410,2007,0,37048,37048
351410,2008,0,38142,38142
351410,2009,0,40378,40378
351410,2010,0,38146,38146
351410,2011,0,40072,40072
351410,2012,0,40613,40613
351410,2013,0,40213,40213
351410,2014,0,40190,40190
351410,2015,100,40426,40326
351410,2016,280,40611,40331
351410,2017,139,40653,40514
351410,2018,271,41415,41144
351410,2019,432,40301,39869
351410,2020,924,43752,42828
351410,2021,1134,44095,42961
351420,1988,56,2007,1951
351420,1989,56,1873,1817
351420,1990,50,1798,1748
351420,1991,60,1414,1354
351420,1992,50,1736,1686
351420,1993,100,1075,975
351420,1994,10,721,711
351420,1995,10,767,757
351420,1996,10,795,785
351420,1997,0,480,480
351420,1998,0,603,603
351420,1999,0,452,452
351420,2000,0,457,457
351420,2001,0,684,684
351420,2002,0,450,450
351420,2003,0,330,330
351420,2004,0,289,289
351420,2005,0,467,467
351420,2006,0,356,356
351420,2007,0,321,321
351420,2008,0,332,332
351420,2009,0,1122,1122
351420,2010,0,1712,1712
351420,2011,0,2196,2196
351420,2012,0,2513,2513
351420,2013,0,2792,2792
351420,2014,0,2536,2536
351420,2015,0,3328,3328
351420,2016,0,3982,3982
351420,2017,0,3648,3648
351420,2018,0,3094,3094
351420,2019,0,27064,27064
351420,2020,0,2984,2984
351420,2021,0,3491,3491
351430,1988,30,3335,3305
351430,1989,30,3774,3744
351430,1990,75,4920,4845
351430,1991,75,6572,6497
351430,1992,75,6276,6201
351430,1993,130,6454,6324
351430,1994,75,6194,6119
351430,1995,50,6445,6395
351430,1996,0,6114,6114
351430,1997,0,6722,6722
351430,1998,0,7394,7394
351430,1999,0,8579,8579
351430,2000,0,8040,8040
351430,2001,0,8964,8964
351430,2002,0,7511,7511
351430,2003,0,8234,8234
351430,2004,0,8580,8580
351430,2005,0,9049,9049
351430,2006,0,9036,9036
351430,2007,0,8684,8684
351430,2008,0,9407,9407
351430,2009,0,9920,9920
351430,2010,0,8656,8656
351430,2011,0,9093,9093
351430,2012,0,8616,8616
351430,2013,0,8784,8784
351430,2014,0,7350,7350
351430,2015,0,8200,8200
351430,2016,190,9155,8965
351430,2017,150,8028,7878
351430,2018,250,6075,5825
351430,2019,250,6075,5825
351430,2020,230,6986,6756
351430,2021,230,7086,6856
351440,1988,0,9788,9788
351440,1989,0,8564,8564
351440,1990,0,8197,8197
351440,1991,0,8427,8427
351440,1992,0,8322,8322
351440,1993,0,7257,7257
351440,1994,0,4565,4565
351440,1995,0,5820,5820
351440,1996,0,3628,3628
351440,1997,0,3140,3140
351440,1998,0,3678,3678
351440,1999,0,4583,4583
351440,2000,0,3520,3520
351440,2001,0,4104,4104
351440,2002,0,4140,4140
351440,2003,20,5308,5288
351440,2004,500,7270,6770
351440,2005,600,6591,5991
351440,2006,0,7886,7886
351440,2007,0,8671,8671
351440,2008,0,11658,11658
351440,2009,0,11788,11788
351440,2010,0,13066,13066
351440,2011,0,12893,12893
351440,2012,0,13296,13296
351440,2013,0,14980,14980
351440,2014,0,15079,15079
351440,2015,0,14806,14806
351440,2016,0,14563,14563
351440,2017,0,16470,16470
351440,2018,0,16898,16898
351440,2019,0,18518,18518
351440,2020,0,14752,14752
351440,2021,68,15413,15345
351450,1988,0,3552,3552
351450,1989,0,3370,3370
351450,1990,0,2926,2926
351450,1991,0,2243,2243
351450,1992,0,2090,2090
351450,1993,0,1832,1832
351450,1994,0,1674,1674
351450,1995,0,1395,1395
351450,1996,0,1396,1396
351450,1997,0,1395,1395
351450,1998,0,1387,1387
351450,1999,0,1389,1389
351450,2000,0,1175,1175
351450,2001,0,1190,1190
351450,2002,0,1220,1220
351450,2003,0,1255,1255
351450,2004,0,1142,1142
351450,2005,0,1193,1193
351450,2006,0,1181,1181
351450,2007,0,1000,1000
351450,2008,0,876,876
351450,2009,0,927,927
351450,2010,0,1127,1127
351450,2011,0,1137,1137
351450,2012,0,1133,1133
351450,2013,0,1031,1031
351450,2014,0,1145,1145
351450,2015,0,1067,1067
351450,2016,0,1869,1869
351450,2017,0,1994,1994
351450,2018,0,1942,1942
351450,2019,0,1685,1685
351450,2020,0,1798,1798
351450,2021,0,1832,1832
351460,1988,400,7300,6900
351460,1989,350,6834,6484
351460,1990,300,7280,6980
351460,1991,200,7080,6880
351460,1992,200,7130,6930
351460,1993,200,7630,7430
351460,1994,200,6785,6585
351460,1995,200,7173,6973
351460,1996,150,9163,9013
351460,1997,150,9597,9447
351460,1998,40,9123,9083
351460,1999,40,8103,8063
351460,2000,100,9235,9135
351460,2001,100,6660,6560
351460,2002,100,8760,8660
351460,2003,100,9200,9100
351460,2004,50,8700,8650
351460,2005,50,9534,9484
351460,2006,50,9160,9110
351460,2007,50,9155,9105
351460,2008,0,10050,10050
351460,2009,200,10000,9800
351460,2010,200,9000,8800
351460,2011,200,9757,9557
351460,2012,200,9757,9557
351460,2013,200,9757,9557
351460,2014,200,9750,9550
351460,2015,200,9472,9272
351460,2016,200,9477,9277
351460,2017,200,9177,8977
351460,2018,200,9177,8977
351460,2019,270,9777,9507
351460,2020,300,10108,9808
351460,2021,300,10108,9808
351470,1988,370,7227,6857
351470,1989,750,7323,6573
351470,1990,750,8254,7504
351470,1991,1200,7915,6715
351470,1992,1000,8020,7020
351470,1993,300,6928,6628
351470,1994,200,6480,6280
351470,1995,200,7324,7124
351470,1996,200,7160,6960
351470,1997,98,7181,7083
351470,1998,255,8044,7789
351470,1999,350,8311,7961
351470,2000,658,7935,7277
351470,2001,634,8211,7577
351470,2002,1270,9695,8425
351470,2003,2183,10091,7908
351470,2004,2705,11385,8680
351470,2005,4017,12342,8325
351470,2006,3674,10814,7140
351470,2007,1524,8061,6537
351470,2008,2200,10707,8507
351470,2009,1400,12565,11165
351470,2010,1000,11936,10936
351470,2011,850,12807,11957
351470,2012,1100,13397,12297
351470,2013,1470,13061,11591
351470,2014,2500,13916,11416
351470,2015,1500,13551,12051
351470,2016,0,11974,11974
351470,2017,3200,13765,10565
351470,2018,3200,10086,6886
351470,2019,3200,12628,9428
351470,2020,3200,11441,8241
351470,2021,3200,9399,6199
351480,1988,0,6147,6147
351480,1989,0,5783,5783
351480,1990,0,6400,6400
351480,1991,0,6574,6574
351480,1992,0,4579,4579
351480,1993,0,4661,4661
351480,1994,0,4445,4445
351480,1995,0,3925,3925
351480,1996,0,5085,5085
351480,1997,0,3537,3537
351480,1998,0,4933,4933
351480,1999,0,4982,4982
351480,2000,0,4520,4520
351480,2001,0,5010,5010
351480,2002,0,5090,5090
351480,2003,0,4410,4410
351480,2004,0,4166,4166
351480,2005,0,4156,4156
351480,2006,0,4090,4090
351480,2007,0,3732,3732
351480,2008,0,4355,4355
351480,2009,0,4567,4567
351480,2010,0,3480,3480
351480,2011,0,4465,4465
351480,2012,0,4535,4535
351480,2013,0,160,160
351480,2014,0,4575,4575
351480,2015,0,4671,4671
351480,2016,0,5306,5306
351480,2017,0,5306,5306
351480,2018,0,5290,5290
351480,2019,0,5292,5292
351480,2020,0,5292,5292
351480,2021,0,5292,5292
351490,1988,0,10655,10655
351490,1989,0,12342,12342
351490,1990,0,12031,12031
351490,1991,0,10332,10332
351490,1992,0,10702,10702
351490,1993,0,9744,9744
351490,1994,0,797,797
351490,1995,0,10738,10738
351490,1996,0,10658,10658
351490,1997,0,9068,9068
351490,1998,0,9363,9363
351490,1999,0,9190,9190
351490,2000,0,11795,11795
351490,2001,0,15368,15368
351490,2002,0,12201,12201
351490,2003,0,13623,13623
351490,2004,0,13753,13753
351490,2005,0,13609,13609
351490,2006,0,13245,13245
351490,2007,0,13230,13230
351490,2008,0,13506,13506
351490,2009,0,12223,12223
351490,2010,25,12751,12726
351490,2011,25,12786,12761
351490,2012,0,13319,13319
351490,2013,0,12984,12984
351490,2014,0,13238,13238
351490,2015,0,13729,13729
351490,2016,500,13744,13244
351490,2017,200,13289,13089
351490,2018,250,8285,8035
351490,2019,200,8179,7979
351490,2020,700,8120,7420
351490,2021,200,8310,8110
351500,1988,0,227,227
351500,1989,0,250,250
351500,1990,0,225,225
351500,1991,0,213,213
351500,1992,0,66,66
351500,1993,0,59,59
351500,1994,0,40,40
351500,1995,0,37,37
351500,1996,0,33,33
351500,1997,0,18,18
351500,1998,0,16,16
351500,1999,0,11,11
351500,2000,0,70,70
351500,2001,0,0,0
351500,2002,0,0,0
351500,2003,0,0,0
351500,2004,0,0,0
351500,2005,0,0,0
351500,2006,0,0,0
351500,2007,0,0,0
351500,2008,0,0,0
351500,2009,0,0,0
351500,2010,0,0,0
351500,2011,0,0,0
351500,2012,0,0,0
351500,2013,0,0,0
351500,2014,0,0,0
351500,2015,0,0,0
351500,2016,0,0,0
351500,2017,0,0,0
351500,2018,0,0,0
351500,2019,0,0,0
351500,2020,0,0,0
351500,2021,0,0,0
351510,1988,0,245,245
351510,1989,0,223,223
351510,1990,0,191,191
351510,1991,0,185,185
351510,1992,0,82,82
351510,1993,0,62,62
351510,1994,0,40,40
351510,1995,0,48,48
351510,1996,0,36,36
351510,1997,0,29,29
351510,1998,0,26,26
351510,1999,0,50,50
351510,2000,0,254,254
351510,2001,0,0,0
351510,2002,0,0,0
351510,2003,0,0,0
351510,2004,0,0,0
351510,2005,0,0,0
351510,2006,0,0,0
351510,2007,0,0,0
351510,2008,0,0,0
351510,2009,0,0,0
351510,2010,0,0,0
351510,2011,0,0,0
351510,2012,0,0,0
351510,2013,0,0,0
351510,2014,0,0,0
351510,2015,0,5,5
351510,2016,0,0,0
351510,2017,0,0,0
351510,2018,0,9,9
351510,2019,0,9,9
351510,2020,0,9,9
351510,2021,0,9,9
351518,1988,0,15809,15809
351518,1989,0,15069,15069
351518,1990,0,13310,13310
351518,1991,0,6367,6367
351518,1992,0,16015,16015
351518,1993,0,16244,16244
351518,1994,0,14676,14676
351518,1995,0,12738,12738
351518,1996,0,12783,12783
351518,1997,0,12058,12058
351518,1998,0,12695,12695
351518,1999,0,13851,13851
351518,2000,0,10402,10402
351518,2001,0,8299,8299
351518,2002,0,11927,11927
351518,2003,0,12554,12554
351518,2004,0,13732,13732
351518,2005,0,13229,13229
351518,2006,0,13630,13630
351518,2007,0,14514,14514
351518,2008,0,8848,8848
351518,2009,300,11818,11518
351518,2010,600,13494,12894
351518,2011,0,12776,12776
351518,2012,0,12716,12716
351518,2013,0,12919,12919
351518,2014,0,11989,11989
351518,2015,0,12156,12156
351518,2016,0,11933,11933
351518,2017,200,10383,10183
351518,2018,0,9678,9678
351518,2019,0,10899,10899
351518,2020,0,10867,10867
351518,2021,0,10867,10867
351520,1988,550,10761,10211
351520,1989,550,11284,10734
351520,1990,600,10010,9410
351520,1991,450,9939,9489
351520,1992,600,10907,10307
351520,1993,700,8772,8072
351520,1994,800,9778,8978
351520,1995,300,8008,7708
351520,1996,300,9671,9371
351520,1997,300,7105,6805
351520,1998,200,5840,5640
351520,1999,200,6514,6314
351520,2000,140,5715,5575
351520,2001,480,7238,6758
351520,2002,350,8331,7981
351520,2003,300,7512,7212
351520,2004,300,7461,7161
351520,2005,200,6660,6460
351520,2006,300,7291,6991
351520,2007,0,3026,3026
351520,2008,240,8575,8335
351520,2009,200,9082,8882
351520,2010,230,7113,6883
351520,2011,120,7667,7547
351520,2012,170,7442,7272
351520,2013,157,7656,7499
351520,2014,157,10750,10593
351520,2015,0,10427,10427
351520,2016,157,10411,10254
351520,2017,160,10252,10092
351520,2018,160,11891,11731
351520,2019,320,11690,11370
351520,2020,80,12157,12077
351520,2021,80,12157,12077
351530,1988,30,3239,3209
351530,1989,50,3805,3755
351530,1990,50,3045,2995
351530,1991,50,2305,2255
351530,1992,0,2431,2431
351530,1993,0,1764,1764
351530,1994,0,2511,2511
351530,1995,0,2067,2067
351530,1996,0,1807,1807
351530,1997,0,1207,1207
351530,1998,0,1185,1185
351530,1999,0,841,841
351530,2000,0,758,758
351530,2001,0,1141,1141
351530,2002,0,978,978
351530,2003,350,1066,716
351530,2004,350,1706,1356
351530,2005,350,2116,1766
351530,2006,200,996,796
351530,2007,100,499,399
351530,2008,40,489,449
351530,2009,0,7304,7304
351530,2010,0,6305,6305
351530,2011,60,7365,7305
351530,2012,60,7715,7655
351530,2013,0,7605,7605
351530,2014,1860,8695,6835
351530,2015,350,7215,6865
351530,2016,100,7705,7605
351530,2017,100,7163,7063
351530,2018,80,6383,6303
351530,2019,80,6383,6303
351530,2020,515,8748,8233
351530,2021,100,6345,6245
351540,1988,30,8482,8452
351540,1989,0,9429,9429
351540,1990,0,8488,8488
351540,1991,0,7657,7657
351540,1992,0,8167,8167
351540,1993,12,7450,7438
351540,1994,70,8632,8562
351540,1995,80,6883,6803
351540,1996,100,4875,4775
351540,1997,160,8048,7888
351540,1998,160,7184,7024
351540,1999,160,8660,8500
351540,2000,0,3555,3555
351540,2001,200,6423,6223
351540,2002,250,8586,8336
351540,2003,280,9961,9681
351540,2004,300,9203,8903
351540,2005,500,10673,10173
351540,2006,440,10792,10352
351540,2007,440,8279,7839
351540,2008,360,8207,7847
351540,2009,374,7452,7078
351540,2010,350,8243,7893
351540,2011,350,8237,7887
351540,2012,315,7443,7128
351540,2013,450,8458,8008
351540,2014,600,9215,8615
351540,2015,600,9215,8615
351540,2016,1200,9565,8365
351540,2017,1200,9565,8365
351540,2018,1200,9565,8365
351540,2019,3000,10640,7640
351540,2020,5000,11036,6036
351540,2021,5000,11666,6666
351550,1988,25,18003,17978
351550,1989,35,17536,17501
351550,1990,110,17941,17831
351550,1991,200,19185,18985
351550,1992,100,21746,21646
351550,1993,0,17088,17088
351550,1994,90,20257,20167
351550,1995,240,20241,20001
351550,1996,0,17055,17055
351550,1997,0,15829,15829
351550,1998,0,16658,16658
351550,1999,80,16417,16337
351550,2000,400,15567,15167
351550,2001,80,14634,14554
351550,2002,120,14091,13971
351550,2003,150,14698,14548
351550,2004,40,14517,14477
351550,2005,700,14992,14292
351550,2006,700,14250,13550
351550,2007,400,12967,12567
351550,2008,100,14524,14424
351550,2009,100,16359,16259
351550,2010,100,16591,16491
351550,2011,100,7988,7888
351550,2012,90,17163,17073
351550,2013,90,16691,16601
351550,2014,0,16764,16764
351550,2015,0,15851,15851
351550,2016,120,16771,16651
351550,2017,200,16903,16703
351550,2018,180,19707,19527
351550,2019,200,19682,19482
351550,2020,200,19644,19444
351550,2021,200,19806,19606
351560,1988,0,10912,10912
351560,1989,0,10101,10101
351560,1990,0,11190,11190
351560,1991,0,10698,10698
351560,1992,0,10889,10889
351560,1993,0,7998,7998
351560,1994,0,9183,9183
351560,1995,0,11560,11560
351560,1996,0,12933,12933
351560,1997,0,9547,9547
351560,1998,0,9577,9577
351560,1999,0,8919,8919
351560,2000,0,8774,8774
351560,2001,0,9719,9719
351560,2002,0,9152,9152
351560,2003,0,8734,8734
351560,2004,0,9576,9576
351560,2005,0,9812,9812
351560,2006,0,11277,11277
351560,2007,0,9953,9953
351560,2008,0,10473,10473
351560,2009,0,10029,10029
351560,2010,0,3730,3730
351560,2011,0,9872,9872
351560,2012,0,11529,11529
351560,2013,0,11303,11303
351560,2014,0,11301,11301
351560,2015,0,11623,11623
351560,2016,0,12406,12406
351560,2017,0,13017,13017
351560,2018,0,12979,12979
351560,2019,70,12794,12724
351560,2020,0,12473,12473
351560,2021,35,12300,12265
351570,1988,0,4,4
351570,1989,0,4,4
351570,1990,0,3,3
351570,1991,0,3,3
351570,1992,0,9,9
351570,1993,0,14,14
351570,1994,0,14,14
351570,1995,0,11,11
351570,1996,0,0,0
351570,1997,0,7,7
351570,1998,0,33,33
351570,1999,0,30,30
351570,2000,0,10,10
351570,2001,0,0,0
351570,2002,0,0,0
351570,2003,0,0,0
351570,2004,0,0,0
351570,2005,0,0,0
351570,2006,0,0,0
351570,2007,0,0,0
351570,2008,0,0,0
351570,2009,0,0,0
351570,2010,0,0,0
351570,2011,0,0,0
351570,2012,0,0,0
351570,2013,0,0,0
351570,2014,0,0,0
351570,2015,0,0,0
351570,2016,0,0,0
351570,2017,0,0,0
351570,2018,0,0,0
351570,2019,0,0,0
351570,2020,0,0,0
351570,2021,0,0,0
351580,1988,0,4847,4847
351580,1989,0,4535,4535
351580,1990,0,4329,4329
351580,1991,0,3868,3868
351580,1992,0,3837,3837
351580,1993,193,2904,2711
351580,1994,0,2681,2681
351580,1995,0,2233,2233
351580,1996,0,1232,1232
351580,1997,0,1061,1061
351580,1998,0,1094,1094
351580,1999,0,1373,1373
351580,2000,0,1224,1224
351580,2001,0,2624,2624
351580,2002,0,2685,2685
351580,2003,0,2672,2672
351580,2004,0,3018,3018
351580,2005,0,3396,3396
351580,2006,0,3825,3825
351580,2007,0,3752,3752
351580,2008,0,2995,2995
351580,2009,0,5962,5962
351580,2010,0,5814,5814
351580,2011,0,4969,4969
351580,2012,0,5248,5248
351580,2013,0,6885,6885
351580,2014,0,6054,6054
351580,2015,0,7109,7109
351580,2016,0,7855,7855
351580,2017,0,7563,7563
351580,2018,50,7323,7273
351580,2019,350,5342,4992
351580,2020,600,5562,4962
351580,2021,600,5542,4942
351590,1988,0,2686,2686
351590,1989,70,2399,2329
351590,1990,70,2655,2585
351590,1991,0,2111,2111
351590,1992,0,2312,2312
351590,1993,0,2126,2126
351590,1994,0,3096,3096
351590,1995,0,2584,2584
351590,1996,0,2292,2292
351590,1997,0,2287,2287
351590,1998,0,1903,1903
351590,1999,0,2041,2041
351590,2000,0,1702,1702
351590,2001,0,1515,1515
351590,2002,0,907,907
351590,2003,0,1482,1482
351590,2004,0,1796,1796
351590,2005,0,1740,1740
351590,2006,0,1451,1451
351590,2007,0,2193,2193
351590,2008,0,2288,2288
351590,2009,0,5996,5996
351590,2010,0,5996,5996
351590,2011,0,5869,5869
351590,2012,0,5846,5846
351590,2013,0,5429,5429
351590,2014,500,5365,4865
351590,2015,200,4605,4405
351590,2016,0,4356,4356
351590,2017,50,3661,3611
351590,2018,150,3612,3462
351590,2019,120,3737,3617
351590,2020,200,3635,3435
351590,2021,250,4906,4656
351600,1988,0,17435,17435
351600,1989,0,17417,17417
351600,1990,0,14511,14511
351600,1991,0,13742,13742
351600,1992,0,11957,11957
351600,1993,0,9276,9276
351600,1994,0,10007,10007
351600,1995,0,11166,11166
351600,1996,0,11316,11316
351600,1997,0,13248,13248
351600,1998,0,15206,15206
351600,1999,0,15616,15616
351600,2000,0,13644,13644
351600,2001,0,14050,14050
351600,2002,0,18628,18628
351600,2003,0,16324,16324
351600,2004,300,18385,18085
351600,2005,300,17959,17659
351600,2006,100,24372,24272
351600,2007,50,20599,20549
351600,2008,50,26398,26348
351600,2009,0,25456,25456
351600,2010,0,24781,24781
351600,2011,0,23626,23626
351600,2012,0,21115,21115
351600,2013,0,21332,21332
351600,2014,0,21921,21921
351600,2015,0,19109,19109
351600,2016,0,18637,18637
351600,2017,339,23895,23556
351600,2018,242,17437,17195
351600,2019,250,19360,19110
351600,2020,300,19830,19530
351600,2021,340,19751,19411
351610,1988,14500,33623,19123
351610,1989,15900,35062,19162
351610,1990,14000,30871,16871
351610,1991,8000,24708,16708
351610,1992,6000,28065,22065
351610,1993,7000,29192,22192
351610,1994,15000,38333,23333
351610,1995,15000,36937,21937
351610,1996,17000,37475,20475
351610,1997,17775,45458,27683
351610,1998,13000,36472,23472
351610,1999,13000,39226,26226
351610,2000,14000,37842,23842
351610,2001,13000,34995,21995
351610,2002,11000,30422,19422
351610,2003,12000,32962,20962
351610,2004,13000,33583,20583
351610,2005,12170,32119,19949
351610,2006,9000,30210,21210
351610,2007,7000,23878,16878
351610,2008,7200,29843,22643
351610,2009,4500,20200,15700
351610,2010,4500,19020,14520
351610,2011,5500,20988,15488
351610,2012,5500,20692,15192
351610,2013,6500,21442,14942
351610,2014,6500,21103,14603
351610,2015,6500,21531,15031
351610,2016,6500,22964,16464
351610,2017,6500,21530,15030
351610,2018,6570,21095,14525
351610,2019,7550,22699,15149
351610,2020,7550,23599,16049
351610,2021,6950,16929,9979
351620,1988,400,17236,16836
351620,1989,400,12534,12134
351620,1990,400,11702,11302
351620,1991,900,13000,12100
351620,1992,1100,10682,9582
351620,1993,1300,11580,10280
351620,1994,400,7829,7429
351620,1995,500,7296,6796
351620,1996,500,6189,5689
351620,1997,434,9530,9096
351620,1998,500,11117,10617
351620,1999,500,12147,11647
351620,2000,400,10269,9869
351620,2001,400,7685,7285
351620,2002,400,7195,6795
351620,2003,1000,7846,6846
351620,2004,1100,7744,6644
351620,2005,1500,9258,7758
351620,2006,1300,9172,7872
351620,2007,1000,8972,7972
351620,2008,840,10533,9693
351620,2009,850,10794,9944
351620,2010,900,10931,10031
351620,2011,1050,11129,10079
351620,2012,1100,10599,9499
351620,2013,1200,10902,9702
351620,2014,1100,13128,12028
351620,2015,1100,13328,12228
351620,2016,700,13743,13043
351620,2017,1100,15027,13927
351620,2018,1200,16563,15363
351620,2019,1000,12364,11364
351620,2020,1000,14782,13782
351620,2021,1000,18386,17386
351630,1988,0,69,69
351630,1989,0,98,98
351630,1990,0,8,8
351630,1991,0,35,35
351630,1992,0,26,26
351630,1993,0,47,47
351630,1994,0,41,41
351630,1995,0,48,48
351630,1996,0,2,2
351630,1997,0,39,39
351630,1998,0,0,0
351630,1999,0,0,0
351630,2000,0,89,89
351630,2001,0,0,0
351630,2002,0,0,0
351630,2003,0,0,0
351630,2004,0,0,0
351630,2005,0,0,0
351630,2006,0,0,0
351630,2007,0,0,0
351630,2008,0,0,0
351630,2009,0,0,0
351630,2010,0,0,0
351630,2011,0,0,0
351630,2012,0,0,0
351630,2013,0,0,0
351630,2014,0,0,0
351630,2015,0,0,0
351630,2016,0,19,19
351630,2017,0,19,19
351630,2018,0,19,19
351630,2019,0,19,19
351630,2020,0,19,19
351630,2021,0,19,19
351640,1988,0,246,246
351640,1989,0,212,212
351640,1990,0,54,54
351640,1991,0,188,188
351640,1992,0,203,203
351640,1993,0,176,176
351640,1994,0,56,56
351640,1995,0,189,189
351640,1996,0,4,4
351640,1997,0,146,146
351640,1998,0,1,1
351640,1999,0,0,0
351640,2000,0,193,193
351640,2001,0,0,0
351640,2002,0,0,0
351640,2003,0,0,0
351640,2004,0,0,0
351640,2005,0,0,0
351640,2006,0,0,0
351640,2007,0,0,0
351640,2008,0,0,0
351640,2009,0,0,0
351640,2010,0,0,0
351640,2011,0,0,0
351640,2012,0,0,0
351640,2013,0,0,0
351640,2014,0,0,0
351640,2015,0,0,0
351640,2016,0,9,9
351640,2017,0,12,12
351640,2018,0,46,46
351640,2019,0,44,44
351640,2020,0,44,44
351640,2021,0,23,23
351650,1988,0,3575,3575
351650,1989,0,3265,3265
351650,1990,0,2940,2940
351650,1991,0,2790,2790
351650,1992,0,2445,2445
351650,1993,0,2074,2074
351650,1994,0,1546,1546
351650,1995,0,1725,1725
351650,1996,0,1554,1554
351650,1997,0,1426,1426
351650,1998,26,1362,1336
351650,1999,0,2056,2056
351650,2000,0,2229,2229
351650,2001,0,1848,1848
351650,2002,0,2325,2325
351650,2003,24,2783,2759
351650,2004,48,2722,2674
351650,2005,134,2461,2327
351650,2006,0,2280,2280
351650,2007,10,3434,3424
351650,2008,0,4616,4616
351650,2009,0,4499,4499
351650,2010,42,4606,4564
351650,2011,50,4009,3959
351650,2012,42,4256,4214
351650,2013,77,4116,4039
351650,2014,78,4634,4556
351650,2015,30,4028,3998
351650,2016,49,3190,3141
351650,2017,25,3796,3771
351650,2018,0,6093,6093
351650,2019,320,7052,6732
351650,2020,325,5590,5265
351650,2021,470,5022,4552
351660,1988,0,9661,9661
351660,1989,0,10037,10037
351660,1990,0,3903,3903
351660,1991,0,3839,3839
351660,1992,0,6533,6533
351660,1993,0,7368,7368
351660,1994,0,6457,6457
351660,1995,0,6219,6219
351660,1996,0,6352,6352
351660,1997,0,6381,6381
351660,1998,0,6520,6520
351660,1999,0,6157,6157
351660,2000,0,5435,5435
351660,2001,0,5030,5030
351660,2002,0,5060,5060
351660,2003,0,4276,4276
351660,2004,24,2870,2846
351660,2005,50,3513,3463
351660,2006,130,3455,3325
351660,2007,130,3377,3247
351660,2008,60,3546,3486
351660,2009,0,2117,2117
351660,2010,0,5056,5056
351660,2011,0,5190,5190
351660,2012,0,5126,5126
351660,2013,275,7474,7199
351660,2014,275,7159,6884
351660,2015,1115,8108,6993
351660,2016,600,7857,7257
351660,2017,800,8338,7538
351660,2018,570,8501,7931
351660,2019,800,8792,7992
351660,2020,1050,8769,7719
351660,2021,1100,8369,7269
351670,1988,0,16047,16047
351670,1989,0,15332,15332
351670,1990,0,11505,11505
351670,1991,0,5592,5592
351670,1992,0,13278,13278
351670,1993,0,16376,16376
351670,1994,0,6609,6609
351670,1995,0,6863,6863
351670,1996,0,13510,13510
351670,1997,0,15484,15484
351670,1998,0,14502,14502
351670,1999,0,13937,13937
351670,2000,0,10176,10176
351670,2001,0,9413,9413
351670,2002,0,13858,13858
351670,2003,0,14553,14553
351670,2004,100,15081,14981
351670,2005,200,15709,15509
351670,2006,0,14989,14989
351670,2007,0,15832,15832
351670,2008,0,16092,16092
351670,2009,0,812,812
351670,2010,250,14776,14526
351670,2011,0,15766,15766
351670,2012,0,16116,16116
351670,2013,100,18246,18146
351670,2014,150,17406,17256
351670,2015,250,17694,17444
351670,2016,1000,18689,17689
351670,2017,500,18365,17865
351670,2018,500,17390,16890
351670,2019,500,17385,16885
351670,2020,600,17595,16995
351670,2021,1250,12556,11306
351680,1988,0,3204,3204
351680,1989,0,2731,2731
351680,1990,0,2854,2854
351680,1991,0,2327,2327
351680,1992,0,2571,2571
351680,1993,0,4182,4182
351680,1994,0,2877,2877
351680,1995,0,2392,2392
351680,1996,0,2177,2177
351680,1997,0,2438,2438
351680,1998,0,3042,3042
351680,1999,0,3149,3149
351680,2000,0,2479,2479
351680,2001,0,2344,2344
351680,2002,0,2099,2099
351680,2003,10,2374,2364
351680,2004,120,2494,2374
351680,2005,120,2683,2563
351680,2006,200,1925,1725
351680,2007,50,3105,3055
351680,2008,160,3920,3760
351680,2009,250,2990,2740
351680,2010,237,5906,5669
351680,2011,30,2523,2493
351680,2012,0,5998,5998
351680,2013,42,6029,5987
351680,2014,42,4352,4310
351680,2015,42,5599,5557
351680,2016,150,5781,5631
351680,2017,195,6023,5828
351680,2018,242,5976,5734
351680,2019,363,6031,5668
351680,2020,290,6100,5810
351680,2021,500,6623,6123
351690,1988,0,10083,10083
351690,1989,0,11838,11838
351690,1990,0,10520,10520
351690,1991,0,11798,11798
351690,1992,19,12031,12012
351690,1993,40,10881,10841
351690,1994,0,11402,11402
351690,1995,490,13219,12729
351690,1996,80,10991,10911
351690,1997,80,12407,12327
351690,1998,80,17194,17114
351690,1999,80,16231,16151
351690,2000,0,20369,20369
351690,2001,100,13270,13170
351690,2002,200,13495,13295
351690,2003,60,14445,14385
351690,2004,150,13791,13641
351690,2005,421,19570,19149
351690,2006,190,15463,15273
351690,2007,190,17866,17676
351690,2008,220,16874,16654
351690,2009,450,24633,24183
351690,2010,550,26681,26131
351690,2011,420,25194,24774
351690,2012,470,28118,27648
351690,2013,635,29736,29101
351690,2014,1000,22981,21981
351690,2015,1050,22981,21931
351690,2016,1200,19771,18571
351690,2017,1300,25935,24635
351690,2018,1450,25349,23899
351690,2019,1600,28948,27348
351690,2020,1600,24713,23113
351690,2021,1700,31840,30140
351700,1988,0,11939,11939
351700,1989,0,11495,11495
351700,1990,0,10202,10202
351700,1991,0,9135,9135
351700,1992,0,9100,9100
351700,1993,0,7647,7647
351700,1994,0,6717,6717
351700,1995,0,7603,7603
351700,1996,0,9647,9647
351700,1997,0,11420,11420
351700,1998,0,9482,9482
351700,1999,0,10254,10254
351700,2000,0,10901,10901
351700,2001,0,9011,9011
351700,2002,0,9831,9831
351700,2003,0,9681,9681
351700,2004,30,7634,7604
351700,2005,50,6804,6754
351700,2006,50,8608,8558
351700,2007,50,5422,5372
351700,2008,40,6976,6936
351700,2009,240,26345,26105
351700,2010,0,28207,28207
351700,2011,0,28434,28434
351700,2012,0,550,550
351700,2013,0,31030,31030
351700,2014,0,31464,31464
351700,2015,0,28352,28352
351700,2016,0,19291,19291
351700,2017,0,26167,26167
351700,2018,120,26342,26222
351700,2019,600,24908,24308
351700,2020,300,26119,25819
351700,2021,580,24722,24142
351710,1988,400,7433,7033
351710,1989,600,7226,6626
351710,1990,450,7159,6709
351710,1991,500,7500,7000
351710,1992,530,8975,8445
351710,1993,800,9628,8828
351710,1994,540,9359,8819
351710,1995,900,9405,8505
351710,1996,1200,4960,3760
351710,1997,1800,7779,5979
351710,1998,2000,8134,6134
351710,1999,2100,9929,7829
351710,2000,2430,8391,5961
351710,2001,2400,9704,7304
351710,2002,2700,8984,6284
351710,2003,2900,9824,6924
351710,2004,3500,10994,7494
351710,2005,3000,8010,5010
351710,2006,2800,8287,5487
351710,2007,300,8041,7741
351710,2008,850,10813,9963
351710,2009,0,7904,7904
351710,2010,400,13692,13292
351710,2011,540,13226,12686
351710,2012,1500,13244,11744
351710,2013,1200,12275,11075
351710,2014,1200,12966,11766
351710,2015,1000,10931,9931
351710,2016,1000,10789,9789
351710,2017,1000,9089,8089
351710,2018,1500,10256,8756
351710,2019,2050,15168,13118
351710,2020,2050,12438,10388
351710,2021,3500,13491,9991
351720,1988,0,6677,6677
351720,1989,0,6872,6872
351720,1990,0,7185,7185
351720,1991,0,6330,6330
351720,1992,0,5274,5274
351720,1993,0,4690,4690
351720,1994,0,4206,4206
351720,1995,0,5565,5565
351720,1996,0,4778,4778
351720,1997,0,4148,4148
351720,1998,0,3506,3506
351720,1999,0,5241,5241
351720,2000,0,5206,5206
351720,2001,0,5422,5422
351720,2002,0,6117,6117
351720,2003,0,6252,6252
351720,2004,30,6202,6172
351720,2005,30,6602,6572
351720,2006,30,12589,12559
351720,2007,30,3699,3669
351720,2008,24,14449,14425
351720,2009,0,10780,10780
351720,2010,0,8747,8747
351720,2011,0,8545,8545
351720,2012,0,400,400
351720,2013,0,10730,10730
351720,2014,0,10800,10800
351720,2015,0,10638,10638
351720,2016,15,10681,10666
351720,2017,37,9173,9136
351720,2018,37,12493,12456
351720,2019,225,8662,8437
351720,2020,395,8968,8573
351720,2021,395,9996,9601
351730,1988,0,4719,4719
351730,1989,0,3345,3345
351730,1990,0,3204,3204
351730,1991,0,2535,2535
351730,1992,70,2120,2050
351730,1993,12,1909,1897
351730,1994,0,1777,1777
351730,1995,0,1924,1924
351730,1996,0,1837,1837
351730,1997,0,2151,2151
351730,1998,0,2832,2832
351730,1999,200,3424,3224
351730,2000,0,2591,2591
351730,2001,0,1961,1961
351730,2002,0,1689,1689
351730,2003,0,1758,1758
351730,2004,0,1898,1898
351730,2005,0,1884,1884
351730,2006,0,1286,1286
351730,2007,0,1802,1802
351730,2008,0,1764,1764
351730,2009,0,3787,3787
351730,2010,0,4759,4759
351730,2011,0,4979,4979
351730,2012,0,484,484
351730,2013,0,6002,6002
351730,2014,0,7066,7066
351730,2015,0,6509,6509
351730,2016,0,5624,5624
351730,2017,30,5030,5000
351730,2018,0,5631,5631
351730,2019,0,5128,5128
351730,2020,0,5973,5973
351730,2021,800,6951,6151
351740,1988,53700,137407,83707
351740,1989,55986,126355,70369
351740,1990,48150,123536,75386
351740,1991,45000,126792,81792
351740,1992,46100,141098,94998
351740,1993,54000,137448,83448
351740,1994,56000,147314,91314
351740,1995,50000,136882,86882
351740,1996,50000,140360,90360
351740,1997,51163,133020,81857
351740,1998,46500,124535,78035
351740,1999,48000,126511,78511
351740,2000,48000,127840,79840
351740,2001,45000,119023,74023
351740,2002,45000,111800,66800
351740,2003,42000,110976,68976
351740,2004,43000,121929,78929
351740,2005,42600,119720,77120
351740,2006,38760,106870,68110
351740,2007,29000,106215,77215
351740,2008,32000,119479,87479
351740,2009,29000,97644,68644
351740,2010,29000,99805,70805
351740,2011,29000,113844,84844
351740,2012,28500,110488,81988
351740,2013,27000,113281,86281
351740,2014,25000,106082,81082
351740,2015,25000,108904,83904
351740,2016,25000,105115,80115
351740,2017,25000,102804,77804
351740,2018,22000,105891,83891
351740,2019,22500,106506,84006
351740,2020,23500,109526,86026
351740,2021,23700,105176,81476
351750,1988,0,15591,15591
351750,1989,200,15286,15086
351750,1990,200,15481,15281
351750,1991,0,15232,15232
351750,1992,0,15540,15540
351750,1993,0,14065,14065
351750,1994,0,13039,13039
351750,1995,0,13314,13314
351750,1996,0,10674,10674
351750,1997,0,10990,10990
351750,1998,0,13485,13485
351750,1999,800,13529,12729
351750,2000,400,10706,10306
351750,2001,100,9594,9494
351750,2002,200,12081,11881
351750,2003,250,12820,12570
351750,2004,250,13411,13161
351750,2005,250,13654,13404
351750,2006,200,12330,12130
351750,2007,200,11837,11637
351750,2008,90,19331,19241
351750,2009,100,17000,16900
351750,2010,100,21508,21408
351750,2011,100,21543,21443
351750,2012,100,22353,22253
351750,2013,0,21195,21195
351750,2014,0,20966,20966
351750,2015,65,21196,21131
351750,2016,0,20131,20131
351750,2017,50,21948,21898
351750,2018,400,16743,16343
351750,2019,1300,17478,16178
351750,2020,1100,18787,17687
351750,2021,1100,19227,18127
351760,1988,0,4446,4446
351760,1989,0,5100,5100
351760,1990,0,3938,3938
351760,1991,0,4476,4476
351760,1992,0,4482,4482
351760,1993,0,2653,2653
351760,1994,0,5345,5345
351760,1995,0,3271,3271
351760,1996,0,3276,3276
351760,1997,0,3900,3900
351760,1998,0,3212,3212
351760,1999,0,3728,3728
351760,2000,0,3200,3200
351760,2001,0,3088,3088
351760,2002,0,3255,3255
351760,2003,0,2693,2693
351760,2004,0,2716,2716
351760,2005,0,4567,4567
351760,2006,0,4626,4626
351760,2007,0,4606,4606
351760,2008,0,4403,4403
351760,2009,0,4664,4664
351760,2010,0,4393,4393
351760,2011,500,9653,9153
351760,2012,0,8628,8628
351760,2013,1200,6740,5540
351760,2014,5000,16235,11235
351760,2015,3500,14923,11423
351760,2016,3500,13800,10300
351760,2017,4500,12269,7769
351760,2018,4500,12286,7786
351760,2019,4500,12418,7918
351760,2020,4500,12518,8018
351760,2021,5000,14519,9519
351770,1988,7000,25368,18368
351770,1989,7000,26161,19161
351770,1990,7000,24154,17154
351770,1991,8200,23081,14881
351770,1992,7000,25870,18870
351770,1993,8000,21450,13450
351770,1994,9500,30558,21058
351770,1995,9300,28425,19125
351770,1996,11500,29245,17745
351770,1997,9800,28033,18233
351770,1998,10000,26925,16925
351770,1999,10000,32325,22325
351770,2000,10900,28405,17505
351770,2001,10550,30025,19475
351770,2002,4442,25331,20889
351770,2003,5420,26193,20773
351770,2004,5700,27592,21892
351770,2005,5100,28596,23496
351770,2006,5800,29421,23621
351770,2007,2000,25400,23400
351770,2008,3800,27903,24103
351770,2009,2700,28164,25464
351770,2010,2700,24256,21556
351770,2011,3150,27343,24193
351770,2012,3668,28850,25182
351770,2013,4150,28526,24376
351770,2014,4124,28268,24144
351770,2015,4110,28068,23958
351770,2016,4179,28108,23929
351770,2017,4274,28130,23856
351770,2018,4074,27973,23899
351770,2019,4218,27933,23715
351770,2020,4218,27900,23682
351770,2021,4228,27910,23682
351780,1988,50,10717,10667
351780,1989,50,9528,9478
351780,1990,0,9205,9205
351780,1991,0,6138,6138
351780,1992,0,13703,13703
351780,1993,0,7851,7851
351780,1994,0,7832,7832
351780,1995,0,6775,6775
351780,1996,0,5274,5274
351780,1997,0,6013,6013
351780,1998,0,5646,5646
351780,1999,0,6469,6469
351780,2000,0,7031,7031
351780,2001,0,5257,5257
351780,2002,0,5239,5239
351780,2003,0,6639,6639
351780,2004,0,5792,5792
351780,2005,0,9702,9702
351780,2006,0,9287,9287
351780,2007,0,14932,14932
351780,2008,0,14428,14428
351780,2009,0,12390,12390
351780,2010,0,12856,12856
351780,2011,0,20500,20500
351780,2012,0,22832,22832
351780,2013,0,22647,22647
351780,2014,0,25492,25492
351780,2015,0,25660,25660
351780,2016,0,27015,27015
351780,2017,0,25300,25300
351780,2018,0,28280,28280
351780,2019,0,28131,28131
351780,2020,0,28131,28131
351780,2021,0,28961,28961
351790,1988,4000,27948,23948
351790,1989,5000,30139,25139
351790,1990,3500,24687,21187
351790,1991,2800,24843,22043
351790,1992,2500,23734,21234
351790,1993,1800,18206,16406
351790,1994,3400,24141,20741
351790,1995,3500,22352,18852
351790,1996,3500,24677,21177
351790,1997,3600,21973,18373
351790,1998,2900,20806,17906
351790,1999,1500,19223,17723
351790,2000,1500,14778,13278
351790,2001,1500,15864,14364
351790,2002,1600,15959,14359
351790,2003,1700,16341,14641
351790,2004,2500,17568,15068
351790,2005,2500,17563,15063
351790,2006,2100,24752,22652
351790,2007,1200,27700,26500
351790,2008,2200,28296,26096
351790,2009,1090,25990,24900
351790,2010,800,29093,28293
351790,2011,500,31025,30525
351790,2012,500,30784,30284
351790,2013,400,36069,35669
351790,2014,250,42624,42374
351790,2015,250,42828,42578
351790,2016,250,45065,44815
351790,2017,1450,46855,45405
351790,2018,1450,45073,43623
351790,2019,1450,44760,43310
351790,2020,640,43641,43001
351790,2021,440,41113,40673
351800,1988,1850,8006,6156
351800,1989,1850,7997,6147
351800,1990,1850,8060,6210
351800,1991,1200,7955,6755
351800,1992,1800,7709,5909
351800,1993,1600,7239,5639
351800,1994,1600,7039,5439
351800,1995,1700,7836,6136
351800,1996,1450,6732,5282
351800,1997,1720,9355,7635
351800,1998,2750,11936,9186
351800,1999,2670,12013,9343
351800,2000,2770,11977,9207
351800,2001,2770,12624,9854
351800,2002,2770,11641,8871
351800,2003,2660,12498,9838
351800,2004,3050,12803,9753
351800,2005,3030,11156,8126
351800,2006,3040,14116,11076
351800,2007,2100,13417,11317
351800,2008,1632,9763,8131
351800,2009,1320,9050,7730
351800,2010,1300,9904,8604
351800,2011,1400,10136,8736
351800,2012,1300,11106,9806
351800,2013,1200,10122,8922
351800,2014,0,10612,10612
351800,2015,0,10578,10578
351800,2016,1055,12851,11796
351800,2017,1055,12976,11921
351800,2018,1030,14783,13753
351800,2019,1030,14464,13434
351800,2020,1030,15278,14248
351800,2021,742,13799,13057
351810,1988,0,3830,3830
351810,1989,0,3809,3809
351810,1990,0,3424,3424
351810,1991,0,2949,2949
351810,1992,0,1884,1884
351810,1993,0,2233,2233
351810,1994,0,1455,1455
351810,1995,0,1017,1017
351810,1996,0,1123,1123
351810,1997,0,1979,1979
351810,1998,0,1953,1953
351810,1999,0,1541,1541
351810,2000,0,1665,1665
351810,2001,0,2165,2165
351810,2002,0,3531,3531
351810,2003,0,3866,3866
351810,2004,0,3493,3493
351810,2005,200,2945,2745
351810,2006,200,4075,3875
351810,2007,200,4650,4450
351810,2008,160,4181,4021
351810,2009,0,12081,12081
351810,2010,0,12764,12764
351810,2011,0,12672,12672
351810,2012,0,1500,1500
351810,2013,7,13125,13118
351810,2014,50,12949,12899
351810,2015,0,13746,13746
351810,2016,0,13763,13763
351810,2017,0,13879,13879
351810,2018,0,14620,14620
351810,2019,60,13178,13118
351810,2020,200,15805,15605
351810,2021,20,15574,15554
351820,1988,350,28143,27793
351820,1989,800,25457,24657
351820,1990,350,25582,25232
351820,1991,150,24517,24367
351820,1992,50,22196,22146
351820,1993,48,19384,19336
351820,1994,48,23841,23793
351820,1995,560,25034,24474
351820,1996,120,29123,29003
351820,1997,120,29132,29012
351820,1998,120,27552,27432
351820,1999,400,26650,26250
351820,2000,1400,24740,23340
351820,2001,1000,25959,24959
351820,2002,2000,29611,27611
351820,2003,500,33512,33012
351820,2004,4000,36142,32142
351820,2005,4500,36155,31655
351820,2006,2000,39095,37095
351820,2007,2000,52265,50265
351820,2008,1600,54030,52430
351820,2009,2200,56232,54032
351820,2010,2200,60328,58128
351820,2011,2200,57633,55433
351820,2012,2860,60742,57882
351820,2013,2860,45400,42540
351820,2014,3360,43530,40170
351820,2015,2860,59642,56782
351820,2016,2352,50160,47808
351820,2017,2552,50499,47947
351820,2018,2352,52019,49667
351820,2019,5360,57805,52445
351820,2020,5150,48940,43790
351820,2021,5000,54486,49486
351830,1988,0,1118,1118
351830,1989,0,733,733
351830,1990,0,735,735
351830,1991,0,715,715
351830,1992,0,665,665
351830,1993,0,720,720
351830,1994,0,716,716
351830,1995,0,713,713
351830,1996,0,229,229
351830,1997,0,772,772
351830,1998,0,772,772
351830,1999,0,835,835
351830,2000,0,874,874
351830,2001,0,942,942
351830,2002,0,848,848
351830,2003,0,847,847
351830,2004,0,815,815
351830,2005,0,801,801
351830,2006,0,820,820
351830,2007,0,860,860
351830,2008,0,771,771
351830,2009,0,826,826
351830,2010,0,805,805
351830,2011,0,865,865
351830,2012,0,690,690
351830,2013,0,653,653
351830,2014,0,653,653
351830,2015,0,719,719
351830,2016,0,719,719
351830,2017,0,735,735
351830,2018,0,356,356
351830,2019,0,356,356
351830,2020,0,356,356
351830,2021,0,356,356
351840,1988,10,6031,6021
351840,1989,4,5614,5610
351840,1990,0,4510,4510
351840,1991,0,4378,4378
351840,1992,0,5187,5187
351840,1993,0,3281,3281
351840,1994,0,3871,3871
351840,1995,0,4036,4036
351840,1996,0,2287,2287
351840,1997,0,3219,3219
351840,1998,0,2730,2730
351840,1999,0,3544,3544
351840,2000,0,4123,4123
351840,2001,0,2632,2632
351840,2002,0,2709,2709
351840,2003,0,3609,3609
351840,2004,0,2786,2786
351840,2005,0,2928,2928
351840,2006,0,3100,3100
351840,2007,0,3439,3439
351840,2008,0,2546,2546
351840,2009,0,2567,2567
351840,2010,0,2610,2610
351840,2011,0,3435,3435
351840,2012,0,6089,6089
351840,2013,0,3246,3246
351840,2014,0,3240,3240
351840,2015,0,3255,3255
351840,2016,50,2745,2695
351840,2017,0,2541,2541
351840,2018,70,2661,2591
351840,2019,100,2887,2787
351840,2020,100,2887,2787
351840,2021,86,2923,2837
351850,1988,0,7064,7064
351850,1989,0,5242,5242
351850,1990,0,5592,5592
351850,1991,0,4179,4179
351850,1992,0,3418,3418
351850,1993,0,1617,1617
351850,1994,0,1882,1882
351850,1995,0,2310,2310
351850,1996,0,773,773
351850,1997,0,1875,1875
351850,1998,0,2093,2093
351850,1999,0,4119,4119
351850,2000,0,3084,3084
351850,2001,0,3694,3694
351850,2002,0,4067,4067
351850,2003,250,4438,4188
351850,2004,120,5929,5809
351850,2005,60,5043,4983
351850,2006,80,4663,4583
351850,2007,80,4575,4495
351850,2008,64,4461,4397
351850,2009,80,6038,5958
351850,2010,100,5799,5699
351850,2011,30,6442,6412
351850,2012,50,7794,7744
351850,2013,50,7494,7444
351850,2014,80,6074,5994
351850,2015,100,6152,6052
351850,2016,600,5525,4925
351850,2017,800,5670,4870
351850,2018,800,4516,3716
351850,2019,1000,5226,4226
351850,2020,1750,6608,4858
351850,2021,2000,6852,4852
351860,1988,550,18118,17568
351860,1989,600,18000,17400
351860,1990,800,20750,19950
351860,1991,400,17560,17160
351860,1992,400,20585,20185
351860,1993,600,19044,18444
351860,1994,600,20487,19887
351860,1995,600,20011,19411
351860,1996,540,17915,17375
351860,1997,540,17919,17379
351860,1998,1930,20179,18249
351860,1999,1900,20165,18265
351860,2000,1900,20645,18745
351860,2001,1900,20421,18521
351860,2002,1900,20389,18489
351860,2003,1900,20393,18493
351860,2004,1900,22342,20442
351860,2005,1900,20654,18754
351860,2006,1900,20608,18708
351860,2007,1700,20715,19015
351860,2008,1700,20676,18976
351860,2009,1800,23884,22084
351860,2010,1800,21184,19384
351860,2011,1800,25084,23284
351860,2012,1200,22253,21053
351860,2013,1080,22133,21053
351860,2014,1000,24883,23883
351860,2015,1000,24224,23224
351860,2016,1100,24404,23304
351860,2017,1320,24469,23149
351860,2018,1320,24469,23149
351860,2019,1320,23207,21887
351860,2020,1320,25187,23867
351860,2021,1320,25207,23887
351870,1988,0,282,282
351870,1989,0,261,261
351870,1990,0,10,10
351870,1991,0,10,10
351870,1992,0,32,32
351870,1993,0,150,150
351870,1994,0,424,424
351870,1995,0,120,120
351870,1996,0,24,24
351870,1997,0,24,24
351870,1998,0,24,24
351870,1999,0,24,24
351870,2000,0,24,24
351870,2001,0,0,0
351870,2002,0,0,0
351870,2003,0,0,0
351870,2004,0,0,0
351870,2005,0,0,0
351870,2006,0,0,0
351870,2007,0,0,0
351870,2008,0,0,0
351870,2009,0,0,0
351870,2010,0,0,0
351870,2011,0,0,0
351870,2012,0,0,0
351870,2013,0,0,0
351870,2014,0,5,5
351870,2015,0,10,10
351870,2016,0,5,5
351870,2017,0,0,0
351870,2018,0,13,13
351870,2019,0,13,13
351870,2020,0,0,0
351870,2021,0,5,5
351880,1988,0,0,0
351880,1989,0,0,0
351880,1990,0,0,0
351880,1991,0,0,0
351880,1992,0,0,0
351880,1993,0,0,0
351880,1994,0,0,0
351880,1995,0,0,0
351880,1996,0,10,10
351880,1997,0,8,8
351880,1998,0,6,6
351880,1999,0,5,5
351880,2000,0,5,5
351880,2001,0,5,5
351880,2002,0,9,9
351880,2003,0,8,8
351880,2004,0,9,9
351880,2005,0,0,0
351880,2006,0,9,9
351880,2007,0,9,9
351880,2008,0,9,9
351880,2009,0,8,8
351880,2010,0,0,0
351880,2011,0,5,5
351880,2012,0,5,5
351880,2013,0,5,5
351880,2014,0,0,0
351880,2015,0,0,0
351880,2016,0,0,0
351880,2017,0,0,0
351880,2018,0,0,0
351880,2019,0,0,0
351880,2020,0,0,0
351880,2021,0,0,0
351890,1988,0,3268,3268
351890,1989,0,2701,2701
351890,1990,0,3103,3103
351890,1991,0,2165,2165
351890,1992,0,3109,3109
351890,1993,0,1996,1996
351890,1994,0,1099,1099
351890,1995,0,1283,1283
351890,1996,0,1392,1392
351890,1997,0,1443,1443
351890,1998,0,1337,1337
351890,1999,0,1391,1391
351890,2000,0,1375,1375
351890,2001,0,1546,1546
351890,2002,0,1336,1336
351890,2003,315,2151,1836
351890,2004,414,3623,3209
351890,2005,96,1680,1584
351890,2006,145,1858,1713
351890,2007,145,3591,3446
351890,2008,116,1815,1699
351890,2009,0,3256,3256
351890,2010,0,4943,4943
351890,2011,0,4450,4450
351890,2012,0,4108,4108
351890,2013,0,3202,3202
351890,2014,0,2833,2833
351890,2015,0,2505,2505
351890,2016,0,3849,3849
351890,2017,300,3902,3602
351890,2018,300,4223,3923
351890,2019,600,4743,4143
351890,2020,600,4733,4133
351890,2021,726,4183,3457
351900,1988,16,6866,6850
351900,1989,0,5184,5184
351900,1990,0,5383,5383
351900,1991,0,5220,5220
351900,1992,0,6384,6384
351900,1993,0,3721,3721
351900,1994,0,6514,6514
351900,1995,0,4976,4976
351900,1996,0,4835,4835
351900,1997,0,6024,6024
351900,1998,0,6835,6835
351900,1999,0,6597,6597
351900,2000,0,6091,6091
351900,2001,48,5841,5793
351900,2002,145,6527,6382
351900,2003,0,6248,6248
351900,2004,0,5880,5880
351900,2005,0,5433,5433
351900,2006,0,7121,7121
351900,2007,0,6966,6966
351900,2008,0,9786,9786
351900,2009,0,9678,9678
351900,2010,0,3765,3765
351900,2011,0,9081,9081
351900,2012,0,8902,8902
351900,2013,0,8912,8912
351900,2014,190,18195,18005
351900,2015,0,15915,15915
351900,2016,508,18990,18482
351900,2017,75,18124,18049
351900,2018,75,17278,17203
351900,2019,240,17486,17246
351900,2020,350,17560,17210
351900,2021,460,16962,16502
351910,1988,0,8070,8070
351910,1989,97,5952,5855
351910,1990,0,5842,5842
351910,1991,0,7611,7611
351910,1992,0,6278,6278
351910,1993,0,2454,2454
351910,1994,0,4316,4316
351910,1995,0,5251,5251
351910,1996,0,7490,7490
351910,1997,68,8247,8179
351910,1998,68,7831,7763
351910,1999,121,7751,7630
351910,2000,0,8630,8630
351910,2001,0,5140,5140
351910,2002,0,6818,6818
351910,2003,0,5828,5828
351910,2004,121,7353,7232
351910,2005,200,7087,6887
351910,2006,200,9573,9373
351910,2007,160,10561,10401
351910,2008,240,19058,18818
351910,2009,240,18763,18523
351910,2010,240,18996,18756
351910,2011,1300,20616,19316
351910,2012,0,21330,21330
351910,2013,0,21350,21350
351910,2014,0,21391,21391
351910,2015,0,21371,21371
351910,2016,0,25787,25787
351910,2017,0,26386,26386
351910,2018,2000,23614,21614
351910,2019,2000,23614,21614
351910,2020,4000,27314,23314
351910,2021,4000,27201,23201
351920,1988,0,9776,9776
351920,1989,0,7641,7641
351920,1990,0,7833,7833
351920,1991,0,6335,6335
351920,1992,0,5446,5446
351920,1993,0,5148,5148
351920,1994,0,7002,7002
351920,1995,0,6288,6288
351920,1996,0,6581,6581
351920,1997,0,7224,7224
351920,1998,0,6831,6831
351920,1999,0,7477,7477
351920,2000,0,6668,6668
351920,2001,50,8804,8754
351920,2002,60,8325,8265
351920,2003,0,7609,7609
351920,2004,97,7610,7513
351920,2005,380,8030,7650
351920,2006,380,7305,6925
351920,2007,380,8753,8373
351920,2008,0,9541,9541
351920,2009,0,9848,9848
351920,2010,0,9327,9327
351920,2011,0,15317,15317
351920,2012,0,14110,14110
351920,2013,0,14488,14488
351920,2014,0,16377,16377
351920,2015,0,13761,13761
351920,2016,500,12561,12061
351920,2017,0,13676,13676
351920,2018,0,14595,14595
351920,2019,0,6208,6208
351920,2020,0,13138,13138
351920,2021,1200,12751,11551
351930,1988,70,10842,10772
351930,1989,70,10721,10651
351930,1990,0,10640,10640
351930,1991,0,10746,10746
351930,1992,0,10830,10830
351930,1993,60,9828,9768
351930,1994,1000,14224,13224
351930,1995,680,13080,12400
351930,1996,736,14375,13639
351930,1997,0,12365,12365
351930,1998,0,12751,12751
351930,1999,0,12880,12880
351930,2000,0,9695,9695
351930,2001,0,10261,10261
351930,2002,700,10500,9800
351930,2003,700,20769,20069
351930,2004,700,20372,19672
351930,2005,600,20857,20257
351930,2006,600,19884,19284
351930,2007,600,20969,20369
351930,2008,600,20561,19961
351930,2009,300,20061,19761
351930,2010,300,19771,19471
351930,2011,260,18015,17755
351930,2012,250,17992,17742
351930,2013,140,16800,16660
351930,2014,140,16432,16292
351930,2015,140,16452,16312
351930,2016,150,19042,18892
351930,2017,150,19984,19834
351930,2018,25,15991,15966
351930,2019,25,15991,15966
351930,2020,140,16345,16205
351930,2021,140,16345,16205
351940,1988,0,9479,9479
351940,1989,0,9484,9484
351940,1990,0,9093,9093
351940,1991,0,10092,10092
351940,1992,0,11058,11058
351940,1993,0,8179,8179
351940,1994,0,11031,11031
351940,1995,0,8896,8896
351940,1996,0,10051,10051
351940,1997,0,8842,8842
351940,1998,72,9667,9595
351940,1999,72,9686,9614
351940,2000,75,8954,8879
351940,2001,75,10628,10553
351940,2002,80,9090,9010
351940,2003,80,10737,10657
351940,2004,80,10123,10043
351940,2005,180,10758,10578
351940,2006,200,10997,10797
351940,2007,200,9850,9650
351940,2008,120,9749,9629
351940,2009,120,9019,8899
351940,2010,100,11075,10975
351940,2011,100,11875,11775
351940,2012,0,13869,13869
351940,2013,0,13859,13859
351940,2014,0,15970,15970
351940,2015,0,15850,15850
351940,2016,0,16056,16056
351940,2017,0,16370,16370
351940,2018,0,14822,14822
351940,2019,450,14596,14146
351940,2020,450,14902,14452
351940,2021,600,17358,16758
351950,1988,1500,12830,11330
351950,1989,5000,17665,12665
351950,1990,5000,19315,14315
351950,1991,4000,16540,12540
351950,1992,3500,22220,18720
351950,1993,0,17520,17520
351950,1994,3500,24285,20785
351950,1995,5280,25841,20561
351950,1996,6500,24508,18008
351950,1997,7500,26926,19426
351950,1998,7500,26384,18884
351950,1999,6400,24929,18529
351950,2000,7000,20387,13387
351950,2001,6000,19920,13920
351950,2002,7000,26020,19020
351950,2003,8000,23391,15391
351950,2004,8000,25004,17004
351950,2005,8000,24784,16784
351950,2006,9500,25452,15952
351950,2007,9160,22826,13666
351950,2008,7400,24958,17558
351950,2009,6200,21720,15520
351950,2010,5680,22398,16718
351950,2011,6000,24083,18083
351950,2012,6500,22783,16283
351950,2013,7300,23866,16566
351950,2014,7300,25240,17940
351950,2015,7130,26008,18878
351950,2016,7130,25811,18681
351950,2017,11130,27843,16713
351950,2018,11130,25780,14650
351950,2019,11130,24965,13835
351950,2020,11130,26365,15235
351950,2021,13000,22735,9735
351960,1988,800,21830,21030
351960,1989,600,19470,18870
351960,1990,600,20429,19829
351960,1991,60,20629,20569
351960,1992,60,21163,21103
351960,1993,60,18259,18199
351960,1994,0,14216,14216
351960,1995,0,12155,12155
351960,1996,0,14950,14950
351960,1997,0,19425,19425
351960,1998,300,24235,23935
351960,1999,300,24947,24647
351960,2000,484,23756,23272
351960,2001,242,20781,20539
351960,2002,265,20568,20303
351960,2003,320,22191,21871
351960,2004,450,22474,22024
351960,2005,450,22179,21729
351960,2006,250,22596,22346
351960,2007,250,28418,28168
351960,2008,200,33061,32861
351960,2009,200,33008,32808
351960,2010,150,32699,32549
351960,2011,150,37851,37701
351960,2012,0,39886,39886
351960,2013,0,36475,36475
351960,2014,24,39089,39065
351960,2015,348,39489,39141
351960,2016,890,39169,38279
351960,2017,900,38273,37373
351960,2018,1200,38396,37196
351960,2019,2000,40085,38085
351960,2020,2000,39770,37770
351960,2021,2000,42468,40468
351970,1988,0,6481,6481
351970,1989,0,6293,6293
351970,1990,0,5001,5001
351970,1991,0,4714,4714
351970,1992,0,3719,3719
351970,1993,0,2908,2908
351970,1994,0,7185,7185
351970,1995,0,5661,5661
351970,1996,0,4767,4767
351970,1997,0,3787,3787
351970,1998,0,4671,4671
351970,1999,0,4023,4023
351970,2000,0,1751,1751
351970,2001,0,1864,1864
351970,2002,0,1436,1436
351970,2003,0,1376,1376
351970,2004,0,1350,1350
351970,2005,0,1694,1694
351970,2006,0,1475,1475
351970,2007,0,1515,1515
351970,2008,0,1398,1398
351970,2009,0,3006,3006
351970,2010,0,2376,2376
351970,2011,0,2294,2294
351970,2012,15,2095,2080
351970,2013,220,2460,2240
351970,2014,220,2342,2122
351970,2015,250,2391,2141
351970,2016,200,2753,2553
351970,2017,250,2826,2576
351970,2018,250,2826,2576
351970,2019,250,4277,4027
351970,2020,250,3311,3061
351970,2021,280,4044,3764
351980,1988,600,6500,5900
351980,1989,600,5599,4999
351980,1990,0,5799,5799
351980,1991,300,6065,5765
351980,1992,1000,6110,5110
351980,1993,300,6867,6567
351980,1994,350,6847,6497
351980,1995,0,5270,5270
351980,1996,0,8710,8710
351980,1997,0,8151,8151
351980,1998,0,8054,8054
351980,1999,0,8792,8792
351980,2000,550,7780,7230
351980,2001,1600,9553,7953
351980,2002,1600,9538,7938
351980,2003,0,9147,9147
351980,2004,0,7842,7842
351980,2005,1000,9606,8606
351980,2006,1043,9979,8936
351980,2007,1043,12575,11532
351980,2008,1043,10419,9376
351980,2009,1043,10419,9376
351980,2010,1050,14945,13895
351980,2011,1402,10851,9449
351980,2012,1350,10777,9427
351980,2013,1042,10481,9439
351980,2014,0,8961,8961
351980,2015,1042,16445,15403
351980,2016,0,14109,14109
351980,2017,0,13254,13254
351980,2018,145,12849,12704
351980,2019,107,11542,11435
351980,2020,200,11911,11711
351980,2021,500,12251,11751
351990,1988,6750,32977,26227
351990,1989,14000,34515,20515
351990,1990,14000,33040,19040
351990,1991,14000,27540,13540
351990,1992,12000,25448,13448
351990,1993,13000,26843,13843
351990,1994,0,13914,13914
351990,1995,6200,17905,11705
351990,1996,6500,15000,8500
351990,1997,10000,22034,12034
351990,1998,7500,21218,13718
351990,1999,8000,26278,18278
351990,2000,8300,23891,15591
351990,2001,7400,26519,19119
351990,2002,8400,25596,17196
351990,2003,10500,32750,22250
351990,2004,17000,40621,23621
351990,2005,18750,40311,21561
351990,2006,15840,42046,26206
351990,2007,13500,42928,29428
351990,2008,15800,49175,33375
351990,2009,16500,51775,35275
351990,2010,16500,46689,30189
351990,2011,17000,56610,39610
351990,2012,17000,59456,42456
351990,2013,17500,58323,40823
351990,2014,18500,61099,42599
351990,2015,18500,63465,44965
351990,2016,19500,60501,41001
351990,2017,19500,57187,37687
351990,2018,20805,57844,37039
351990,2019,20805,57644,36839
351990,2020,21350,68779,47429
351990,2021,20000,69232,49232
352000,1988,0,6230,6230
352000,1989,0,6305,6305
352000,1990,0,6417,6417
352000,1991,0,6510,6510
352000,1992,0,6436,6436
352000,1993,0,5367,5367
352000,1994,0,7823,7823
352000,1995,0,12111,12111
352000,1996,0,10090,10090
352000,1997,0,8590,8590
352000,1998,0,8563,8563
352000,1999,0,8563,8563
352000,2000,0,8076,8076
352000,2001,0,9081,9081
352000,2002,0,8181,8181
352000,2003,0,9099,9099
352000,2004,0,9099,9099
352000,2005,0,8568,8568
352000,2006,0,6404,6404
352000,2007,0,6405,6405
352000,2008,0,6400,6400
352000,2009,0,7600,7600
352000,2010,0,6400,6400
352000,2011,0,7162,7162
352000,2012,0,7420,7420
352000,2013,0,7418,7418
352000,2014,0,7328,7328
352000,2015,0,7303,7303
352000,2016,0,7308,7308
352000,2017,0,7012,7012
352000,2018,0,7026,7026
352000,2019,0,6889,6889
352000,2020,0,6889,6889
352000,2021,0,6889,6889
352010,1988,400,16766,16366
352010,1989,600,16831,16231
352010,1990,800,33224,32424
352010,1991,450,15691,15241
352010,1992,600,15850,15250
352010,1993,600,16050,15450
352010,1994,800,17789,16989
352010,1995,1300,17278,15978
352010,1996,1300,18518,17218
352010,1997,1300,17775,16475
352010,1998,1300,16905,15605
352010,1999,1500,17705,16205
352010,2000,2000,18199,16199
352010,2001,2000,19693,17693
352010,2002,2000,21644,19644
352010,2003,2000,21644,19644
352010,2004,2000,21695,19695
352010,2005,2300,23070,20770
352010,2006,1500,24990,23490
352010,2007,2000,29138,27138
352010,2008,2000,5820,3820
352010,2009,1200,32550,31350
352010,2010,1200,31025,29825
352010,2011,1200,31850,30650
352010,2012,1300,30268,28968
352010,2013,2050,29654,27604
352010,2014,2050,29424,27374
352010,2015,2000,28980,26980
352010,2016,2000,30408,28408
352010,2017,2000,30955,28955
352010,2018,2000,30864,28864
352010,2019,2190,28502,26312
352010,2020,2190,28572,26382
352010,2021,2190,28540,26350
352020,1988,0,356,356
352020,1989,0,338,338
352020,1990,0,287,287
352020,1991,0,184,184
352020,1992,0,938,938
352020,1993,0,120,120
352020,1994,0,32,32
352020,1995,0,54,54
352020,1996,0,114,114
352020,1997,0,47,47
352020,1998,0,832,832
352020,1999,0,135,135
352020,2000,0,208,208
352020,2001,0,79,79
352020,2002,0,175,175
352020,2003,0,28,28
352020,2004,0,27,27
352020,2005,0,235,235
352020,2006,0,238,238
352020,2007,0,223,223
352020,2008,0,126,126
352020,2009,0,143,143
352020,2010,0,143,143
352020,2011,0,183,183
352020,2012,0,180,180
352020,2013,0,227,227
352020,2014,0,61,61
352020,2015,0,61,61
352020,2016,0,37,37
352020,2017,0,18,18
352020,2018,0,1,1
352020,2019,0,1,1
352020,2020,0,1,1
352020,2021,0,1,1
352040,1988,0,173,173
352040,1989,0,175,175
352040,1990,0,62,62
352040,1991,0,43,43
352040,1992,0,71,71
352040,1993,0,25,25
352040,1994,0,121,121
352040,1995,0,198,198
352040,1996,0,540,540
352040,1997,0,56,56
352040,1998,0,500,500
352040,1999,0,333,333
352040,2000,0,525,525
352040,2001,0,0,0
352040,2002,0,0,0
352040,2003,0,0,0
352040,2004,0,0,0
352040,2005,0,0,0
352040,2006,0,0,0
352040,2007,0,0,0
352040,2008,0,0,0
352040,2009,0,0,0
352040,2010,0,0,0
352040,2011,0,0,0
352040,2012,0,0,0
352040,2013,0,500,500
352040,2014,0,0,0
352040,2015,0,0,0
352040,2016,0,0,0
352040,2017,0,0,0
352040,2018,0,0,0
352040,2019,0,0,0
352040,2020,0,0,0
352040,2021,0,0,0
352050,1988,0,4813,4813
352050,1989,0,5917,5917
352050,1990,0,6212,6212
352050,1991,0,18510,18510
352050,1992,0,18435,18435
352050,1993,0,5561,5561
352050,1994,0,5467,5467
352050,1995,0,4724,4724
352050,1996,0,4424,4424
352050,1997,0,4274,4274
352050,1998,0,4224,4224
352050,1999,0,4154,4154
352050,2000,0,2120,2120
352050,2001,0,3244,3244
352050,2002,0,4612,4612
352050,2003,0,5152,5152
352050,2004,0,5069,5069
352050,2005,0,5087,5087
352050,2006,0,4167,4167
352050,2007,0,4549,4549
352050,2008,0,4545,4545
352050,2009,0,4634,4634
352050,2010,0,4540,4540
352050,2011,0,4630,4630
352050,2012,0,3823,3823
352050,2013,0,4540,4540
352050,2014,0,4378,4378
352050,2015,200,4211,4011
352050,2016,300,4601,4301
352050,2017,80,4736,4656
352050,2018,350,4365,4015
352050,2019,350,4639,4289
352050,2020,350,4760,4410
352050,2021,500,4734,4234
352060,1988,0,2224,2224
352060,1989,0,2014,2014
352060,1990,0,2047,2047
352060,1991,0,2081,2081
352060,1992,0,2434,2434
352060,1993,0,2171,2171
352060,1994,0,2772,2772
352060,1995,0,1862,1862
352060,1996,0,1600,1600
352060,1997,0,1227,1227
352060,1998,0,1378,1378
352060,1999,0,968,968
352060,2000,0,911,911
352060,2001,0,915,915
352060,2002,0,877,877
352060,2003,0,1202,1202
352060,2004,0,1221,1221
352060,2005,0,1319,1319
352060,2006,0,1195,1195
352060,2007,0,1203,1203
352060,2008,0,1168,1168
352060,2009,0,590,590
352060,2010,0,739,739
352060,2011,0,626,626
352060,2012,0,815,815
352060,2013,50,693,643
352060,2014,0,720,720
352060,2015,0,711,711
352060,2016,0,513,513
352060,2017,0,621,621
352060,2018,0,604,604
352060,2019,0,604,604
352060,2020,122,1576,1454
352060,2021,120,910,790
352070,1988,360,6867,6507
352070,1989,450,4238,3788
352070,1990,300,3655,3355
352070,1991,400,4779,4379
352070,1992,200,4812,4612
352070,1993,360,4812,4452
352070,1994,400,4858,4458
352070,1995,450,4751,4301
352070,1996,400,3136,2736
352070,1997,400,3485,3085
352070,1998,500,4376,3876
352070,1999,500,3857,3357
352070,2000,500,4359,3859
352070,2001,500,4468,3968
352070,2002,500,4063,3563
352070,2003,1300,5605,4305
352070,2004,1500,9243,7743
352070,2005,1500,6326,4826
352070,2006,1500,5079,3579
352070,2007,1200,5024,3824
352070,2008,1200,4978,3778
352070,2009,800,3948,3148
352070,2010,0,4157,4157
352070,2011,515,4718,4203
352070,2012,500,5839,5339
352070,2013,500,6818,6318
352070,2014,500,4881,4381
352070,2015,0,5068,5068
352070,2016,500,5040,4540
352070,2017,500,7260,6760
352070,2018,890,7321,6431
352070,2019,890,7101,6211
352070,2020,890,7101,6211
352070,2021,890,6936,6046
352080,1988,0,4255,4255
352080,1989,0,4295,4295
352080,1990,0,4118,4118
352080,1991,0,3939,3939
352080,1992,0,3936,3936
352080,1993,0,3064,3064
352080,1994,20,3962,3942
352080,1995,0,3504,3504
352080,1996,0,3428,3428
352080,1997,0,2503,2503
352080,1998,0,2464,2464
352080,1999,0,3323,3323
352080,2000,0,2264,2264
352080,2001,0,2990,2990
352080,2002,0,3378,3378
352080,2003,91,3104,3013
352080,2004,350,3525,3175
352080,2005,1000,2669,1669
352080,2006,360,3501,3141
352080,2007,50,3241,3191
352080,2008,240,4023,3783
352080,2009,0,3757,3757
352080,2010,0,3793,3793
352080,2011,0,3775,3775
352080,2012,195,4009,3814
352080,2013,0,3754,3754
352080,2014,20,3685,3665
352080,2015,200,3852,3652
352080,2016,320,3677,3357
352080,2017,30,3072,3042
352080,2018,350,3381,3031
352080,2019,280,3189,2909
352080,2020,200,2709,2509
352080,2021,220,2729,2509
352090,1988,250,10412,10162
352090,1989,420,10176,9756
352090,1990,580,10542,9962
352090,1991,400,9637,9237
352090,1992,250,8615,8365
352090,1993,250,8533,8283
352090,1994,300,5814,5514
352090,1995,1200,12275,11075
352090,1996,1200,12275,11075
352090,1997,170,11185,11015
352090,1998,0,13680,13680
352090,1999,0,13934,13934
352090,2000,490,10950,10460
352090,2001,360,10898,10538
352090,2002,360,11303,10943
352090,2003,450,13723,13273
352090,2004,450,13727,13277
352090,2005,450,12288,11838
352090,2006,460,13763,13303
352090,2007,500,13882,13382
352090,2008,1050,14453,13403
352090,2009,1000,14402,13402
352090,2010,900,14112,13212
352090,2011,0,13011,13011
352090,2012,450,13531,13081
352090,2013,450,13531,13081
352090,2014,450,13530,13080
352090,2015,500,18546,18046
352090,2016,1260,19276,18016
352090,2017,1260,19246,17986
352090,2018,1260,15916,14656
352090,2019,1300,15861,14561
352090,2020,1400,19111,17711
352090,2021,1300,19010,17710
352100,1988,0,4143,4143
352100,1989,0,3512,3512
352100,1990,0,3441,3441
352100,1991,0,2761,2761
352100,1992,0,2893,2893
352100,1993,0,3201,3201
352100,1994,0,3336,3336
352100,1995,0,3046,3046
352100,1996,0,2819,2819
352100,1997,0,3099,3099
352100,1998,0,3051,3051
352100,1999,0,2872,2872
352100,2000,0,2532,2532
352100,2001,0,2728,2728
352100,2002,0,2768,2768
352100,2003,0,2917,2917
352100,2004,0,2926,2926
352100,2005,0,2232,2232
352100,2006,0,2070,2070
352100,2007,0,2169,2169
352100,2008,142,1945,1803
352100,2009,140,3503,3363
352100,2010,160,2598,2438
352100,2011,160,2608,2448
352100,2012,135,741,606
352100,2013,114,2686,2572
352100,2014,0,2303,2303
352100,2015,114,2988,2874
352100,2016,0,2845,2845
352100,2017,0,1977,1977
352100,2018,115,1236,1121
352100,2019,115,2263,2148
352100,2020,115,2263,2148
352100,2021,115,2452,2337
352110,1988,0,4739,4739
352110,1989,24,2301,2277
352110,1990,24,2428,2404
352110,1991,3,6721,6718
352110,1992,0,5098,5098
352110,1993,0,4736,4736
352110,1994,20,4798,4778
352110,1995,20,4772,4752
352110,1996,15,4674,4659
352110,1997,0,4962,4962
352110,1998,0,5360,5360
352110,1999,0,5409,5409
352110,2000,0,4116,4116
352110,2001,0,4100,4100
352110,2002,0,4155,4155
352110,2003,0,4162,4162
352110,2004,0,4462,4462
352110,2005,0,3547,3547
352110,2006,0,4242,4242
352110,2007,0,4189,4189
352110,2008,0,4825,4825
352110,2009,0,5197,5197
352110,2010,0,4611,4611
352110,2011,0,4616,4616
352110,2012,0,5474,5474
352110,2013,0,6547,6547
352110,2014,0,5546,5546
352110,2015,0,6145,6145
352110,2016,0,6010,6010
352110,2017,0,5800,5800
352110,2018,0,5803,5803
352110,2019,0,5237,5237
352110,2020,0,5237,5237
352110,2021,0,5428,5428
352120,1988,0,1283,1283
352120,1989,0,1135,1135
352120,1990,0,953,953
352120,1991,0,1583,1583
352120,1992,0,923,923
352120,1993,0,918,918
352120,1994,0,1078,1078
352120,1995,0,1060,1060
352120,1996,0,1140,1140
352120,1997,0,1005,1005
352120,1998,0,940,940
352120,1999,0,785,785
352120,2000,0,1175,1175
352120,2001,0,850,850
352120,2002,0,750,750
352120,2003,0,472,472
352120,2004,0,762,762
352120,2005,0,459,459
352120,2006,0,540,540
352120,2007,0,503,503
352120,2008,0,450,450
352120,2009,0,290,290
352120,2010,0,160,160
352120,2011,0,106,106
352120,2012,0,98,98
352120,2013,0,725,725
352120,2014,0,650,650
352120,2015,0,537,537
352120,2016,0,740,740
352120,2017,0,738,738
352120,2018,0,744,744
352120,2019,0,821,821
352120,2020,0,821,821
352120,2021,0,821,821
352130,1988,16240,41103,24863
352130,1989,19887,38584,18697
352130,1990,18940,49070,30130
352130,1991,18000,67733,49733
352130,1992,18000,66790,48790
352130,1993,18000,50265,32265
352130,1994,28000,64717,36717
352130,1995,18006,56285,38279
352130,1996,30000,73199,43199
352130,1997,31000,73883,42883
352130,1998,18000,57063,39063
352130,1999,20000,64071,44071
352130,2000,19500,54775,35275
352130,2001,16200,50139,33939
352130,2002,13000,45360,32360
352130,2003,15200,47529,32329
352130,2004,15000,48028,33028
352130,2005,15210,46591,31381
352130,2006,12900,46851,33951
352130,2007,10000,48430,38430
352130,2008,12000,44693,32693
352130,2009,10600,45020,34420
352130,2010,10000,38420,28420
352130,2011,4777,36102,31325
352130,2012,10000,44144,34144
352130,2013,10000,43788,33788
352130,2014,10000,39950,29950
352130,2015,10000,40728,30728
352130,2016,10000,40833,30833
352130,2017,10945,41837,30892
352130,2018,9945,40789,30844
352130,2019,9986,40781,30795
352130,2020,10183,40625,30442
352130,2021,10183,40625,30442
352140,1988,0,8351,8351
352140,1989,0,8282,8282
352140,1990,0,8264,8264
352140,1991,70,8361,8291
352140,1992,30,8309,8279
352140,1993,0,8256,8256
352140,1994,0,8774,8774
352140,1995,0,8551,8551
352140,1996,0,7714,7714
352140,1997,0,7708,7708
352140,1998,0,8178,8178
352140,1999,0,7678,7678
352140,2000,0,8202,8202
352140,2001,0,8362,8362
352140,2002,0,8536,8536
352140,2003,0,8589,8589
352140,2004,0,8537,8537
352140,2005,0,8974,8974
352140,2006,0,8564,8564
352140,2007,0,9049,9049
352140,2008,0,8706,8706
352140,2009,0,9206,9206
352140,2010,0,9206,9206
352140,2011,230,9275,9045
352140,2012,300,9330,9030
352140,2013,300,9115,8815
352140,2014,320,8848,8528
352140,2015,320,8838,8518
352140,2016,320,8818,8498
352140,2017,320,8834,8514
352140,2018,500,7767,7267
352140,2019,520,8279,7759
352140,2020,500,8265,7765
352140,2021,500,8265,7765
352150,1988,0,8662,8662
352150,1989,0,8558,8558
352150,1990,0,7588,7588
352150,1991,0,8420,8420
352150,1992,0,7610,7610
352150,1993,0,6729,6729
352150,1994,0,9039,9039
352150,1995,0,7070,7070
352150,1996,0,12978,12978
352150,1997,0,8779,8779
352150,1998,0,9778,9778
352150,1999,0,9388,9388
352150,2000,0,7742,7742
352150,2001,0,9173,9173
352150,2002,0,7633,7633
352150,2003,0,7723,7723
352150,2004,0,8700,8700
352150,2005,0,9582,9582
352150,2006,0,10772,10772
352150,2007,0,11717,11717
352150,2008,0,11846,11846
352150,2009,100,11524,11424
352150,2010,100,13459,13359
352150,2011,100,14429,14329
352150,2012,20,15841,15821
352150,2013,80,15670,15590
352150,2014,80,16449,16369
352150,2015,80,15067,14987
352150,2016,170,15547,15377
352150,2017,170,15655,15485
352150,2018,70,16293,16223
352150,2019,220,15656,15436
352150,2020,200,17492,17292
352150,2021,200,18000,17800
352160,1988,0,7724,7724
352160,1989,0,6573,6573
352160,1990,0,6242,6242
352160,1991,0,5460,5460
352160,1992,0,3687,3687
352160,1993,0,3703,3703
352160,1994,0,3357,3357
352160,1995,0,3490,3490
352160,1996,0,2534,2534
352160,1997,0,1972,1972
352160,1998,0,2555,2555
352160,1999,0,2532,2532
352160,2000,0,3025,3025
352160,2001,0,3304,3304
352160,2002,0,2751,2751
352160,2003,60,2792,2732
352160,2004,50,2542,2492
352160,2005,0,3002,3002
352160,2006,0,6464,6464
352160,2007,0,6887,6887
352160,2008,0,8663,8663
352160,2009,0,8636,8636
352160,2010,0,8565,8565
352160,2011,0,9508,9508
352160,2012,0,6434,6434
352160,2013,0,4376,4376
352160,2014,0,5218,5218
352160,2015,0,4922,4922
352160,2016,0,5002,5002
352160,2017,0,4961,4961
352160,2018,0,4830,4830
352160,2019,100,5633,5533
352160,2020,0,5208,5208
352160,2021,0,5231,5231
352170,1988,1500,57392,55892
352170,1989,1500,49682,48182
352170,1990,2800,40462,37662
352170,1991,1500,36054,34554
352170,1992,2000,42754,40754
352170,1993,2000,40214,38214
352170,1994,2000,44714,42714
352170,1995,2000,41508,39508
352170,1996,2000,38234,36234
352170,1997,2000,34864,32864
352170,1998,4000,36364,32364
352170,1999,4500,43765,39265
352170,2000,0,55,55
352170,2001,8000,45340,37340
352170,2002,6000,54406,48406
352170,2003,10000,55345,45345
352170,2004,12000,48702,36702
352170,2005,16245,60023,43778
352170,2006,14770,61351,46581
352170,2007,12500,66892,54392
352170,2008,13000,86976,73976
352170,2009,28000,92445,64445
352170,2010,28000,90500,62500
352170,2011,18000,80452,62452
352170,2012,38000,109048,71048
352170,2013,22000,70308,48308
352170,2014,41000,97502,56502
352170,2015,35000,85215,50215
352170,2016,41000,92892,51892
352170,2017,46000,98541,52541
352170,2018,41000,86257,45257
352170,2019,41000,85927,44927
352170,2020,41000,88967,47967
352170,2021,41000,88967,47967
352180,1988,1500,40957,39457
352180,1989,1000,37251,36251
352180,1990,2000,35248,33248
352180,1991,1450,34108,32658
352180,1992,1800,37660,35860
352180,1993,2000,34301,32301
352180,1994,2100,34658,32558
352180,1995,1900,31938,30038
352180,1996,1800,37356,35556
352180,1997,2200,41439,39239
352180,1998,3500,38831,35331
352180,1999,2300,38763,36463
352180,2000,1000,31254,30254
352180,2001,2500,41700,39200
352180,2002,5000,44765,39765
352180,2003,6000,52310,46310
352180,2004,8500,44667,36167
352180,2005,8000,44527,36527
352180,2006,2500,45170,42670
352180,2007,3000,49200,46200
352180,2008,2000,44348,42348
352180,2009,6000,48760,42760
352180,2010,6000,50480,44480
352180,2011,4500,48630,44130
352180,2012,6000,54030,48030
352180,2013,6000,62530,56530
352180,2014,6000,51530,45530
352180,2015,10000,58280,48280
352180,2016,12000,59619,47619
352180,2017,13000,60180,47180
352180,2018,18500,62643,44143
352180,2019,15000,72841,57841
352180,2020,20000,78386,58386
352180,2021,26440,69735,43295
352190,1988,240,28510,28270
352190,1989,327,35333,35006
352190,1990,200,30679,30479
352190,1991,100,31740,31640
352190,1992,80,31750,31670
352190,1993,0,27077,27077
352190,1994,0,28434,28434
352190,1995,0,27060,27060
352190,1996,0,29477,29477
352190,1997,0,28822,28822
352190,1998,97,28370,28273
352190,1999,90,29563,29473
352190,2000,0,30168,30168
352190,2001,72,32138,32066
352190,2002,72,28275,28203
352190,2003,200,29481,29281
352190,2004,350,32066,31716
352190,2005,1200,36143,34943
352190,2006,600,34098,33498
352190,2007,250,36510,36260
352190,2008,480,40283,39803
352190,2009,180,38929,38749
352190,2010,300,39963,39663
352190,2011,200,42822,42622
352190,2012,300,42244,41944
352190,2013,0,42645,42645
352190,2014,0,42621,42621
352190,2015,0,41987,41987
352190,2016,0,42197,42197
352190,2017,0,33119,33119
352190,2018,0,39562,39562
352190,2019,0,39616,39616
352190,2020,100,41716,41616
352190,2021,100,41880,41780
352200,1988,0,9082,9082
352200,1989,242,8801,8559
352200,1990,100,7574,7474
352200,1991,0,9348,9348
352200,1992,0,8240,8240
352200,1993,0,6921,6921
352200,1994,0,6383,6383
352200,1995,0,6242,6242
352200,1996,0,6605,6605
352200,1997,0,6542,6542
352200,1998,0,4370,4370
352200,1999,0,4778,4778
352200,2000,0,5058,5058
352200,2001,0,7533,7533
352200,2002,0,7492,7492
352200,2003,0,7021,7021
352200,2004,63,6123,6060
352200,2005,50,7378,7328
352200,2006,121,8352,8231
352200,2007,22,8937,8915
352200,2008,45,10653,10608
352200,2009,45,10493,10448
352200,2010,30,10800,10770
352200,2011,30,10804,10774
352200,2012,30,10895,10865
352200,2013,30,11025,10995
352200,2014,100,8085,7985
352200,2015,140,10064,9924
352200,2016,500,10495,9995
352200,2017,400,9527,9127
352200,2018,400,8887,8487
352200,2019,380,8864,8484
352200,2020,400,8758,8358
352200,2021,1032,10841,9809
352210,1988,0,1923,1923
352210,1989,0,1937,1937
352210,1990,0,2048,2048
352210,1991,0,2046,2046
352210,1992,0,2047,2047
352210,1993,0,1468,1468
352210,1994,0,1600,1600
352210,1995,0,2236,2236
352210,1996,0,2237,2237
352210,1997,0,2535,2535
352210,1998,0,2243,2243
352210,1999,0,3448,3448
352210,2000,0,3690,3690
352210,2001,0,2020,2020
352210,2002,0,3710,3710
352210,2003,0,2110,2110
352210,2004,0,3010,3010
352210,2005,0,3380,3380
352210,2006,0,2785,2785
352210,2007,0,2785,2785
352210,2008,0,2900,2900
352210,2009,0,2900,2900
352210,2010,0,2832,2832
352210,2011,0,2832,2832
352210,2012,0,2832,2832
352210,2013,0,2832,2832
352210,2014,0,2856,2856
352210,2015,0,2618,2618
352210,2016,0,2791,2791
352210,2017,0,2619,2619
352210,2018,0,2796,2796
352210,2019,0,2798,2798
352210,2020,0,2790,2790
352210,2021,0,2821,2821
352220,1988,0,623,623
352220,1989,0,590,590
352220,1990,0,583,583
352220,1991,0,542,542
352220,1992,0,148,148
352220,1993,0,126,126
352220,1994,0,96,96
352220,1995,0,102,102
352220,1996,0,94,94
352220,1997,0,74,74
352220,1998,0,57,57
352220,1999,0,42,42
352220,2000,0,185,185
352220,2001,0,0,0
352220,2002,0,0,0
352220,2003,0,0,0
352220,2004,0,0,0
352220,2005,0,0,0
352220,2006,0,0,0
352220,2007,0,0,0
352220,2008,0,0,0
352220,2009,0,0,0
352220,2010,0,0,0
352220,2011,0,0,0
352220,2012,0,0,0
352220,2013,0,0,0
352220,2014,0,0,0
352220,2015,0,0,0
352220,2016,0,0,0
352220,2017,0,0,0
352220,2018,0,0,0
352220,2019,0,0,0
352220,2020,0,0,0
352220,2021,0,0,0
352230,1988,100,33026,32926
352230,1989,500,42887,42387
352230,1990,406,34317,33911
352230,1991,100,29704,29604
352230,1992,100,40765,40665
352230,1993,100,32687,32587
352230,1994,400,49002,48602
352230,1995,200,59137,58937
352230,1996,200,41630,41430
352230,1997,100,45294,45194
352230,1998,46,46122,46076
352230,1999,400,54843,54443
352230,2000,800,45407,44607
352230,2001,800,50177,49377
352230,2002,800,50310,49510
352230,2003,800,50154,49354
352230,2004,4600,56200,51600
352230,2005,1800,55373,53573
352230,2006,1800,59091,57291
352230,2007,1400,50526,49126
352230,2008,1200,58684,57484
352230,2009,1500,61562,60062
352230,2010,2103,59458,57355
352230,2011,3400,57298,53898
352230,2012,3500,56385,52885
352230,2013,10400,65405,55005
352230,2014,12520,68409,55889
352230,2015,12100,69786,57686
352230,2016,21500,72846,51346
352230,2017,21500,67503,46003
352230,2018,20500,60766,40266
352230,2019,24500,63473,38973
352230,2020,24300,63923,39623
352230,2021,26200,67338,41138
352240,1988,2500,43218,40718
352240,1989,3000,40459,37459
352240,1990,3000,40251,37251
352240,1991,2000,42972,40972
352240,1992,2500,50906,48406
352240,1993,1960,37936,35976
352240,1994,1840,40335,38495
352240,1995,2017,35615,33598
352240,1996,2460,38185,35725
352240,1997,2000,43322,41322
352240,1998,5500,53932,48432
352240,1999,4500,61914,57414
352240,2000,6800,65279,58479
352240,2001,12030,74767,62737
352240,2002,19663,90014,70351
352240,2003,29050,85060,56010
352240,2004,34200,92322,58122
352240,2005,33300,105688,72388
352240,2006,28605,118065,89460
352240,2007,26025,122954,96929
352240,2008,28000,127575,99575
352240,2009,34800,126075,91275
352240,2010,36468,123444,86976
352240,2011,42550,121855,79305
352240,2012,49535,129719,80184
352240,2013,57413,111367,53954
352240,2014,81713,132010,50297
352240,2015,87202,151937,64735
352240,2016,86200,181368,95168
352240,2017,93200,200688,107488
352240,2018,90200,189439,99239
352240,2019,90200,199326,109126
352240,2020,90200,199571,109371
352240,2021,80350,190194,109844
352250,1988,0,138,138
352250,1989,0,93,93
352250,1990,0,89,89
352250,1991,0,76,76
352250,1992,0,30,30
352250,1993,0,0,0
352250,1994,0,0,0
352250,1995,0,0,0
352250,1996,0,0,0
352250,1997,0,0,0
352250,1998,0,0,0
352250,1999,0,0,0
352250,2000,0,0,0
352250,2001,0,0,0
352250,2002,0,0,0
352250,2003,0,0,0
352250,2004,0,0,0
352250,2005,0,0,0
352250,2006,0,0,0
352250,2007,0,0,0
352250,2008,0,0,0
352250,2009,0,0,0
352250,2010,0,0,0
352250,2011,0,0,0
352250,2012,0,0,0
352250,2013,0,0,0
352250,2014,0,0,0
352250,2015,0,0,0
352250,2016,0,0,0
352250,2017,0,0,0
352250,2018,0,0,0
352250,2019,0,0,0
352250,2020,0,0,0
352250,2021,0,0,0
352260,1988,0,25286,25286
352260,1989,0,24455,24455
352260,1990,0,26350,26350
352260,1991,0,22500,22500
352260,1992,0,30338,30338
352260,1993,0,24747,24747
352260,1994,0,24971,24971
352260,1995,0,20872,20872
352260,1996,0,18214,18214
352260,1997,0,21789,21789
352260,1998,0,22920,22920
352260,1999,0,24180,24180
352260,2000,0,21257,21257
352260,2001,0,21478,21478
352260,2002,0,19812,19812
352260,2003,0,20227,20227
352260,2004,0,20091,20091
352260,2005,0,20643,20643
352260,2006,0,19810,19810
352260,2007,0,20672,20672
352260,2008,0,20719,20719
352260,2009,0,20719,20719
352260,2010,0,11951,11951
352260,2011,0,12041,12041
352260,2012,0,12240,12240
352260,2013,0,12154,12154
352260,2014,0,12223,12223
352260,2015,0,11219,11219
352260,2016,50,11317,11267
352260,2017,185,11563,11378
352260,2018,540,8754,8214
352260,2019,540,9204,8664
352260,2020,500,8406,7906
352260,2021,1080,5930,4850
352270,1988,1210,69806,68596
352270,1989,130,79264,79134
352270,1990,130,61696,61566
352270,1991,242,61450,61208
352270,1992,150,65785,65635
352270,1993,0,43825,43825
352270,1994,400,54205,53805
352270,1995,200,47360,47160
352270,1996,150,56725,56575
352270,1997,150,54430,54280
352270,1998,1300,55919,54619
352270,1999,300,55888,55588
352270,2000,300,52472,52172
352270,2001,300,50375,50075
352270,2002,350,49685,49335
352270,2003,350,55737,55387
352270,2004,350,57218,56868
352270,2005,700,58445,57745
352270,2006,700,55986,55286
352270,2007,600,67960,67360
352270,2008,500,67819,67319
352270,2009,200,58593,58393
352270,2010,200,60505,60305
352270,2011,200,65952,65752
352270,2012,0,60400,60400
352270,2013,0,62328,62328
352270,2014,0,62628,62628
352270,2015,0,62708,62708
352270,2016,3500,60227,56727
352270,2017,6000,60534,54534
352270,2018,4500,53606,49106
352270,2019,3500,52028,48528
352270,2020,3500,53222,49722
352270,2021,5000,66402,61402
352280,1988,0,46495,46495
352280,1989,0,28641,28641
352280,1990,0,24411,24411
352280,1991,0,20459,20459
352280,1992,0,23259,23259
352280,1993,0,16618,16618
352280,1994,0,14329,14329
352280,1995,0,12963,12963
352280,1996,0,8442,8442
352280,1997,0,9105,9105
352280,1998,0,10579,10579
352280,1999,0,11202,11202
352280,2000,0,12127,12127
352280,2001,0,12778,12778
352280,2002,0,12678,12678
352280,2003,200,10576,10376
352280,2004,2000,12238,10238
352280,2005,2300,11923,9623
352280,2006,800,12623,11823
352280,2007,700,10355,9655
352280,2008,700,12895,12195
352280,2009,500,8831,8331
352280,2010,1000,7840,6840
352280,2011,1500,11152,9652
352280,2012,1500,10859,9359
352280,2013,3000,10490,7490
352280,2014,6000,10989,4989
352280,2015,6000,11994,5994
352280,2016,10000,24178,14178
352280,2017,10000,18669,8669
352280,2018,9000,16075,7075
352280,2019,9750,17307,7557
352280,2020,12000,15961,3961
352280,2021,11200,17962,6762
352290,1988,0,9439,9439
352290,1989,0,8243,8243
352290,1990,0,8885,8885
352290,1991,0,8873,8873
352290,1992,0,8483,8483
352290,1993,0,7629,7629
352290,1994,110,7665,7555
352290,1995,110,7738,7628
352290,1996,100,7734,7634
352290,1997,0,7634,7634
352290,1998,0,7630,7630
352290,1999,0,8560,8560
352290,2000,0,7523,7523
352290,2001,0,7520,7520
352290,2002,0,10936,10936
352290,2003,0,11065,11065
352290,2004,315,11328,11013
352290,2005,200,11775,11575
352290,2006,315,11375,11060
352290,2007,315,11390,11075
352290,2008,252,9482,9230
352290,2009,0,6955,6955
352290,2010,0,8890,8890
352290,2011,0,8950,8950
352290,2012,0,9490,9490
352290,2013,120,9610,9490
352290,2014,132,9741,9609
352290,2015,320,10125,9805
352290,2016,573,10405,9832
352290,2017,403,10051,9648
352290,2018,401,9454,9053
352290,2019,97,9179,9082
352290,2020,97,9233,9136
352290,2021,153,9206,9053
352300,1988,160,3620,3460
352300,1989,200,4764,4564
352300,1990,200,2586,2386
352300,1991,60,6466,6406
352300,1992,0,4411,4411
352300,1993,61,3679,3618
352300,1994,0,3975,3975
352300,1995,0,2844,2844
352300,1996,121,1637,1516
352300,1997,107,1292,1185
352300,1998,356,2738,2382
352300,1999,90,1455,1365
352300,2000,400,1797,1397
352300,2001,0,1635,1635
352300,2002,0,1633,1633
352300,2003,200,1436,1236
352300,2004,200,1853,1653
352300,2005,1600,4251,2651
352300,2006,1230,3757,2527
352300,2007,1230,3383,2153
352300,2008,940,5725,4785
352300,2009,900,8852,7952
352300,2010,1188,11757,10569
352300,2011,1100,12939,11839
352300,2012,1100,13922,12822
352300,2013,1100,12641,11541
352300,2014,1340,11193,9853
352300,2015,1550,13868,12318
352300,2016,1490,14189,12699
352300,2017,1120,13632,12512
352300,2018,1500,12226,10726
352300,2019,1505,15569,14064
352300,2020,1340,14218,12878
352300,2021,1552,13463,11911
352310,1988,0,73,73
352310,1989,0,70,70
352310,1990,0,39,39
352310,1991,0,39,39
352310,1992,0,44,44
352310,1993,0,0,0
352310,1994,0,0,0
352310,1995,0,0,0
352310,1996,0,14,14
352310,1997,0,14,14
352310,1998,0,14,14
352310,1999,0,12,12
352310,2000,0,116,116
352310,2001,0,14,14
352310,2002,0,14,14
352310,2003,0,14,14
352310,2004,0,14,14
352310,2005,0,14,14
352310,2006,0,9,9
352310,2007,0,0,0
352310,2008,0,0,0
352310,2009,0,0,0
352310,2010,0,0,0
352310,2011,0,0,0
352310,2012,0,0,0
352310,2013,0,0,0
352310,2014,0,0,0
352310,2015,0,0,0
352310,2016,0,0,0
352310,2017,0,0,0
352310,2018,0,0,0
352310,2019,0,0,0
352310,2020,0,0,0
352310,2021,0,0,0
352320,1988,250,56670,56420
352320,1989,300,55991,55691
352320,1990,300,46763,46463
352320,1991,250,43383,43133
352320,1992,250,39644,39394
352320,1993,300,25801,25501
352320,1994,700,36191,35491
352320,1995,500,33914,33414
352320,1996,500,29510,29010
352320,1997,920,25603,24683
352320,1998,1500,20263,18763
352320,1999,1500,20576,19076
352320,2000,1500,27274,25774
352320,2001,4200,26153,21953
352320,2002,4000,24060,20060
352320,2003,5030,20855,15825
352320,2004,8030,25490,17460
352320,2005,7150,28250,21100
352320,2006,6150,30600,24450
352320,2007,1650,24942,23292
352320,2008,7750,35030,27280
352320,2009,7000,24709,17709
352320,2010,7005,27949,20944
352320,2011,11200,31056,19856
352320,2012,11310,32045,20735
352320,2013,14310,38206,23896
352320,2014,16015,43286,27271
352320,2015,15028,35117,20089
352320,2016,18530,37791,19261
352320,2017,18000,36594,18594
352320,2018,17000,37958,20958
352320,2019,20000,45894,25894
352320,2020,22000,48431,26431
352320,2021,20000,50170,30170
352330,1988,0,3839,3839
352330,1989,0,3841,3841
352330,1990,0,4065,4065
352330,1991,0,4059,4059
352330,1992,0,4221,4221
352330,1993,0,3172,3172
352330,1994,0,3700,3700
352330,1995,0,3667,3667
352330,1996,0,3467,3467
352330,1997,0,3790,3790
352330,1998,0,3543,3543
352330,1999,0,4510,4510
352330,2000,0,4364,4364
352330,2001,0,4315,4315
352330,2002,0,4575,4575
352330,2003,0,4250,4250
352330,2004,0,4000,4000
352330,2005,0,4140,4140
352330,2006,0,4060,4060
352330,2007,0,3805,3805
352330,2008,0,4100,4100
352330,2009,0,4100,4100
352330,2010,0,3544,3544
352330,2011,0,3570,3570
352330,2012,0,3610,3610
352330,2013,0,3610,3610
352330,2014,0,3910,3910
352330,2015,0,3570,3570
352330,2016,0,3978,3978
352330,2017,0,3570,3570
352330,2018,0,3107,3107
352330,2019,0,2912,2912
352330,2020,0,2919,2919
352330,2021,0,2944,2944
352340,1988,120,5065,4945
352340,1989,150,4429,4279
352340,1990,80,4754,4674
352340,1991,0,3126,3126
352340,1992,40,3098,3058
352340,1993,40,3277,3237
352340,1994,50,2737,2687
352340,1995,0,2950,2950
352340,1996,0,2599,2599
352340,1997,0,2846,2846
352340,1998,0,2986,2986
352340,1999,0,2257,2257
352340,2000,0,1873,1873
352340,2001,0,2138,2138
352340,2002,0,1768,1768
352340,2003,15,2036,2021
352340,2004,20,2262,2242
352340,2005,0,1873,1873
352340,2006,0,1550,1550
352340,2007,0,1806,1806
352340,2008,0,1452,1452
352340,2009,0,877,877
352340,2010,0,2609,2609
352340,2011,0,2624,2624
352340,2012,0,2597,2597
352340,2013,0,2692,2692
352340,2014,0,2743,2743
352340,2015,0,2657,2657
352340,2016,0,2335,2335
352340,2017,60,2360,2300
352340,2018,60,2360,2300
352340,2019,60,2360,2300
352340,2020,60,2337,2277
352340,2021,60,2336,2276
352350,1988,200,5084,4884
352350,1989,200,4992,4792
352350,1990,0,4816,4816
352350,1991,0,4228,4228
352350,1992,0,3004,3004
352350,1993,0,3051,3051
352350,1994,0,2355,2355
352350,1995,0,2382,2382
352350,1996,0,1980,1980
352350,1997,0,5035,5035
352350,1998,0,5093,5093
352350,1999,0,5216,5216
352350,2000,0,3995,3995
352350,2001,0,4204,4204
352350,2002,0,4093,4093
352350,2003,0,4084,4084
352350,2004,60,4381,4321
352350,2005,60,4044,3984
352350,2006,60,3642,3582
352350,2007,50,3361,3311
352350,2008,48,3670,3622
352350,2009,50,5440,5390
352350,2010,0,6770,6770
352350,2011,0,6770,6770
352350,2012,0,5480,5480
352350,2013,200,6780,6580
352350,2014,350,6415,6065
352350,2015,350,8515,8165
352350,2016,350,8292,7942
352350,2017,1200,9446,8246
352350,2018,880,12642,11762
352350,2019,1480,13325,11845
352350,2020,1480,13325,11845
352350,2021,350,8292,7942
352360,1988,900,8516,7616
352360,1989,840,6213,5373
352360,1990,700,6940,6240
352360,1991,150,8620,8470
352360,1992,150,8910,8760
352360,1993,350,6960,6610
352360,1994,500,7447,6947
352360,1995,720,7483,6763
352360,1996,585,11089,10504
352360,1997,570,8461,7891
352360,1998,650,8589,7939
352360,1999,500,7391,6891
352360,2000,600,9561,8961
352360,2001,460,9740,9280
352360,2002,450,7951,7501
352360,2003,310,7168,6858
352360,2004,250,7713,7463
352360,2005,350,7885,7535
352360,2006,250,7002,6752
352360,2007,250,6920,6670
352360,2008,200,10010,9810
352360,2009,50,10150,10100
352360,2010,200,9800,9600
352360,2011,200,10202,10002
352360,2012,0,7448,7448
352360,2013,0,10507,10507
352360,2014,0,9834,9834
352360,2015,110,10063,9953
352360,2016,142,9909,9767
352360,2017,300,9761,9461
352360,2018,300,8828,8528
352360,2019,300,8789,8489
352360,2020,300,9013,8713
352360,2021,300,9037,8737
352370,1988,0,4726,4726
352370,1989,0,4933,4933
352370,1990,0,5051,5051
352370,1991,0,4812,4812
352370,1992,0,3987,3987
352370,1993,12,3208,3196
352370,1994,12,2799,2787
352370,1995,12,2621,2609
352370,1996,0,2585,2585
352370,1997,0,3087,3087
352370,1998,0,2860,2860
352370,1999,0,3235,3235
352370,2000,0,3063,3063
352370,2001,0,1660,1660
352370,2002,0,2271,2271
352370,2003,0,2577,2577
352370,2004,0,2577,2577
352370,2005,193,2709,2516
352370,2006,193,2533,2340
352370,2007,200,2910,2710
352370,2008,60,3170,3110
352370,2009,0,2538,2538
352370,2010,0,2455,2455
352370,2011,0,2337,2337
352370,2012,0,2512,2512
352370,2013,0,3043,3043
352370,2014,0,2779,2779
352370,2015,0,2943,2943
352370,2016,0,2700,2700
352370,2017,20,3140,3120
352370,2018,30,4680,4650
352370,2019,50,4672,4622
352370,2020,50,4672,4622
352370,2021,140,5146,5006
352380,1988,70,4910,4840
352380,1989,100,4698,4598
352380,1990,100,4812,4712
352380,1991,0,6977,6977
352380,1992,50,7288,7238
352380,1993,50,7304,7254
352380,1994,0,5957,5957
352380,1995,440,5012,4572
352380,1996,300,4918,4618
352380,1997,300,8364,8064
352380,1998,250,5688,5438
352380,1999,300,5918,5618
352380,2000,150,5209,5059
352380,2001,0,4115,4115
352380,2002,0,6240,6240
352380,2003,300,5780,5480
352380,2004,300,7420,7120
352380,2005,0,7400,7400
352380,2006,30,7560,7530
352380,2007,300,7530,7230
352380,2008,24,6778,6754
352380,2009,24,6828,6804
352380,2010,0,6112,6112
352380,2011,0,6105,6105
352380,2012,0,7206,7206
352380,2013,0,6527,6527
352380,2014,0,10194,10194
352380,2015,0,9691,9691
352380,2016,0,8041,8041
352380,2017,0,8041,8041
352380,2018,0,5246,5246
352380,2019,1000,6728,5728
352380,2020,1000,6498,5498
352380,2021,1000,6565,5565
352390,1988,700,5282,4582
352390,1989,0,4754,4754
352390,1990,0,4804,4804
352390,1991,0,5013,5013
352390,1992,0,5253,5253
352390,1993,0,3796,3796
352390,1994,0,4008,4008
352390,1995,0,3981,3981
352390,1996,0,3412,3412
352390,1997,0,3799,3799
352390,1998,0,3699,3699
352390,1999,0,3779,3779
352390,2000,0,2204,2204
352390,2001,0,3853,3853
352390,2002,0,2942,2942
352390,2003,0,2798,2798
352390,2004,0,2653,2653
352390,2005,0,2795,2795
352390,2006,0,2432,2432
352390,2007,0,2460,2460
352390,2008,0,2390,2390
352390,2009,0,2591,2591
352390,2010,100,2980,2880
352390,2011,100,3056,2956
352390,2012,0,2484,2484
352390,2013,0,3176,3176
352390,2014,80,2697,2617
352390,2015,180,2792,2612
352390,2016,0,2614,2614
352390,2017,0,2514,2514
352390,2018,150,2550,2400
352390,2019,120,2824,2704
352390,2020,300,2330,2030
352390,2021,400,2483,2083
352400,1988,0,2559,2559
352400,1989,0,2578,2578
352400,1990,0,1434,1434
352400,1991,0,2755,2755
352400,1992,0,2713,2713
352400,1993,0,2678,2678
352400,1994,0,2410,2410
352400,1995,0,2439,2439
352400,1996,0,1955,1955
352400,1997,0,2032,2032
352400,1998,0,2182,2182
352400,1999,0,2082,2082
352400,2000,0,2770,2770
352400,2001,0,2691,2691
352400,2002,0,2796,2796
352400,2003,0,2724,2724
352400,2004,0,2674,2674
352400,2005,0,2611,2611
352400,2006,0,2446,2446
352400,2007,0,2524,2524
352400,2008,0,2308,2308
352400,2009,0,2375,2375
352400,2010,0,2332,2332
352400,2011,0,2319,2319
352400,2012,0,2318,2318
352400,2013,0,1908,1908
352400,2014,0,1821,1821
352400,2015,0,1403,1403
352400,2016,0,1365,1365
352400,2017,0,1390,1390
352400,2018,0,712,712
352400,2019,0,400,400
352400,2020,0,404,404
352400,2021,30,3017,2987
352410,1988,17200,57104,39904
352410,1989,21000,56972,35972
352410,1990,20000,62201,42201
352410,1991,20500,94347,73847
352410,1992,20000,85500,65500
352410,1993,32000,83720,51720
352410,1994,35000,81893,46893
352410,1995,32500,78590,46090
352410,1996,35500,91615,56115
352410,1997,25000,73915,48915
352410,1998,23400,73898,50498
352410,1999,25000,76958,51958
352410,2000,27800,74590,46790
352410,2001,26000,68619,42619
352410,2002,24000,63739,39739
352410,2003,24000,63439,39439
352410,2004,25000,67882,42882
352410,2005,24350,71588,47238
352410,2006,22480,70788,48308
352410,2007,11000,66535,55535
352410,2008,15200,80972,65772
352410,2009,9000,68635,59635
352410,2010,9000,59062,50062
352410,2011,4838,55552,50714
352410,2012,9258,63375,54117
352410,2013,9250,59055,49805
352410,2014,9000,58796,49796
352410,2015,9000,59720,50720
352410,2016,9578,60266,50688
352410,2017,9278,59966,50688
352410,2018,9407,59946,50539
352410,2019,8407,58994,50587
352410,2020,8407,58846,50439
352410,2021,8531,58757,50226
352420,1988,3500,15293,11793
352420,1989,3500,14610,11110
352420,1990,3500,15111,11611
352420,1991,3000,16820,13820
352420,1992,3800,11942,8142
352420,1993,6000,20083,14083
352420,1994,6200,20729,14529
352420,1995,6200,20427,14227
352420,1996,4000,20505,16505
352420,1997,4100,20310,16210
352420,1998,2925,23907,20982
352420,1999,3000,23197,20197
352420,2000,4500,24007,19507
352420,2001,3720,25103,21383
352420,2002,3000,24281,21281
352420,2003,2330,22477,20147
352420,2004,2500,24108,21608
352420,2005,2000,20659,18659
352420,2006,2000,27730,25730
352420,2007,150,22380,22230
352420,2008,1500,26205,24705
352420,2009,1000,22728,21728
352420,2010,1000,21807,20807
352420,2011,1400,22899,21499
352420,2012,700,21609,20909
352420,2013,1300,21690,20390
352420,2014,1466,23479,22013
352420,2015,2000,24257,22257
352420,2016,2500,24892,22392
352420,2017,2740,23745,21005
352420,2018,2200,22436,20236
352420,2019,2065,23166,21101
352420,2020,1670,22043,20373
352420,2021,1770,22314,20544
352430,1988,4500,52424,47924
352430,1989,4500,45822,41322
352430,1990,4000,51820,47820
352430,1991,3500,59515,56015
352430,1992,3000,58097,55097
352430,1993,3000,57975,54975
352430,1994,2500,53717,51217
352430,1995,2000,51702,49702
352430,1996,2000,49011,47011
352430,1997,2000,50794,48794
352430,1998,2200,49170,46970
352430,1999,2595,48685,46090
352430,2000,2500,50148,47648
352430,2001,2500,49605,47105
352430,2002,2500,48967,46467
352430,2003,2500,48893,46393
352430,2004,2500,49410,46910
352430,2005,2500,49570,47070
352430,2006,2500,48589,46089
352430,2007,2300,48657,46357
352430,2008,2300,48247,45947
352430,2009,3200,51037,47837
352430,2010,3200,48515,45315
352430,2011,3200,59738,56538
352430,2012,2500,54539,52039
352430,2013,2500,54530,52030
352430,2014,2400,67680,65280
352430,2015,2400,64645,62245
352430,2016,2500,64743,62243
352430,2017,3670,70964,67294
352430,2018,3670,70993,67323
352430,2019,3670,67338,63668
352430,2020,3670,70708,67038
352430,2021,3670,70888,67218
352440,1988,0,1572,1572
352440,1989,0,1560,1560
352440,1990,0,1817,1817
352440,1991,0,1294,1294
352440,1992,0,781,781
352440,1993,0,977,977
352440,1994,0,1156,1156
352440,1995,0,393,393
352440,1996,0,824,824
352440,1997,0,357,357
352440,1998,0,234,234
352440,1999,0,378,378
352440,2000,0,116,116
352440,2001,0,441,441
352440,2002,0,397,397
352440,2003,0,520,520
352440,2004,0,310,310
352440,2005,0,429,429
352440,2006,0,415,415
352440,2007,0,388,388
352440,2008,0,394,394
352440,2009,0,531,531
352440,2010,0,569,569
352440,2011,0,499,499
352440,2012,0,520,520
352440,2013,0,355,355
352440,2014,0,152,152
352440,2015,0,128,128
352440,2016,0,63,63
352440,2017,0,66,66
352440,2018,0,63,63
352440,2019,0,65,65
352440,2020,0,57,57
352440,2021,0,55,55
352450,1988,0,5916,5916
352450,1989,13,3982,3969
352450,1990,10,3683,3673
352450,1991,0,3405,3405
352450,1992,0,3351,3351
352450,1993,0,2861,2861
352450,1994,0,2729,2729
352450,1995,0,2593,2593
352450,1996,0,1765,1765
352450,1997,0,1758,1758
352450,1998,0,1679,1679
352450,1999,0,3537,3537
352450,2000,0,2393,2393
352450,2001,0,1546,1546
352450,2002,0,2525,2525
352450,2003,0,2690,2690
352450,2004,0,2829,2829
352450,2005,0,2868,2868
352450,2006,0,3483,3483
352450,2007,0,5483,5483
352450,2008,0,6710,6710
352450,2009,0,7517,7517
352450,2010,0,8130,8130
352450,2011,0,7780,7780
352450,2012,0,7695,7695
352450,2013,0,7338,7338
352450,2014,0,7256,7256
352450,2015,0,7271,7271
352450,2016,50,7510,7460
352450,2017,80,9597,9517
352450,2018,10,7217,7207
352450,2019,10,7895,7885
352450,2020,50,8523,8473
352450,2021,300,8698,8398
352460,1988,0,7076,7076
352460,1989,0,7570,7570
352460,1990,0,2472,2472
352460,1991,0,7194,7194
352460,1992,0,6690,6690
352460,1993,0,7094,7094
352460,1994,0,7660,7660
352460,1995,0,8260,8260
352460,1996,0,8158,8158
352460,1997,0,7857,7857
352460,1998,0,7412,7412
352460,1999,0,7037,7037
352460,2000,0,9008,9008
352460,2001,0,8185,8185
352460,2002,0,7967,7967
352460,2003,0,9680,9680
352460,2004,0,7267,7267
352460,2005,0,7872,7872
352460,2006,0,7832,7832
352460,2007,0,6865,6865
352460,2008,0,9475,9475
352460,2009,0,8358,8358
352460,2010,0,8494,8494
352460,2011,0,8073,8073
352460,2012,0,8408,8408
352460,2013,0,8610,8610
352460,2014,0,8606,8606
352460,2015,0,8519,8519
352460,2016,0,9005,9005
352460,2017,0,8992,8992
352460,2018,0,8826,8826
352460,2019,0,8856,8856
352460,2020,0,8856,8856
352460,2021,0,8856,8856
352480,1988,570,26531,25961
352480,1989,500,20751,20251
352480,1990,260,18931,18671
352480,1991,44,15691,15647
352480,1992,110,20083,19973
352480,1993,201,14577,14376
352480,1994,380,18827,18447
352480,1995,300,18385,18085
352480,1996,250,19126,18876
352480,1997,223,13505,13282
352480,1998,237,12251,12014
352480,1999,240,11363,11123
352480,2000,200,11570,11370
352480,2001,73,9449,9376
352480,2002,73,8727,8654
352480,2003,85,7280,7195
352480,2004,73,6687,6614
352480,2005,0,8831,8831
352480,2006,73,8387,8314
352480,2007,150,7500,7350
352480,2008,73,6863,6790
352480,2009,200,9505,9305
352480,2010,150,8304,8154
352480,2011,150,11101,10951
352480,2012,170,12709,12539
352480,2013,170,12591,12421
352480,2014,170,12834,12664
352480,2015,125,15428,15303
352480,2016,125,14741,14616
352480,2017,265,17601,17336
352480,2018,125,16435,16310
352480,2019,530,16536,16006
352480,2020,430,16050,15620
352480,2021,200,16607,16407
352490,1988,0,493,493
352490,1989,0,500,500
352490,1990,0,708,708
352490,1991,0,493,493
352490,1992,0,540,540
352490,1993,0,471,471
352490,1994,0,493,493
352490,1995,0,485,485
352490,1996,0,450,450
352490,1997,0,485,485
352490,1998,0,485,485
352490,1999,0,478,478
352490,2000,0,473,473
352490,2001,0,358,358
352490,2002,0,274,274
352490,2003,0,274,274
352490,2004,0,274,274
352490,2005,0,279,279
352490,2006,0,279,279
352490,2007,0,199,199
352490,2008,0,259,259
352490,2009,0,227,227
352490,2010,0,227,227
352490,2011,0,104,104
352490,2012,0,77,77
352490,2013,0,77,77
352490,2014,0,77,77
352490,2015,0,57,57
352490,2016,0,25,25
352490,2017,0,74,74
352490,2018,0,74,74
352490,2019,0,74,74
352490,2020,0,74,74
352490,2021,0,74,74
352500,1988,0,9,9
352500,1989,0,4,4
352500,1990,0,4,4
352500,1991,0,3,3
352500,1992,0,0,0
352500,1993,0,0,0
352500,1994,0,0,0
352500,1995,0,0,0
352500,1996,0,0,0
352500,1997,0,0,0
352500,1998,0,0,0
352500,1999,0,0,0
352500,2000,0,0,0
352500,2001,0,0,0
352500,2002,0,0,0
352500,2003,0,0,0
352500,2004,0,0,0
352500,2005,0,0,0
352500,2006,0,0,0
352500,2007,0,0,0
352500,2008,0,0,0
352500,2009,0,0,0
352500,2010,0,0,0
352500,2011,0,0,0
352500,2012,0,0,0
352500,2013,0,0,0
352500,2014,0,0,0
352500,2015,0,0,0
352500,2016,0,0,0
352500,2017,0,0,0
352500,2018,0,0,0
352500,2019,0,0,0
352500,2020,0,0,0
352500,2021,0,0,0
352510,1988,5700,40690,34990
352510,1989,6000,39335,33335
352510,1990,5000,38815,33815
352510,1991,4000,45171,41171
352510,1992,3000,34043,31043
352510,1993,3000,36325,33325
352510,1994,3000,35559,32559
352510,1995,3000,38333,35333
352510,1996,4000,37683,33683
352510,1997,3000,36209,33209
352510,1998,1100,33778,32678
352510,1999,1000,33198,32198
352510,2000,1000,33966,32966
352510,2001,1000,33452,32452
352510,2002,2000,32463,30463
352510,2003,1500,32079,30579
352510,2004,1500,33443,31943
352510,2005,1500,31606,30106
352510,2006,2000,32172,30172
352510,2007,2000,32251,30251
352510,2008,2000,32596,30596
352510,2009,1200,39257,38057
352510,2010,2000,36972,34972
352510,2011,2000,35543,33543
352510,2012,4500,33686,29186
352510,2013,2000,32494,30494
352510,2014,2000,38519,36519
352510,2015,2500,31406,28906
352510,2016,3000,32795,29795
352510,2017,3000,32825,29825
352510,2018,3000,32701,29701
352510,2019,2000,41049,39049
352510,2020,2000,41049,39049
352510,2021,2000,41049,39049
352520,1988,0,941,941
352520,1989,0,1063,1063
352520,1990,0,1004,1004
352520,1991,0,1020,1020
352520,1992,0,1051,1051
352520,1993,0,1197,1197
352520,1994,0,1111,1111
352520,1995,0,1111,1111
352520,1996,0,1613,1613
352520,1997,0,1866,1866
352520,1998,0,2302,2302
352520,1999,0,2244,2244
352520,2000,0,1233,1233
352520,2001,0,1201,1201
352520,2002,0,1374,1374
352520,2003,0,1486,1486
352520,2004,0,1395,1395
352520,2005,0,1372,1372
352520,2006,0,1342,1342
352520,2007,0,1252,1252
352520,2008,0,1449,1449
352520,2009,0,1799,1799
352520,2010,0,1061,1061
352520,2011,0,1085,1085
352520,2012,0,1135,1135
352520,2013,0,1255,1255
352520,2014,0,1171,1171
352520,2015,0,906,906
352520,2016,0,906,906
352520,2017,0,706,706
352520,2018,0,598,598
352520,2019,0,715,715
352520,2020,0,715,715
352520,2021,0,715,715
352530,1988,0,39881,39881
352530,1989,0,41027,41027
352530,1990,0,33901,33901
352530,1991,0,42084,42084
352530,1992,0,41331,41331
352530,1993,0,34015,34015
352530,1994,250,47229,46979
352530,1995,175,42904,42729
352530,1996,100,42821,42721
352530,1997,100,38633,38533
352530,1998,0,38960,38960
352530,1999,0,39106,39106
352530,2000,20,38644,38624
352530,2001,120,39144,39024
352530,2002,120,39152,39032
352530,2003,165,39243,39078
352530,2004,487,40405,39918
352530,2005,474,41861,41387
352530,2006,480,42135,41655
352530,2007,300,43817,43517
352530,2008,310,43801,43491
352530,2009,310,48022,47712
352530,2010,382,44493,44111
352530,2011,362,45057,44695
352530,2012,570,45291,44721
352530,2013,939,45628,44689
352530,2014,1111,45724,44613
352530,2015,1774,47624,45850
352530,2016,2300,47811,45511
352530,2017,2580,48590,46010
352530,2018,2839,48148,45309
352530,2019,3113,50192,47079
352530,2020,2834,49133,46299
352530,2021,4350,52191,47841
352540,1988,1300,3994,2694
352540,1989,1500,5899,4399
352540,1990,1300,6390,5090
352540,1991,1100,6981,5881
352540,1992,1000,6870,5870
352540,1993,1300,6675,5375
352540,1994,2000,7006,5006
352540,1995,2000,6698,4698
352540,1996,1800,7773,5973
352540,1997,2200,8025,5825
352540,1998,2400,9483,7083
352540,1999,2400,9953,7553
352540,2000,2000,9370,7370
352540,2001,1600,8140,6540
352540,2002,2000,8505,6505
352540,2003,2000,7865,5865
352540,2004,2000,8360,6360
352540,2005,2000,9884,7884
352540,2006,2000,9604,7604
352540,2007,2000,11256,9256
352540,2008,1500,9715,8215
352540,2009,900,9021,8121
352540,2010,700,9623,8923
352540,2011,815,10253,9438
352540,2012,585,9406,8821
352540,2013,459,9306,8847
352540,2014,339,10274,9935
352540,2015,650,10616,9966
352540,2016,650,11116,10466
352540,2017,300,10365,10065
352540,2018,600,10616,10016
352540,2019,600,10272,9672
352540,2020,1000,10846,9846
352540,2021,600,10822,10222
352550,1988,0,1276,1276
352550,1989,0,1838,1838
352550,1990,0,1768,1768
352550,1991,0,1566,1566
352550,1992,0,1490,1490
352550,1993,0,1665,1665
352550,1994,0,1838,1838
352550,1995,0,1872,1872
352550,1996,0,1539,1539
352550,1997,0,1237,1237
352550,1998,0,1528,1528
352550,1999,0,1734,1734
352550,2000,0,925,925
352550,2001,0,1774,1774
352550,2002,0,1703,1703
352550,2003,0,1724,1724
352550,2004,0,1136,1136
352550,2005,0,851,851
352550,2006,0,716,716
352550,2007,0,899,899
352550,2008,0,792,792
352550,2009,0,791,791
352550,2010,0,616,616
352550,2011,0,428,428
352550,2012,0,223,223
352550,2013,0,213,213
352550,2014,0,134,134
352550,2015,0,188,188
352550,2016,0,229,229
352550,2017,0,298,298
352550,2018,0,328,328
352550,2019,0,328,328
352550,2020,0,327,327
352550,2021,0,347,347
352560,1988,70,8915,8845
352560,1989,300,9049,8749
352560,1990,300,8330,8030
352560,1991,300,8780,8480
352560,1992,150,7700,7550
352560,1993,0,7070,7070
352560,1994,0,7067,7067
352560,1995,140,6944,6804
352560,1996,150,5044,4894
352560,1997,250,4074,3824
352560,1998,800,7024,6224
352560,1999,800,6279,5479
352560,2000,900,5512,4612
352560,2001,900,5550,4650
352560,2002,900,5570,4670
352560,2003,1600,7350,5750
352560,2004,2500,6535,4035
352560,2005,2600,8459,5859
352560,2006,1680,8930,7250
352560,2007,500,5945,5445
352560,2008,850,11024,10174
352560,2009,700,15542,14842
352560,2010,800,14290,13490
352560,2011,700,20670,19970
352560,2012,1000,18707,17707
352560,2013,1200,23970,22770
352560,2014,1200,27701,26501
352560,2015,1300,31738,30438
352560,2016,1250,31002,29752
352560,2017,1250,26708,25458
352560,2018,1550,14963,13413
352560,2019,1550,14963,13413
352560,2020,1550,16767,15217
352560,2021,1700,25245,23545
352570,1988,500,22577,22077
352570,1989,600,21933,21333
352570,1990,25,20924,20899
352570,1991,250,17077,16827
352570,1992,75,20495,20420
352570,1993,200,17801,17601
352570,1994,200,21245,21045
352570,1995,200,22537,22337
352570,1996,100,22765,22665
352570,1997,3,28720,28717
352570,1998,310,25901,25591
352570,1999,310,23116,22806
352570,2000,340,21108,20768
352570,2001,442,18842,18400
352570,2002,1600,22684,21084
352570,2003,2810,24498,21688
352570,2004,3660,23412,19752
352570,2005,2550,23759,21209
352570,2006,3187,25221,22034
352570,2007,787,29283,28496
352570,2008,1950,30201,28251
352570,2009,2500,40757,38257
352570,2010,3200,50582,47382
352570,2011,1700,45253,43553
352570,2012,1250,46818,45568
352570,2013,2750,57425,54675
352570,2014,2700,58471,55771
352570,2015,3200,57267,54067
352570,2016,4040,61750,57710
352570,2017,4100,71157,67057
352570,2018,4100,63069,58969
352570,2019,4710,64519,59809
352570,2020,4700,62407,57707
352570,2021,4980,60890,55910
352580,1988,0,3789,3789
352580,1989,0,3507,3507
352580,1990,0,3876,3876
352580,1991,0,3569,3569
352580,1992,0,3497,3497
352580,1993,0,2694,2694
352580,1994,0,3097,3097
352580,1995,0,3105,3105
352580,1996,0,3137,3137
352580,1997,0,1231,1231
352580,1998,0,1111,1111
352580,1999,0,1598,1598
352580,2000,0,1783,1783
352580,2001,0,1563,1563
352580,2002,0,1500,1500
352580,2003,0,1616,1616
352580,2004,0,1238,1238
352580,2005,0,1058,1058
352580,2006,0,744,744
352580,2007,0,1088,1088
352580,2008,0,659,659
352580,2009,0,442,442
352580,2010,0,1498,1498
352580,2011,0,2031,2031
352580,2012,0,2012,2012
352580,2013,0,2032,2032
352580,2014,0,1853,1853
352580,2015,0,1898,1898
352580,2016,0,2089,2089
352580,2017,0,2140,2140
352580,2018,0,2112,2112
352580,2019,120,1690,1570
352580,2020,0,1626,1626
352580,2021,0,1816,1816
352590,1988,0,3057,3057
352590,1989,0,3140,3140
352590,1990,0,2886,2886
352590,1991,0,2674,2674
352590,1992,0,2366,2366
352590,1993,0,1945,1945
352590,1994,0,2043,2043
352590,1995,0,2029,2029
352590,1996,0,2149,2149
352590,1997,0,2508,2508
352590,1998,0,2471,2471
352590,1999,0,2271,2271
352590,2000,0,2500,2500
352590,2001,0,2954,2954
352590,2002,0,3366,3366
352590,2003,0,3324,3324
352590,2004,0,3276,3276
352590,2005,0,2944,2944
352590,2006,0,3267,3267
352590,2007,0,3383,3383
352590,2008,0,3100,3100
352590,2009,0,3152,3152
352590,2010,0,3159,3159
352590,2011,0,3006,3006
352590,2012,0,3005,3005
352590,2013,0,2634,2634
352590,2014,0,2408,2408
352590,2015,0,2142,2142
352590,2016,0,2283,2283
352590,2017,0,2430,2430
352590,2018,0,2453,2453
352590,2019,0,2933,2933
352590,2020,0,2933,2933
352590,2021,0,2933,2933
352600,1988,0,13225,13225
352600,1989,0,11269,11269
352600,1990,0,9674,9674
352600,1991,0,9254,9254
352600,1992,0,9010,9010
352600,1993,0,7228,7228
352600,1994,0,7565,7565
352600,1995,0,7893,7893
352600,1996,0,6867,6867
352600,1997,0,6128,6128
352600,1998,0,4696,4696
352600,1999,0,4035,4035
352600,2000,0,3766,3766
352600,2001,48,4327,4279
352600,2002,0,4723,4723
352600,2003,0,6545,6545
352600,2004,600,10144,9544
352600,2005,150,15760,15610
352600,2006,0,11945,11945
352600,2007,0,16317,16317
352600,2008,0,14561,14561
352600,2009,0,14569,14569
352600,2010,0,26684,26684
352600,2011,0,26901,26901
352600,2012,0,29125,29125
352600,2013,0,30695,30695
352600,2014,0,31698,31698
352600,2015,0,30558,30558
352600,2016,0,25015,25015
352600,2017,0,26623,26623
352600,2018,0,27937,27937
352600,2019,95,28388,28293
352600,2020,40,27093,27053
352600,2021,452,27471,27019
352610,1988,0,5435,5435
352610,1989,0,3368,3368
352610,1990,0,5330,5330
352610,1991,0,4233,4233
352610,1992,0,4090,4090
352610,1993,0,3983,3983
352610,1994,0,4174,4174
352610,1995,0,4593,4593
352610,1996,0,4358,4358
352610,1997,0,4904,4904
352610,1998,0,4231,4231
352610,1999,0,4244,4244
352610,2000,0,3913,3913
352610,2001,0,3439,3439
352610,2002,0,3469,3469
352610,2003,0,3553,3553
352610,2004,0,4156,4156
352610,2005,0,4239,4239
352610,2006,0,4261,4261
352610,2007,0,3244,3244
352610,2008,0,3712,3712
352610,2009,0,3176,3176
352610,2010,0,3279,3279
352610,2011,0,3156,3156
352610,2012,0,3276,3276
352610,2013,0,3270,3270
352610,2014,0,3235,3235
352610,2015,0,3050,3050
352610,2016,0,3595,3595
352610,2017,0,3525,3525
352610,2018,0,3457,3457
352610,2019,0,3138,3138
352610,2020,0,3348,3348
352610,2021,0,3348,3348
352620,1988,0,584,584
352620,1989,0,520,520
352620,1990,0,461,461
352620,1991,0,396,396
352620,1992,0,98,98
352620,1993,0,89,89
352620,1994,0,108,108
352620,1995,0,54,54
352620,1996,0,45,45
352620,1997,0,31,31
352620,1998,0,26,26
352620,1999,0,19,19
352620,2000,0,34,34
352620,2001,0,0,0
352620,2002,0,0,0
352620,2003,0,0,0
352620,2004,0,0,0
352620,2005,0,0,0
352620,2006,0,0,0
352620,2007,0,0,0
352620,2008,0,0,0
352620,2009,0,0,0
352620,2010,0,0,0
352620,2011,0,0,0
352620,2012,0,0,0
352620,2013,0,0,0
352620,2014,0,0,0
352620,2015,0,0,0
352620,2016,0,0,0
352620,2017,0,0,0
352620,2018,0,0,0
352620,2019,0,0,0
352620,2020,0,0,0
352620,2021,0,0,0
352630,1988,0,1793,1793
352630,1989,0,1398,1398
352630,1990,0,950,950
352630,1991,0,830,830
352630,1992,0,855,855
352630,1993,0,906,906
352630,1994,0,1021,1021
352630,1995,0,1063,1063
352630,1996,0,0,0
352630,1997,0,1258,1258
352630,1998,0,900,900
352630,1999,0,910,910
352630,2000,0,597,597
352630,2001,0,667,667
352630,2002,0,653,653
352630,2003,0,363,363
352630,2004,0,555,555
352630,2005,0,719,719
352630,2006,0,719,719
352630,2007,0,785,785
352630,2008,0,678,678
352630,2009,0,1200,1200
352630,2010,0,823,823
352630,2011,0,708,708
352630,2012,0,70,70
352630,2013,0,40,40
352630,2014,0,250,250
352630,2015,0,240,240
352630,2016,0,336,336
352630,2017,0,343,343
352630,2018,0,226,226
352630,2019,0,300,300
352630,2020,0,288,288
352630,2021,0,186,186
352640,1988,0,7887,7887
352640,1989,0,8295,8295
352640,1990,0,7040,7040
352640,1991,0,7986,7986
352640,1992,0,8030,8030
352640,1993,0,6850,6850
352640,1994,0,6442,6442
352640,1995,0,5931,5931
352640,1996,0,5531,5531
352640,1997,0,6243,6243
352640,1998,0,5643,5643
352640,1999,0,7662,7662
352640,2000,180,5799,5619
352640,2001,30,3140,3110
352640,2002,30,5980,5950
352640,2003,60,6150,6090
352640,2004,150,6250,6100
352640,2005,250,6285,6035
352640,2006,180,6262,6082
352640,2007,300,6877,6577
352640,2008,120,6397,6277
352640,2009,150,5490,5340
352640,2010,120,6670,6550
352640,2011,120,6628,6508
352640,2012,120,9028,8908
352640,2013,120,8440,8320
352640,2014,0,160,160
352640,2015,0,3160,3160
352640,2016,400,7580,7180
352640,2017,400,7580,7180
352640,2018,600,8724,8124
352640,2019,150,4984,4834
352640,2020,150,4784,4634
352640,2021,150,4786,4636
352650,1988,0,8307,8307
352650,1989,0,8083,8083
352650,1990,0,7054,7054
352650,1991,0,6637,6637
352650,1992,0,8541,8541
352650,1993,0,6264,6264
352650,1994,0,6679,6679
352650,1995,0,6554,6554
352650,1996,0,7008,7008
352650,1997,0,7090,7090
352650,1998,0,6386,6386
352650,1999,150,6108,5958
352650,2000,170,7253,7083
352650,2001,0,2080,2080
352650,2002,0,7492,7492
352650,2003,170,8292,8122
352650,2004,100,7557,7457
352650,2005,0,8263,8263
352650,2006,0,10048,10048
352650,2007,0,9613,9613
352650,2008,0,20761,20761
352650,2009,0,19602,19602
352650,2010,0,19790,19790
352650,2011,0,21102,21102
352650,2012,0,20312,20312
352650,2013,0,20002,20002
352650,2014,0,20247,20247
352650,2015,100,19340,19240
352650,2016,320,20238,19918
352650,2017,150,20040,19890
352650,2018,660,24126,23466
352650,2019,939,24265,23326
352650,2020,939,24265,23326
352650,2021,939,24265,23326
352660,1988,0,172,172
352660,1989,0,153,153
352660,1990,0,199,199
352660,1991,0,2136,2136
352660,1992,0,200,200
352660,1993,0,193,193
352660,1994,0,167,167
352660,1995,0,162,162
352660,1996,0,17,17
352660,1997,0,162,162
352660,1998,0,163,163
352660,1999,0,163,163
352660,2000,0,151,151
352660,2001,0,149,149
352660,2002,0,245,245
352660,2003,0,147,147
352660,2004,0,147,147
352660,2005,0,165,165
352660,2006,0,165,165
352660,2007,0,168,168
352660,2008,0,147,147
352660,2009,0,66,66
352660,2010,0,71,71
352660,2011,0,75,75
352660,2012,0,75,75
352660,2013,0,75,75
352660,2014,0,75,75
352660,2015,0,75,75
352660,2016,0,59,59
352660,2017,0,59,59
352660,2018,0,59,59
352660,2019,0,62,62
352660,2020,0,59,59
352660,2021,0,56,56
352670,1988,400,32859,32459
352670,1989,700,31227,30527
352670,1990,300,30075,29775
352670,1991,300,31706,31406
352670,1992,200,29036,28836
352670,1993,200,29526,29326
352670,1994,200,31351,31151
352670,1995,190,31402,31212
352670,1996,0,30688,30688
352670,1997,200,28303,28103
352670,1998,300,30396,30096
352670,1999,102,30155,30053
352670,2000,200,32457,32257
352670,2001,200,31321,31121
352670,2002,500,35543,35043
352670,2003,350,35561,35211
352670,2004,550,33437,32887
352670,2005,1100,34631,33531
352670,2006,1100,36195,35095
352670,2007,800,35542,34742
352670,2008,500,33088,32588
352670,2009,0,23588,23588
352670,2010,200,33509,33309
352670,2011,300,28719,28419
352670,2012,500,28344,27844
352670,2013,950,30598,29648
352670,2014,1050,28426,27376
352670,2015,1200,28437,27237
352670,2016,2000,30295,28295
352670,2017,1500,26888,25388
352670,2018,1500,26888,25388
352670,2019,2800,27020,24220
352670,2020,2800,31565,28765
352670,2021,3000,25023,22023
352680,1988,0,44273,44273
352680,1989,0,34695,34695
352680,1990,0,34218,34218
352680,1991,0,42790,42790
352680,1992,0,48742,48742
352680,1993,0,37997,37997
352680,1994,0,45023,45023
352680,1995,0,49337,49337
352680,1996,0,49959,49959
352680,1997,0,49817,49817
352680,1998,0,44144,44144
352680,1999,0,51819,51819
352680,2000,120,43050,42930
352680,2001,0,43044,43044
352680,2002,80,46615,46535
352680,2003,226,44512,44286
352680,2004,1028,43766,42738
352680,2005,1328,43836,42508
352680,2006,0,50051,50051
352680,2007,0,48360,48360
352680,2008,0,50326,50326
352680,2009,0,54782,54782
352680,2010,0,48887,48887
352680,2011,0,51692,51692
352680,2012,0,55825,55825
352680,2013,0,55805,55805
352680,2014,0,55801,55801
352680,2015,50,48458,48408
352680,2016,260,47451,47191
352680,2017,1535,44531,42996
352680,2018,2392,43422,41030
352680,2019,2392,43422,41030
352680,2020,4510,52634,48124
352680,2021,5955,51429,45474
352690,1988,100,32514,32414
352690,1989,200,33247,33047
352690,1990,0,39639,39639
352690,1991,0,38951,38951
352690,1992,0,36463,36463
352690,1993,40,33194,33154
352690,1994,0,33306,33306
352690,1995,0,26292,26292
352690,1996,0,39082,39082
352690,1997,0,35560,35560
352690,1998,0,48228,48228
352690,1999,0,48738,48738
352690,2000,0,45043,45043
352690,2001,0,42649,42649
352690,2002,0,39078,39078
352690,2003,0,40803,40803
352690,2004,0,41991,41991
352690,2005,0,41187,41187
352690,2006,0,44807,44807
352690,2007,0,38250,38250
352690,2008,0,41442,41442
352690,2009,0,43232,43232
352690,2010,0,43232,43232
352690,2011,0,33808,33808
352690,2012,0,31728,31728
352690,2013,0,29517,29517
352690,2014,100,20864,20764
352690,2015,100,20608,20508
352690,2016,100,17462,17362
352690,2017,100,17452,17352
352690,2018,100,16679,16579
352690,2019,370,19833,19463
352690,2020,1200,14800,13600
352690,2021,1200,14954,13754
352700,1988,0,586,586
352700,1989,0,623,623
352700,1990,0,479,479
352700,1991,0,475,475
352700,1992,0,455,455
352700,1993,0,439,439
352700,1994,0,262,262
352700,1995,0,339,339
352700,1996,0,328,328
352700,1997,0,323,323
352700,1998,0,269,269
352700,1999,0,264,264
352700,2000,0,224,224
352700,2001,0,263,263
352700,2002,0,273,273
352700,2003,0,263,263
352700,2004,0,273,273
352700,2005,0,276,276
352700,2006,0,274,274
352700,2007,0,273,273
352700,2008,0,304,304
352700,2009,0,298,298
352700,2010,0,288,288
352700,2011,0,226,226
352700,2012,0,247,247
352700,2013,0,270,270
352700,2014,0,222,222
352700,2015,0,214,214
352700,2016,4,225,221
352700,2017,4,226,222
352700,2018,0,229,229
352700,2019,0,229,229
352700,2020,0,228,228
352700,2021,0,228,228
352710,1988,80,17718,17638
352710,1989,100,19877,19777
352710,1990,100,17024,16924
352710,1991,0,14894,14894
352710,1992,0,13658,13658
352710,1993,0,13844,13844
352710,1994,0,10799,10799
352710,1995,0,11677,11677
352710,1996,0,13330,13330
352710,1997,0,11696,11696
352710,1998,1500,13474,11974
352710,1999,0,14595,14595
352710,2000,0,13038,13038
352710,2001,0,15646,15646
352710,2002,254,13460,13206
352710,2003,400,14408,14008
352710,2004,350,14231,13881
352710,2005,360,13420,13060
352710,2006,350,15460,15110
352710,2007,397,18480,18083
352710,2008,280,15457,15177
352710,2009,0,13603,13603
352710,2010,0,20294,20294
352710,2011,0,20402,20402
352710,2012,0,850,850
352710,2013,70,30290,30220
352710,2014,70,32527,32457
352710,2015,121,32354,32233
352710,2016,290,33598,33308
352710,2017,360,33416,33056
352710,2018,365,34396,34031
352710,2019,480,34398,33918
352710,2020,480,27768,27288
352710,2021,360,22729,22369
352720,1988,0,1914,1914
352720,1989,0,2300,2300
352720,1990,0,1900,1900
352720,1991,0,2700,2700
352720,1992,0,1800,1800
352720,1993,0,1794,1794
352720,1994,0,1785,1785
352720,1995,0,1890,1890
352720,1996,0,1010,1010
352720,1997,0,1194,1194
352720,1998,0,1167,1167
352720,1999,0,1310,1310
352720,2000,0,3,3
352720,2001,0,1098,1098
352720,2002,0,418,418
352720,2003,0,968,968
352720,2004,0,968,968
352720,2005,0,967,967
352720,2006,0,1017,1017
352720,2007,0,973,973
352720,2008,0,835,835
352720,2009,0,831,831
352720,2010,0,858,858
352720,2011,0,1020,1020
352720,2012,0,3089,3089
352720,2013,0,875,875
352720,2014,0,875,875
352720,2015,0,910,910
352720,2016,20,990,970
352720,2017,20,435,415
352720,2018,20,470,450
352720,2019,20,491,471
352720,2020,20,641,621
352720,2021,20,666,646
352730,1988,0,1393,1393
352730,1989,0,1409,1409
352730,1990,0,1458,1458
352730,1991,0,1441,1441
352730,1992,0,1402,1402
352730,1993,0,1606,1606
352730,1994,0,1454,1454
352730,1995,0,1387,1387
352730,1996,0,1338,1338
352730,1997,0,1029,1029
352730,1998,0,1081,1081
352730,1999,0,1069,1069
352730,2000,0,1039,1039
352730,2001,0,1101,1101
352730,2002,0,1029,1029
352730,2003,0,949,949
352730,2004,0,937,937
352730,2005,0,909,909
352730,2006,0,860,860
352730,2007,0,992,992
352730,2008,0,859,859
352730,2009,0,526,526
352730,2010,0,555,555
352730,2011,0,574,574
352730,2012,0,573,573
352730,2013,0,570,570
352730,2014,0,569,569
352730,2015,0,568,568
352730,2016,0,556,556
352730,2017,0,568,568
352730,2018,0,567,567
352730,2019,0,567,567
352730,2020,0,557,557
352730,2021,0,557,557
352740,1988,0,10678,10678
352740,1989,0,10083,10083
352740,1990,0,9926,9926
352740,1991,0,7523,7523
352740,1992,0,7145,7145
352740,1993,0,6650,6650
352740,1994,0,8125,8125
352740,1995,0,7234,7234
352740,1996,0,5174,5174
352740,1997,0,7116,7116
352740,1998,0,4223,4223
352740,1999,0,7638,7638
352740,2000,0,6047,6047
352740,2001,0,6283,6283
352740,2002,0,8542,8542
352740,2003,0,7378,7378
352740,2004,100,8862,8762
352740,2005,0,8132,8132
352740,2006,0,10815,10815
352740,2007,0,10302,10302
352740,2008,0,9388,9388
352740,2009,0,9099,9099
352740,2010,0,10916,10916
352740,2011,0,9728,9728
352740,2012,255,8103,7848
352740,2013,0,10244,10244
352740,2014,0,8851,8851
352740,2015,0,8920,8920
352740,2016,0,8654,8654
352740,2017,210,8723,8513
352740,2018,355,8846,8491
352740,2019,1000,9990,8990
352740,2020,1170,10240,9070
352740,2021,970,10030,9060
352750,1988,0,2052,2052
352750,1989,0,2184,2184
352750,1990,0,1928,1928
352750,1991,0,1810,1810
352750,1992,0,1361,1361
352750,1993,0,996,996
352750,1994,0,938,938
352750,1995,0,595,595
352750,1996,0,598,598
352750,1997,0,725,725
352750,1998,0,673,673
352750,1999,0,678,678
352750,2000,0,759,759
352750,2001,0,1039,1039
352750,2002,0,889,889
352750,2003,0,1039,1039
352750,2004,0,891,891
352750,2005,0,1427,1427
352750,2006,100,1678,1578
352750,2007,100,1686,1586
352750,2008,65,1395,1330
352750,2009,60,1425,1365
352750,2010,65,1440,1375
352750,2011,65,1436,1371
352750,2012,65,1454,1389
352750,2013,65,3386,3321
352750,2014,65,1733,1668
352750,2015,60,1964,1904
352750,2016,360,4350,3990
352750,2017,400,5163,4763
352750,2018,200,5428,5228
352750,2019,580,6033,5453
352750,2020,200,4547,4347
352750,2021,192,4574,4382
352760,1988,1200,18559,17359
352760,1989,1200,19455,18255
352760,1990,1100,23577,22477
352760,1991,700,24087,23387
352760,1992,700,18871,18171
352760,1993,800,24005,23205
352760,1994,390,24763,24373
352760,1995,561,31402,30841
352760,1996,650,30961,30311
352760,1997,400,26849,26449
352760,1998,2000,29594,27594
352760,1999,300,27384,27084
352760,2000,350,32619,32269
352760,2001,350,29848,29498
352760,2002,350,29631,29281
352760,2003,350,30053,29703
352760,2004,300,29375,29075
352760,2005,240,28014,27774
352760,2006,1000,30888,29888
352760,2007,1000,29620,28620
352760,2008,700,34003,33303
352760,2009,0,32541,32541
352760,2010,0,33159,33159
352760,2011,0,30201,30201
352760,2012,0,30200,30200
352760,2013,0,30200,30200
352760,2014,0,30036,30036
352760,2015,210,32258,32048
352760,2016,210,29623,29413
352760,2017,400,43567,43167
352760,2018,1500,44967,43467
352760,2019,1500,39957,38457
352760,2020,1500,39957,38457
352760,2021,1500,39957,38457
352770,1988,0,3380,3380
352770,1989,0,2526,2526
352770,1990,0,2300,2300
352770,1991,0,1974,1974
352770,1992,0,1847,1847
352770,1993,0,2174,2174
352770,1994,0,2426,2426
352770,1995,0,2578,2578
352770,1996,0,601,601
352770,1997,0,2312,2312
352770,1998,0,2865,2865
352770,1999,0,2683,2683
352770,2000,90,2474,2384
352770,2001,0,2475,2475
352770,2002,24,2513,2489
352770,2003,0,2837,2837
352770,2004,48,2984,2936
352770,2005,217,3710,3493
352770,2006,110,3280,3170
352770,2007,110,4724,4614
352770,2008,90,4716,4626
352770,2009,0,3399,3399
352770,2010,0,5354,5354
352770,2011,0,5829,5829
352770,2012,0,6143,6143
352770,2013,0,6181,6181
352770,2014,0,5464,5464
352770,2015,0,6453,6453
352770,2016,0,5871,5871
352770,2017,0,6338,6338
352770,2018,200,7071,6871
352770,2019,50,6434,6384
352770,2020,80,6196,6116
352770,2021,150,5345,5195
352780,1988,0,3290,3290
352780,1989,0,3347,3347
352780,1990,0,3386,3386
352780,1991,0,3381,3381
352780,1992,0,3359,3359
352780,1993,0,154,154
352780,1994,0,2678,2678
352780,1995,0,2217,2217
352780,1996,0,2359,2359
352780,1997,0,2187,2187
352780,1998,0,2194,2194
352780,1999,0,2367,2367
352780,2000,0,1738,1738
352780,2001,0,2370,2370
352780,2002,0,2431,2431
352780,2003,0,2405,2405
352780,2004,26,2921,2895
352780,2005,50,3589,3539
352780,2006,0,2927,2927
352780,2007,170,2840,2670
352780,2008,170,3044,2874
352780,2009,220,2891,2671
352780,2010,220,3300,3080
352780,2011,220,2873,2653
352780,2012,220,3288,3068
352780,2013,630,3614,2984
352780,2014,470,3263,2793
352780,2015,650,4882,4232
352780,2016,800,3439,2639
352780,2017,650,2881,2231
352780,2018,1200,3205,2005
352780,2019,1200,3385,2185
352780,2020,1200,3300,2100
352780,2021,1200,3386,2186
352790,1988,850,9196,8346
352790,1989,1000,12200,11200
352790,1990,750,10114,9364
352790,1991,750,9559,8809
352790,1992,400,9354,8954
352790,1993,600,8744,8144
352790,1994,0,4167,4167
352790,1995,600,7503,6903
352790,1996,400,5801,5401
352790,1997,500,5971,5471
352790,1998,500,5775,5275
352790,1999,650,5725,5075
352790,2000,580,5776,5196
352790,2001,600,5649,5049
352790,2002,600,5750,5150
352790,2003,1100,5562,4462
352790,2004,2500,8273,5773
352790,2005,3000,8652,5652
352790,2006,3000,8794,5794
352790,2007,2500,9174,6674
352790,2008,2500,12798,10298
352790,2009,3500,13599,10099
352790,2010,3500,12079,8579
352790,2011,3500,12029,8529
352790,2012,3400,17114,13714
352790,2013,3500,19411,15911
352790,2014,3750,24316,20566
352790,2015,4000,24273,20273
352790,2016,3800,23750,19950
352790,2017,4000,16614,12614
352790,2018,4000,16934,12934
352790,2019,4000,17164,13164
352790,2020,3500,16659,13159
352790,2021,4500,16494,11994
352800,1988,0,14181,14181
352800,1989,100,13951,13851
352800,1990,100,21393,21293
352800,1991,0,13824,13824
352800,1992,0,13582,13582
352800,1993,0,13380,13380
352800,1994,0,14539,14539
352800,1995,0,14319,14319
352800,1996,0,17446,17446
352800,1997,0,13675,13675
352800,1998,0,14244,14244
352800,1999,0,16338,16338
352800,2000,0,13948,13948
352800,2001,0,13878,13878
352800,2002,0,15545,15545
352800,2003,0,15635,15635
352800,2004,0,15712,15712
352800,2005,0,15954,15954
352800,2006,0,13995,13995
352800,2007,0,16197,16197
352800,2008,0,16259,16259
352800,2009,0,18669,18669
352800,2010,0,16259,16259
352800,2011,0,15379,15379
352800,2012,0,18488,18488
352800,2013,0,18491,18491
352800,2014,0,14049,14049
352800,2015,0,14040,14040
352800,2016,0,14031,14031
352800,2017,442,14597,14155
352800,2018,898,16090,15192
352800,2019,898,16090,15192
352800,2020,1294,15935,14641
352800,2021,1865,16387,14522
352810,1988,0,4323,4323
352810,1989,0,3706,3706
352810,1990,0,3776,3776
352810,1991,0,3562,3562
352810,1992,7,3794,3787
352810,1993,8,3899,3891
352810,1994,0,4900,4900
352810,1995,0,2964,2964
352810,1996,0,4218,4218
352810,1997,20,4608,4588
352810,1998,130,5486,5356
352810,1999,1503,7344,5841
352810,2000,55,4744,4689
352810,2001,0,4131,4131
352810,2002,50,2787,2737
352810,2003,100,2894,2794
352810,2004,300,3228,2928
352810,2005,50,3411,3361
352810,2006,0,3013,3013
352810,2007,0,3258,3258
352810,2008,0,3860,3860
352810,2009,0,9035,9035
352810,2010,0,9038,9038
352810,2011,0,8526,8526
352810,2012,0,11545,11545
352810,2013,30,9360,9330
352810,2014,0,8868,8868
352810,2015,50,7022,6972
352810,2016,50,8530,8480
352810,2017,50,8853,8803
352810,2018,50,8711,8661
352810,2019,50,7981,7931
352810,2020,120,8185,8065
352810,2021,300,8565,8265
352820,1988,80,7469,7389
352820,1989,50,4741,4691
352820,1990,19,4664,4645
352820,1991,20,5605,5585
352820,1992,20,5022,5002
352820,1993,20,3904,3884
352820,1994,20,3982,3962
352820,1995,20,4935,4915
352820,1996,150,3982,3832
352820,1997,150,4466,4316
352820,1998,100,4010,3910
352820,1999,100,3849,3749
352820,2000,0,4708,4708
352820,2001,120,4975,4855
352820,2002,150,3721,3571
352820,2003,50,3890,3840
352820,2004,150,3775,3625
352820,2005,50,2892,2842
352820,2006,50,2170,2120
352820,2007,100,2284,2184
352820,2008,100,3961,3861
352820,2009,0,5132,5132
352820,2010,50,6658,6608
352820,2011,50,4777,4727
352820,2012,50,5062,5012
352820,2013,50,5450,5400
352820,2014,0,6912,6912
352820,2015,0,6713,6713
352820,2016,120,7848,7728
352820,2017,500,7736,7236
352820,2018,580,8862,8282
352820,2019,300,8046,7746
352820,2020,400,7780,7380
352820,2021,350,7191,6841
352830,1988,1000,4315,3315
352830,1989,1100,4920,3820
352830,1990,1724,4900,3176
352830,1991,1400,3770,2370
352830,1992,650,5859,5209
352830,1993,980,6017,5037
352830,1994,0,4870,4870
352830,1995,2400,7987,5587
352830,1996,780,5449,4669
352830,1997,750,4117,3367
352830,1998,451,4997,4546
352830,1999,450,6286,5836
352830,2000,0,4025,4025
352830,2001,0,2738,2738
352830,2002,0,2609,2609
352830,2003,100,2757,2657
352830,2004,200,5947,5747
352830,2005,480,3232,2752
352830,2006,250,6786,6536
352830,2007,250,6780,6530
352830,2008,200,5036,4836
352830,2009,200,6168,5968
352830,2010,200,9958,9758
352830,2011,300,9928,9628
352830,2012,300,12055,11755
352830,2013,460,14696,14236
352830,2014,380,14570,14190
352830,2015,0,9517,9517
352830,2016,250,5082,4832
352830,2017,30,15523,15493
352830,2018,80,15412,15332
352830,2019,800,16914,16114
352830,2020,900,16804,15904
352830,2021,900,15432,14532
352840,1988,0,906,906
352840,1989,0,580,580
352840,1990,0,739,739
352840,1991,0,594,594
352840,1992,0,618,618
352840,1993,0,540,540
352840,1994,0,206,206
352840,1995,0,522,522
352840,1996,0,69,69
352840,1997,0,223,223
352840,1998,0,664,664
352840,1999,0,697,697
352840,2000,0,726,726
352840,2001,0,890,890
352840,2002,0,815,815
352840,2003,0,851,851
352840,2004,0,1205,1205
352840,2005,0,1122,1122
352840,2006,0,1122,1122
352840,2007,0,835,835
352840,2008,0,1011,1011
352840,2009,0,861,861
352840,2010,0,750,750
352840,2011,0,716,716
352840,2012,0,694,694
352840,2013,360,1054,694
352840,2014,360,1054,694
352840,2015,360,1054,694
352840,2016,360,1054,694
352840,2017,360,1054,694
352840,2018,360,1054,694
352840,2019,360,1054,694
352840,2020,360,1054,694
352840,2021,320,934,614
352850,1988,0,371,371
352850,1989,0,342,342
352850,1990,0,143,143
352850,1991,0,365,365
352850,1992,0,1335,1335
352850,1993,0,1143,1143
352850,1994,0,1002,1002
352850,1995,0,1122,1122
352850,1996,0,14,14
352850,1997,0,0,0
352850,1998,0,0,0
352850,1999,0,0,0
352850,2000,0,233,233
352850,2001,0,5,5
352850,2002,0,0,0
352850,2003,0,0,0
352850,2004,0,0,0
352850,2005,0,0,0
352850,2006,0,0,0
352850,2007,0,0,0
352850,2008,0,0,0
352850,2009,0,0,0
352850,2010,0,0,0
352850,2011,0,0,0
352850,2012,0,0,0
352850,2013,0,0,0
352850,2014,0,0,0
352850,2015,0,0,0
352850,2016,0,0,0
352850,2017,0,0,0
352850,2018,0,0,0
352850,2019,0,0,0
352850,2020,0,0,0
352850,2021,0,0,0
352860,1988,370,6500,6130
352860,1989,420,6223,5803
352860,1990,460,6504,6044
352860,1991,500,6861,6361
352860,1992,540,8381,7841
352860,1993,600,7235,6635
352860,1994,600,7308,6708
352860,1995,600,8058,7458
352860,1996,600,7239,6639
352860,1997,600,8844,8244
352860,1998,680,7921,7241
352860,1999,680,8351,7671
352860,2000,500,4319,3819
352860,2001,0,8842,8842
352860,2002,70,5768,5698
352860,2003,85,6133,6048
352860,2004,100,5530,5430
352860,2005,850,7276,6426
352860,2006,750,8023,7273
352860,2007,600,7802,7202
352860,2008,620,7229,6609
352860,2009,640,6802,6162
352860,2010,810,7232,6422
352860,2011,810,7240,6430
352860,2012,550,7419,6869
352860,2013,1830,19782,17952
352860,2014,1910,15612,13702
352860,2015,1970,15502,13532
352860,2016,1970,15734,13764
352860,2017,1955,15787,13832
352860,2018,1955,15787,13832
352860,2019,2050,15567,13517
352860,2020,2000,15202,13202
352860,2021,1870,13787,11917
352870,1988,1800,12607,10807
352870,1989,1260,8642,7382
352870,1990,420,8630,8210
352870,1991,650,9060,8410
352870,1992,121,15826,15705
352870,1993,500,7202,6702
352870,1994,0,5124,5124
352870,1995,60,5343,5283
352870,1996,60,5083,5023
352870,1997,0,3699,3699
352870,1998,0,4035,4035
352870,1999,0,4027,4027
352870,2000,200,6655,6455
352870,2001,0,2745,2745
352870,2002,0,4404,4404
352870,2003,1280,4343,3063
352870,2004,1300,5142,3842
352870,2005,2000,6313,4313
352870,2006,0,6271,6271
352870,2007,0,5142,5142
352870,2008,0,10860,10860
352870,2009,0,11267,11267
352870,2010,0,18517,18517
352870,2011,0,19575,19575
352870,2012,0,16896,16896
352870,2013,0,15385,15385
352870,2014,0,25004,25004
352870,2015,0,17305,17305
352870,2016,0,20798,20798
352870,2017,0,18513,18513
352870,2018,50,16664,16614
352870,2019,400,16640,16240
352870,2020,50,16085,16035
352870,2021,968,18067,17099
352880,1988,32737,77251,44514
352880,1989,33000,75719,42719
352880,1990,32000,72940,40940
352880,1991,29000,64600,35600
352880,1992,27000,68920,41920
352880,1993,29200,63642,34442
352880,1994,32000,68242,36242
352880,1995,29300,67366,38066
352880,1996,30000,66601,36601
352880,1997,32000,71746,39746
352880,1998,23000,61051,38051
352880,1999,21500,59061,37561
352880,2000,22400,58430,36030
352880,2001,21100,58315,37215
352880,2002,23000,61303,38303
352880,2003,22500,61443,38943
352880,2004,22000,61471,39471
352880,2005,22350,62232,39882
352880,2006,18460,57444,38984
352880,2007,17500,55662,38162
352880,2008,20000,63739,43739
352880,2009,22400,60644,38244
352880,2010,22400,64300,41900
352880,2011,22400,64514,42114
352880,2012,21500,62334,40834
352880,2013,21800,62152,40352
352880,2014,22140,62305,40165
352880,2015,23140,63847,40707
352880,2016,23400,63267,39867
352880,2017,26000,69098,43098
352880,2018,26200,71636,45436
352880,2019,26768,67131,40363
352880,2020,26935,66775,39840
352880,2021,26935,43796,16861
352890,1988,0,5436,5436
352890,1989,0,5458,5458
352890,1990,0,4723,4723
352890,1991,0,4446,4446
352890,1992,0,4111,4111
352890,1993,0,3483,3483
352890,1994,0,1329,1329
352890,1995,0,2717,2717
352890,1996,0,2324,2324
352890,1997,0,2039,2039
352890,1998,0,1856,1856
352890,1999,0,1796,1796
352890,2000,0,2232,2232
352890,2001,0,1082,1082
352890,2002,0,1465,1465
352890,2003,0,1272,1272
352890,2004,0,1638,1638
352890,2005,0,1729,1729
352890,2006,0,1524,1524
352890,2007,0,2001,2001
352890,2008,0,1908,1908
352890,2009,0,2235,2235
352890,2010,0,2035,2035
352890,2011,0,2199,2199
352890,2012,0,2164,2164
352890,2013,0,2457,2457
352890,2014,0,1928,1928
352890,2015,0,1967,1967
352890,2016,0,2024,2024
352890,2017,0,1890,1890
352890,2018,15,1773,1758
352890,2019,50,1740,1690
352890,2020,50,1758,1708
352890,2021,50,1798,1748
352900,1988,0,17878,17878
352900,1989,0,18512,18512
352900,1990,0,14463,14463
352900,1991,0,12774,12774
352900,1992,0,11740,11740
352900,1993,0,10832,10832
352900,1994,0,9564,9564
352900,1995,0,8663,8663
352900,1996,0,12506,12506
352900,1997,0,11398,11398
352900,1998,0,6480,6480
352900,1999,0,6049,6049
352900,2000,0,5840,5840
352900,2001,0,3823,3823
352900,2002,0,4539,4539
352900,2003,0,4992,4992
352900,2004,260,5543,5283
352900,2005,260,5969,5709
352900,2006,0,4715,4715
352900,2007,0,6713,6713
352900,2008,0,7421,7421
352900,2009,0,4400,4400
352900,2010,0,9841,9841
352900,2011,0,10516,10516
352900,2012,0,9771,9771
352900,2013,0,9805,9805
352900,2014,0,11616,11616
352900,2015,0,12247,12247
352900,2016,0,14431,14431
352900,2017,0,12188,12188
352900,2018,360,13099,12739
352900,2019,700,13849,13149
352900,2020,700,13959,13259
352900,2021,800,15285,14485
352910,1988,0,2176,2176
352910,1989,0,2003,2003
352910,1990,0,1914,1914
352910,1991,0,2572,2572
352910,1992,0,1558,1558
352910,1993,0,1579,1579
352910,1994,0,1287,1287
352910,1995,0,1184,1184
352910,1996,0,1027,1027
352910,1997,0,1001,1001
352910,1998,0,1248,1248
352910,1999,0,1428,1428
352910,2000,0,1165,1165
352910,2001,0,1631,1631
352910,2002,80,1740,1660
352910,2003,150,1620,1470
352910,2004,2456,4226,1770
352910,2005,0,1625,1625
352910,2006,0,1401,1401
352910,2007,0,1343,1343
352910,2008,0,1491,1491
352910,2009,0,1217,1217
352910,2010,0,1142,1142
352910,2011,0,1195,1195
352910,2012,0,1134,1134
352910,2013,0,1077,1077
352910,2014,0,1078,1078
352910,2015,0,1013,1013
352910,2016,0,923,923
352910,2017,0,896,896
352910,2018,0,819,819
352910,2019,0,905,905
352910,2020,0,874,874
352910,2021,0,913,913
352920,1988,430,21522,21092
352920,1989,480,25902,25422
352920,1990,100,21956,21856
352920,1991,0,10346,10346
352920,1992,0,14766,14766
352920,1993,0,15466,15466
352920,1994,0,17708,17708
352920,1995,0,18280,18280
352920,1996,0,14161,14161
352920,1997,72,12606,12534
352920,1998,120,11177,11057
352920,1999,120,11176,11056
352920,2000,130,10600,10470
352920,2001,0,3576,3576
352920,2002,1460,10494,9034
352920,2003,1936,15621,13685
352920,2004,2456,17707,15251
352920,2005,2400,18506,16106
352920,2006,800,16460,15660
352920,2007,1000,17552,16552
352920,2008,1000,14855,13855
352920,2009,720,14144,13424
352920,2010,720,14595,13875
352920,2011,500,25888,25388
352920,2012,1240,31428,30188
352920,2013,1600,25383,23783
352920,2014,2000,28390,26390
352920,2015,1740,44650,42910
352920,2016,1200,46110,44910
352920,2017,1990,13720,11730
352920,2018,1890,13360,11470
352920,2019,1890,13360,11470
352920,2020,3000,49800,46800
352920,2021,3000,53676,50676
352930,1988,390,36976,36586
352930,1989,120,33178,33058
352930,1990,120,41812,41692
352930,1991,150,47460,47310
352930,1992,190,46718,46528
352930,1993,400,43428,43028
352930,1994,400,32583,32183
352930,1995,400,28202,27802
352930,1996,0,26511,26511
352930,1997,0,30376,30376
352930,1998,0,33443,33443
352930,1999,150,34930,34780
352930,2000,300,32526,32226
352930,2001,1300,13465,12165
352930,2002,130,28920,28790
352930,2003,145,28825,28680
352930,2004,145,28120,27975
352930,2005,145,29161,29016
352930,2006,145,28447,28302
352930,2007,145,29685,29540
352930,2008,200,36121,35921
352930,2009,0,13600,13600
352930,2010,670,33343,32673
352930,2011,350,28174,27824
352930,2012,500,28141,27641
352930,2013,500,23531,23031
352930,2014,500,29807,29307
352930,2015,450,21820,21370
352930,2016,600,33080,32480
352930,2017,600,27428,26828
352930,2018,2000,30890,28890
352930,2019,3300,31200,27900
352930,2020,3500,31710,28210
352930,2021,3300,29525,26225
352940,1988,0,2,2
352940,1989,0,2,2
352940,1990,0,2,2
352940,1991,0,2,2
352940,1992,0,1,1
352940,1993,0,1,1
352940,1994,0,1,1
352940,1995,0,1,1
352940,1996,0,1,1
352940,1997,0,1,1
352940,1998,0,0,0
352940,1999,0,0,0
352940,2000,0,0,0
352940,2001,0,0,0
352940,2002,0,0,0
352940,2003,0,0,0
352940,2004,0,0,0
352940,2005,0,0,0
352940,2006,0,0,0
352940,2007,0,0,0
352940,2008,0,0,0
352940,2009,0,0,0
352940,2010,0,0,0
352940,2011,0,0,0
352940,2012,0,0,0
352940,2013,0,0,0
352940,2014,0,0,0
352940,2015,0,1,1
352940,2016,0,1,1
352940,2017,0,0,0
352940,2018,0,0,0
352940,2019,0,0,0
352940,2020,0,0,0
352940,2021,0,0,0
352950,1988,0,5822,5822
352950,1989,0,5316,5316
352950,1990,0,5120,5120
352950,1991,0,3395,3395
352950,1992,0,3176,3176
352950,1993,0,2168,2168
352950,1994,0,2814,2814
352950,1995,0,3085,3085
352950,1996,0,3356,3356
352950,1997,0,4180,4180
352950,1998,0,4663,4663
352950,1999,0,5699,5699
352950,2000,0,4510,4510
352950,2001,0,3067,3067
352950,2002,0,4644,4644
352950,2003,0,4304,4304
352950,2004,155,4565,4410
352950,2005,155,4757,4602
352950,2006,150,5206,5056
352950,2007,150,5398,5248
352950,2008,70,5243,5173
352950,2009,100,7128,7028
352950,2010,100,7378,7278
352950,2011,100,7423,7323
352950,2012,100,7737,7637
352950,2013,100,8461,8361
352950,2014,15,8240,8225
352950,2015,20,8306,8286
352950,2016,80,8241,8161
352950,2017,50,9917,9867
352950,2018,150,8173,8023
352950,2019,180,7207,7027
352950,2020,250,8449,8199
352950,2021,200,7806,7606
352960,1988,0,5326,5326
352960,1989,260,4837,4577
352960,1990,200,5279,5079
352960,1991,150,3561,3411
352960,1992,100,4023,3923
352960,1993,100,3343,3243
352960,1994,24,3543,3519
352960,1995,50,3123,3073
352960,1996,0,1325,1325
352960,1997,0,2654,2654
352960,1998,0,2764,2764
352960,1999,0,2727,2727
352960,2000,0,1773,1773
352960,2001,0,2523,2523
352960,2002,0,1590,1590
352960,2003,0,1966,1966
352960,2004,0,3021,3021
352960,2005,0,2866,2866
352960,2006,0,2583,2583
352960,2007,0,6146,6146
352960,2008,1,5821,5820
352960,2009,30,5377,5347
352960,2010,0,7854,7854
352960,2011,0,5906,5906
352960,2012,0,6144,6144
352960,2013,0,6686,6686
352960,2014,0,6949,6949
352960,2015,0,7280,7280
352960,2016,200,7239,7039
352960,2017,130,7412,7282
352960,2018,300,8816,8516
352960,2019,150,8716,8566
352960,2020,300,10015,9715
352960,2021,1000,9915,8915
352970,1988,24000,61266,37266
352970,1989,34809,58880,24071
352970,1990,35282,67916,32634
352970,1991,36603,94675,58072
352970,1992,33872,89585,55713
352970,1993,37600,93177,55577
352970,1994,48000,108537,60537
352970,1995,45000,96837,51837
352970,1996,38000,104700,66700
352970,1997,38000,96320,58320
352970,1998,28000,87000,59000
352970,1999,32000,95000,63000
352970,2000,35000,90200,55200
352970,2001,35000,90200,55200
352970,2002,37970,93280,55310
352970,2003,37863,86563,48700
352970,2004,38000,87200,49200
352970,2005,36000,90605,54605
352970,2006,34980,98830,63850
352970,2007,16200,86900,70700
352970,2008,24500,95180,70680
352970,2009,23500,83733,60233
352970,2010,23500,76978,53478
352970,2011,11010,64677,53667
352970,2012,20550,73051,52501
352970,2013,20250,69146,48896
352970,2014,20000,65933,45933
352970,2015,15000,65973,50973
352970,2016,17000,68144,51144
352970,2017,17330,68237,50907
352970,2018,17330,68501,51171
352970,2019,18150,72184,54034
352970,2020,18150,72197,54047
352970,2021,17830,72509,54679
352980,1988,0,9343,9343
352980,1989,0,11694,11694
352980,1990,0,10316,10316
352980,1991,0,9935,9935
352980,1992,0,13236,13236
352980,1993,0,10252,10252
352980,1994,0,11266,11266
352980,1995,0,12583,12583
352980,1996,0,12626,12626
352980,1997,0,12974,12974
352980,1998,300,13429,13129
352980,1999,100,12180,12080
352980,2000,100,12058,11958
352980,2001,100,12345,12245
352980,2002,100,12123,12023
352980,2003,0,11992,11992
352980,2004,0,11970,11970
352980,2005,0,12526,12526
352980,2006,300,12235,11935
352980,2007,300,12245,11945
352980,2008,300,15096,14796
352980,2009,0,14719,14719
352980,2010,0,14319,14319
352980,2011,0,14309,14309
352980,2012,0,12094,12094
352980,2013,0,11916,11916
352980,2014,0,13206,13206
352980,2015,112,13196,13084
352980,2016,280,13352,13072
352980,2017,400,13543,13143
352980,2018,343,12897,12554
352980,2019,411,12569,12158
352980,2020,417,12290,11873
352980,2021,1064,13185,12121
352990,1988,0,3336,3336
352990,1989,0,4510,4510
352990,1990,0,5210,5210
352990,1991,0,4967,4967
352990,1992,0,4797,4797
352990,1993,0,4792,4792
352990,1994,0,4771,4771
352990,1995,0,5161,5161
352990,1996,0,4702,4702
352990,1997,0,5377,5377
352990,1998,0,5102,5102
352990,1999,0,5081,5081
352990,2000,0,3726,3726
352990,2001,0,3261,3261
352990,2002,0,4049,4049
352990,2003,0,4753,4753
352990,2004,0,4090,4090
352990,2005,0,4334,4334
352990,2006,0,4382,4382
352990,2007,0,4006,4006
352990,2008,0,4923,4923
352990,2009,0,4521,4521
352990,2010,0,4993,4993
352990,2011,0,4907,4907
352990,2012,0,4853,4853
352990,2013,0,4913,4913
352990,2014,0,3960,3960
352990,2015,0,2604,2604
352990,2016,0,5419,5419
352990,2017,0,2650,2650
352990,2018,0,2637,2637
352990,2019,0,4940,4940
352990,2020,0,2604,2604
352990,2021,0,2604,2604
353000,1988,0,3637,3637
353000,1989,0,3620,3620
353000,1990,0,3565,3565
353000,1991,0,3025,3025
353000,1992,0,2515,2515
353000,1993,0,2350,2350
353000,1994,0,2057,2057
353000,1995,0,1859,1859
353000,1996,0,1561,1561
353000,1997,0,1672,1672
353000,1998,0,1777,1777
353000,1999,0,1533,1533
353000,2000,0,1655,1655
353000,2001,0,1850,1850
353000,2002,0,1629,1629
353000,2003,50,2362,2312
353000,2004,270,3328,3058
353000,2005,300,2678,2378
353000,2006,0,1094,1094
353000,2007,96,1772,1676
353000,2008,0,875,875
353000,2009,0,2202,2202
353000,2010,0,1194,1194
353000,2011,0,1480,1480
353000,2012,0,1465,1465
353000,2013,0,1662,1662
353000,2014,0,1996,1996
353000,2015,0,2164,2164
353000,2016,50,2804,2754
353000,2017,50,3189,3139
353000,2018,50,3569,3519
353000,2019,50,3489,3439
353000,2020,100,2876,2776
353000,2021,100,2049,1949
353010,1988,50,17182,17132
353010,1989,800,17468,16668
353010,1990,600,13952,13352
353010,1991,40,12722,12682
353010,1992,30,12509,12479
353010,1993,30,11836,11806
353010,1994,40,10096,10056
353010,1995,30,10688,10658
353010,1996,30,9585,9555
353010,1997,30,9955,9925
353010,1998,72,9578,9506
353010,1999,72,10226,10154
353010,2000,60,8100,8040
353010,2001,50,3720,3670
353010,2002,50,8301,8251
353010,2003,323,10069,9746
353010,2004,450,10384,9934
353010,2005,320,9170,8850
353010,2006,68,10697,10629
353010,2007,70,10500,10430
353010,2008,20,10771,10751
353010,2009,20,8358,8338
353010,2010,20,11547,11527
353010,2011,20,14703,14683
353010,2012,20,18020,18000
353010,2013,24,20348,20324
353010,2014,224,26730,26506
353010,2015,24,28055,28031
353010,2016,24,28439,28415
353010,2017,0,23344,23344
353010,2018,35,31429,31394
353010,2019,800,27227,26427
353010,2020,800,27227,26427
353010,2021,800,27227,26427
353020,1988,0,11732,11732
353020,1989,0,11222,11222
353020,1990,0,12367,12367
353020,1991,0,10087,10087
353020,1992,0,10377,10377
353020,1993,0,6172,6172
353020,1994,0,6263,6263
353020,1995,0,4686,4686
353020,1996,0,5050,5050
353020,1997,0,6105,6105
353020,1998,0,7400,7400
353020,1999,0,4558,4558
353020,2000,0,2035,2035
353020,2001,0,3069,3069
353020,2002,85,3916,3831
353020,2003,700,2721,2021
353020,2004,2000,5114,3114
353020,2005,1500,6658,5158
353020,2006,700,4818,4118
353020,2007,665,4727,4062
353020,2008,250,3824,3574
353020,2009,350,7488,7138
353020,2010,350,6620,6270
353020,2011,250,9285,9035
353020,2012,250,11840,11590
353020,2013,360,16065,15705
353020,2014,720,24134,23414
353020,2015,360,19897,19537
353020,2016,360,23672,23312
353020,2017,1200,24596,23396
353020,2018,1200,26908,25708
353020,2019,1600,28676,27076
353020,2020,2500,29437,26937
353020,2021,3200,30955,27755
353030,1988,0,8997,8997
353030,1989,0,8815,8815
353030,1990,0,7807,7807
353030,1991,0,6429,6429
353030,1992,0,6385,6385
353030,1993,0,3602,3602
353030,1994,0,3796,3796
353030,1995,0,3580,3580
353030,1996,0,3168,3168
353030,1997,0,2697,2697
353030,1998,0,3084,3084
353030,1999,0,3138,3138
353030,2000,0,2412,2412
353030,2001,0,2737,2737
353030,2002,0,2984,2984
353030,2003,0,3004,3004
353030,2004,0,3121,3121
353030,2005,102,4896,4794
353030,2006,102,4458,4356
353030,2007,102,5423,5321
353030,2008,60,6885,6825
353030,2009,50,7577,7527
353030,2010,80,7191,7111
353030,2011,80,6906,6826
353030,2012,50,8075,8025
353030,2013,0,8020,8020
353030,2014,600,11802,11202
353030,2015,600,11095,10495
353030,2016,600,11356,10756
353030,2017,900,12342,11442
353030,2018,900,12174,11274
353030,2019,950,12616,11666
353030,2020,1116,12677,11561
353030,2021,850,12523,11673
353040,1988,50,3963,3913
353040,1989,30,3916,3886
353040,1990,0,3423,3423
353040,1991,0,3174,3174
353040,1992,0,2831,2831
353040,1993,0,3456,3456
353040,1994,0,3119,3119
353040,1995,0,3025,3025
353040,1996,0,569,569
353040,1997,0,1744,1744
353040,1998,0,2209,2209
353040,1999,0,2459,2459
353040,2000,75,2093,2018
353040,2001,60,2443,2383
353040,2002,60,2247,2187
353040,2003,85,2797,2712
353040,2004,180,2941,2761
353040,2005,150,3349,3199
353040,2006,0,3292,3292
353040,2007,0,2749,2749
353040,2008,0,3383,3383
353040,2009,0,3383,3383
353040,2010,0,5047,5047
353040,2011,0,5476,5476
353040,2012,0,5527,5527
353040,2013,20,5175,5155
353040,2014,0,9155,9155
353040,2015,20,5536,5516
353040,2016,0,5276,5276
353040,2017,0,6265,6265
353040,2018,100,6655,6555
353040,2019,200,22068,21868
353040,2020,450,6964,6514
353040,2021,500,6416,5916
353050,1988,840,21040,20200
353050,1989,968,17628,16660
353050,1990,363,10518,10155
353050,1991,400,11220,10820
353050,1992,400,22745,22345
353050,1993,400,19119,18719
353050,1994,0,19989,19989
353050,1995,400,21245,20845
353050,1996,0,16383,16383
353050,1997,0,20606,20606
353050,1998,0,29860,29860
353050,1999,0,31230,31230
353050,2000,0,19802,19802
353050,2001,0,23407,23407
353050,2002,0,21305,21305
353050,2003,0,22484,22484
353050,2004,0,22346,22346
353050,2005,0,23692,23692
353050,2006,0,25712,25712
353050,2007,0,25510,25510
353050,2008,0,27007,27007
353050,2009,0,27007,27007
353050,2010,0,62430,62430
353050,2011,0,28182,28182
353050,2012,0,31830,31830
353050,2013,0,31430,31430
353050,2014,0,31970,31970
353050,2015,0,31430,31430
353050,2016,0,31350,31350
353050,2017,0,31350,31350
353050,2018,0,31350,31350
353050,2019,1000,33165,32165
353050,2020,1000,34114,33114
353050,2021,2000,37410,35410
353060,1988,0,2590,2590
353060,1989,0,2620,2620
353060,1990,0,2721,2721
353060,1991,0,2646,2646
353060,1992,0,2756,2756
353060,1993,0,2583,2583
353060,1994,0,2557,2557
353060,1995,0,2188,2188
353060,1996,0,1424,1424
353060,1997,0,2401,2401
353060,1998,0,2021,2021
353060,1999,0,2753,2753
353060,2000,0,2514,2514
353060,2001,0,2208,2208
353060,2002,0,1997,1997
353060,2003,0,2043,2043
353060,2004,0,2023,2023
353060,2005,0,2013,2013
353060,2006,0,2013,2013
353060,2007,0,1443,1443
353060,2008,0,2020,2020
353060,2009,0,2033,2033
353060,2010,0,1863,1863
353060,2011,0,2023,2023
353060,2012,0,1845,1845
353060,2013,0,1760,1760
353060,2014,0,1710,1710
353060,2015,0,1755,1755
353060,2016,0,1755,1755
353060,2017,0,1675,1675
353060,2018,0,965,965
353060,2019,0,872,872
353060,2020,0,836,836
353060,2021,0,816,816
353070,1988,1000,61511,60511
353070,1989,2000,53814,51814
353070,1990,1200,61985,60785
353070,1991,500,66140,65640
353070,1992,150,62095,61945
353070,1993,300,34178,33878
353070,1994,600,50835,50235
353070,1995,1200,48051,46851
353070,1996,1000,57051,56051
353070,1997,1000,52721,51721
353070,1998,1100,55519,54419
353070,1999,1000,64514,63514
353070,2000,300,34030,33730
353070,2001,120,40954,40834
353070,2002,200,40711,40511
353070,2003,500,39890,39390
353070,2004,600,40884,40284
353070,2005,845,38474,37629
353070,2006,650,37804,37154
353070,2007,530,35996,35466
353070,2008,520,40378,39858
353070,2009,520,40253,39733
353070,2010,450,34417,33967
353070,2011,450,36019,35569
353070,2012,400,39098,38698
353070,2013,450,40463,40013
353070,2014,450,37098,36648
353070,2015,500,39183,38683
353070,2016,400,36953,36553
353070,2017,400,32692,32292
353070,2018,520,31050,30530
353070,2019,1500,34597,33097
353070,2020,5200,34897,29697
353070,2021,3250,31691,28441
353080,1988,500,24918,24418
353080,1989,2000,24149,22149
353080,1990,1700,25709,24009
353080,1991,1500,25369,23869
353080,1992,800,24759,23959
353080,1993,200,20991,20791
353080,1994,100,23097,22997
353080,1995,100,23755,23655
353080,1996,150,20109,19959
353080,1997,150,22782,22632
353080,1998,200,22692,22492
353080,1999,300,23923,23623
353080,2000,300,19050,18750
353080,2001,300,20791,20491
353080,2002,300,20285,19985
353080,2003,300,21969,21669
353080,2004,300,21935,21635
353080,2005,400,19036,18636
353080,2006,350,18505,18155
353080,2007,0,4900,4900
353080,2008,300,17376,17076
353080,2009,300,17376,17076
353080,2010,0,19670,19670
353080,2011,50,22969,22919
353080,2012,50,25437,25387
353080,2013,100,24689,24589
353080,2014,150,23514,23364
353080,2015,0,23361,23361
353080,2016,300,24105,23805
353080,2017,350,24514,24164
353080,2018,550,19685,19135
353080,2019,700,22335,21635
353080,2020,3000,22132,19132
353080,2021,3300,21705,18405
353090,1988,0,5244,5244
353090,1989,0,5384,5384
353090,1990,0,5347,5347
353090,1991,0,5390,5390
353090,1992,0,5354,5354
353090,1993,0,5348,5348
353090,1994,0,5348,5348
353090,1995,0,5345,5345
353090,1996,0,5345,5345
353090,1997,0,5221,5221
353090,1998,0,5236,5236
353090,1999,0,5193,5193
353090,2000,0,5082,5082
353090,2001,0,5112,5112
353090,2002,0,5123,5123
353090,2003,0,5125,5125
353090,2004,0,5590,5590
353090,2005,0,5371,5371
353090,2006,0,5091,5091
353090,2007,0,6583,6583
353090,2008,0,5090,5090
353090,2009,0,5769,5769
353090,2010,0,5771,5771
353090,2011,0,5763,5763
353090,2012,0,8137,8137
353090,2013,7,8133,8126
353090,2014,7,8163,8156
353090,2015,14,8187,8173
353090,2016,20,8229,8209
353090,2017,20,8233,8213
353090,2018,20,8233,8213
353090,2019,30,8213,8183
353090,2020,45,8225,8180
353090,2021,45,8179,8134
353100,1988,0,3399,3399
353100,1989,0,2892,2892
353100,1990,0,2564,2564
353100,1991,0,1462,1462
353100,1992,15,1540,1525
353100,1993,34,1521,1487
353100,1994,10,1546,1536
353100,1995,0,1417,1417
353100,1996,0,1418,1418
353100,1997,0,1577,1577
353100,1998,40,1537,1497
353100,1999,0,1601,1601
353100,2000,0,254,254
353100,2001,0,1514,1514
353100,2002,145,1252,1107
353100,2003,0,1042,1042
353100,2004,120,1552,1432
353100,2005,180,1310,1130
353100,2006,0,1979,1979
353100,2007,0,1692,1692
353100,2008,0,2007,2007
353100,2009,0,9839,9839
353100,2010,0,13387,13387
353100,2011,0,3614,3614
353100,2012,0,3680,3680
353100,2013,360,4166,3806
353100,2014,400,9214,8814
353100,2015,0,8623,8623
353100,2016,0,4130,4130
353100,2017,400,2485,2085
353100,2018,400,2406,2006
353100,2019,400,2558,2158
353100,2020,340,2587,2247
353100,2021,190,2472,2282
353110,1988,0,325,325
353110,1989,0,348,348
353110,1990,0,347,347
353110,1991,0,347,347
353110,1992,0,346,346
353110,1993,0,345,345
353110,1994,0,336,336
353110,1995,0,370,370
353110,1996,0,375,375
353110,1997,0,375,375
353110,1998,0,253,253
353110,1999,0,375,375
353110,2000,0,150,150
353110,2001,0,386,386
353110,2002,0,569,569
353110,2003,0,390,390
353110,2004,0,391,391
353110,2005,0,488,488
353110,2006,0,488,488
353110,2007,0,465,465
353110,2008,0,460,460
353110,2009,0,460,460
353110,2010,0,455,455
353110,2011,0,460,460
353110,2012,0,460,460
353110,2013,0,460,460
353110,2014,0,460,460
353110,2015,0,274,274
353110,2016,0,296,296
353110,2017,0,296,296
353110,2018,0,11,11
353110,2019,0,11,11
353110,2020,0,11,11
353110,2021,0,11,11
353120,1988,0,2457,2457
353120,1989,0,2336,2336
353120,1990,0,2231,2231
353120,1991,0,1731,1731
353120,1992,0,1724,1724
353120,1993,0,1675,1675
353120,1994,0,1425,1425
353120,1995,0,1572,1572
353120,1996,0,1882,1882
353120,1997,0,913,913
353120,1998,0,1238,1238
353120,1999,0,1228,1228
353120,2000,0,939,939
353120,2001,0,1151,1151
353120,2002,0,822,822
353120,2003,0,987,987
353120,2004,0,1167,1167
353120,2005,0,1281,1281
353120,2006,0,1029,1029
353120,2007,0,1037,1037
353120,2008,0,1052,1052
353120,2009,0,1072,1072
353120,2010,0,1140,1140
353120,2011,0,1042,1042
353120,2012,0,1078,1078
353120,2013,0,1093,1093
353120,2014,0,1049,1049
353120,2015,0,1087,1087
353120,2016,12,1038,1026
353120,2017,0,1043,1043
353120,2018,0,701,701
353120,2019,0,701,701
353120,2020,0,678,678
353120,2021,0,678,678
353130,1988,65,19675,19610
353130,1989,65,21101,21036
353130,1990,70,19545,19475
353130,1991,100,21995,21895
353130,1992,65,20633,20568
353130,1993,100,20935,20835
353130,1994,100,22684,22584
353130,1995,150,19760,19610
353130,1996,150,17527,17377
353130,1997,150,17694,17544
353130,1998,72,15893,15821
353130,1999,72,13599,13527
353130,2000,100,15753,15653
353130,2001,100,15298,15198
353130,2002,100,16207,16107
353130,2003,100,16515,16415
353130,2004,100,15866,15766
353130,2005,100,14705,14605
353130,2006,150,14320,14170
353130,2007,150,15220,15070
353130,2008,120,14249,14129
353130,2009,150,14110,13960
353130,2010,150,14190,14040
353130,2011,50,13060,13010
353130,2012,50,17727,17677
353130,2013,50,16423,16373
353130,2014,50,16464,16414
353130,2015,130,16388,16258
353130,2016,100,18317,18217
353130,2017,400,20827,20427
353130,2018,400,17594,17194
353130,2019,600,17255,16655
353130,2020,600,17215,16615
353130,2021,600,17025,16425
353140,1988,0,12961,12961
353140,1989,0,16062,16062
353140,1990,0,15147,15147
353140,1991,0,14946,14946
353140,1992,0,12740,12740
353140,1993,0,10957,10957
353140,1994,0,10244,10244
353140,1995,0,10223,10223
353140,1996,0,9217,9217
353140,1997,0,9968,9968
353140,1998,0,6339,6339
353140,1999,0,6657,6657
353140,2000,0,5938,5938
353140,2001,0,4681,4681
353140,2002,0,5023,5023
353140,2003,0,11229,11229
353140,2004,0,12043,12043
353140,2005,0,12600,12600
353140,2006,0,22182,22182
353140,2007,0,19663,19663
353140,2008,0,23450,23450
353140,2009,0,22062,22062
353140,2010,0,22072,22072
353140,2011,0,20184,20184
353140,2012,0,23709,23709
353140,2013,200,26148,25948
353140,2014,350,28309,27959
353140,2015,200,24795,24595
353140,2016,200,22539,22339
353140,2017,300,22904,22604
353140,2018,500,22785,22285
353140,2019,870,21394,20524
353140,2020,1000,21104,20104
353140,2021,1000,26621,25621
353150,1988,100,18596,18496
353150,1989,750,21771,21021
353150,1990,0,18752,18752
353150,1991,0,18827,18827
353150,1992,0,19022,19022
353150,1993,0,15759,15759
353150,1994,0,17636,17636
353150,1995,450,14323,13873
353150,1996,250,17226,16976
353150,1997,200,15122,14922
353150,1998,340,16574,16234
353150,1999,380,17655,17275
353150,2000,315,14312,13997
353150,2001,600,11994,11394
353150,2002,800,14954,14154
353150,2003,800,15709,14909
353150,2004,950,12923,11973
353150,2005,700,13367,12667
353150,2006,900,15454,14554
353150,2007,900,17840,16940
353150,2008,280,19384,19104
353150,2009,0,18745,18745
353150,2010,25,18636,18611
353150,2011,0,19271,19271
353150,2012,135,18866,18731
353150,2013,50,18078,18028
353150,2014,40,18139,18099
353150,2015,74,18185,18111
353150,2016,60,20023,19963
353150,2017,100,18924,18824
353150,2018,110,19589,19479
353150,2019,300,17342,17042
353150,2020,300,17474,17174
353150,2021,350,18013,17663
353160,1988,0,4119,4119
353160,1989,0,3995,3995
353160,1990,0,3182,3182
353160,1991,0,3372,3372
353160,1992,0,3219,3219
353160,1993,0,3059,3059
353160,1994,0,3125,3125
353160,1995,0,3490,3490
353160,1996,0,2264,2264
353160,1997,0,2121,2121
353160,1998,0,2947,2947
353160,1999,0,2398,2398
353160,2000,0,2730,2730
353160,2001,200,3190,2990
353160,2002,0,3452,3452
353160,2003,0,3248,3248
353160,2004,0,3274,3274
353160,2005,200,3324,3124
353160,2006,0,2576,2576
353160,2007,0,3419,3419
353160,2008,0,8111,8111
353160,2009,0,7386,7386
353160,2010,0,8271,8271
353160,2011,0,8427,8427
353160,2012,0,7877,7877
353160,2013,0,8139,8139
353160,2014,0,8155,8155
353160,2015,0,10020,10020
353160,2016,25,9947,9922
353160,2017,150,8981,8831
353160,2018,0,9447,9447
353160,2019,0,9457,9457
353160,2020,620,10118,9498
353160,2021,50,9707,9657
353170,1988,0,241,241
353170,1989,0,392,392
353170,1990,0,287,287
353170,1991,0,271,271
353170,1992,0,268,268
353170,1993,0,327,327
353170,1994,0,338,338
353170,1995,0,338,338
353170,1996,0,338,338
353170,1997,0,338,338
353170,1998,0,338,338
353170,1999,0,199,199
353170,2000,0,272,272
353170,2001,0,110,110
353170,2002,0,100,100
353170,2003,0,110,110
353170,2004,0,109,109
353170,2005,0,106,106
353170,2006,0,111,111
353170,2007,0,111,111
353170,2008,0,97,97
353170,2009,0,75,75
353170,2010,0,75,75
353170,2011,0,49,49
353170,2012,0,25,25
353170,2013,0,15,15
353170,2014,0,15,15
353170,2015,0,15,15
353170,2016,0,104,104
353170,2017,0,15,15
353170,2018,0,15,15
353170,2019,0,15,15
353170,2020,0,0,0
353170,2021,0,15,15
353180,1988,0,11419,11419
353180,1989,0,11441,11441
353180,1990,0,10735,10735
353180,1991,0,5985,5985
353180,1992,0,8315,8315
353180,1993,0,8335,8335
353180,1994,0,8255,8255
353180,1995,0,7279,7279
353180,1996,0,7670,7670
353180,1997,0,8265,8265
353180,1998,0,7250,7250
353180,1999,0,7776,7776
353180,2000,0,20,20
353180,2001,0,7357,7357
353180,2002,0,15657,15657
353180,2003,120,9765,9645
353180,2004,120,5915,5795
353180,2005,120,6185,6065
353180,2006,120,10445,10325
353180,2007,96,10280,10184
353180,2008,400,10635,10235
353180,2009,0,8005,8005
353180,2010,0,0,0
353180,2011,300,10160,9860
353180,2012,300,3510,3210
353180,2013,150,8632,8482
353180,2014,0,9100,9100
353180,2015,0,8620,8620
353180,2016,180,1707,1527
353180,2017,100,8620,8520
353180,2018,300,9235,8935
353180,2019,300,9235,8935
353180,2020,300,8931,8631
353180,2021,100,7746,7646
353190,1988,33000,80753,47753
353190,1989,31500,81940,50440
353190,1990,26000,71066,45066
353190,1991,25000,79143,54143
353190,1992,23000,77775,54775
353190,1993,25000,99909,74909
353190,1994,32000,94133,62133
353190,1995,12100,77911,65811
353190,1996,17000,114050,97050
353190,1997,18000,115960,97960
353190,1998,12000,109150,97150
353190,1999,14000,110650,96650
353190,2000,20000,104200,84200
353190,2001,20000,102587,82587
353190,2002,20000,85887,65887
353190,2003,15000,111787,96787
353190,2004,20000,113260,93260
353190,2005,15210,104844,89634
353190,2006,13845,110257,96412
353190,2007,15000,111398,96398
353190,2008,11700,128541,116841
353190,2009,12500,129241,116741
353190,2010,12500,112285,99785
353190,2011,12089,110600,98511
353190,2012,15240,114233,98993
353190,2013,18087,116330,98243
353190,2014,15000,114152,99152
353190,2015,17000,114508,97508
353190,2016,16255,116803,100548
353190,2017,12255,114503,102248
353190,2018,12105,112888,100783
353190,2019,12107,113398,101291
353190,2020,11855,113546,101691
353190,2021,11855,113546,101691
353200,1988,0,1003,1003
353200,1989,0,953,953
353200,1990,0,1153,1153
353200,1991,0,949,949
353200,1992,0,894,894
353200,1993,0,863,863
353200,1994,0,689,689
353200,1995,0,723,723
353200,1996,0,725,725
353200,1997,0,709,709
353200,1998,0,1114,1114
353200,1999,0,1493,1493
353200,2000,0,896,896
353200,2001,0,1060,1060
353200,2002,0,1171,1171
353200,2003,0,1203,1203
353200,2004,0,1399,1399
353200,2005,0,1426,1426
353200,2006,0,1526,1526
353200,2007,0,1455,1455
353200,2008,0,1572,1572
353200,2009,0,1556,1556
353200,2010,0,1856,1856
353200,2011,0,1316,1316
353200,2012,0,1203,1203
353200,2013,0,1187,1187
353200,2014,0,1179,1179
353200,2015,0,886,886
353200,2016,0,884,884
353200,2017,0,1107,1107
353200,2018,50,1219,1169
353200,2019,50,1219,1169
353200,2020,101,1272,1171
353200,2021,101,1272,1171
353210,1988,0,5092,5092
353210,1989,0,2635,2635
353210,1990,0,2412,2412
353210,1991,0,2434,2434
353210,1992,0,5079,5079
353210,1993,0,4199,4199
353210,1994,0,3980,3980
353210,1995,0,2956,2956
353210,1996,0,1771,1771
353210,1997,0,2325,2325
353210,1998,0,2503,2503
353210,1999,0,3230,3230
353210,2000,0,3626,3626
353210,2001,0,2335,2335
353210,2002,0,2480,2480
353210,2003,80,2667,2587
353210,2004,200,4968,4768
353210,2005,150,5085,4935
353210,2006,150,4633,4483
353210,2007,150,4479,4329
353210,2008,120,4179,4059
353210,2009,0,3107,3107
353210,2010,0,2854,2854
353210,2011,0,2693,2693
353210,2012,0,2656,2656
353210,2013,0,3940,3940
353210,2014,0,2238,2238
353210,2015,0,2863,2863
353210,2016,0,2489,2489
353210,2017,0,23299,23299
353210,2018,0,2834,2834
353210,2019,100,4709,4609
353210,2020,100,4709,4609
353210,2021,100,4709,4609
353220,1988,200,5195,4995
353220,1989,200,5143,4943
353220,1990,200,4620,4420
353220,1991,700,5799,5099
353220,1992,250,4353,4103
353220,1993,100,4178,4078
353220,1994,0,5149,5149
353220,1995,0,5088,5088
353220,1996,0,3905,3905
353220,1997,300,3574,3274
353220,1998,400,3695,3295
353220,1999,500,2168,1668
353220,2000,500,3319,2819
353220,2001,500,3050,2550
353220,2002,800,3620,2820
353220,2003,1100,4829,3729
353220,2004,1700,4907,3207
353220,2005,2200,8093,5893
353220,2006,2000,11934,9934
353220,2007,2000,17274,15274
353220,2008,2000,20154,18154
353220,2009,3500,24778,21278
353220,2010,3500,24776,21276
353220,2011,3500,32819,29319
353220,2012,1000,33030,32030
353220,2013,1200,32431,31231
353220,2014,0,20067,20067
353220,2015,0,24093,24093
353220,2016,0,20725,20725
353220,2017,0,21118,21118
353220,2018,0,13067,13067
353220,2019,0,13067,13067
353220,2020,2000,28448,26448
353220,2021,150,18565,18415
353230,1988,0,1708,1708
353230,1989,0,1596,1596
353230,1990,0,2042,2042
353230,1991,0,1239,1239
353230,1992,0,1251,1251
353230,1993,0,1748,1748
353230,1994,0,2065,2065
353230,1995,0,2358,2358
353230,1996,0,300,300
353230,1997,0,2460,2460
353230,1998,0,1229,1229
353230,1999,0,1359,1359
353230,2000,0,2925,2925
353230,2001,0,1364,1364
353230,2002,0,1242,1242
353230,2003,0,1847,1847
353230,2004,0,1547,1547
353230,2005,0,944,944
353230,2006,0,877,877
353230,2007,0,1267,1267
353230,2008,0,886,886
353230,2009,0,886,886
353230,2010,0,958,958
353230,2011,0,948,948
353230,2012,0,840,840
353230,2013,0,280,280
353230,2014,0,55,55
353230,2015,0,47,47
353230,2016,0,54,54
353230,2017,0,108,108
353230,2018,0,109,109
353230,2019,0,30,30
353230,2020,0,60,60
353230,2021,0,180,180
353240,1988,0,551,551
353240,1989,0,551,551
353240,1990,0,455,455
353240,1991,0,481,481
353240,1992,0,437,437
353240,1993,0,508,508
353240,1994,0,400,400
353240,1995,0,436,436
353240,1996,0,396,396
353240,1997,0,366,366
353240,1998,0,461,461
353240,1999,0,473,473
353240,2000,0,220,220
353240,2001,0,217,217
353240,2002,0,277,277
353240,2003,0,228,228
353240,2004,0,193,193
353240,2005,0,301,301
353240,2006,0,721,721
353240,2007,0,654,654
353240,2008,0,745,745
353240,2009,0,745,745
353240,2010,0,707,707
353240,2011,0,767,767
353240,2012,0,593,593
353240,2013,0,602,602
353240,2014,0,596,596
353240,2015,0,549,549
353240,2016,0,551,551
353240,2017,0,551,551
353240,2018,0,548,548
353240,2019,0,550,550
353240,2020,0,500,500
353240,2021,0,450,450
353250,1988,0,6216,6216
353250,1989,0,5460,5460
353250,1990,0,4605,4605
353250,1991,0,4208,4208
353250,1992,0,3997,3997
353250,1993,0,4068,4068
353250,1994,0,4708,4708
353250,1995,0,4067,4067
353250,1996,0,3981,3981
353250,1997,0,3260,3260
353250,1998,0,3222,3222
353250,1999,0,3399,3399
353250,2000,0,2775,2775
353250,2001,0,3082,3082
353250,2002,0,2474,2474
353250,2003,0,2648,2648
353250,2004,0,2999,2999
353250,2005,50,3622,3572
353250,2006,0,7366,7366
353250,2007,0,8330,8330
353250,2008,0,8490,8490
353250,2009,0,10800,10800
353250,2010,0,10800,10800
353250,2011,0,8785,8785
353250,2012,0,10631,10631
353250,2013,0,10864,10864
353250,2014,0,10484,10484
353250,2015,0,10384,10384
353250,2016,0,11294,11294
353250,2017,40,11220,11180
353250,2018,20,11221,11201
353250,2019,718,10414,9696
353250,2020,800,10836,10036
353250,2021,1200,10036,8836
353260,1988,0,7911,7911
353260,1989,0,7501,7501
353260,1990,0,6713,6713
353260,1991,0,7170,7170
353260,1992,0,6920,6920
353260,1993,0,5340,5340
353260,1994,0,4981,4981
353260,1995,0,4875,4875
353260,1996,0,4306,4306
353260,1997,0,5213,5213
353260,1998,0,6041,6041
353260,1999,0,5517,5517
353260,2000,0,5510,5510
353260,2001,100,5867,5767
353260,2002,100,4589,4489
353260,2003,100,4833,4733
353260,2004,150,8321,8171
353260,2005,150,9788,9638
353260,2006,180,9272,9092
353260,2007,100,10515,10415
353260,2008,144,16390,16246
353260,2009,0,18942,18942
353260,2010,0,18936,18936
353260,2011,0,17482,17482
353260,2012,0,17069,17069
353260,2013,130,17083,16953
353260,2014,250,17267,17017
353260,2015,240,20575,20335
353260,2016,560,20647,20087
353260,2017,310,15681,15371
353260,2018,310,14644,14334
353260,2019,1000,15636,14636
353260,2020,1200,14037,12837
353260,2021,1200,15627,14427
353270,1988,60,3884,3824
353270,1989,60,3114,3054
353270,1990,0,3369,3369
353270,1991,0,3130,3130
353270,1992,0,2973,2973
353270,1993,0,2538,2538
353270,1994,0,2336,2336
353270,1995,0,2986,2986
353270,1996,0,2770,2770
353270,1997,0,3166,3166
353270,1998,0,3546,3546
353270,1999,0,2229,2229
353270,2000,0,2300,2300
353270,2001,0,2203,2203
353270,2002,0,2471,2471
353270,2003,0,4237,4237
353270,2004,0,5872,5872
353270,2005,0,7660,7660
353270,2006,0,8488,8488
353270,2007,0,7540,7540
353270,2008,0,8106,8106
353270,2009,0,9031,9031
353270,2010,0,9031,9031
353270,2011,0,7881,7881
353270,2012,0,8881,8881
353270,2013,0,8378,8378
353270,2014,40,8944,8904
353270,2015,80,8443,8363
353270,2016,38,7250,7212
353270,2017,30,7090,7060
353270,2018,92,7445,7353
353270,2019,305,6801,6496
353270,2020,305,6428,6123
353270,2021,215,6532,6317
353280,1988,0,4482,4482
353280,1989,145,4492,4347
353280,1990,30,4675,4645
353280,1991,0,4096,4096
353280,1992,0,3886,3886
353280,1993,0,3287,3287
353280,1994,0,3647,3647
353280,1995,0,5709,5709
353280,1996,0,6005,6005
353280,1997,0,5176,5176
353280,1998,0,4498,4498
353280,1999,0,4395,4395
353280,2000,0,3214,3214
353280,2001,0,3364,3364
353280,2002,0,3784,3784
353280,2003,60,3610,3550
353280,2004,290,4316,4026
353280,2005,350,6086,5736
353280,2006,350,4026,3676
353280,2007,350,9246,8896
353280,2008,300,9747,9447
353280,2009,200,10824,10624
353280,2010,250,11149,10899
353280,2011,250,10121,9871
353280,2012,250,10544,10294
353280,2013,200,11464,11264
353280,2014,200,11754,11554
353280,2015,150,11639,11489
353280,2016,180,12081,11901
353280,2017,55,12067,12012
353280,2018,0,10350,10350
353280,2019,0,10819,10819
353280,2020,0,9834,9834
353280,2021,0,10288,10288
353290,1988,0,11559,11559
353290,1989,0,9170,9170
353290,1990,0,12027,12027
353290,1991,0,11311,11311
353290,1992,0,11554,11554
353290,1993,0,11317,11317
353290,1994,0,11354,11354
353290,1995,0,11538,11538
353290,1996,0,11683,11683
353290,1997,0,10143,10143
353290,1998,0,10796,10796
353290,1999,0,11595,11595
353290,2000,145,9996,9851
353290,2001,145,9558,9413
353290,2002,145,8558,8413
353290,2003,145,9993,9848
353290,2004,0,8707,8707
353290,2005,0,9016,9016
353290,2006,0,9016,9016
353290,2007,0,9292,9292
353290,2008,0,11902,11902
353290,2009,0,8510,8510
353290,2010,0,10460,10460
353290,2011,0,10480,10480
353290,2012,100,9080,8980
353290,2013,200,9660,9460
353290,2014,200,9660,9460
353290,2015,150,9660,9510
353290,2016,150,10080,9930
353290,2017,300,9910,9610
353290,2018,800,9860,9060
353290,2019,800,9960,9160
353290,2020,1200,9960,8760
353290,2021,800,9960,9160
353300,1988,450,15942,15492
353300,1989,400,13981,13581
353300,1990,450,13879,13429
353300,1991,300,12747,12447
353300,1992,300,12670,12370
353300,1993,300,11931,11631
353300,1994,50,9605,9555
353300,1995,50,10000,9950
353300,1996,300,9785,9485
353300,1997,200,9667,9467
353300,1998,120,12550,12430
353300,1999,150,15023,14873
353300,2000,0,11819,11819
353300,2001,230,11665,11435
353300,2002,200,15550,15350
353300,2003,400,16403,16003
353300,2004,200,14195,13995
353300,2005,80,14838,14758
353300,2006,0,14429,14429
353300,2007,0,14451,14451
353300,2008,0,18308,18308
353300,2009,0,18308,18308
353300,2010,0,16292,16292
353300,2011,0,16042,16042
353300,2012,0,17242,17242
353300,2013,150,22405,22255
353300,2014,150,28345,28195
353300,2015,0,25321,25321
353300,2016,500,26195,25695
353300,2017,1200,26092,24892
353300,2018,200,24267,24067
353300,2019,1200,17634,16434
353300,2020,1200,24658,23458
353300,2021,1350,24747,23397
353310,1988,0,1978,1978
353310,1989,0,1283,1283
353310,1990,0,1403,1403
353310,1991,0,1676,1676
353310,1992,0,1346,1346
353310,1993,0,1120,1120
353310,1994,0,927,927
353310,1995,0,760,760
353310,1996,0,363,363
353310,1997,0,241,241
353310,1998,0,305,305
353310,1999,0,285,285
353310,2000,0,193,193
353310,2001,0,736,736
353310,2002,0,916,916
353310,2003,0,270,270
353310,2004,0,438,438
353310,2005,0,433,433
353310,2006,0,290,290
353310,2007,0,245,245
353310,2008,0,588,588
353310,2009,0,586,586
353310,2010,0,619,619
353310,2011,0,621,621
353310,2012,0,618,618
353310,2013,0,804,804
353310,2014,0,766,766
353310,2015,0,849,849
353310,2016,0,800,800
353310,2017,0,1066,1066
353310,2018,0,1186,1186
353310,2019,60,1291,1231
353310,2020,0,1068,1068
353310,2021,0,1080,1080
353320,1988,0,4019,4019
353320,1989,0,2234,2234
353320,1990,0,2105,2105
353320,1991,0,1713,1713
353320,1992,0,2123,2123
353320,1993,0,2783,2783
353320,1994,0,3492,3492
353320,1995,0,1666,1666
353320,1996,0,1551,1551
353320,1997,0,2035,2035
353320,1998,0,1980,1980
353320,1999,0,1277,1277
353320,2000,12,1293,1281
353320,2001,0,2200,2200
353320,2002,0,4132,4132
353320,2003,193,4079,3886
353320,2004,1300,6274,4974
353320,2005,1370,6292,4922
353320,2006,1370,9470,8100
353320,2007,270,8140,7870
353320,2008,1090,8235,7145
353320,2009,0,11350,11350
353320,2010,0,11350,11350
353320,2011,50,10630,10580
353320,2012,50,10620,10570
353320,2013,0,9888,9888
353320,2014,0,9605,9605
353320,2015,0,9590,9590
353320,2016,0,9800,9800
353320,2017,0,9590,9590
353320,2018,0,10940,10940
353320,2019,0,11549,11549
353320,2020,0,11549,11549
353320,2021,0,11549,11549
353330,1988,120,1385,1265
353330,1989,95,1230,1135
353330,1990,95,1190,1095
353330,1991,0,811,811
353330,1992,0,1472,1472
353330,1993,0,831,831
353330,1994,5,892,887
353330,1995,0,1202,1202
353330,1996,0,842,842
353330,1997,0,1080,1080
353330,1998,0,1094,1094
353330,1999,0,1091,1091
353330,2000,0,1152,1152
353330,2001,0,1293,1293
353330,2002,0,1507,1507
353330,2003,0,1388,1388
353330,2004,70,1338,1268
353330,2005,48,1504,1456
353330,2006,0,1556,1556
353330,2007,0,1508,1508
353330,2008,13,2314,2301
353330,2009,60,2201,2141
353330,2010,55,2222,2167
353330,2011,60,2531,2471
353330,2012,41,1796,1755
353330,2013,50,1740,1690
353330,2014,50,1148,1098
353330,2015,0,1740,1740
353330,2016,62,2230,2168
353330,2017,0,2225,2225
353330,2018,0,2174,2174
353330,2019,207,2402,2195
353330,2020,190,2469,2279
353330,2021,255,2667,2412
353340,1988,0,3640,3640
353340,1989,0,3315,3315
353340,1990,0,3313,3313
353340,1991,0,3153,3153
353340,1992,0,3313,3313
353340,1993,0,3252,3252
353340,1994,0,3206,3206
353340,1995,0,3073,3073
353340,1996,0,3281,3281
353340,1997,0,3235,3235
353340,1998,0,2749,2749
353340,1999,0,3199,3199
353340,2000,0,3174,3174
353340,2001,0,3218,3218
353340,2002,0,3142,3142
353340,2003,0,3183,3183
353340,2004,0,3137,3137
353340,2005,0,3318,3318
353340,2006,0,3160,3160
353340,2007,0,2968,2968
353340,2008,0,3132,3132
353340,2009,0,3111,3111
353340,2010,0,0,0
353340,2011,100,2854,2754
353340,2012,100,2854,2754
353340,2013,50,3130,3080
353340,2014,0,3000,3000
353340,2015,0,4500,4500
353340,2016,0,4500,4500
353340,2017,0,4500,4500
353340,2018,0,4500,4500
353340,2019,110,2624,2514
353340,2020,30,1809,1779
353340,2021,30,609,579
353350,1988,60,25573,25513
353350,1989,380,21868,21488
353350,1990,200,20377,20177
353350,1991,500,22038,21538
353350,1992,500,23346,22846
353350,1993,500,21797,21297
353350,1994,800,24150,23350
353350,1995,800,22907,22107
353350,1996,800,24194,23394
353350,1997,800,21843,21043
353350,1998,800,21613,20813
353350,1999,800,24343,23543
353350,2000,800,21043,20243
353350,2001,800,33970,33170
353350,2002,800,38466,37666
353350,2003,800,38422,37622
353350,2004,800,38806,38006
353350,2005,800,41275,40475
353350,2006,650,37900,37250
353350,2007,700,43676,42976
353350,2008,500,46966,46466
353350,2009,150,45891,45741
353350,2010,300,45722,45422
353350,2011,300,48026,47726
353350,2012,0,45390,45390
353350,2013,0,45578,45578
353350,2014,0,45668,45668
353350,2015,0,45014,45014
353350,2016,0,45431,45431
353350,2017,0,46379,46379
353350,2018,0,47983,47983
353350,2019,0,47879,47879
353350,2020,0,47789,47789
353350,2021,700,49054,48354
353360,1988,9000,24493,15493
353360,1989,11550,26086,14536
353360,1990,12000,31388,19388
353360,1991,13853,32946,19093
353360,1992,12500,36098,23598
353360,1993,12700,36174,23474
353360,1994,11000,33674,22674
353360,1995,9500,33247,23747
353360,1996,5500,27674,22174
353360,1997,7000,33362,26362
353360,1998,8000,33530,25530
353360,1999,8000,34715,26715
353360,2000,9000,33774,24774
353360,2001,7000,28712,21712
353360,2002,7500,27555,20055
353360,2003,6700,29742,23042
353360,2004,7200,30561,23361
353360,2005,6100,31020,24920
353360,2006,6100,30548,24448
353360,2007,5000,26914,21914
353360,2008,5500,27126,21626
353360,2009,4700,31940,27240
353360,2010,4700,28162,23462
353360,2011,3498,28575,25077
353360,2012,4424,29587,25163
353360,2013,4024,29211,25187
353360,2014,4000,32253,28253
353360,2015,4000,32269,28269
353360,2016,4000,32130,28130
353360,2017,4000,29516,25516
353360,2018,4000,29348,25348
353360,2019,4124,29371,25247
353360,2020,4124,29371,25247
353360,2021,4124,29371,25247
353370,1988,0,3801,3801
353370,1989,0,3730,3730
353370,1990,0,3595,3595
353370,1991,0,3544,3544
353370,1992,0,3223,3223
353370,1993,0,3039,3039
353370,1994,0,525,525
353370,1995,0,2092,2092
353370,1996,0,2317,2317
353370,1997,0,2532,2532
353370,1998,0,2697,2697
353370,1999,0,2809,2809
353370,2000,0,2209,2209
353370,2001,0,2869,2869
353370,2002,0,3375,3375
353370,2003,0,2736,2736
353370,2004,1200,2861,1661
353370,2005,1210,6422,5212
353370,2006,169,3201,3032
353370,2007,968,5572,4604
353370,2008,0,3851,3851
353370,2009,0,1871,1871
353370,2010,240,4842,4602
353370,2011,240,4704,4464
353370,2012,121,5435,5314
353370,2013,966,7119,6153
353370,2014,966,7012,6046
353370,2015,966,6643,5677
353370,2016,1111,7235,6124
353370,2017,1033,8805,7772
353370,2018,1600,9996,8396
353370,2019,1000,7634,6634
353370,2020,700,6966,6266
353370,2021,700,7036,6336
353380,1988,60,5598,5538
353380,1989,60,5360,5300
353380,1990,100,5277,5177
353380,1991,100,5362,5262
353380,1992,100,6472,6372
353380,1993,50,5631,5581
353380,1994,60,5070,5010
353380,1995,50,4573,4523
353380,1996,70,3656,3586
353380,1997,90,5191,5101
353380,1998,130,4584,4454
353380,1999,130,4676,4546
353380,2000,50,4024,3974
353380,2001,0,4490,4490
353380,2002,100,3961,3861
353380,2003,130,4356,4226
353380,2004,150,4180,4030
353380,2005,150,4722,4572
353380,2006,180,5811,5631
353380,2007,147,5038,4891
353380,2008,150,4732,4582
353380,2009,168,4737,4569
353380,2010,149,4994,4845
353380,2011,149,4975,4826
353380,2012,160,5323,5163
353380,2013,380,8450,8070
353380,2014,390,10520,10130
353380,2015,2000,13638,11638
353380,2016,2190,13228,11038
353380,2017,2190,13228,11038
353380,2018,2190,13228,11038
353380,2019,7080,18164,11084
353380,2020,5990,16020,10030
353380,2021,5890,14168,8278
353390,1988,540,41188,40648
353390,1989,740,42532,41792
353390,1990,600,41042,40442
353390,1991,500,43058,42558
353390,1992,1000,15438,14438
353390,1993,600,35005,34405
353390,1994,600,35568,34968
353390,1995,600,31533,30933
353390,1996,200,36882,36682
353390,1997,50,34471,34421
353390,1998,1300,38203,36903
353390,1999,1400,36608,35208
353390,2000,2400,41664,39264
353390,2001,800,41773,40973
353390,2002,800,45354,44554
353390,2003,800,41756,40956
353390,2004,800,43782,42982
353390,2005,800,45596,44796
353390,2006,800,54095,53295
353390,2007,800,49883,49083
353390,2008,20,48857,48837
353390,2009,0,41149,41149
353390,2010,50,55361,55311
353390,2011,1400,54835,53435
353390,2012,0,53178,53178
353390,2013,0,47080,47080
353390,2014,0,48323,48323
353390,2015,0,52258,52258
353390,2016,0,52268,52268
353390,2017,0,52258,52258
353390,2018,0,50547,50547
353390,2019,0,49797,49797
353390,2020,400,50597,50197
353390,2021,400,50623,50223
353400,1988,1000,8311,7311
353400,1989,1200,8513,7313
353400,1990,1200,8883,7683
353400,1991,1000,8712,7712
353400,1992,1000,9107,8107
353400,1993,200,6925,6725
353400,1994,100,4465,4365
353400,1995,100,8255,8155
353400,1996,30,6838,6808
353400,1997,30,6692,6662
353400,1998,0,8211,8211
353400,1999,0,10074,10074
353400,2000,0,8940,8940
353400,2001,100,9725,9625
353400,2002,100,11462,11362
353400,2003,150,8789,8639
353400,2004,180,8663,8483
353400,2005,200,9807,9607
353400,2006,330,10073,9743
353400,2007,264,10148,9884
353400,2008,180,15356,15176
353400,2009,180,12840,12660
353400,2010,0,13172,13172
353400,2011,60,11383,11323
353400,2012,100,13682,13582
353400,2013,120,19336,19216
353400,2014,120,11636,11516
353400,2015,60,11465,11405
353400,2016,60,11385,11325
353400,2017,50,11537,11487
353400,2018,300,12070,11770
353400,2019,170,12976,12806
353400,2020,150,12279,12129
353400,2021,150,13429,13279
353410,1988,0,10038,10038
353410,1989,0,6257,6257
353410,1990,0,5475,5475
353410,1991,0,5126,5126
353410,1992,0,7161,7161
353410,1993,0,7463,7463
353410,1994,0,5533,5533
353410,1995,0,2498,2498
353410,1996,0,2199,2199
353410,1997,0,2264,2264
353410,1998,0,746,746
353410,1999,0,696,696
353410,2000,0,649,649
353410,2001,0,724,724
353410,2002,0,592,592
353410,2003,0,670,670
353410,2004,0,591,591
353410,2005,0,716,716
353410,2006,0,577,577
353410,2007,0,623,623
353410,2008,0,5580,5580
353410,2009,0,5597,5597
353410,2010,0,4918,4918
353410,2011,0,4428,4428
353410,2012,0,3692,3692
353410,2013,0,4438,4438
353410,2014,0,4408,4408
353410,2015,0,4346,4346
353410,2016,0,4296,4296
353410,2017,0,4425,4425
353410,2018,0,4532,4532
353410,2019,0,4527,4527
353410,2020,0,4382,4382
353410,2021,0,5182,5182
353420,1988,0,6634,6634
353420,1989,0,6683,6683
353420,1990,200,10490,10290
353420,1991,200,10536,10336
353420,1992,250,10686,10436
353420,1993,435,7028,6593
353420,1994,726,13791,13065
353420,1995,1400,5331,3931
353420,1996,1200,9720,8520
353420,1997,1400,12557,11157
353420,1998,1100,13365,12265
353420,1999,800,13805,13005
353420,2000,640,12334,11694
353420,2001,815,13518,12703
353420,2002,815,13558,12743
353420,2003,480,13949,13469
353420,2004,1300,14893,13593
353420,2005,750,15519,14769
353420,2006,600,13678,13078
353420,2007,300,15190,14890
353420,2008,450,15721,15271
353420,2009,450,15721,15271
353420,2010,850,18938,18088
353420,2011,700,23926,23226
353420,2012,800,24350,23550
353420,2013,730,13336,12606
353420,2014,730,13336,12606
353420,2015,800,9547,8747
353420,2016,800,13870,13070
353420,2017,1500,22600,21100
353420,2018,2000,27205,25205
353420,2019,2000,24445,22445
353420,2020,2100,14676,12576
353420,2021,3500,15805,12305
353430,1988,4200,17139,12939
353430,1989,4200,19365,15165
353430,1990,5500,21034,15534
353430,1991,4000,19484,15484
353430,1992,4000,20460,16460
353430,1993,4500,22026,17526
353430,1994,4200,21580,17380
353430,1995,3700,18781,15081
353430,1996,4500,19433,14933
353430,1997,5000,20846,15846
353430,1998,1450,17696,16246
353430,1999,1750,17743,15993
353430,2000,2000,20219,18219
353430,2001,1800,20504,18704
353430,2002,1800,19705,17905
353430,2003,2210,17679,15469
353430,2004,2800,21154,18354
353430,2005,2200,20895,18695
353430,2006,2200,20615,18415
353430,2007,2000,20650,18650
353430,2008,2000,20471,18471
353430,2009,2000,20530,18530
353430,2010,2000,20534,18534
353430,2011,2039,20513,18474
353430,2012,2040,20765,18725
353430,2013,1800,20495,18695
353430,2014,1800,20649,18849
353430,2015,2000,20294,18294
353430,2016,2000,20439,18439
353430,2017,2050,20439,18389
353430,2018,2050,20968,18918
353430,2019,2100,21004,18904
353430,2020,2100,21004,18904
353430,2021,2100,21004,18904
353440,1988,0,0,0
353440,1989,0,0,0
353440,1990,0,0,0
353440,1991,0,0,0
353440,1992,0,1,1
353440,1993,0,0,0
353440,1994,0,0,0
353440,1995,0,0,0
353440,1996,0,0,0
353440,1997,0,0,0
353440,1998,0,0,0
353440,1999,0,0,0
353440,2000,0,0,0
353440,2001,0,0,0
353440,2002,0,0,0
353440,2003,0,0,0
353440,2004,0,0,0
353440,2005,0,0,0
353440,2006,0,0,0
353440,2007,0,0,0
353440,2008,0,0,0
353440,2009,0,0,0
353440,2010,0,0,0
353440,2011,0,0,0
353440,2012,0,0,0
353440,2013,0,0,0
353440,2014,0,0,0
353440,2015,0,0,0
353440,2016,0,0,0
353440,2017,0,0,0
353440,2018,0,0,0
353440,2019,0,0,0
353440,2020,0,0,0
353440,2021,0,0,0
353450,1988,0,2953,2953
353450,1989,0,2517,2517
353450,1990,0,2347,2347
353450,1991,0,1847,1847
353450,1992,0,1103,1103
353450,1993,0,1339,1339
353450,1994,0,929,929
353450,1995,0,1443,1443
353450,1996,0,1378,1378
353450,1997,0,1105,1105
353450,1998,0,863,863
353450,1999,0,858,858
353450,2000,0,513,513
353450,2001,0,592,592
353450,2002,0,1055,1055
353450,2003,0,1412,1412
353450,2004,0,1401,1401
353450,2005,70,1440,1370
353450,2006,70,1072,1002
353450,2007,70,1123,1053
353450,2008,57,1145,1088
353450,2009,85,1137,1052
353450,2010,0,1050,1050
353450,2011,0,1304,1304
353450,2012,0,1881,1881
353450,2013,0,1999,1999
353450,2014,0,3322,3322
353450,2015,0,3315,3315
353450,2016,0,3395,3395
353450,2017,72,3890,3818
353450,2018,72,3823,3751
353450,2019,145,3969,3824
353450,2020,150,3435,3285
353450,2021,150,3555,3405
353460,1988,0,11714,11714
353460,1989,0,12261,12261
353460,1990,0,10044,10044
353460,1991,0,9923,9923
353460,1992,0,7688,7688
353460,1993,0,7482,7482
353460,1994,0,6236,6236
353460,1995,0,6646,6646
353460,1996,0,4427,4427
353460,1997,0,4757,4757
353460,1998,0,3421,3421
353460,1999,0,3225,3225
353460,2000,0,2290,2290
353460,2001,0,3137,3137
353460,2002,0,3234,3234
353460,2003,0,4023,4023
353460,2004,0,3999,3999
353460,2005,0,2915,2915
353460,2006,0,4527,4527
353460,2007,0,4801,4801
353460,2008,0,4244,4244
353460,2009,0,4714,4714
353460,2010,0,6600,6600
353460,2011,0,6625,6625
353460,2012,0,6332,6332
353460,2013,0,6661,6661
353460,2014,0,6173,6173
353460,2015,0,6116,6116
353460,2016,220,6242,6022
353460,2017,80,6198,6118
353460,2018,80,6357,6277
353460,2019,1100,5967,4867
353460,2020,200,4970,4770
353460,2021,200,4970,4770
353470,1988,1600,11412,9812
353470,1989,1900,12602,10702
353470,1990,1700,12619,10919
353470,1991,1600,12058,10458
353470,1992,1800,14028,12228
353470,1993,1600,14535,12935
353470,1994,2500,16384,13884
353470,1995,3300,17432,14132
353470,1996,4000,17230,13230
353470,1997,2000,14713,12713
353470,1998,2000,16148,14148
353470,1999,2100,16248,14148
353470,2000,1500,13603,12103
353470,2001,1800,12967,11167
353470,2002,2300,16067,13767
353470,2003,3100,17117,14017
353470,2004,3500,18357,14857
353470,2005,3200,16994,13794
353470,2006,3200,22335,19135
353470,2007,3000,16180,13180
353470,2008,3000,21687,18687
353470,2009,3000,21777,18777
353470,2010,3000,21660,18660
353470,2011,3000,21797,18797
353470,2012,3250,22328,19078
353470,2013,3250,22342,19092
353470,2014,3240,21910,18670
353470,2015,3500,23232,19732
353470,2016,3600,24056,20456
353470,2017,3600,23919,20319
353470,2018,3600,23217,19617
353470,2019,3500,23059,19559
353470,2020,3600,22329,18729
353470,2021,3800,22579,18779
353480,1988,0,6754,6754
353480,1989,40,6437,6397
353480,1990,0,5769,5769
353480,1991,0,5510,5510
353480,1992,0,4868,4868
353480,1993,0,5209,5209
353480,1994,0,4974,4974
353480,1995,0,3733,3733
353480,1996,0,3501,3501
353480,1997,0,2764,2764
353480,1998,0,2992,2992
353480,1999,0,2585,2585
353480,2000,0,1539,1539
353480,2001,0,2005,2005
353480,2002,0,1545,1545
353480,2003,0,2185,2185
353480,2004,480,3588,3108
353480,2005,300,4087,3787
353480,2006,400,4102,3702
353480,2007,400,6860,6460
353480,2008,320,8922,8602
353480,2009,0,8595,8595
353480,2010,0,11266,11266
353480,2011,0,10814,10814
353480,2012,0,10834,10834
353480,2013,0,11208,11208
353480,2014,0,12564,12564
353480,2015,0,8815,8815
353480,2016,0,8377,8377
353480,2017,0,11143,11143
353480,2018,0,10854,10854
353480,2019,0,12532,12532
353480,2020,70,11053,10983
353480,2021,244,11274,11030
353490,1988,0,9295,9295
353490,1989,0,8713,8713
353490,1990,0,7676,7676
353490,1991,0,7486,7486
353490,1992,0,6091,6091
353490,1993,0,5107,5107
353490,1994,0,4842,4842
353490,1995,0,4767,4767
353490,1996,0,3658,3658
353490,1997,0,5055,5055
353490,1998,0,3390,3390
353490,1999,0,2436,2436
353490,2000,0,2376,2376
353490,2001,0,2772,2772
353490,2002,0,3364,3364
353490,2003,0,3688,3688
353490,2004,120,3909,3789
353490,2005,0,4752,4752
353490,2006,0,6840,6840
353490,2007,0,6637,6637
353490,2008,0,10487,10487
353490,2009,0,10919,10919
353490,2010,0,11444,11444
353490,2011,0,11347,11347
353490,2012,0,10982,10982
353490,2013,0,11497,11497
353490,2014,8,11790,11782
353490,2015,20,11795,11775
353490,2016,40,10842,10802
353490,2017,38,10497,10459
353490,2018,140,9962,9822
353490,2019,140,11503,11363
353490,2020,250,8768,8518
353490,2021,250,8568,8318
353500,1988,0,18017,18017
353500,1989,0,19263,19263
353500,1990,0,17311,17311
353500,1991,0,16936,16936
353500,1992,0,12980,12980
353500,1993,0,13403,13403
353500,1994,0,14221,14221
353500,1995,250,15256,15006
353500,1996,250,12406,12156
353500,1997,250,10309,10059
353500,1998,0,6727,6727
353500,1999,50,11556,11506
353500,2000,70,10496,10426
353500,2001,100,11176,11076
353500,2002,100,11790,11690
353500,2003,100,10030,9930
353500,2004,1450,13172,11722
353500,2005,1450,14582,13132
353500,2006,1568,17025,15457
353500,2007,250,23496,23246
353500,2008,520,27146,26626
353500,2009,520,27146,26626
353500,2010,350,36709,36359
353500,2011,400,34016,33616
353500,2012,400,33916,33516
353500,2013,1550,35120,33570
353500,2014,1550,35120,33570
353500,2015,1550,35120,33570
353500,2016,1000,37900,36900
353500,2017,2573,40573,38000
353500,2018,1573,39823,38250
353500,2019,2400,36943,34543
353500,2020,2675,33558,30883
353500,2021,2100,34026,31926
353510,1988,0,6743,6743
353510,1989,0,5993,5993
353510,1990,0,6138,6138
353510,1991,0,5198,5198
353510,1992,24,6292,6268
353510,1993,0,5856,5856
353510,1994,0,5470,5470
353510,1995,0,6539,6539
353510,1996,0,5037,5037
353510,1997,0,575,575
353510,1998,0,7145,7145
353510,1999,0,6525,6525
353510,2000,0,6138,6138
353510,2001,0,6375,6375
353510,2002,0,6324,6324
353510,2003,0,6451,6451
353510,2004,160,6907,6747
353510,2005,200,7006,6806
353510,2006,200,6811,6611
353510,2007,200,5791,5591
353510,2008,160,5471,5311
353510,2009,200,6033,5833
353510,2010,0,5686,5686
353510,2011,200,5980,5780
353510,2012,220,6000,5780
353510,2013,200,6570,6370
353510,2014,200,6570,6370
353510,2015,200,6710,6510
353510,2016,200,4010,3810
353510,2017,200,5092,4892
353510,2018,0,4175,4175
353510,2019,0,4309,4309
353510,2020,200,4325,4125
353510,2021,1000,4683,3683
353520,1988,0,8333,8333
353520,1989,0,7803,7803
353520,1990,0,8522,8522
353520,1991,0,8543,8543
353520,1992,0,7636,7636
353520,1993,0,5507,5507
353520,1994,0,4910,4910
353520,1995,0,4562,4562
353520,1996,0,4354,4354
353520,1997,0,3481,3481
353520,1998,0,4645,4645
353520,1999,0,4256,4256
353520,2000,0,4334,4334
353520,2001,0,4199,4199
353520,2002,0,4016,4016
353520,2003,120,3509,3389
353520,2004,120,3482,3362
353520,2005,60,3377,3317
353520,2006,0,3166,3166
353520,2007,0,904,904
353520,2008,0,2791,2791
353520,2009,0,2947,2947
353520,2010,0,3144,3144
353520,2011,0,3045,3045
353520,2012,0,3622,3622
353520,2013,0,3420,3420
353520,2014,0,3294,3294
353520,2015,0,2569,2569
353520,2016,0,2287,2287
353520,2017,0,1955,1955
353520,2018,0,3126,3126
353520,2019,0,2599,2599
353520,2020,0,2765,2765
353520,2021,200,2921,2721
353530,1988,24500,62320,37820
353530,1989,29000,67620,38620
353530,1990,28000,61980,33980
353530,1991,25000,51320,26320
353530,1992,20696,68546,47850
353530,1993,23190,71253,48063
353530,1994,25000,80139,55139
353530,1995,28900,75288,46388
353530,1996,34000,80558,46558
353530,1997,36000,81859,45859
353530,1998,33700,79144,45444
353530,1999,29100,74984,45884
353530,2000,28500,75378,46878
353530,2001,24000,74445,50445
353530,2002,31410,75000,43590
353530,2003,31090,73313,42223
353530,2004,32000,75232,43232
353530,2005,32400,75362,42962
353530,2006,25620,67900,42280
353530,2007,20500,62981,42481
353530,2008,22500,71537,49037
353530,2009,19000,61389,42389
353530,2010,19480,62689,43209
353530,2011,20700,68251,47551
353530,2012,19080,65815,46735
353530,2013,20500,67070,46570
353530,2014,20500,65742,45242
353530,2015,22000,66180,44180
353530,2016,22950,66188,43238
353530,2017,27540,71721,44181
353530,2018,27880,72172,44292
353530,2019,28395,69148,40753
353530,2020,28750,70429,41679
353530,2021,28110,49199,21089
353540,1988,0,1820,1820
353540,1989,0,1501,1501
353540,1990,0,2215,2215
353540,1991,0,1625,1625
353540,1992,0,1756,1756
353540,1993,0,1046,1046
353540,1994,0,1108,1108
353540,1995,0,1153,1153
353540,1996,0,766,766
353540,1997,0,899,899
353540,1998,0,462,462
353540,1999,0,1055,1055
353540,2000,0,1368,1368
353540,2001,0,1641,1641
353540,2002,0,952,952
353540,2003,0,911,911
353540,2004,400,1695,1295
353540,2005,400,1618,1218
353540,2006,0,780,780
353540,2007,0,550,550
353540,2008,0,475,475
353540,2009,0,539,539
353540,2010,0,6610,6610
353540,2011,0,6480,6480
353540,2012,0,8348,8348
353540,2013,0,8511,8511
353540,2014,0,8450,8450
353540,2015,0,8540,8540
353540,2016,0,8636,8636
353540,2017,0,8642,8642
353540,2018,0,9213,9213
353540,2019,0,9054,9054
353540,2020,0,8958,8958
353540,2021,0,8903,8903
353550,1988,7000,46893,39893
353550,1989,7000,35999,28999
353550,1990,7000,41353,34353
353550,1991,7000,36570,29570
353550,1992,2000,31871,29871
353550,1993,1500,33901,32401
353550,1994,0,36969,36969
353550,1995,1200,30652,29452
353550,1996,1200,34201,33001
353550,1997,2500,37832,35332
353550,1998,2000,40653,38653
353550,1999,2200,44022,41822
353550,2000,2100,42272,40172
353550,2001,2100,43880,41780
353550,2002,2100,45201,43101
353550,2003,2500,31948,29448
353550,2004,3000,39652,36652
353550,2005,3000,43893,40893
353550,2006,2500,61723,59223
353550,2007,2200,61338,59138
353550,2008,2000,65348,63348
353550,2009,1850,65538,63688
353550,2010,2000,66906,64906
353550,2011,2000,68016,66016
353550,2012,2500,52047,49547
353550,2013,3000,51666,48666
353550,2014,3400,64088,60688
353550,2015,3500,63234,59734
353550,2016,3800,53609,49809
353550,2017,4000,57295,53295
353550,2018,4500,63446,58946
353550,2019,4500,60164,55664
353550,2020,3800,50452,46652
353550,2021,3800,51403,47603
353560,1988,0,3214,3214
353560,1989,0,3549,3549
353560,1990,0,3240,3240
353560,1991,0,3395,3395
353560,1992,0,2864,2864
353560,1993,0,1735,1735
353560,1994,0,1366,1366
353560,1995,0,1367,1367
353560,1996,0,1371,1371
353560,1997,0,1370,1370
353560,1998,0,995,995
353560,1999,0,642,642
353560,2000,0,152,152
353560,2001,0,751,751
353560,2002,0,812,812
353560,2003,0,806,806
353560,2004,0,855,855
353560,2005,0,830,830
353560,2006,0,755,755
353560,2007,0,702,702
353560,2008,0,596,596
353560,2009,0,601,601
353560,2010,0,601,601
353560,2011,0,331,331
353560,2012,0,25,25
353560,2013,0,25,25
353560,2014,0,88,88
353560,2015,0,83,83
353560,2016,0,99,99
353560,2017,0,20,20
353560,2018,0,20,20
353560,2019,0,20,20
353560,2020,0,0,0
353560,2021,0,20,20
353570,1988,0,13075,13075
353570,1989,0,12146,12146
353570,1990,0,11840,11840
353570,1991,0,14797,14797
353570,1992,0,14011,14011
353570,1993,0,9165,9165
353570,1994,0,11744,11744
353570,1995,0,19277,19277
353570,1996,0,9102,9102
353570,1997,0,10893,10893
353570,1998,0,9418,9418
353570,1999,0,9358,9358
353570,2000,0,7485,7485
353570,2001,0,8090,8090
353570,2002,0,7351,7351
353570,2003,302,7860,7558
353570,2004,302,7473,7171
353570,2005,242,7456,7214
353570,2006,0,9918,9918
353570,2007,0,8315,8315
353570,2008,0,8321,8321
353570,2009,0,8355,8355
353570,2010,0,9520,9520
353570,2011,0,9443,9443
353570,2012,0,8691,8691
353570,2013,0,10881,10881
353570,2014,0,10262,10262
353570,2015,0,8965,8965
353570,2016,150,8406,8256
353570,2017,150,9567,9417
353570,2018,100,9744,9644
353570,2019,560,10140,9580
353570,2020,500,10132,9632
353570,2021,200,9821,9621
353580,1988,2500,15484,12984
353580,1989,3500,18874,15374
353580,1990,2800,15959,13159
353580,1991,2000,12513,10513
353580,1992,2250,14673,12423
353580,1993,1250,12941,11691
353580,1994,1100,14537,13437
353580,1995,1100,15080,13980
353580,1996,1100,15813,14713
353580,1997,1050,15551,14501
353580,1998,2700,18762,16062
353580,1999,1500,21278,19778
353580,2000,1500,18969,17469
353580,2001,1550,17112,15562
353580,2002,1650,12042,10392
353580,2003,1750,14742,12992
353580,2004,3500,17046,13546
353580,2005,3000,26342,23342
353580,2006,6500,41318,34818
353580,2007,3000,30776,27776
353580,2008,5200,35240,30040
353580,2009,4500,27092,22592
353580,2010,7200,36314,29114
353580,2011,7200,31477,24277
353580,2012,7000,30131,23131
353580,2013,7000,29200,22200
353580,2014,7000,29400,22400
353580,2015,12000,38602,26602
353580,2016,18000,48176,30176
353580,2017,19500,49341,29841
353580,2018,20500,49265,28765
353580,2019,20500,64047,43547
353580,2020,21000,59013,38013
353580,2021,19500,51503,32003
353590,1988,50,6008,5958
353590,1989,70,5010,4940
353590,1990,150,6675,6525
353590,1991,24,6042,6018
353590,1992,97,4933,4836
353590,1993,17,3716,3699
353590,1994,140,4017,3877
353590,1995,140,4217,4077
353590,1996,110,3808,3698
353590,1997,151,3406,3255
353590,1998,121,3292,3171
353590,1999,151,3546,3395
353590,2000,180,3334,3154
353590,2001,113,3667,3554
353590,2002,100,3498,3398
353590,2003,388,4433,4045
353590,2004,400,4274,3874
353590,2005,400,4311,3911
353590,2006,251,3485,3234
353590,2007,370,3117,2747
353590,2008,251,2899,2648
353590,2009,324,7925,7601
353590,2010,150,11344,11194
353590,2011,150,10214,10064
353590,2012,180,10170,9990
353590,2013,245,10286,10041
353590,2014,290,11405,11115
353590,2015,224,11491,11267
353590,2016,284,12093,11809
353590,2017,374,14293,13919
353590,2018,701,14910,14209
353590,2019,1100,15044,13944
353590,2020,550,14557,14007
353590,2021,680,14755,14075
353600,1988,0,11364,11364
353600,1989,0,11637,11637
353600,1990,0,10269,10269
353600,1991,0,8368,8368
353600,1992,0,9670,9670
353600,1993,0,6012,6012
353600,1994,0,8457,8457
353600,1995,230,7497,7267
353600,1996,0,7454,7454
353600,1997,0,7124,7124
353600,1998,0,8784,8784
353600,1999,0,8993,8993
353600,2000,0,7449,7449
353600,2001,0,7596,7596
353600,2002,121,8627,8506
353600,2003,0,9863,9863
353600,2004,48,10425,10377
353600,2005,50,10546,10496
353600,2006,0,10898,10898
353600,2007,0,10827,10827
353600,2008,0,10045,10045
353600,2009,0,10021,10021
353600,2010,0,10488,10488
353600,2011,0,12888,12888
353600,2012,0,12019,12019
353600,2013,0,11563,11563
353600,2014,0,11807,11807
353600,2015,400,11588,11188
353600,2016,480,12696,12216
353600,2017,1000,10978,9978
353600,2018,1000,10821,9821
353600,2019,700,13971,13271
353600,2020,1000,11082,10082
353600,2021,500,12842,12342
353610,1988,0,3493,3493
353610,1989,0,3008,3008
353610,1990,120,2839,2719
353610,1991,120,2571,2451
353610,1992,120,2056,1936
353610,1993,0,1864,1864
353610,1994,0,1516,1516
353610,1995,250,2181,1931
353610,1996,170,2268,2098
353610,1997,195,3065,2870
353610,1998,200,2203,2003
353610,1999,200,2203,2003
353610,2000,195,2182,1987
353610,2001,250,2339,2089
353610,2002,0,2172,2172
353610,2003,0,2456,2456
353610,2004,315,2560,2245
353610,2005,325,2666,2341
353610,2006,325,2103,1778
353610,2007,325,3168,2843
353610,2008,95,4409,4314
353610,2009,850,5014,4164
353610,2010,820,4590,3770
353610,2011,820,4550,3730
353610,2012,833,4313,3480
353610,2013,640,4875,4235
353610,2014,700,5929,5229
353610,2015,700,7170,6470
353610,2016,700,7321,6621
353610,2017,1500,7344,5844
353610,2018,1468,6555,5087
353610,2019,1432,6172,4740
353610,2020,1432,6165,4733
353610,2021,700,7170,6470
353620,1988,0,3364,3364
353620,1989,0,4213,4213
353620,1990,0,3824,3824
353620,1991,0,4365,4365
353620,1992,0,3089,3089
353620,1993,0,3839,3839
353620,1994,0,4447,4447
353620,1995,0,4589,4589
353620,1996,0,3495,3495
353620,1997,0,3710,3710
353620,1998,0,3751,3751
353620,1999,0,3531,3531
353620,2000,0,3315,3315
353620,2001,0,3393,3393
353620,2002,0,3312,3312
353620,2003,0,3151,3151
353620,2004,0,2941,2941
353620,2005,0,2294,2294
353620,2006,0,3059,3059
353620,2007,0,2178,2178
353620,2008,0,3690,3690
353620,2009,0,2405,2405
353620,2010,0,1997,1997
353620,2011,0,2007,2007
353620,2012,0,1584,1584
353620,2013,0,1584,1584
353620,2014,0,1584,1584
353620,2015,0,2190,2190
353620,2016,0,3059,3059
353620,2017,0,3059,3059
353620,2018,0,3038,3038
353620,2019,0,3047,3047
353620,2020,0,3047,3047
353620,2021,0,3047,3047
353630,1988,1000,11842,10842
353630,1989,1000,13151,12151
353630,1990,1000,12073,11073
353630,1991,1000,11650,10650
353630,1992,1000,10100,9100
353630,1993,1000,9144,8144
353630,1994,1000,8968,7968
353630,1995,1000,8871,7871
353630,1996,1000,9948,8948
353630,1997,850,9451,8601
353630,1998,850,9424,8574
353630,1999,850,10685,9835
353630,2000,500,11012,10512
353630,2001,500,10472,9972
353630,2002,500,11523,11023
353630,2003,400,12496,12096
353630,2004,800,13134,12334
353630,2005,800,13313,12513
353630,2006,800,12301,11501
353630,2007,400,17331,16931
353630,2008,100,14959,14859
353630,2009,0,17967,17967
353630,2010,0,18397,18397
353630,2011,160,17705,17545
353630,2012,200,18152,17952
353630,2013,400,23469,23069
353630,2014,400,24168,23768
353630,2015,800,25069,24269
353630,2016,800,25484,24684
353630,2017,1000,25804,24804
353630,2018,700,26115,25415
353630,2019,600,25264,24664
353630,2020,800,25705,24905
353630,2021,1100,25104,24004
353640,1988,0,1983,1983
353640,1989,0,2017,2017
353640,1990,0,2111,2111
353640,1991,0,1657,1657
353640,1992,0,1718,1718
353640,1993,0,1563,1563
353640,1994,0,1714,1714
353640,1995,0,1686,1686
353640,1996,0,1356,1356
353640,1997,0,1380,1380
353640,1998,45,2025,1980
353640,1999,0,2066,2066
353640,2000,0,1826,1826
353640,2001,0,2449,2449
353640,2002,0,1475,1475
353640,2003,0,431,431
353640,2004,120,462,342
353640,2005,300,917,617
353640,2006,0,1772,1772
353640,2007,0,3974,3974
353640,2008,0,6706,6706
353640,2009,0,6712,6712
353640,2010,0,10245,10245
353640,2011,0,10410,10410
353640,2012,0,11400,11400
353640,2013,0,12882,12882
353640,2014,0,13153,13153
353640,2015,0,13188,13188
353640,2016,0,12839,12839
353640,2017,100,12948,12848
353640,2018,0,13936,13936
353640,2019,0,14013,14013
353640,2020,0,12756,12756
353640,2021,300,13026,12726
353650,1988,253,4080,3827
353650,1989,0,3833,3833
353650,1990,0,4338,4338
353650,1991,0,4421,4421
353650,1992,0,2139,2139
353650,1993,0,1008,1008
353650,1994,15,2410,2395
353650,1995,15,1035,1020
353650,1996,0,357,357
353650,1997,0,3077,3077
353650,1998,1,3194,3193
353650,1999,1,3194,3193
353650,2000,0,251,251
353650,2001,1,663,662
353650,2002,1,4555,4554
353650,2003,30,4352,4322
353650,2004,0,4232,4232
353650,2005,0,3386,3386
353650,2006,0,3498,3498
353650,2007,437,5091,4654
353650,2008,0,3368,3368
353650,2009,0,0,0
353650,2010,0,0,0
353650,2011,0,0,0
353650,2012,0,3798,3798
353650,2013,0,3811,3811
353650,2014,0,3737,3737
353650,2015,0,3675,3675
353650,2016,0,3678,3678
353650,2017,0,3678,3678
353650,2018,0,3678,3678
353650,2019,0,3678,3678
353650,2020,0,0,0
353650,2021,0,0,0
353660,1988,1000,13551,12551
353660,1989,1300,13819,12519
353660,1990,1000,12554,11554
353660,1991,1050,17154,16104
353660,1992,1000,16090,15090
353660,1993,300,12393,12093
353660,1994,750,15222,14472
353660,1995,508,14537,14029
353660,1996,363,18319,17956
353660,1997,400,14369,13969
353660,1998,600,17118,16518
353660,1999,800,21110,20310
353660,2000,800,18460,17660
353660,2001,1000,22367,21367
353660,2002,1200,22650,21450
353660,2003,2000,21600,19600
353660,2004,2000,23702,21702
353660,2005,1500,25519,24019
353660,2006,800,26938,26138
353660,2007,250,22581,22331
353660,2008,600,33082,32482
353660,2009,0,32482,32482
353660,2010,800,35699,34899
353660,2011,1200,35568,34368
353660,2012,1050,35120,34070
353660,2013,1800,35374,33574
353660,2014,1800,35301,33501
353660,2015,1800,41434,39634
353660,2016,2200,39201,37001
353660,2017,2200,43096,40896
353660,2018,2200,37214,35014
353660,2019,2600,43154,40554
353660,2020,2600,41954,39354
353660,2021,2900,42739,39839
353670,1988,40,34768,34728
353670,1989,50,25624,25574
353670,1990,75,48281,48206
353670,1991,0,28388,28388
353670,1992,0,35260,35260
353670,1993,0,27245,27245
353670,1994,200,36707,36507
353670,1995,350,44106,43756
353670,1996,0,52265,52265
353670,1997,0,31702,31702
353670,1998,261,27160,26899
353670,1999,0,30075,30075
353670,2000,0,29522,29522
353670,2001,0,31603,31603
353670,2002,19,30327,30308
353670,2003,190,29800,29610
353670,2004,780,31976,31196
353670,2005,780,30879,30099
353670,2006,650,34391,33741
353670,2007,520,30564,30044
353670,2008,780,42186,41406
353670,2009,780,50531,49751
353670,2010,780,35146,34366
353670,2011,554,37112,36558
353670,2012,554,41131,40577
353670,2013,554,41131,40577
353670,2014,554,40881,40327
353670,2015,2000,42742,40742
353670,2016,1400,40101,38701
353670,2017,1500,34993,33493
353670,2018,2100,35355,33255
353670,2019,2100,35355,33255
353670,2020,3562,41008,37446
353670,2021,3900,42039,38139
353680,1988,0,2003,2003
353680,1989,0,2410,2410
353680,1990,0,2436,2436
353680,1991,0,2361,2361
353680,1992,0,2587,2587
353680,1993,0,2547,2547
353680,1994,0,2569,2569
353680,1995,0,2688,2688
353680,1996,0,2479,2479
353680,1997,0,2281,2281
353680,1998,0,2255,2255
353680,1999,0,2404,2404
353680,2000,0,1630,1630
353680,2001,0,2073,2073
353680,2002,0,2718,2718
353680,2003,0,2855,2855
353680,2004,0,2626,2626
353680,2005,0,2009,2009
353680,2006,0,1800,1800
353680,2007,0,1834,1834
353680,2008,0,1814,1814
353680,2009,0,1812,1812
353680,2010,0,1328,1328
353680,2011,0,1492,1492
353680,2012,0,1631,1631
353680,2013,0,1604,1604
353680,2014,12,1512,1500
353680,2015,0,1491,1491
353680,2016,0,1807,1807
353680,2017,100,1987,1887
353680,2018,100,1620,1520
353680,2019,300,1821,1521
353680,2020,300,1811,1511
353680,2021,300,1811,1511
353690,1988,0,6362,6362
353690,1989,100,5716,5616
353690,1990,100,5970,5870
353690,1991,0,5465,5465
353690,1992,0,4693,4693
353690,1993,0,3952,3952
353690,1994,0,3637,3637
353690,1995,0,3349,3349
353690,1996,0,2616,2616
353690,1997,35,3574,3539
353690,1998,0,3689,3689
353690,1999,15,3931,3916
353690,2000,10,3289,3279
353690,2001,10,2607,2597
353690,2002,20,3184,3164
353690,2003,24,3399,3375
353690,2004,90,3874,3784
353690,2005,100,3032,2932
353690,2006,50,2566,2516
353690,2007,100,2139,2039
353690,2008,20,4278,4258
353690,2009,40,4700,4660
353690,2010,0,5253,5253
353690,2011,40,5887,5847
353690,2012,40,6506,6466
353690,2013,233,7215,6982
353690,2014,176,7534,7358
353690,2015,0,7712,7712
353690,2016,200,7295,7095
353690,2017,200,7365,7165
353690,2018,200,8834,8634
353690,2019,200,8381,8181
353690,2020,90,8833,8743
353690,2021,100,7901,7801
353700,1988,700,15529,14829
353700,1989,700,17797,17097
353700,1990,500,3161,2661
353700,1991,200,3371,3171
353700,1992,200,8753,8553
353700,1993,0,9368,9368
353700,1994,200,9357,9157
353700,1995,800,8597,7797
353700,1996,500,9570,9070
353700,1997,456,13263,12807
353700,1998,500,12815,12315
353700,1999,500,14654,14154
353700,2000,600,13133,12533
353700,2001,80,10794,10714
353700,2002,80,12281,12201
353700,2003,200,10098,9898
353700,2004,250,12709,12459
353700,2005,480,11638,11158
353700,2006,200,12813,12613
353700,2007,200,13038,12838
353700,2008,80,17873,17793
353700,2009,35,15715,15680
353700,2010,35,15770,15735
353700,2011,200,16204,16004
353700,2012,140,16729,16589
353700,2013,300,20334,20034
353700,2014,300,20635,20335
353700,2015,300,21568,21268
353700,2016,500,21625,21125
353700,2017,600,17993,17393
353700,2018,600,23790,23190
353700,2019,600,23782,23182
353700,2020,600,24256,23656
353700,2021,600,26349,25749
353710,1988,0,1089,1089
353710,1989,0,1089,1089
353710,1990,0,962,962
353710,1991,0,1012,1012
353710,1992,0,880,880
353710,1993,0,1065,1065
353710,1994,0,792,792
353710,1995,0,942,942
353710,1996,0,847,847
353710,1997,0,819,819
353710,1998,0,568,568
353710,1999,0,391,391
353710,2000,0,404,404
353710,2001,0,403,403
353710,2002,0,368,368
353710,2003,0,422,422
353710,2004,0,380,380
353710,2005,0,403,403
353710,2006,0,396,396
353710,2007,0,303,303
353710,2008,0,318,318
353710,2009,0,312,312
353710,2010,0,312,312
353710,2011,0,199,199
353710,2012,0,138,138
353710,2013,0,202,202
353710,2014,0,204,204
353710,2015,0,184,184
353710,2016,0,91,91
353710,2017,0,96,96
353710,2018,0,96,96
353710,2019,0,96,96
353710,2020,0,100,100
353710,2021,0,100,100
353720,1988,0,2419,2419
353720,1989,0,2403,2403
353720,1990,0,2574,2574
353720,1991,0,1782,1782
353720,1992,0,2582,2582
353720,1993,0,1761,1761
353720,1994,0,2800,2800
353720,1995,0,2000,2000
353720,1996,0,1835,1835
353720,1997,0,2180,2180
353720,1998,0,1933,1933
353720,1999,0,3000,3000
353720,2000,0,3130,3130
353720,2001,0,2870,2870
353720,2002,0,3738,3738
353720,2003,0,2790,2790
353720,2004,0,2711,2711
353720,2005,0,3370,3370
353720,2006,0,3370,3370
353720,2007,0,3190,3190
353720,2008,0,3200,3200
353720,2009,0,3200,3200
353720,2010,0,3050,3050
353720,2011,0,3045,3045
353720,2012,0,3065,3065
353720,2013,0,3065,3065
353720,2014,0,1834,1834
353720,2015,0,1846,1846
353720,2016,0,1840,1840
353720,2017,0,1288,1288
353720,2018,0,1842,1842
353720,2019,0,1291,1291
353720,2020,0,1291,1291
353720,2021,0,1291,1291
353730,1988,226,18801,18575
353730,1989,300,20477,20177
353730,1990,0,19611,19611
353730,1991,0,15361,15361
353730,1992,0,18691,18691
353730,1993,50,18416,18366
353730,1994,30,18212,18182
353730,1995,60,23040,22980
353730,1996,50,18794,18744
353730,1997,90,19727,19637
353730,1998,120,25102,24982
353730,1999,360,24794,24434
353730,2000,480,24301,23821
353730,2001,500,24038,23538
353730,2002,500,28131,27631
353730,2003,700,31246,30546
353730,2004,900,31261,30361
353730,2005,350,21948,21598
353730,2006,380,33418,33038
353730,2007,380,33880,33500
353730,2008,304,39179,38875
353730,2009,0,38082,38082
353730,2010,350,42462,42112
353730,2011,350,42548,42198
353730,2012,350,39642,39292
353730,2013,2000,37673,35673
353730,2014,7000,39923,32923
353730,2015,200,33247,33047
353730,2016,300,31430,31130
353730,2017,300,27938,27638
353730,2018,300,34177,33877
353730,2019,4800,45146,40346
353730,2020,4800,43760,38960
353730,2021,4800,28940,24140
353740,1988,500,18940,18440
353740,1989,1500,19892,18392
353740,1990,200,19923,19723
353740,1991,0,16554,16554
353740,1992,0,29582,29582
353740,1993,0,38062,38062
353740,1994,0,27320,27320
353740,1995,0,17747,17747
353740,1996,558,23254,22696
353740,1997,558,16132,15574
353740,1998,940,12772,11832
353740,1999,479,12414,11935
353740,2000,920,17953,17033
353740,2001,0,12991,12991
353740,2002,500,13246,12746
353740,2003,1091,25124,24033
353740,2004,1950,25118,23168
353740,2005,2320,24081,21761
353740,2006,1527,23597,22070
353740,2007,1184,20028,18844
353740,2008,1125,49032,47907
353740,2009,2710,66664,63954
353740,2010,2200,65794,63594
353740,2011,1820,51042,49222
353740,2012,1720,54992,53272
353740,2013,842,51542,50700
353740,2014,955,57954,56999
353740,2015,1045,53079,52034
353740,2016,1495,57191,55696
353740,2017,2060,55065,53005
353740,2018,1955,60036,58081
353740,2019,2342,70257,67915
353740,2020,3007,67899,64892
353740,2021,2772,64525,61753
353750,1988,0,1127,1127
353750,1989,0,1055,1055
353750,1990,0,1060,1060
353750,1991,0,710,710
353750,1992,0,870,870
353750,1993,0,578,578
353750,1994,0,603,603
353750,1995,0,490,490
353750,1996,0,400,400
353750,1997,0,625,625
353750,1998,0,1216,1216
353750,1999,0,1251,1251
353750,2000,70,1343,1273
353750,2001,70,1107,1037
353750,2002,25,1164,1139
353750,2003,25,1164,1139
353750,2004,25,1063,1038
353750,2005,0,1315,1315
353750,2006,0,1031,1031
353750,2007,74,2050,1976
353750,2008,0,753,753
353750,2009,0,15,15
353750,2010,0,400,400
353750,2011,20,365,345
353750,2012,20,607,587
353750,2013,0,750,750
353750,2014,0,760,760
353750,2015,0,790,790
353750,2016,0,640,640
353750,2017,0,640,640
353750,2018,0,265,265
353750,2019,0,765,765
353750,2020,0,765,765
353750,2021,0,767,767
353760,1988,0,2044,2044
353760,1989,0,2031,2031
353760,1990,0,2150,2150
353760,1991,0,1701,1701
353760,1992,0,2275,2275
353760,1993,0,1779,1779
353760,1994,0,1524,1524
353760,1995,0,1670,1670
353760,1996,0,1702,1702
353760,1997,0,2017,2017
353760,1998,0,1797,1797
353760,1999,0,1722,1722
353760,2000,0,1509,1509
353760,2001,0,1447,1447
353760,2002,0,2156,2156
353760,2003,0,1400,1400
353760,2004,0,1550,1550
353760,2005,0,1949,1949
353760,2006,0,1949,1949
353760,2007,0,1949,1949
353760,2008,0,1980,1980
353760,2009,0,1980,1980
353760,2010,0,1782,1782
353760,2011,0,1782,1782
353760,2012,0,1782,1782
353760,2013,0,1782,1782
353760,2014,0,1821,1821
353760,2015,0,1756,1756
353760,2016,0,1750,1750
353760,2017,0,1802,1802
353760,2018,0,1750,1750
353760,2019,0,555,555
353760,2020,0,617,617
353760,2021,0,617,617
353770,1988,0,4355,4355
353770,1989,25,6031,6006
353770,1990,0,4900,4900
353770,1991,0,8197,8197
353770,1992,0,5342,5342
353770,1993,0,3210,3210
353770,1994,0,3897,3897
353770,1995,0,5067,5067
353770,1996,0,3522,3522
353770,1997,0,4569,4569
353770,1998,100,3653,3553
353770,1999,40,5241,5201
353770,2000,45,4313,4268
353770,2001,0,3863,3863
353770,2002,110,5838,5728
353770,2003,194,4779,4585
353770,2004,460,5668,5208
353770,2005,450,6732,6282
353770,2006,0,5386,5386
353770,2007,0,6719,6719
353770,2008,0,8174,8174
353770,2009,0,7322,7322
353770,2010,206,7365,7159
353770,2011,200,6753,6553
353770,2012,0,5965,5965
353770,2013,0,7064,7064
353770,2014,120,7699,7579
353770,2015,484,6132,5648
353770,2016,480,8531,8051
353770,2017,100,7768,7668
353770,2018,280,7619,7339
353770,2019,40,6996,6956
353770,2020,160,7085,6925
353770,2021,1700,8734,7034
353780,1988,0,8986,8986
353780,1989,0,8468,8468
353780,1990,0,8595,8595
353780,1991,0,8596,8596
353780,1992,0,7472,7472
353780,1993,0,7112,7112
353780,1994,0,6663,6663
353780,1995,0,7045,7045
353780,1996,0,5233,5233
353780,1997,0,3682,3682
353780,1998,0,5065,5065
353780,1999,0,5891,5891
353780,2000,0,6498,6498
353780,2001,0,4620,4620
353780,2002,0,4343,4343
353780,2003,0,4718,4718
353780,2004,0,2582,2582
353780,2005,0,3074,3074
353780,2006,0,2968,2968
353780,2007,0,3215,3215
353780,2008,0,3131,3131
353780,2009,0,2567,2567
353780,2010,290,3231,2941
353780,2011,0,2402,2402
353780,2012,0,2388,2388
353780,2013,290,4695,4405
353780,2014,290,4795,4505
353780,2015,290,5215,4925
353780,2016,0,3703,3703
353780,2017,200,3824,3624
353780,2018,200,3824,3624
353780,2019,100,3288,3188
353780,2020,200,2422,2222
353780,2021,200,2417,2217
353790,1988,0,13041,13041
353790,1989,0,11189,11189
353790,1990,0,11674,11674
353790,1991,0,15015,15015
353790,1992,0,12544,12544
353790,1993,0,10918,10918
353790,1994,0,10782,10782
353790,1995,0,16856,16856
353790,1996,0,8627,8627
353790,1997,0,11376,11376
353790,1998,0,10435,10435
353790,1999,0,10083,10083
353790,2000,0,10094,10094
353790,2001,0,9528,9528
353790,2002,0,8947,8947
353790,2003,0,11043,11043
353790,2004,0,10514,10514
353790,2005,0,10795,10795
353790,2006,0,10925,10925
353790,2007,0,8441,8441
353790,2008,0,9833,9833
353790,2009,0,9079,9079
353790,2010,242,11308,11066
353790,2011,242,11354,11112
353790,2012,242,11218,10976
353790,2013,545,11424,10879
353790,2014,1800,12820,11020
353790,2015,5000,20405,15405
353790,2016,5000,19982,14982
353790,2017,7000,21654,14654
353790,2018,7000,19456,12456
353790,2019,7000,21040,14040
353790,2020,7500,20000,12500
353790,2021,9000,22398,13398
353800,1988,0,7301,7301
353800,1989,0,7803,7803
353800,1990,0,7027,7027
353800,1991,0,5402,5402
353800,1992,0,6265,6265
353800,1993,0,6302,6302
353800,1994,0,6174,6174
353800,1995,0,5171,5171
353800,1996,0,5541,5541
353800,1997,0,5356,5356
353800,1998,0,3517,3517
353800,1999,0,4181,4181
353800,2000,10,3990,3980
353800,2001,0,3229,3229
353800,2002,0,3668,3668
353800,2003,0,3446,3446
353800,2004,0,3630,3630
353800,2005,0,3458,3458
353800,2006,0,3355,3355
353800,2007,0,3478,3478
353800,2008,0,3153,3153
353800,2009,0,2958,2958
353800,2010,0,3337,3337
353800,2011,0,3337,3337
353800,2012,0,2946,2946
353800,2013,0,2964,2964
353800,2014,0,1899,1899
353800,2015,0,1695,1695
353800,2016,390,1843,1453
353800,2017,390,1843,1453
353800,2018,430,2066,1636
353800,2019,490,1901,1411
353800,2020,620,1928,1308
353800,2021,820,3157,2337
353810,1988,0,10604,10604
353810,1989,0,10465,10465
353810,1990,0,10225,10225
353810,1991,0,10065,10065
353810,1992,0,10140,10140
353810,1993,0,10037,10037
353810,1994,0,5756,5756
353810,1995,0,10589,10589
353810,1996,0,9385,9385
353810,1997,0,9059,9059
353810,1998,0,10992,10992
353810,1999,0,10644,10644
353810,2000,0,8109,8109
353810,2001,0,8548,8548
353810,2002,0,8231,8231
353810,2003,121,8496,8375
353810,2004,180,8673,8493
353810,2005,470,9924,9454
353810,2006,0,8940,8940
353810,2007,0,9015,9015
353810,2008,0,10869,10869
353810,2009,0,10816,10816
353810,2010,0,10766,10766
353810,2011,0,10791,10791
353810,2012,0,10219,10219
353810,2013,0,10165,10165
353810,2014,0,10236,10236
353810,2015,0,10209,10209
353810,2016,30,10227,10197
353810,2017,0,9009,9009
353810,2018,35,9237,9202
353810,2019,200,9492,9292
353810,2020,200,9494,9294
353810,2021,200,9323,9123
353820,1988,0,1319,1319
353820,1989,0,1327,1327
353820,1990,0,1312,1312
353820,1991,0,1306,1306
353820,1992,0,1361,1361
353820,1993,0,1364,1364
353820,1994,0,1314,1314
353820,1995,0,1707,1707
353820,1996,0,1630,1630
353820,1997,0,1427,1427
353820,1998,0,1823,1823
353820,1999,0,2016,2016
353820,2000,0,1781,1781
353820,2001,0,2053,2053
353820,2002,0,2373,2373
353820,2003,0,2441,2441
353820,2004,0,2613,2613
353820,2005,0,2559,2559
353820,2006,0,2329,2329
353820,2007,0,2569,2569
353820,2008,0,2975,2975
353820,2009,0,2978,2978
353820,2010,0,2932,2932
353820,2011,0,2561,2561
353820,2012,0,1857,1857
353820,2013,0,1832,1832
353820,2014,0,1507,1507
353820,2015,0,1407,1407
353820,2016,0,1307,1307
353820,2017,0,1307,1307
353820,2018,0,1266,1266
353820,2019,0,1256,1256
353820,2020,600,1836,1236
353820,2021,600,1836,1236
353830,1988,0,3521,3521
353830,1989,0,2994,2994
353830,1990,0,3738,3738
353830,1991,0,3550,3550
353830,1992,0,3657,3657
353830,1993,0,1186,1186
353830,1994,0,1244,1244
353830,1995,0,985,985
353830,1996,0,953,953
353830,1997,324,1548,1224
353830,1998,363,1777,1414
353830,1999,250,1155,905
353830,2000,378,1825,1447
353830,2001,315,1277,962
353830,2002,150,1548,1398
353830,2003,145,1451,1306
353830,2004,150,1132,982
353830,2005,435,2280,1845
353830,2006,0,3209,3209
353830,2007,0,3558,3558
353830,2008,0,3791,3791
353830,2009,0,3462,3462
353830,2010,0,3898,3898
353830,2011,0,4012,4012
353830,2012,0,3856,3856
353830,2013,0,3837,3837
353830,2014,0,3969,3969
353830,2015,0,4224,4224
353830,2016,0,1991,1991
353830,2017,375,1675,1300
353830,2018,200,1164,964
353830,2019,200,1335,1135
353830,2020,280,1773,1493
353830,2021,262,1665,1403
353850,1988,0,163,163
353850,1989,0,250,250
353850,1990,0,250,250
353850,1991,0,750,750
353850,1992,0,250,250
353850,1993,0,150,150
353850,1994,0,206,206
353850,1995,0,290,290
353850,1996,0,15,15
353850,1997,0,188,188
353850,1998,0,140,140
353850,1999,0,148,148
353850,2000,0,122,122
353850,2001,0,175,175
353850,2002,0,169,169
353850,2003,0,189,189
353850,2004,0,189,189
353850,2005,0,189,189
353850,2006,0,189,189
353850,2007,0,178,178
353850,2008,0,109,109
353850,2009,0,107,107
353850,2010,0,107,107
353850,2011,0,101,101
353850,2012,0,101,101
353850,2013,0,50,50
353850,2014,0,50,50
353850,2015,0,110,110
353850,2016,0,110,110
353850,2017,0,50,50
353850,2018,0,40,40
353850,2019,0,50,50
353850,2020,0,50,50
353850,2021,0,52,52
353860,1988,1,1279,1278
353860,1989,2,1454,1452
353860,1990,0,1106,1106
353860,1991,0,969,969
353860,1992,0,920,920
353860,1993,0,801,801
353860,1994,0,919,919
353860,1995,0,999,999
353860,1996,0,987,987
353860,1997,0,1037,1037
353860,1998,0,1109,1109
353860,1999,0,1025,1025
353860,2000,0,894,894
353860,2001,0,1064,1064
353860,2002,0,1160,1160
353860,2003,0,1164,1164
353860,2004,0,1201,1201
353860,2005,0,1304,1304
353860,2006,0,3665,3665
353860,2007,0,1227,1227
353860,2008,0,1172,1172
353860,2009,0,1172,1172
353860,2010,0,1038,1038
353860,2011,0,809,809
353860,2012,0,252,252
353860,2013,0,264,264
353860,2014,0,280,280
353860,2015,0,310,310
353860,2016,0,327,327
353860,2017,0,327,327
353860,2018,0,275,275
353860,2019,0,266,266
353860,2020,0,259,259
353860,2021,0,258,258
353870,1988,167,58062,57895
353870,1989,167,57485,57318
353870,1990,0,45760,45760
353870,1991,0,56554,56554
353870,1992,0,57152,57152
353870,1993,0,54447,54447
353870,1994,0,54534,54534
353870,1995,0,56186,56186
353870,1996,0,62536,62536
353870,1997,0,54888,54888
353870,1998,97,50941,50844
353870,1999,0,46727,46727
353870,2000,0,48291,48291
353870,2001,100,48629,48529
353870,2002,138,48608,48470
353870,2003,138,48323,48185
353870,2004,140,49351,49211
353870,2005,155,49293,49138
353870,2006,267,48655,48388
353870,2007,265,57190,56925
353870,2008,220,59573,59353
353870,2009,220,69855,69635
353870,2010,220,69427,69207
353870,2011,272,69176,68904
353870,2012,272,62933,62661
353870,2013,272,63022,62750
353870,2014,300,61666,61366
353870,2015,400,57970,57570
353870,2016,514,57736,57222
353870,2017,514,57727,57213
353870,2018,514,57647,57133
353870,2019,1214,57636,56422
353870,2020,1214,57625,56411
353870,2021,1214,57641,56427
353880,1988,496,10099,9603
353880,1989,450,9599,9149
353880,1990,360,9857,9497
353880,1991,700,11614,10914
353880,1992,300,10423,10123
353880,1993,500,11926,11426
353880,1994,300,10828,10528
353880,1995,300,9313,9013
353880,1996,360,7847,7487
353880,1997,360,8791,8431
353880,1998,420,9124,8704
353880,1999,420,9230,8810
353880,2000,400,8439,8039
353880,2001,400,9258,8858
353880,2002,750,8537,7787
353880,2003,700,8840,8140
353880,2004,850,8502,7652
353880,2005,850,9459,8609
353880,2006,790,11259,10469
353880,2007,630,8811,8181
353880,2008,660,7663,7003
353880,2009,674,7723,7049
353880,2010,1750,12289,10539
353880,2011,1750,12369,10619
353880,2012,1800,14317,12517
353880,2013,3500,16047,12547
353880,2014,4700,17207,12507
353880,2015,4700,17207,12507
353880,2016,6000,18816,12816
353880,2017,6000,19316,13316
353880,2018,6000,19316,13316
353880,2019,9500,23596,14096
353880,2020,9500,23696,14196
353880,2021,9300,23021,13721
353890,1988,0,16392,16392
353890,1989,0,10199,10199
353890,1990,0,8152,8152
353890,1991,0,7163,7163
353890,1992,0,5951,5951
353890,1993,0,3254,3254
353890,1994,0,4455,4455
353890,1995,0,9601,9601
353890,1996,0,3423,3423
353890,1997,0,3111,3111
353890,1998,0,4318,4318
353890,1999,0,4758,4758
353890,2000,0,3595,3595
353890,2001,0,4162,4162
353890,2002,0,3425,3425
353890,2003,0,4476,4476
353890,2004,1090,4166,3076
353890,2005,1090,5580,4490
353890,2006,1090,8770,7680
353890,2007,1090,5026,3936
353890,2008,1300,10891,9591
353890,2009,1300,16450,15150
353890,2010,1300,17412,16112
353890,2011,0,18773,18773
353890,2012,0,21907,21907
353890,2013,0,21907,21907
353890,2014,0,21907,21907
353890,2015,0,20788,20788
353890,2016,900,22109,21209
353890,2017,1000,22594,21594
353890,2018,1200,29330,28130
353890,2019,1200,29330,28130
353890,2020,1650,25898,24248
353890,2021,1750,26214,24464
353900,1988,0,10312,10312
353900,1989,0,11121,11121
353900,1990,0,12815,12815
353900,1991,0,12760,12760
353900,1992,0,12335,12335
353900,1993,0,10290,10290
353900,1994,0,10752,10752
353900,1995,0,10217,10217
353900,1996,0,11388,11388
353900,1997,0,11123,11123
353900,1998,0,13562,13562
353900,1999,0,13489,13489
353900,2000,0,11649,11649
353900,2001,0,11969,11969
353900,2002,0,14071,14071
353900,2003,0,11378,11378
353900,2004,70,11942,11872
353900,2005,70,11542,11472
353900,2006,50,14767,14717
353900,2007,50,14021,13971
353900,2008,35,15630,15595
353900,2009,0,13663,13663
353900,2010,0,13645,13645
353900,2011,0,13642,13642
353900,2012,0,13639,13639
353900,2013,0,13894,13894
353900,2014,0,14022,14022
353900,2015,0,13811,13811
353900,2016,40,13966,13926
353900,2017,70,13895,13825
353900,2018,70,15194,15124
353900,2019,400,14305,13905
353900,2020,250,14140,13890
353900,2021,250,14690,14440
353910,1988,0,170,170
353910,1989,0,139,139
353910,1990,0,133,133
353910,1991,0,102,102
353910,1992,0,10,10
353910,1993,0,0,0
353910,1994,0,0,0
353910,1995,0,0,0
353910,1996,0,0,0
353910,1997,0,0,0
353910,1998,0,0,0
353910,1999,0,0,0
353910,2000,0,0,0
353910,2001,0,80,80
353910,2002,0,0,0
353910,2003,0,0,0
353910,2004,0,0,0
353910,2005,0,0,0
353910,2006,0,0,0
353910,2007,0,0,0
353910,2008,0,0,0
353910,2009,0,0,0
353910,2010,0,0,0
353910,2011,0,0,0
353910,2012,0,0,0
353910,2013,0,0,0
353910,2014,0,0,0
353910,2015,0,0,0
353910,2016,0,0,0
353910,2017,0,0,0
353910,2018,0,0,0
353910,2019,0,0,0
353910,2020,0,0,0
353910,2021,0,0,0
353920,1988,600,8166,7566
353920,1989,700,7540,6840
353920,1990,0,4227,4227
353920,1991,200,6927,6727
353920,1992,200,7787,7587
353920,1993,100,5968,5868
353920,1994,1000,8316,7316
353920,1995,200,7251,7051
353920,1996,200,6371,6171
353920,1997,0,5174,5174
353920,1998,1700,8658,6958
353920,1999,1500,8735,7235
353920,2000,1500,7164,5664
353920,2001,1200,5560,4360
353920,2002,2100,6968,4868
353920,2003,2022,6616,4594
353920,2004,5200,11169,5969
353920,2005,4860,10372,5512
353920,2006,3000,7881,4881
353920,2007,363,4470,4107
353920,2008,1200,12070,10870
353920,2009,0,20777,20777
353920,2010,0,20473,20473
353920,2011,0,20834,20834
353920,2012,0,20862,20862
353920,2013,363,23700,23337
353920,2014,360,25144,24784
353920,2015,360,25204,24844
353920,2016,360,10201,9841
353920,2017,150,9740,9590
353920,2018,600,12094,11494
353920,2019,600,12094,11494
353920,2020,612,19961,19349
353920,2021,600,12106,11506
353930,1988,4200,39233,35033
353930,1989,6365,46756,40391
353930,1990,4791,35182,30391
353930,1991,6800,40692,33892
353930,1992,4800,39074,34274
353930,1993,1008,30651,29643
353930,1994,2500,43563,41063
353930,1995,2800,38398,35598
353930,1996,4000,44272,40272
353930,1997,4000,54489,50489
353930,1998,4000,52305,48305
353930,1999,4000,54261,50261
353930,2000,4250,40994,36744
353930,2001,4500,39196,34696
353930,2002,4000,51213,47213
353930,2003,5000,39847,34847
353930,2004,5000,51791,46791
353930,2005,5000,40633,35633
353930,2006,5000,39399,34399
353930,2007,3500,34769,31269
353930,2008,2400,42221,39821
353930,2009,1300,39061,37761
353930,2010,1200,38879,37679
353930,2011,1200,39484,38284
353930,2012,1500,39316,37816
353930,2013,1850,39981,38131
353930,2014,2000,40185,38185
353930,2015,2000,39682,37682
353930,2016,4000,38972,34972
353930,2017,5000,41280,36280
353930,2018,5000,37477,32477
353930,2019,5500,39869,34369
353930,2020,5500,36598,31098
353930,2021,6000,37457,31457
353940,1988,0,4441,4441
353940,1989,0,4515,4515
353940,1990,0,5123,5123
353940,1991,0,5324,5324
353940,1992,0,8296,8296
353940,1993,0,3212,3212
353940,1994,0,4138,4138
353940,1995,0,5104,5104
353940,1996,0,5346,5346
353940,1997,0,5349,5349
353940,1998,0,6200,6200
353940,1999,0,6563,6563
353940,2000,0,2712,2712
353940,2001,0,3541,3541
353940,2002,0,1677,1677
353940,2003,0,1695,1695
353940,2004,0,1883,1883
353940,2005,290,1303,1013
353940,2006,0,1003,1003
353940,2007,0,1277,1277
353940,2008,0,1514,1514
353940,2009,0,1489,1489
353940,2010,0,1507,1507
353940,2011,0,3227,3227
353940,2012,0,3015,3015
353940,2013,0,3015,3015
353940,2014,0,3277,3277
353940,2015,0,3133,3133
353940,2016,0,3133,3133
353940,2017,100,3837,3737
353940,2018,150,3998,3848
353940,2019,150,3833,3683
353940,2020,180,3785,3605
353940,2021,290,3836,3546
353950,1988,2000,38860,36860
353950,1989,2000,40733,38733
353950,1990,2000,36737,34737
353950,1991,1800,35604,33804
353950,1992,1800,37487,35687
353950,1993,600,24331,23731
353950,1994,600,32009,31409
353950,1995,800,29114,28314
353950,1996,1800,27935,26135
353950,1997,4000,40919,36919
353950,1998,3100,39784,36684
353950,1999,2100,38175,36075
353950,2000,1310,32707,31397
353950,2001,3600,43054,39454
353950,2002,997,38323,37326
353950,2003,1047,38757,37710
353950,2004,1600,40951,39351
353950,2005,1500,41108,39608
353950,2006,1500,41405,39905
353950,2007,950,40587,39637
353950,2008,1200,41788,40588
353950,2009,1000,40483,39483
353950,2010,1000,40001,39001
353950,2011,1000,41681,40681
353950,2012,500,40476,39976
353950,2013,300,40549,40249
353950,2014,960,41634,40674
353950,2015,673,41341,40668
353950,2016,665,41235,40570
353950,2017,1226,41809,40583
353950,2018,1226,41663,40437
353950,2019,730,38648,37918
353950,2020,650,36865,36215
353950,2021,700,38935,38235
353960,1988,150,14369,14219
353960,1989,200,16087,15887
353960,1990,300,13379,13079
353960,1991,300,13748,13448
353960,1992,300,14015,13715
353960,1993,500,14758,14258
353960,1994,560,11815,11255
353960,1995,550,13548,12998
353960,1996,230,9589,9359
353960,1997,280,10486,10206
353960,1998,230,10110,9880
353960,1999,230,11479,11249
353960,2000,600,9853,9253
353960,2001,400,9913,9513
353960,2002,800,10433,9633
353960,2003,1100,13416,12316
353960,2004,1500,13220,11720
353960,2005,1300,15179,13879
353960,2006,1100,14818,13718
353960,2007,600,18596,17996
353960,2008,600,17466,16866
353960,2009,420,21653,21233
353960,2010,650,27619,26969
353960,2011,550,24064,23514
353960,2012,420,23672,23252
353960,2013,550,23066,22516
353960,2014,400,23157,22757
353960,2015,400,21456,21056
353960,2016,500,20004,19504
353960,2017,550,24170,23620
353960,2018,650,24289,23639
353960,2019,800,23613,22813
353960,2020,1350,24934,23584
353960,2021,1800,25399,23599
353970,1988,2000,9950,7950
353970,1989,3000,12280,9280
353970,1990,3000,10980,7980
353970,1991,2000,15450,13450
353970,1992,2000,19250,17250
353970,1993,2000,20800,18800
353970,1994,2700,20810,18110
353970,1995,2900,21081,18181
353970,1996,3500,18541,15041
353970,1997,5900,17923,12023
353970,1998,5000,15403,10403
353970,1999,5400,15110,9710
353970,2000,5000,14302,9302
353970,2001,4000,13497,9497
353970,2002,4500,13873,9373
353970,2003,6000,16062,10062
353970,2004,7000,19348,12348
353970,2005,7000,18929,11929
353970,2006,6050,18130,12080
353970,2007,4200,18830,14630
353970,2008,7692,23846,16154
353970,2009,8000,21676,13676
353970,2010,8000,24555,16555
353970,2011,8300,25078,16778
353970,2012,8300,24338,16038
353970,2013,8500,24231,15731
353970,2014,8500,26144,17644
353970,2015,8800,25976,17176
353970,2016,8800,26866,18066
353970,2017,10000,27041,17041
353970,2018,8800,27053,18253
353970,2019,9010,27433,18423
353970,2020,9010,27893,18883
353970,2021,10310,20779,10469
353980,1988,0,6,6
353980,1989,0,6,6
353980,1990,0,5,5
353980,1991,0,58,58
353980,1992,0,5,5
353980,1993,0,10,10
353980,1994,0,55,55
353980,1995,0,10,10
353980,1996,0,0,0
353980,1997,0,6,6
353980,1998,0,20,20
353980,1999,0,20,20
353980,2000,0,6,6
353980,2001,0,0,0
353980,2002,0,0,0
353980,2003,0,0,0
353980,2004,0,0,0
353980,2005,0,0,0
353980,2006,0,0,0
353980,2007,0,0,0
353980,2008,0,0,0
353980,2009,0,0,0
353980,2010,0,0,0
353980,2011,0,0,0
353980,2012,0,0,0
353980,2013,0,0,0
353980,2014,0,0,0
353980,2015,0,0,0
353980,2016,0,0,0
353980,2017,0,0,0
353980,2018,0,0,0
353980,2019,0,0,0
353980,2020,0,0,0
353980,2021,0,0,0
353990,1988,0,4108,4108
353990,1989,0,5108,5108
353990,1990,0,4637,4637
353990,1991,0,3245,3245
353990,1992,0,4050,4050
353990,1993,0,3902,3902
353990,1994,0,4051,4051
353990,1995,0,4479,4479
353990,1996,0,4151,4151
353990,1997,0,3860,3860
353990,1998,0,3186,3186
353990,1999,0,3833,3833
353990,2000,0,3667,3667
353990,2001,0,3492,3492
353990,2002,0,3317,3317
353990,2003,100,3708,3608
353990,2004,100,3852,3752
353990,2005,100,4030,3930
353990,2006,0,4312,4312
353990,2007,0,7984,7984
353990,2008,40,4844,4804
353990,2009,0,7345,7345
353990,2010,0,7345,7345
353990,2011,0,6768,6768
353990,2012,0,7650,7650
353990,2013,0,7650,7650
353990,2014,0,7635,7635
353990,2015,0,7585,7585
353990,2016,100,7772,7672
353990,2017,70,7702,7632
353990,2018,100,7682,7582
353990,2019,100,7771,7671
353990,2020,200,7856,7656
353990,2021,100,7850,7750
354000,1988,0,6914,6914
354000,1989,0,7645,7645
354000,1990,0,7344,7344
354000,1991,0,6578,6578
354000,1992,0,7210,7210
354000,1993,0,4783,4783
354000,1994,0,6376,6376
354000,1995,0,6158,6158
354000,1996,0,5127,5127
354000,1997,0,4279,4279
354000,1998,0,4722,4722
354000,1999,0,3335,3335
354000,2000,0,4190,4190
354000,2001,0,3564,3564
354000,2002,0,3200,3200
354000,2003,30,3414,3384
354000,2004,230,3017,2787
354000,2005,200,4777,4577
354000,2006,100,6317,6217
354000,2007,100,7807,7707
354000,2008,605,8272,7667
354000,2009,0,4625,4625
354000,2010,0,12528,12528
354000,2011,0,12110,12110
354000,2012,0,12857,12857
354000,2013,0,17593,17593
354000,2014,0,15547,15547
354000,2015,0,18216,18216
354000,2016,0,17526,17526
354000,2017,50,17626,17576
354000,2018,80,18066,17986
354000,2019,100,18174,18074
354000,2020,300,19371,19071
354000,2021,300,17995,17695
354010,1988,0,3053,3053
354010,1989,0,2886,2886
354010,1990,0,2891,2891
354010,1991,0,1842,1842
354010,1992,0,1345,1345
354010,1993,0,1465,1465
354010,1994,0,1212,1212
354010,1995,15,1259,1244
354010,1996,0,1436,1436
354010,1997,0,1656,1656
354010,1998,0,2152,2152
354010,1999,0,2607,2607
354010,2000,0,2837,2837
354010,2001,0,2700,2700
354010,2002,0,2252,2252
354010,2003,0,2805,2805
354010,2004,0,2111,2111
354010,2005,0,2425,2425
354010,2006,450,2703,2253
354010,2007,450,3312,2862
354010,2008,360,2613,2253
354010,2009,0,3807,3807
354010,2010,0,4957,4957
354010,2011,0,4943,4943
354010,2012,0,300,300
354010,2013,0,5861,5861
354010,2014,0,6164,6164
354010,2015,0,6125,6125
354010,2016,30,5285,5255
354010,2017,30,5133,5103
354010,2018,36,6781,6745
354010,2019,150,6265,6115
354010,2020,100,6251,6151
354010,2021,130,6359,6229
354020,1988,900,24839,23939
354020,1989,1600,21257,19657
354020,1990,2000,38551,36551
354020,1991,1016,24047,23031
354020,1992,1300,24061,22761
354020,1993,800,26200,25400
354020,1994,1200,29000,27800
354020,1995,1200,25515,24315
354020,1996,1000,25746,24746
354020,1997,1000,25815,24815
354020,1998,1500,24001,22501
354020,1999,1000,24471,23471
354020,2000,1200,25133,23933
354020,2001,1200,25220,24020
354020,2002,900,24940,24040
354020,2003,1600,25020,23420
354020,2004,1500,26175,24675
354020,2005,1600,25445,23845
354020,2006,1600,24920,23320
354020,2007,1000,24320,23320
354020,2008,1280,24826,23546
354020,2009,1000,23500,22500
354020,2010,1000,23500,22500
354020,2011,1000,30245,29245
354020,2012,1000,30245,29245
354020,2013,1000,30245,29245
354020,2014,1000,30245,29245
354020,2015,1500,29067,27567
354020,2016,1500,29067,27567
354020,2017,1320,28887,27567
354020,2018,1320,28887,27567
354020,2019,1320,28880,27560
354020,2020,1320,28880,27560
354020,2021,1320,28880,27560
354030,1988,1700,4114,2414
354030,1989,1900,4894,2994
354030,1990,1900,4997,3097
354030,1991,2000,9054,7054
354030,1992,2000,6204,4204
354030,1993,1600,5291,3691
354030,1994,1500,6813,5313
354030,1995,1500,7263,5763
354030,1996,2800,8417,5617
354030,1997,2900,8068,5168
354030,1998,2350,5573,3223
354030,1999,2400,5751,3351
354030,2000,1700,4918,3218
354030,2001,1500,4442,2942
354030,2002,484,3009,2525
354030,2003,350,1804,1454
354030,2004,350,1935,1585
354030,2005,1600,4963,3363
354030,2006,2000,7952,5952
354030,2007,1200,10684,9484
354030,2008,1600,12891,11291
354030,2009,73,11796,11723
354030,2010,73,11815,11742
354030,2011,900,13445,12545
354030,2012,900,12441,11541
354030,2013,1300,13078,11778
354030,2014,1070,13057,11987
354030,2015,1450,13337,11887
354030,2016,870,13093,12223
354030,2017,1350,13618,12268
354030,2018,1510,11398,9888
354030,2019,348,9764,9416
354030,2020,1300,10089,8789
354030,2021,1200,10112,8912
354040,1988,120,8135,8015
354040,1989,300,8976,8676
354040,1990,150,5430,5280
354040,1991,96,8056,7960
354040,1992,200,7016,6816
354040,1993,90,4899,4809
354040,1994,100,5431,5331
354040,1995,0,5683,5683
354040,1996,70,5337,5267
354040,1997,145,4124,3979
354040,1998,196,3432,3236
354040,1999,100,3738,3638
354040,2000,70,3751,3681
354040,2001,70,3942,3872
354040,2002,70,3767,3697
354040,2003,0,4278,4278
354040,2004,194,5403,5209
354040,2005,194,4894,4700
354040,2006,200,5991,5791
354040,2007,200,5595,5395
354040,2008,180,9787,9607
354040,2009,200,9343,9143
354040,2010,242,11231,10989
354040,2011,150,11075,10925
354040,2012,150,11450,11300
354040,2013,96,12796,12700
354040,2014,0,13433,13433
354040,2015,0,13380,13380
354040,2016,230,13906,13676
354040,2017,40,11773,11733
354040,2018,50,11666,11616
354040,2019,550,12570,12020
354040,2020,200,12170,11970
354040,2021,200,12170,11970
354050,1988,0,2659,2659
354050,1989,0,2150,2150
354050,1990,0,2080,2080
354050,1991,0,1880,1880
354050,1992,0,1510,1510
354050,1993,0,1920,1920
354050,1994,0,1820,1820
354050,1995,0,2130,2130
354050,1996,0,741,741
354050,1997,0,2120,2120
354050,1998,0,2165,2165
354050,1999,0,2235,2235
354050,2000,0,1057,1057
354050,2001,0,1066,1066
354050,2002,0,1466,1466
354050,2003,0,555,555
354050,2004,0,551,551
354050,2005,0,705,705
354050,2006,0,919,919
354050,2007,0,761,761
354050,2008,0,770,770
354050,2009,0,1431,1431
354050,2010,0,1200,1200
354050,2011,0,1200,1200
354050,2012,0,9,9
354050,2013,40,1396,1356
354050,2014,40,1366,1326
354050,2015,93,1560,1467
354050,2016,40,990,950
354050,2017,0,1654,1654
354050,2018,160,1693,1533
354050,2019,160,1696,1536
354050,2020,160,1696,1536
354050,2021,160,1461,1301
354060,1988,0,22204,22204
354060,1989,0,23737,23737
354060,1990,0,23353,23353
354060,1991,0,24042,24042
354060,1992,0,24608,24608
354060,1993,0,14792,14792
354060,1994,0,21402,21402
354060,1995,0,20722,20722
354060,1996,0,20828,20828
354060,1997,0,21167,21167
354060,1998,0,20417,20417
354060,1999,0,21762,21762
354060,2000,0,17992,17992
354060,2001,0,19844,19844
354060,2002,0,20012,20012
354060,2003,0,20799,20799
354060,2004,0,18728,18728
354060,2005,0,21234,21234
354060,2006,0,21496,21496
354060,2007,0,20789,20789
354060,2008,0,21869,21869
354060,2009,0,20498,20498
354060,2010,0,16594,16594
354060,2011,0,17862,17862
354060,2012,0,13791,13791
354060,2013,0,16331,16331
354060,2014,120,16457,16337
354060,2015,250,16592,16342
354060,2016,250,16569,16319
354060,2017,400,16709,16309
354060,2018,500,16943,16443
354060,2019,400,17139,16739
354060,2020,400,17392,16992
354060,2021,350,17341,16991
354070,1988,800,15149,14349
354070,1989,300,16318,16018
354070,1990,1000,16263,15263
354070,1991,600,21198,20598
354070,1992,500,18453,17953
354070,1993,500,16134,15634
354070,1994,500,19220,18720
354070,1995,300,14375,14075
354070,1996,250,14715,14465
354070,1997,300,15998,15698
354070,1998,300,14126,13826
354070,1999,300,15169,14869
354070,2000,300,13798,13498
354070,2001,400,13384,12984
354070,2002,700,13605,12905
354070,2003,700,14821,14121
354070,2004,1000,19800,18800
354070,2005,1000,15171,14171
354070,2006,800,14888,14088
354070,2007,500,14909,14409
354070,2008,800,16059,15259
354070,2009,600,15542,14942
354070,2010,600,18236,17636
354070,2011,600,14739,14139
354070,2012,400,12855,12455
354070,2013,600,13170,12570
354070,2014,1000,12107,11107
354070,2015,1000,10687,9687
354070,2016,500,9084,8584
354070,2017,500,10926,10426
354070,2018,1100,11022,9922
354070,2019,1500,13029,11529
354070,2020,1650,12431,10781
354070,2021,2400,14573,12173
354080,1988,0,12731,12731
354080,1989,240,12036,11796
354080,1990,240,11913,11673
354080,1991,0,11227,11227
354080,1992,0,12363,12363
354080,1993,0,9547,9547
354080,1994,0,10768,10768
354080,1995,0,11651,11651
354080,1996,0,12879,12879
354080,1997,0,12558,12558
354080,1998,0,11113,11113
354080,1999,0,10921,10921
354080,2000,0,7248,7248
354080,2001,100,7499,7399
354080,2002,100,7442,7342
354080,2003,100,7416,7316
354080,2004,40,7684,7644
354080,2005,50,10670,10620
354080,2006,50,10307,10257
354080,2007,50,10210,10160
354080,2008,0,14585,14585
354080,2009,0,16285,16285
354080,2010,100,16961,16861
354080,2011,100,17134,17034
354080,2012,100,17373,17273
354080,2013,0,17294,17294
354080,2014,36,18876,18840
354080,2015,100,18658,18558
354080,2016,170,18776,18606
354080,2017,200,19542,19342
354080,2018,150,16136,15986
354080,2019,200,16137,15937
354080,2020,1500,15621,14121
354080,2021,800,15897,15097
354090,1988,700,9999,9299
354090,1989,450,10300,9850
354090,1990,400,10390,9990
354090,1991,400,10074,9674
354090,1992,350,10120,9770
354090,1993,350,12600,12250
354090,1994,400,12700,12300
354090,1995,400,12400,12000
354090,1996,500,16300,15800
354090,1997,500,10310,9810
354090,1998,1500,11598,10098
354090,1999,1000,9630,8630
354090,2000,1000,11640,10640
354090,2001,500,9050,8550
354090,2002,800,11850,11050
354090,2003,1000,11050,10050
354090,2004,1000,11050,10050
354090,2005,1000,11549,10549
354090,2006,1000,11050,10050
354090,2007,1000,11050,10050
354090,2008,800,15903,15103
354090,2009,9,16121,16112
354090,2010,0,16235,16235
354090,2011,0,15988,15988
354090,2012,0,15798,15798
354090,2013,0,15813,15813
354090,2014,0,15801,15801
354090,2015,120,15630,15510
354090,2016,0,15558,15558
354090,2017,9,15716,15707
354090,2018,9,11411,11402
354090,2019,2245,13694,11449
354090,2020,2245,13695,11450
354090,2021,2245,13695,11450
354100,1988,0,84,84
354100,1989,0,84,84
354100,1990,0,14,14
354100,1991,0,14,14
354100,1992,0,0,0
354100,1993,0,0,0
354100,1994,0,0,0
354100,1995,0,0,0
354100,1996,0,0,0
354100,1997,0,0,0
354100,1998,0,0,0
354100,1999,0,0,0
354100,2000,0,6,6
354100,2001,0,0,0
354100,2002,0,0,0
354100,2003,0,0,0
354100,2004,0,0,0
354100,2005,0,0,0
354100,2006,0,0,0
354100,2007,0,0,0
354100,2008,0,0,0
354100,2009,0,0,0
354100,2010,0,0,0
354100,2011,0,0,0
354100,2012,0,0,0
354100,2013,0,0,0
354100,2014,0,0,0
354100,2015,0,0,0
354100,2016,0,0,0
354100,2017,0,0,0
354100,2018,0,0,0
354100,2019,0,0,0
354100,2020,0,0,0
354100,2021,0,0,0
354110,1988,0,7672,7672
354110,1989,0,5635,5635
354110,1990,0,5261,5261
354110,1991,0,6244,6244
354110,1992,0,5570,5570
354110,1993,0,3449,3449
354110,1994,0,4410,4410
354110,1995,0,4359,4359
354110,1996,0,4420,4420
354110,1997,0,2211,2211
354110,1998,0,2679,2679
354110,1999,0,2754,2754
354110,2000,0,2841,2841
354110,2001,0,3169,3169
354110,2002,0,3349,3349
354110,2003,0,3657,3657
354110,2004,0,3925,3925
354110,2005,0,4166,4166
354110,2006,0,2744,2744
354110,2007,0,3497,3497
354110,2008,0,3516,3516
354110,2009,0,3719,3719
354110,2010,0,2462,2462
354110,2011,0,2509,2509
354110,2012,0,3132,3132
354110,2013,0,3140,3140
354110,2014,0,1375,1375
354110,2015,0,1307,1307
354110,2016,0,1625,1625
354110,2017,0,1016,1016
354110,2018,0,1284,1284
354110,2019,0,1284,1284
354110,2020,0,1297,1297
354110,2021,0,1177,1177
354120,1988,0,14600,14600
354120,1989,0,16606,16606
354120,1990,0,13743,13743
354120,1991,0,10040,10040
354120,1992,0,10395,10395
354120,1993,0,8247,8247
354120,1994,0,7227,7227
354120,1995,0,5983,5983
354120,1996,0,5066,5066
354120,1997,0,4980,4980
354120,1998,0,5673,5673
354120,1999,0,4773,4773
354120,2000,0,3751,3751
354120,2001,0,5766,5766
354120,2002,0,3596,3596
354120,2003,0,4750,4750
354120,2004,1300,7015,5715
354120,2005,1200,6682,5482
354120,2006,1400,9141,7741
354120,2007,1500,7656,6156
354120,2008,565,8141,7576
354120,2009,700,9619,8919
354120,2010,700,9262,8562
354120,2011,700,11269,10569
354120,2012,700,10435,9735
354120,2013,600,9920,9320
354120,2014,1200,12033,10833
354120,2015,2850,13969,11119
354120,2016,2850,13529,10679
354120,2017,3000,11613,8613
354120,2018,3250,12372,9122
354120,2019,3250,12332,9082
354120,2020,3272,14990,11718
354120,2021,3570,12944,9374
354130,1988,3000,23155,20155
354130,1989,3500,22181,18681
354130,1990,3500,22608,19108
354130,1991,1750,16665,14915
354130,1992,1750,18171,16421
354130,1993,1550,10541,8991
354130,1994,1250,10790,9540
354130,1995,1000,7175,6175
354130,1996,300,2152,1852
354130,1997,0,2834,2834
354130,1998,300,2703,2403
354130,1999,200,2161,1961
354130,2000,0,1336,1336
354130,2001,0,1740,1740
354130,2002,0,1687,1687
354130,2003,1960,3714,1754
354130,2004,1960,3464,1504
354130,2005,2300,4923,2623
354130,2006,300,3348,3048
354130,2007,300,3608,3308
354130,2008,180,3323,3143
354130,2009,0,663,663
354130,2010,0,3023,3023
354130,2011,0,2999,2999
354130,2012,0,10547,10547
354130,2013,0,14613,14613
354130,2014,0,28297,28297
354130,2015,0,18758,18758
354130,2016,150,16733,16583
354130,2017,150,17370,17220
354130,2018,150,16783,16633
354130,2019,0,16789,16789
354130,2020,0,15330,15330
354130,2021,320,17764,17444
354140,1988,0,9523,9523
354140,1989,0,7812,7812
354140,1990,0,7740,7740
354140,1991,0,6076,6076
354140,1992,0,7756,7756
354140,1993,0,5614,5614
354140,1994,0,4024,4024
354140,1995,0,3438,3438
354140,1996,0,3452,3452
354140,1997,0,7339,7339
354140,1998,0,9080,9080
354140,1999,0,9864,9864
354140,2000,0,8268,8268
354140,2001,0,8935,8935
354140,2002,0,12592,12592
354140,2003,0,7872,7872
354140,2004,0,12304,12304
354140,2005,0,16105,16105
354140,2006,0,15048,15048
354140,2007,0,11843,11843
354140,2008,0,14957,14957
354140,2009,0,11375,11375
354140,2010,0,10660,10660
354140,2011,0,8976,8976
354140,2012,0,8229,8229
354140,2013,0,7100,7100
354140,2014,0,6684,6684
354140,2015,0,6654,6654
354140,2016,0,5776,5776
354140,2017,0,5580,5580
354140,2018,0,6330,6330
354140,2019,0,6330,6330
354140,2020,0,7655,7655
354140,2021,0,6434,6434
354150,1988,48,6889,6841
354150,1989,0,4878,4878
354150,1990,0,5650,5650
354150,1991,0,5589,5589
354150,1992,0,6834,6834
354150,1993,0,6305,6305
354150,1994,0,4494,4494
354150,1995,0,4391,4391
354150,1996,0,3659,3659
354150,1997,0,1873,1873
354150,1998,0,5341,5341
354150,1999,0,5112,5112
354150,2000,0,4440,4440
354150,2001,0,4186,4186
354150,2002,0,1780,1780
354150,2003,0,5255,5255
354150,2004,1100,6042,4942
354150,2005,968,6481,5513
354150,2006,0,7230,7230
354150,2007,0,6910,6910
354150,2008,0,8450,8450
354150,2009,0,9714,9714
354150,2010,0,10306,10306
354150,2011,0,10235,10235
354150,2012,0,10633,10633
354150,2013,0,10872,10872
354150,2014,0,11466,11466
354150,2015,0,10406,10406
354150,2016,0,9830,9830
354150,2017,97,8313,8216
354150,2018,0,5731,5731
354150,2019,700,5912,5212
354150,2020,0,4414,4414
354150,2021,0,4473,4473
354160,1988,250,15884,15634
354160,1989,0,17203,17203
354160,1990,0,15441,15441
354160,1991,25,17326,17301
354160,1992,27,15611,15584
354160,1993,0,15572,15572
354160,1994,50,17533,17483
354160,1995,0,14361,14361
354160,1996,0,16243,16243
354160,1997,50,15463,15413
354160,1998,310,18054,17744
354160,1999,0,21281,21281
354160,2000,0,19545,19545
354160,2001,0,22173,22173
354160,2002,440,18056,17616
354160,2003,412,22290,21878
354160,2004,0,20326,20326
354160,2005,260,17152,16892
354160,2006,0,19250,19250
354160,2007,0,30979,30979
354160,2008,0,32909,32909
354160,2009,0,74,74
354160,2010,50,31861,31811
354160,2011,68,34742,34674
354160,2012,300,35088,34788
354160,2013,150,24248,24098
354160,2014,60,29969,29909
354160,2015,0,23169,23169
354160,2016,440,25766,25326
354160,2017,300,26139,25839
354160,2018,350,27104,26754
354160,2019,2200,27457,25257
354160,2020,2200,25377,23177
354160,2021,2200,21048,18848
354170,1988,56,25054,24998
354170,1989,0,22621,22621
354170,1990,0,18569,18569
354170,1991,0,23100,23100
354170,1992,0,23980,23980
354170,1993,25,25505,25480
354170,1994,0,23479,23479
354170,1995,0,22119,22119
354170,1996,0,21997,21997
354170,1997,0,21302,21302
354170,1998,0,22935,22935
354170,1999,30,24839,24809
354170,2000,0,16920,16920
354170,2001,0,18370,18370
354170,2002,150,17695,17545
354170,2003,300,18711,18411
354170,2004,300,19883,19583
354170,2005,200,21114,20914
354170,2006,150,22886,22736
354170,2007,100,23301,23201
354170,2008,100,31005,30905
354170,2009,100,29603,29503
354170,2010,0,27276,27276
354170,2011,300,26037,25737
354170,2012,900,27631,26731
354170,2013,800,28603,27803
354170,2014,436,31894,31458
354170,2015,1200,31423,30223
354170,2016,1500,28347,26847
354170,2017,1500,28206,26706
354170,2018,1500,29374,27874
354170,2019,1500,29374,27874
354170,2020,1500,29613,28113
354170,2021,1500,29674,28174
354180,1988,0,4397,4397
354180,1989,0,1793,1793
354180,1990,0,1526,1526
354180,1991,0,1511,1511
354180,1992,0,1816,1816
354180,1993,0,989,989
354180,1994,0,1571,1571
354180,1995,0,3010,3010
354180,1996,0,1451,1451
354180,1997,0,1500,1500
354180,1998,0,1978,1978
354180,1999,0,2397,2397
354180,2000,0,1509,1509
354180,2001,73,2758,2685
354180,2002,145,2108,1963
354180,2003,0,2996,2996
354180,2004,0,2992,2992
354180,2005,0,2845,2845
354180,2006,0,3638,3638
354180,2007,0,4543,4543
354180,2008,0,8064,8064
354180,2009,0,8865,8865
354180,2010,0,3300,3300
354180,2011,0,4000,4000
354180,2012,0,8889,8889
354180,2013,0,2599,2599
354180,2014,0,8902,8902
354180,2015,0,10353,10353
354180,2016,0,12937,12937
354180,2017,0,14774,14774
354180,2018,0,12747,12747
354180,2019,0,7860,7860
354180,2020,100,8186,8086
354180,2021,100,6187,6087
354190,1988,0,329,329
354190,1989,0,292,292
354190,1990,0,313,313
354190,1991,0,337,337
354190,1992,0,300,300
354190,1993,0,299,299
354190,1994,0,177,177
354190,1995,0,253,253
354190,1996,0,7,7
354190,1997,0,248,248
354190,1998,0,201,201
354190,1999,0,209,209
354190,2000,0,196,196
354190,2001,0,234,234
354190,2002,0,164,164
354190,2003,0,140,140
354190,2004,0,156,156
354190,2005,0,181,181
354190,2006,0,122,122
354190,2007,0,195,195
354190,2008,0,157,157
354190,2009,0,95,95
354190,2010,0,91,91
354190,2011,0,77,77
354190,2012,0,77,77
354190,2013,0,77,77
354190,2014,0,77,77
354190,2015,0,77,77
354190,2016,0,77,77
354190,2017,0,77,77
354190,2018,0,77,77
354190,2019,0,61,61
354190,2020,0,77,77
354190,2021,0,77,77
354200,1988,0,5131,5131
354200,1989,0,3985,3985
354200,1990,0,3744,3744
354200,1991,0,3442,3442
354200,1992,0,3346,3346
354200,1993,0,3375,3375
354200,1994,0,3849,3849
354200,1995,0,3249,3249
354200,1996,0,2581,2581
354200,1997,0,2853,2853
354200,1998,0,4044,4044
354200,1999,0,4223,4223
354200,2000,0,2990,2990
354200,2001,0,3023,3023
354200,2002,0,2045,2045
354200,2003,0,2311,2311
354200,2004,0,2919,2919
354200,2005,0,2323,2323
354200,2006,0,2202,2202
354200,2007,0,5166,5166
354200,2008,0,6444,6444
354200,2009,0,6965,6965
354200,2010,0,5325,5325
354200,2011,0,8120,8120
354200,2012,0,7398,7398
354200,2013,0,8565,8565
354200,2014,0,10190,10190
354200,2015,0,8650,8650
354200,2016,0,11209,11209
354200,2017,315,8301,7986
354200,2018,0,8801,8801
354200,2019,1400,14750,13350
354200,2020,400,9640,9240
354200,2021,2000,16210,14210
354210,1988,0,7135,7135
354210,1989,0,7116,7116
354210,1990,0,8391,8391
354210,1991,0,8633,8633
354210,1992,0,7212,7212
354210,1993,0,7572,7572
354210,1994,0,9100,9100
354210,1995,0,7193,7193
354210,1996,0,7602,7602
354210,1997,0,7793,7793
354210,1998,0,7613,7613
354210,1999,0,7786,7786
354210,2000,0,7873,7873
354210,2001,0,7662,7662
354210,2002,0,7438,7438
354210,2003,0,7351,7351
354210,2004,0,7172,7172
354210,2005,0,7625,7625
354210,2006,0,7314,7314
354210,2007,0,7625,7625
354210,2008,0,8977,8977
354210,2009,0,8559,8559
354210,2010,0,7263,7263
354210,2011,0,5957,5957
354210,2012,0,5955,5955
354210,2013,0,5956,5956
354210,2014,0,5955,5955
354210,2015,0,7256,7256
354210,2016,0,7251,7251
354210,2017,0,7251,7251
354210,2018,0,7250,7250
354210,2019,0,7251,7251
354210,2020,0,7251,7251
354210,2021,0,7251,7251
354220,1988,1600,19469,17869
354220,1989,2000,21444,19444
354220,1990,2000,18492,16492
354220,1991,1500,20156,18656
354220,1992,2000,20302,18302
354220,1993,2200,17607,15407
354220,1994,0,10099,10099
354220,1995,2000,13301,11301
354220,1996,2000,12440,10440
354220,1997,3000,16547,13547
354220,1998,3500,20052,16552
354220,1999,5500,20519,15019
354220,2000,5000,17389,12389
354220,2001,6000,19774,13774
354220,2002,13000,27964,14964
354220,2003,20000,42732,22732
354220,2004,22500,46762,24262
354220,2005,27400,53634,26234
354220,2006,19380,52523,33143
354220,2007,8000,33594,25594
354220,2008,10750,39560,28810
354220,2009,9000,33811,24811
354220,2010,9000,41963,32963
354220,2011,10000,44300,34300
354220,2012,13700,66738,53038
354220,2013,14000,73228,59228
354220,2014,15033,77873,62840
354220,2015,16133,86778,70645
354220,2016,16726,87431,70705
354220,2017,18500,103749,85249
354220,2018,17300,87093,69793
354220,2019,17300,87093,69793
354220,2020,21500,92863,71363
354220,2021,21500,116430,94930
354230,1988,0,1063,1063
354230,1989,0,1040,1040
354230,1990,0,1219,1219
354230,1991,0,1052,1052
354230,1992,0,1102,1102
354230,1993,0,361,361
354230,1994,0,622,622
354230,1995,0,859,859
354230,1996,0,180,180
354230,1997,0,1010,1010
354230,1998,0,799,799
354230,1999,0,969,969
354230,2000,0,900,900
354230,2001,0,811,811
354230,2002,0,706,706
354230,2003,0,209,209
354230,2004,0,200,200
354230,2005,0,382,382
354230,2006,0,382,382
354230,2007,0,113,113
354230,2008,0,361,361
354230,2009,0,0,0
354230,2010,0,137,137
354230,2011,0,43,43
354230,2012,0,30,30
354230,2013,0,10,10
354230,2014,0,0,0
354230,2015,0,15,15
354230,2016,0,50,50
354230,2017,0,42,42
354230,2018,0,48,48
354230,2019,0,61,61
354230,2020,0,67,67
354230,2021,0,60,60
354240,1988,0,6184,6184
354240,1989,0,5530,5530
354240,1990,0,5000,5000
354240,1991,0,4650,4650
354240,1992,0,4150,4150
354240,1993,0,4029,4029
354240,1994,0,2629,2629
354240,1995,0,2335,2335
354240,1996,0,2956,2956
354240,1997,0,3171,3171
354240,1998,0,2824,2824
354240,1999,0,2950,2950
354240,2000,0,2763,2763
354240,2001,0,2952,2952
354240,2002,0,3535,3535
354240,2003,0,2943,2943
354240,2004,0,3009,3009
354240,2005,0,3230,3230
354240,2006,0,3293,3293
354240,2007,0,3040,3040
354240,2008,0,3160,3160
354240,2009,140,2863,2723
354240,2010,140,2863,2723
354240,2011,140,3114,2974
354240,2012,140,4904,4764
354240,2013,300,3914,3614
354240,2014,300,3814,3514
354240,2015,605,7074,6469
354240,2016,600,7609,7009
354240,2017,600,7119,6519
354240,2018,280,6284,6004
354240,2019,280,6284,6004
354240,2020,900,5069,4169
354240,2021,1500,7804,6304
354250,1988,0,10557,10557
354250,1989,0,8035,8035
354250,1990,0,6342,6342
354250,1991,0,7442,7442
354250,1992,0,4278,4278
354250,1993,0,3048,3048
354250,1994,0,3720,3720
354250,1995,0,4216,4216
354250,1996,0,4350,4350
354250,1997,0,5017,5017
354250,1998,0,4549,4549
354250,1999,0,4978,4978
354250,2000,150,4183,4033
354250,2001,0,3722,3722
354250,2002,0,3567,3567
354250,2003,0,4085,4085
354250,2004,0,4862,4862
354250,2005,0,5098,5098
354250,2006,0,5837,5837
354250,2007,0,4643,4643
354250,2008,0,5094,5094
354250,2009,0,8419,8419
354250,2010,0,5091,5091
354250,2011,48,10103,10055
354250,2012,48,10522,10474
354250,2013,50,10416,10366
354250,2014,50,13213,13163
354250,2015,100,12411,12311
354250,2016,100,13288,13188
354250,2017,529,14774,14245
354250,2018,600,15538,14938
354250,2019,600,15538,14938
354250,2020,900,16270,15370
354250,2021,650,15670,15020
354260,1988,0,10613,10613
354260,1989,0,10185,10185
354260,1990,0,9843,9843
354260,1991,0,8684,8684
354260,1992,0,7688,7688
354260,1993,0,7895,7895
354260,1994,0,7529,7529
354260,1995,0,5862,5862
354260,1996,0,5294,5294
354260,1997,0,4933,4933
354260,1998,0,6565,6565
354260,1999,0,8785,8785
354260,2000,0,9216,9216
354260,2001,0,8877,8877
354260,2002,0,9410,9410
354260,2003,0,7451,7451
354260,2004,0,3822,3822
354260,2005,0,5891,5891
354260,2006,0,7483,7483
354260,2007,0,4185,4185
354260,2008,0,5743,5743
354260,2009,0,5297,5297
354260,2010,0,4918,4918
354260,2011,0,5189,5189
354260,2012,0,3999,3999
354260,2013,0,3667,3667
354260,2014,0,3848,3848
354260,2015,0,4550,4550
354260,2016,0,5187,5187
354260,2017,0,5173,5173
354260,2018,0,5784,5784
354260,2019,0,5860,5860
354260,2020,0,5622,5622
354260,2021,0,5622,5622
354270,1988,1300,11871,10571
354270,1989,1000,9421,8421
354270,1990,1000,8291,7291
354270,1991,1000,8890,7890
354270,1992,1000,9245,8245
354270,1993,2000,7910,5910
354270,1994,1800,9558,7758
354270,1995,1900,10060,8160
354270,1996,1900,10604,8704
354270,1997,1900,11200,9300
354270,1998,1800,14828,13028
354270,1999,1700,17277,15577
354270,2000,1700,16899,15199
354270,2001,1500,17033,15533
354270,2002,1500,16458,14958
354270,2003,1200,16903,15703
354270,2004,1000,16901,15901
354270,2005,1000,17190,16190
354270,2006,1000,16903,15903
354270,2007,600,17636,17036
354270,2008,750,18223,17473
354270,2009,150,17766,17616
354270,2010,250,18770,18520
354270,2011,150,17662,17512
354270,2012,150,17739,17589
354270,2013,150,17548,17398
354270,2014,150,17107,16957
354270,2015,150,17387,17237
354270,2016,150,17387,17237
354270,2017,100,17522,17422
354270,2018,150,17937,17787
354270,2019,150,17937,17787
354270,2020,150,12950,12800
354270,2021,150,12382,12232
354280,1988,0,11291,11291
354280,1989,0,11841,11841
354280,1990,0,11631,11631
354280,1991,0,7831,7831
354280,1992,0,4901,4901
354280,1993,0,2621,2621
354280,1994,0,2179,2179
354280,1995,0,1993,1993
354280,1996,0,2154,2154
354280,1997,0,1318,1318
354280,1998,0,3142,3142
354280,1999,0,3105,3105
354280,2000,0,2700,2700
354280,2001,0,3543,3543
354280,2002,0,4403,4403
354280,2003,0,2883,2883
354280,2004,0,2586,2586
354280,2005,0,2519,2519
354280,2006,0,1039,1039
354280,2007,0,2235,2235
354280,2008,0,2293,2293
354280,2009,0,831,831
354280,2010,0,579,579
354280,2011,0,716,716
354280,2012,0,534,534
354280,2013,0,516,516
354280,2014,0,794,794
354280,2015,0,498,498
354280,2016,0,551,551
354280,2017,0,480,480
354280,2018,0,452,452
354280,2019,0,434,434
354280,2020,0,414,414
354280,2021,0,398,398
354290,1988,0,10247,10247
354290,1989,0,12248,12248
354290,1990,0,10235,10235
354290,1991,0,10035,10035
354290,1992,0,10175,10175
354290,1993,0,9459,9459
354290,1994,0,13179,13179
354290,1995,0,13504,13504
354290,1996,0,15350,15350
354290,1997,0,14523,14523
354290,1998,0,14513,14513
354290,1999,0,13182,13182
354290,2000,0,10896,10896
354290,2001,0,10933,10933
354290,2002,0,12222,12222
354290,2003,0,18915,18915
354290,2004,0,18138,18138
354290,2005,0,18380,18380
354290,2006,0,15209,15209
354290,2007,0,16224,16224
354290,2008,0,20235,20235
354290,2009,0,23289,23289
354290,2010,0,21425,21425
354290,2011,0,22586,22586
354290,2012,0,21710,21710
354290,2013,0,26222,26222
354290,2014,0,25709,25709
354290,2015,0,22879,22879
354290,2016,0,22755,22755
354290,2017,80,24430,24350
354290,2018,0,21732,21732
354290,2019,0,21732,21732
354290,2020,0,20804,20804
354290,2021,0,22504,22504
354300,1988,0,8848,8848
354300,1989,0,4655,4655
354300,1990,0,5201,5201
354300,1991,0,4894,4894
354300,1992,0,3602,3602
354300,1993,0,3929,3929
354300,1994,0,3703,3703
354300,1995,0,3521,3521
354300,1996,0,3509,3509
354300,1997,0,2582,2582
354300,1998,0,3484,3484
354300,1999,0,4350,4350
354300,2000,0,2021,2021
354300,2001,0,4603,4603
354300,2002,0,4333,4333
354300,2003,0,4373,4373
354300,2004,0,4917,4917
354300,2005,0,5006,5006
354300,2006,0,5547,5547
354300,2007,0,4027,4027
354300,2008,0,10705,10705
354300,2009,0,11444,11444
354300,2010,0,10361,10361
354300,2011,0,7176,7176
354300,2012,0,8591,8591
354300,2013,0,8592,8592
354300,2014,200,7984,7784
354300,2015,200,7893,7693
354300,2016,240,7931,7691
354300,2017,240,9094,8854
354300,2018,480,8591,8111
354300,2019,480,4958,4478
354300,2020,480,5148,4668
354300,2021,600,7117,6517
354310,1988,900,12321,11421
354310,1989,1100,8756,7656
354310,1990,1100,7941,6841
354310,1991,700,9270,8570
354310,1992,1200,8200,7000
354310,1993,1500,9683,8183
354310,1994,1800,7537,5737
354310,1995,2300,8535,6235
354310,1996,2300,8684,6384
354310,1997,2300,9668,7368
354310,1998,1900,8257,6357
354310,1999,2300,10313,8013
354310,2000,2300,11153,8853
354310,2001,2000,7924,5924
354310,2002,2000,9327,7327
354310,2003,2400,9129,6729
354310,2004,2400,8255,5855
354310,2005,2600,9080,6480
354310,2006,1800,9405,7605
354310,2007,1200,8845,7645
354310,2008,650,8510,7860
354310,2009,420,10762,10342
354310,2010,460,9566,9106
354310,2011,300,9204,8904
354310,2012,400,8680,8280
354310,2013,400,9420,9020
354310,2014,400,9784,9384
354310,2015,300,9443,9143
354310,2016,250,9444,9194
354310,2017,200,9316,9116
354310,2018,200,9337,9137
354310,2019,200,9357,9157
354310,2020,200,10362,10162
354310,2021,200,10150,9950
354320,1988,1600,8393,6793
354320,1989,1600,9476,7876
354320,1990,1400,7719,6319
354320,1991,1200,6344,5144
354320,1992,1300,7152,5852
354320,1993,1200,5741,4541
354320,1994,1950,6566,4616
354320,1995,420,4491,4071
354320,1996,486,4957,4471
354320,1997,300,5860,5560
354320,1998,4000,14800,10800
354320,1999,4100,14728,10628
354320,2000,5000,13445,8445
354320,2001,6000,12206,6206
354320,2002,6000,11157,5157
354320,2003,6100,16669,10569
354320,2004,7100,17567,10467
354320,2005,6050,16440,10390
354320,2006,6000,18999,12999
354320,2007,5000,13610,8610
354320,2008,5250,14835,9585
354320,2009,4200,12689,8489
354320,2010,4200,11440,7240
354320,2011,4200,11929,7729
354320,2012,6100,16181,10081
354320,2013,6100,16877,10777
354320,2014,6100,17726,11626
354320,2015,9400,27297,17897
354320,2016,10000,26436,16436
354320,2017,11000,24595,13595
354320,2018,12000,26031,14031
354320,2019,12310,28300,15990
354320,2020,12100,25781,13681
354320,2021,12500,26524,14024
354330,1988,0,0,0
354330,1989,0,0,0
354330,1990,0,0,0
354330,1991,0,0,0
354330,1992,0,0,0
354330,1993,0,0,0
354330,1994,0,0,0
354330,1995,0,0,0
354330,1996,0,0,0
354330,1997,0,0,0
354330,1998,0,0,0
354330,1999,0,0,0
354330,2000,0,0,0
354330,2001,0,0,0
354330,2002,0,0,0
354330,2003,0,0,0
354330,2004,0,0,0
354330,2005,0,0,0
354330,2006,0,0,0
354330,2007,0,0,0
354330,2008,0,0,0
354330,2009,0,0,0
354330,2010,0,0,0
354330,2011,0,0,0
354330,2012,0,0,0
354330,2013,0,0,0
354330,2014,0,0,0
354330,2015,0,1,1
354330,2016,0,1,1
354330,2017,0,0,0
354330,2018,0,0,0
354330,2019,0,0,0
354330,2020,0,0,0
354330,2021,0,0,0
354340,1988,1700,55241,53541
354340,1989,1800,49314,47514
354340,1990,1300,49848,48548
354340,1991,1000,69118,68118
354340,1992,600,60658,60058
354340,1993,600,60901,60301
354340,1994,600,56430,55830
354340,1995,500,67888,67388
354340,1996,400,59745,59345
354340,1997,0,44002,44002
354340,1998,1300,63834,62534
354340,1999,1000,61846,60846
354340,2000,1300,62841,61541
354340,2001,1150,63440,62290
354340,2002,2100,60026,57926
354340,2003,3900,62593,58693
354340,2004,3900,62640,58740
354340,2005,3900,63432,59532
354340,2006,3900,62522,58622
354340,2007,2100,63488,61388
354340,2008,3120,66995,63875
354340,2009,200,65024,64824
354340,2010,200,65109,64909
354340,2011,200,65059,64859
354340,2012,200,65121,64921
354340,2013,0,64848,64848
354340,2014,0,58404,58404
354340,2015,290,65326,65036
354340,2016,200,65500,65300
354340,2017,550,66247,65697
354340,2018,200,65384,65184
354340,2019,737,66078,65341
354340,2020,737,66073,65336
354340,2021,737,66073,65336
354350,1988,0,20863,20863
354350,1989,0,18744,18744
354350,1990,0,21250,21250
354350,1991,0,19179,19179
354350,1992,0,16276,16276
354350,1993,0,13678,13678
354350,1994,0,15588,15588
354350,1995,0,10672,10672
354350,1996,0,6642,6642
354350,1997,0,7424,7424
354350,1998,100,7075,6975
354350,1999,100,6770,6670
354350,2000,0,8005,8005
354350,2001,130,6291,6161
354350,2002,130,6291,6161
354350,2003,800,6556,5756
354350,2004,1000,6396,5396
354350,2005,3000,9556,6556
354350,2006,2000,8986,6986
354350,2007,500,5270,4770
354350,2008,1000,7830,6830
354350,2009,100,4365,4265
354350,2010,300,2495,2195
354350,2011,300,2065,1765
354350,2012,400,1730,1330
354350,2013,1800,4423,2623
354350,2014,2500,6000,3500
354350,2015,2500,5331,2831
354350,2016,2500,6681,4181
354350,2017,3000,6901,3901
354350,2018,2500,5574,3074
354350,2019,3500,6274,2774
354350,2020,4500,7124,2624
354350,2021,3800,6374,2574
354360,1988,40,945,905
354360,1989,40,912,872
354360,1990,0,332,332
354360,1991,0,255,255
354360,1992,0,293,293
354360,1993,0,310,310
354360,1994,0,521,521
354360,1995,0,511,511
354360,1996,0,491,491
354360,1997,0,497,497
354360,1998,283,507,224
354360,1999,140,451,311
354360,2000,75,346,271
354360,2001,50,346,296
354360,2002,0,252,252
354360,2003,320,924,604
354360,2004,350,1448,1098
354360,2005,400,985,585
354360,2006,400,2023,1623
354360,2007,100,2049,1949
354360,2008,180,3050,2870
354360,2009,0,2750,2750
354360,2010,0,2757,2757
354360,2011,0,2688,2688
354360,2012,180,4107,3927
354360,2013,0,2987,2987
354360,2014,30,3307,3277
354360,2015,0,2997,2997
354360,2016,0,3042,3042
354360,2017,260,3422,3162
354360,2018,100,3192,3092
354360,2019,100,3072,2972
354360,2020,10,2632,2622
354360,2021,200,2700,2500
354370,1988,2000,18463,16463
354370,1989,2000,18562,16562
354370,1990,3000,9820,6820
354370,1991,2500,18658,16158
354370,1992,1500,20125,18625
354370,1993,2500,19283,16783
354370,1994,300,17564,17264
354370,1995,300,23999,23699
354370,1996,300,23951,23651
354370,1997,1300,22779,21479
354370,1998,1200,19148,17948
354370,1999,1200,16056,14856
354370,2000,300,13405,13105
354370,2001,1500,17305,15805
354370,2002,1500,15905,14405
354370,2003,1500,18718,17218
354370,2004,1800,17382,15582
354370,2005,1800,19099,17299
354370,2006,1800,18384,16584
354370,2007,2000,26075,24075
354370,2008,1000,23935,22935
354370,2009,0,19605,19605
354370,2010,0,22955,22955
354370,2011,0,22300,22300
354370,2012,80,22055,21975
354370,2013,100,21690,21590
354370,2014,100,21690,21590
354370,2015,100,21690,21590
354370,2016,100,20749,20649
354370,2017,100,20749,20649
354370,2018,100,20749,20649
354370,2019,100,20749,20649
354370,2020,100,20749,20649
354370,2021,100,20749,20649
354380,1988,164,11294,11130
354380,1989,120,10944,10824
354380,1990,120,8154,8034
354380,1991,0,4991,4991
354380,1992,0,6419,6419
354380,1993,0,5467,5467
354380,1994,0,3187,3187
354380,1995,0,5449,5449
354380,1996,0,4005,4005
354380,1997,0,4450,4450
354380,1998,0,4036,4036
354380,1999,0,3766,3766
354380,2000,0,3991,3991
354380,2001,97,3935,3838
354380,2002,30,4035,4005
354380,2003,200,4631,4431
354380,2004,700,4995,4295
354380,2005,700,5765,5065
354380,2006,500,6224,5724
354380,2007,500,6595,6095
354380,2008,500,5880,5380
354380,2009,500,6840,6340
354380,2010,500,6135,5635
354380,2011,500,6795,6295
354380,2012,500,6890,6390
354380,2013,400,6400,6000
354380,2014,75,6247,6172
354380,2015,80,7907,7827
354380,2016,80,3045,2965
354380,2017,0,4603,4603
354380,2018,80,3044,2964
354380,2019,80,4880,4800
354380,2020,100,4900,4800
354380,2021,900,6355,5455
354390,1988,200,19102,18902
354390,1989,250,19119,18869
354390,1990,250,19914,19664
354390,1991,100,18402,18302
354390,1992,100,16200,16100
354390,1993,120,11471,11351
354390,1994,100,11042,10942
354390,1995,35,12293,12258
354390,1996,30,14548,14518
354390,1997,50,10949,10899
354390,1998,50,14346,14296
354390,1999,60,13325,13265
354390,2000,44,15924,15880
354390,2001,150,18870,18720
354390,2002,120,14510,14390
354390,2003,110,13905,13795
354390,2004,100,13916,13816
354390,2005,250,13946,13696
354390,2006,120,16728,16608
354390,2007,96,12622,12526
354390,2008,95,18307,18212
354390,2009,200,13803,13603
354390,2010,200,13748,13548
354390,2011,200,13358,13158
354390,2012,1,14528,14527
354390,2013,150,15756,15606
354390,2014,40,14060,14020
354390,2015,110,14136,14026
354390,2016,100,18643,18543
354390,2017,160,17243,17083
354390,2018,160,17336,17176
354390,2019,160,18044,17884
354390,2020,160,18062,17902
354390,2021,260,17457,17197
354400,1988,0,14217,14217
354400,1989,0,14360,14360
354400,1990,0,14306,14306
354400,1991,0,14142,14142
354400,1992,0,14323,14323
354400,1993,0,14365,14365
354400,1994,0,14366,14366
354400,1995,0,15517,15517
354400,1996,0,15399,15399
354400,1997,70,15348,15278
354400,1998,100,13703,13603
354400,1999,135,14810,14675
354400,2000,200,14879,14679
354400,2001,200,15179,14979
354400,2002,170,15011,14841
354400,2003,170,15002,14832
354400,2004,200,15676,15476
354400,2005,135,15814,15679
354400,2006,160,17703,17543
354400,2007,175,18748,18573
354400,2008,160,15894,15734
354400,2009,160,17721,17561
354400,2010,167,17726,17559
354400,2011,284,17598,17314
354400,2012,280,17171,16891
354400,2013,280,17171,16891
354400,2014,300,16919,16619
354400,2015,332,16891,16559
354400,2016,332,16821,16489
354400,2017,332,16821,16489
354400,2018,332,16821,16489
354400,2019,440,15590,15150
354400,2020,500,15295,14795
354400,2021,500,15295,14795
354410,1988,0,0,0
354410,1989,0,0,0
354410,1990,0,0,0
354410,1991,0,0,0
354410,1992,0,0,0
354410,1993,0,0,0
354410,1994,0,0,0
354410,1995,0,0,0
354410,1996,0,0,0
354410,1997,0,0,0
354410,1998,0,0,0
354410,1999,0,0,0
354410,2000,0,0,0
354410,2001,0,0,0
354410,2002,0,0,0
354410,2003,0,0,0
354410,2004,0,0,0
354410,2005,0,0,0
354410,2006,0,0,0
354410,2007,0,0,0
354410,2008,0,0,0
354410,2009,0,0,0
354410,2010,0,0,0
354410,2011,0,0,0
354410,2012,0,0,0
354410,2013,0,0,0
354410,2014,0,0,0
354410,2015,0,1,1
354410,2016,0,1,1
354410,2017,0,0,0
354410,2018,0,0,0
354410,2019,0,0,0
354410,2020,0,0,0
354410,2021,0,0,0
354420,1988,1300,24912,23612
354420,1989,2000,23833,21833
354420,1990,500,19555,19055
354420,1991,500,22547,22047
354420,1992,500,12340,11840
354420,1993,400,9960,9560
354420,1994,500,11358,10858
354420,1995,400,10731,10331
354420,1996,200,11552,11352
354420,1997,250,11714,11464
354420,1998,240,12710,12470
354420,1999,800,12741,11941
354420,2000,800,12145,11345
354420,2001,1000,12575,11575
354420,2002,72,12857,12785
354420,2003,1500,15506,14006
354420,2004,1625,15361,13736
354420,2005,1500,15267,13767
354420,2006,882,13946,13064
354420,2007,420,9705,9285
354420,2008,706,20864,20158
354420,2009,250,23885,23635
354420,2010,500,20458,19958
354420,2011,700,22828,22128
354420,2012,1084,22007,20923
354420,2013,1400,20718,19318
354420,2014,1830,21325,19495
354420,2015,3500,23354,19854
354420,2016,3850,25707,21857
354420,2017,2864,23998,21134
354420,2018,2850,25097,22247
354420,2019,2500,25497,22997
354420,2020,2400,25605,23205
354420,2021,2600,25753,23153
354430,1988,0,1657,1657
354430,1989,0,1533,1533
354430,1990,0,1490,1490
354430,1991,0,1477,1477
354430,1992,0,1562,1562
354430,1993,0,1419,1419
354430,1994,0,1402,1402
354430,1995,0,1400,1400
354430,1996,0,950,950
354430,1997,0,996,996
354430,1998,0,764,764
354430,1999,0,864,864
354430,2000,0,0,0
354430,2001,0,702,702
354430,2002,0,37,37
354430,2003,0,737,737
354430,2004,0,737,737
354430,2005,0,737,737
354430,2006,0,837,837
354430,2007,0,837,837
354430,2008,0,734,734
354430,2009,0,734,734
354430,2010,0,720,720
354430,2011,0,950,950
354430,2012,0,1900,1900
354430,2013,0,1140,1140
354430,2014,0,1140,1140
354430,2015,0,1140,1140
354430,2016,0,1140,1140
354430,2017,0,1150,1150
354430,2018,10,1170,1160
354430,2019,150,1385,1235
354430,2020,150,1385,1235
354430,2021,150,1385,1235
354440,1988,150,6144,5994
354440,1989,250,3740,3490
354440,1990,250,5096,4846
354440,1991,100,3847,3747
354440,1992,264,4801,4537
354440,1993,260,4885,4625
354440,1994,260,5613,5353
354440,1995,260,5721,5461
354440,1996,50,3865,3815
354440,1997,50,3794,3744
354440,1998,50,4604,4554
354440,1999,50,4025,3975
354440,2000,50,8403,8353
354440,2001,55,8442,8387
354440,2002,200,10437,10237
354440,2003,250,8289,8039
354440,2004,250,8248,7998
354440,2005,300,7903,7603
354440,2006,200,7408,7208
354440,2007,200,9116,8916
354440,2008,30,14319,14289
354440,2009,48,14495,14447
354440,2010,109,14536,14427
354440,2011,109,14553,14444
354440,2012,217,14557,14340
354440,2013,619,8588,7969
354440,2014,300,8822,8522
354440,2015,248,9037,8789
354440,2016,703,7873,7170
354440,2017,589,8475,7886
354440,2018,364,12075,11711
354440,2019,364,12106,11742
354440,2020,215,10771,10556
354440,2021,354,10597,10243
354450,1988,0,2284,2284
354450,1989,0,1900,1900
354450,1990,0,1402,1402
354450,1991,0,1700,1700
354450,1992,0,1528,1528
354450,1993,0,1442,1442
354450,1994,0,1255,1255
354450,1995,0,1242,1242
354450,1996,0,1227,1227
354450,1997,0,1500,1500
354450,1998,0,1866,1866
354450,1999,0,1583,1583
354450,2000,0,1635,1635
354450,2001,0,1490,1490
354450,2002,0,1563,1563
354450,2003,51,1773,1722
354450,2004,120,1566,1446
354450,2005,0,1420,1420
354450,2006,50,1257,1207
354450,2007,50,963,913
354450,2008,0,932,932
354450,2009,0,3463,3463
354450,2010,0,596,596
354450,2011,0,1394,1394
354450,2012,0,2207,2207
354450,2013,0,3171,3171
354450,2014,72,2843,2771
354450,2015,0,2801,2801
354450,2016,0,2748,2748
354450,2017,0,2736,2736
354450,2018,0,2754,2754
354450,2019,70,2488,2418
354450,2020,70,2436,2366
354450,2021,120,2536,2416
354460,1988,200,5159,4959
354460,1989,720,3611,2891
354460,1990,800,3661,2861
354460,1991,120,2412,2292
354460,1992,150,2225,2075
354460,1993,0,4152,4152
354460,1994,400,5652,5252
354460,1995,250,4925,4675
354460,1996,0,3866,3866
354460,1997,0,5962,5962
354460,1998,0,5203,5203
354460,1999,0,7422,7422
354460,2000,0,6004,6004
354460,2001,200,5970,5770
354460,2002,100,4494,4394
354460,2003,0,4059,4059
354460,2004,800,5304,4504
354460,2005,500,3754,3254
354460,2006,500,7000,6500
354460,2007,500,8266,7766
354460,2008,400,4055,3655
354460,2009,0,10518,10518
354460,2010,0,9974,9974
354460,2011,0,11314,11314
354460,2012,0,2000,2000
354460,2013,0,12243,12243
354460,2014,60,9498,9438
354460,2015,170,9380,9210
354460,2016,385,10742,10357
354460,2017,550,12252,11702
354460,2018,582,12421,11839
354460,2019,930,11462,10532
354460,2020,1210,12512,11302
354460,2021,930,10435,9505
354470,1988,0,4600,4600
354470,1989,0,4905,4905
354470,1990,0,4778,4778
354470,1991,0,3690,3690
354470,1992,0,3532,3532
354470,1993,0,3076,3076
354470,1994,0,3489,3489
354470,1995,0,3658,3658
354470,1996,0,3084,3084
354470,1997,0,2506,2506
354470,1998,0,2701,2701
354470,1999,0,2502,2502
354470,2000,0,2725,2725
354470,2001,0,3094,3094
354470,2002,0,2733,2733
354470,2003,85,2440,2355
354470,2004,278,3211,2933
354470,2005,145,3366,3221
354470,2006,0,3731,3731
354470,2007,0,3424,3424
354470,2008,0,3303,3303
354470,2009,0,3115,3115
354470,2010,0,2944,2944
354470,2011,0,2888,2888
354470,2012,0,4465,4465
354470,2013,0,4330,4330
354470,2014,30,5160,5130
354470,2015,0,4612,4612
354470,2016,29,4875,4846
354470,2017,0,4538,4538
354470,2018,0,4320,4320
354470,2019,0,3937,3937
354470,2020,90,4171,4081
354470,2021,90,4171,4081
354480,1988,4000,12828,8828
354480,1989,0,10214,10214
354480,1990,0,4565,4565
354480,1991,0,6003,6003
354480,1992,0,6695,6695
354480,1993,0,5528,5528
354480,1994,0,5725,5725
354480,1995,0,4768,4768
354480,1996,0,4483,4483
354480,1997,0,5376,5376
354480,1998,0,5149,5149
354480,1999,0,5057,5057
354480,2000,0,4608,4608
354480,2001,0,4926,4926
354480,2002,0,5659,5659
354480,2003,0,6001,6001
354480,2004,0,5915,5915
354480,2005,0,7242,7242
354480,2006,0,6165,6165
354480,2007,0,7382,7382
354480,2008,0,8535,8535
354480,2009,0,8344,8344
354480,2010,0,9794,9794
354480,2011,0,10616,10616
354480,2012,0,10754,10754
354480,2013,30,10689,10659
354480,2014,50,10660,10610
354480,2015,50,12093,12043
354480,2016,100,12035,11935
354480,2017,130,12436,12306
354480,2018,100,13501,13401
354480,2019,100,14064,13964
354480,2020,100,14294,14194
354480,2021,150,14442,14292
354490,1988,3000,16310,13310
354490,1989,3150,17996,14846
354490,1990,3150,17160,14010
354490,1991,3150,17320,14170
354490,1992,2850,16810,13960
354490,1993,2850,20150,17300
354490,1994,2800,18996,16196
354490,1995,2680,19029,16349
354490,1996,3500,21799,18299
354490,1997,3600,21549,17949
354490,1998,2000,21094,19094
354490,1999,2000,21114,19114
354490,2000,2200,21688,19488
354490,2001,2200,21589,19389
354490,2002,2200,21782,19582
354490,2003,2200,21532,19332
354490,2004,2200,23382,21182
354490,2005,2000,21447,19447
354490,2006,4500,23682,19182
354490,2007,2000,21172,19172
354490,2008,3600,26533,22933
354490,2009,2767,25505,22738
354490,2010,360,23071,22711
354490,2011,1284,24554,23270
354490,2012,1500,25168,23668
354490,2013,1500,24535,23035
354490,2014,1500,24486,22986
354490,2015,1500,24486,22986
354490,2016,1500,24511,23011
354490,2017,1800,24811,23011
354490,2018,2000,25004,23004
354490,2019,2300,24979,22679
354490,2020,2350,25004,22654
354490,2021,2350,25004,22654
354500,1988,0,985,985
354500,1989,0,1040,1040
354500,1990,0,1160,1160
354500,1991,0,610,610
354500,1992,0,860,860
354500,1993,0,597,597
354500,1994,0,1177,1177
354500,1995,0,942,942
354500,1996,0,42,42
354500,1997,0,1352,1352
354500,1998,0,980,980
354500,1999,0,1058,1058
354500,2000,0,1020,1020
354500,2001,0,876,876
354500,2002,0,812,812
354500,2003,0,851,851
354500,2004,0,776,776
354500,2005,0,500,500
354500,2006,0,576,576
354500,2007,0,476,476
354500,2008,0,569,569
354500,2009,0,544,544
354500,2010,0,534,534
354500,2011,0,534,534
354500,2012,0,388,388
354500,2013,0,403,403
354500,2014,0,423,423
354500,2015,0,453,453
354500,2016,0,132,132
354500,2017,0,109,109
354500,2018,0,99,99
354500,2019,0,99,99
354500,2020,0,99,99
354500,2021,0,99,99
354510,1988,100,4998,4898
354510,1989,100,4567,4467
354510,1990,0,4409,4409
354510,1991,0,4550,4550
354510,1992,0,4077,4077
354510,1993,0,3487,3487
354510,1994,0,2847,2847
354510,1995,0,2895,2895
354510,1996,0,2887,2887
354510,1997,0,2624,2624
354510,1998,0,2814,2814
354510,1999,0,3334,3334
354510,2000,0,2425,2425
354510,2001,0,2305,2305
354510,2002,50,4456,4406
354510,2003,0,4148,4148
354510,2004,120,6176,6056
354510,2005,0,5911,5911
354510,2006,60,5335,5275
354510,2007,60,5168,5108
354510,2008,60,5364,5304
354510,2009,200,9067,8867
354510,2010,0,9037,9037
354510,2011,0,7784,7784
354510,2012,0,8454,8454
354510,2013,100,6906,6806
354510,2014,240,6876,6636
354510,2015,300,6904,6604
354510,2016,350,7113,6763
354510,2017,720,6632,5912
354510,2018,600,6446,5846
354510,2019,600,7998,7398
354510,2020,250,6973,6723
354510,2021,250,6981,6731
354520,1988,0,3288,3288
354520,1989,0,4618,4618
354520,1990,0,3135,3135
354520,1991,0,3235,3235
354520,1992,0,3013,3013
354520,1993,0,2913,2913
354520,1994,0,2850,2850
354520,1995,0,2677,2677
354520,1996,0,2265,2265
354520,1997,0,2215,2215
354520,1998,0,2573,2573
354520,1999,0,2510,2510
354520,2000,0,1073,1073
354520,2001,0,1185,1185
354520,2002,0,1435,1435
354520,2003,0,1360,1360
354520,2004,0,1364,1364
354520,2005,0,1393,1393
354520,2006,0,1403,1403
354520,2007,0,1436,1436
354520,2008,0,1332,1332
354520,2009,0,1370,1370
354520,2010,0,1885,1885
354520,2011,80,1948,1868
354520,2012,80,2261,2181
354520,2013,80,2441,2361
354520,2014,180,2686,2506
354520,2015,200,2696,2496
354520,2016,200,2546,2346
354520,2017,200,2646,2446
354520,2018,150,2070,1920
354520,2019,200,2116,1916
354520,2020,160,1726,1566
354520,2021,200,1856,1656
354530,1988,0,5695,5695
354530,1989,0,5045,5045
354530,1990,0,4036,4036
354530,1991,0,4302,4302
354530,1992,0,4155,4155
354530,1993,0,2906,2906
354530,1994,0,4537,4537
354530,1995,0,3666,3666
354530,1996,0,2406,2406
354530,1997,0,1475,1475
354530,1998,0,3322,3322
354530,1999,0,3466,3466
354530,2000,0,3383,3383
354530,2001,0,4743,4743
354530,2002,0,4519,4519
354530,2003,0,4514,4514
354530,2004,0,6447,6447
354530,2005,0,6080,6080
354530,2006,0,6030,6030
354530,2007,0,8590,8590
354530,2008,0,5856,5856
354530,2009,150,2893,2743
354530,2010,200,2053,1853
354530,2011,400,2428,2028
354530,2012,400,2165,1765
354530,2013,550,3322,2772
354530,2014,550,2649,2099
354530,2015,600,2419,1819
354530,2016,700,2471,1771
354530,2017,700,2429,1729
354530,2018,700,2435,1735
354530,2019,1250,4505,3255
354530,2020,1250,3995,2745
354530,2021,1250,3995,2745
354540,1988,2600,11376,8776
354540,1989,2900,12307,9407
354540,1990,3300,11238,7938
354540,1991,3400,11705,8305
354540,1992,3400,11051,7651
354540,1993,0,7881,7881
354540,1994,3500,12428,8928
354540,1995,4000,13522,9522
354540,1996,5000,14023,9023
354540,1997,4200,12045,7845
354540,1998,4200,16632,12432
354540,1999,4230,16039,11809
354540,2000,3000,12969,9969
354540,2001,4000,18508,14508
354540,2002,5000,19224,14224
354540,2003,4000,19462,15462
354540,2004,4000,18165,14165
354540,2005,4000,19989,15989
354540,2006,4000,21048,17048
354540,2007,3000,19682,16682
354540,2008,3500,20732,17232
354540,2009,3000,18550,15550
354540,2010,3000,19647,16647
354540,2011,3000,19844,16844
354540,2012,4000,20632,16632
354540,2013,4000,20602,16602
354540,2014,4000,19480,15480
354540,2015,8400,22250,13850
354540,2016,10500,21754,11254
354540,2017,14400,29402,15002
354540,2018,13000,25417,12417
354540,2019,12200,24850,12650
354540,2020,12200,23344,11144
354540,2021,12200,23204,11004
354550,1988,180,3084,2904
354550,1989,200,2281,2081
354550,1990,250,2056,1806
354550,1991,90,1709,1619
354550,1992,121,2368,2247
354550,1993,121,2276,2155
354550,1994,210,2551,2341
354550,1995,600,2330,1730
354550,1996,400,2018,1618
354550,1997,400,1042,642
354550,1998,400,1039,639
354550,1999,400,1731,1331
354550,2000,1080,2550,1470
354550,2001,980,2561,1581
354550,2002,4084,11928,7844
354550,2003,12000,24943,12943
354550,2004,22000,35085,13085
354550,2005,20300,34129,13829
354550,2006,9680,23822,14142
354550,2007,5000,17219,12219
354550,2008,3666,25150,21484
354550,2009,1000,18716,17716
354550,2010,1000,19712,18712
354550,2011,1000,28040,27040
354550,2012,1100,32790,31690
354550,2013,1000,33145,32145
354550,2014,1000,33798,32798
354550,2015,1000,33787,32787
354550,2016,1000,33772,32772
354550,2017,1000,33797,32797
354550,2018,1000,36297,35297
354550,2019,1000,36297,35297
354550,2020,1593,27538,25945
354550,2021,1100,35703,34603
354560,1988,0,21162,21162
354560,1989,0,19567,19567
354560,1990,0,20438,20438
354560,1991,100,20132,20032
354560,1992,0,20259,20259
354560,1993,0,18205,18205
354560,1994,0,17998,17998
354560,1995,735,16855,16120
354560,1996,0,17687,17687
354560,1997,1070,16370,15300
354560,1998,500,18402,17902
354560,1999,0,4171,4171
354560,2000,0,15221,15221
354560,2001,0,16069,16069
354560,2002,0,15392,15392
354560,2003,170,15506,15336
354560,2004,1000,18622,17622
354560,2005,0,18341,18341
354560,2006,0,18309,18309
354560,2007,0,18900,18900
354560,2008,0,18661,18661
354560,2009,0,23587,23587
354560,2010,0,26747,26747
354560,2011,0,26549,26549
354560,2012,0,25877,25877
354560,2013,0,26038,26038
354560,2014,0,26166,26166
354560,2015,0,29491,29491
354560,2016,0,28567,28567
354560,2017,0,24891,24891
354560,2018,100,25476,25376
354560,2019,150,25019,24869
354560,2020,800,25389,24589
354560,2021,500,25184,24684
354570,1988,0,3958,3958
354570,1989,0,3419,3419
354570,1990,0,3651,3651
354570,1991,0,3205,3205
354570,1992,0,3868,3868
354570,1993,0,4129,4129
354570,1994,0,3999,3999
354570,1995,0,3319,3319
354570,1996,0,3351,3351
354570,1997,0,2553,2553
354570,1998,700,3640,2940
354570,1999,380,3033,2653
354570,2000,0,2802,2802
354570,2001,0,3714,3714
354570,2002,0,3403,3403
354570,2003,0,3093,3093
354570,2004,0,3337,3337
354570,2005,0,3582,3582
354570,2006,0,2558,2558
354570,2007,0,2325,2325
354570,2008,0,2025,2025
354570,2009,0,2357,2357
354570,2010,0,2295,2295
354570,2011,0,1957,1957
354570,2012,0,2355,2355
354570,2013,0,3355,3355
354570,2014,0,5599,5599
354570,2015,0,5504,5504
354570,2016,0,5815,5815
354570,2017,70,6319,6249
354570,2018,0,6445,6445
354570,2019,0,7135,7135
354570,2020,0,7173,7173
354570,2021,0,7303,7303
354580,1988,50,14907,14857
354580,1989,150,14895,14745
354580,1990,150,14880,14730
354580,1991,100,14870,14770
354580,1992,100,14845,14745
354580,1993,100,13775,13675
354580,1994,50,14189,14139
354580,1995,0,13904,13904
354580,1996,0,12250,12250
354580,1997,0,13237,13237
354580,1998,0,13072,13072
354580,1999,0,13157,13157
354580,2000,0,13225,13225
354580,2001,0,13861,13861
354580,2002,0,14229,14229
354580,2003,0,13939,13939
354580,2004,0,14038,14038
354580,2005,0,14429,14429
354580,2006,0,13690,13690
354580,2007,0,13050,13050
354580,2008,0,13832,13832
354580,2009,56,13104,13048
354580,2010,56,12912,12856
354580,2011,0,12856,12856
354580,2012,0,10572,10572
354580,2013,56,10158,10102
354580,2014,356,10866,10510
354580,2015,300,10760,10460
354580,2016,300,10760,10460
354580,2017,300,10760,10460
354580,2018,300,10760,10460
354580,2019,250,10920,10670
354580,2020,200,10975,10775
354580,2021,200,10975,10775
354600,1988,0,897,897
354600,1989,0,899,899
354600,1990,0,759,759
354600,1991,0,470,470
354600,1992,0,375,375
354600,1993,0,320,320
354600,1994,0,107,107
354600,1995,0,56,56
354600,1996,0,304,304
354600,1997,0,156,156
354600,1998,0,495,495
354600,1999,0,415,415
354600,2000,0,457,457
354600,2001,0,143,143
354600,2002,0,301,301
354600,2003,0,61,61
354600,2004,0,358,358
354600,2005,0,434,434
354600,2006,0,448,448
354600,2007,0,424,424
354600,2008,0,374,374
354600,2009,0,223,223
354600,2010,0,251,251
354600,2011,0,370,370
354600,2012,0,335,335
354600,2013,0,335,335
354600,2014,0,123,123
354600,2015,0,131,131
354600,2016,0,93,93
354600,2017,0,55,55
354600,2018,0,33,33
354600,2019,0,30,30
354600,2020,0,39,39
354600,2021,0,42,42
354610,1988,0,4494,4494
354610,1989,0,3194,3194
354610,1990,0,3780,3780
354610,1991,0,5321,5321
354610,1992,0,4893,4893
354610,1993,0,3751,3751
354610,1994,0,3992,3992
354610,1995,24,2960,2936
354610,1996,30,3024,2994
354610,1997,120,2682,2562
354610,1998,0,1555,1555
354610,1999,109,1657,1548
354610,2000,240,1170,930
354610,2001,0,1606,1606
354610,2002,0,1456,1456
354610,2003,0,1860,1860
354610,2004,0,1705,1705
354610,2005,0,1615,1615
354610,2006,410,1194,784
354610,2007,0,174,174
354610,2008,180,758,578
354610,2009,0,496,496
354610,2010,0,316,316
354610,2011,0,494,494
354610,2012,0,559,559
354610,2013,50,651,601
354610,2014,120,596,476
354610,2015,35,718,683
354610,2016,25,574,549
354610,2017,0,559,559
354610,2018,70,893,823
354610,2019,120,684,564
354610,2020,120,771,651
354610,2021,120,652,532
354620,1988,150,8197,8047
354620,1989,300,6256,5956
354620,1990,100,6382,6282
354620,1991,100,6378,6278
354620,1992,30,6329,6299
354620,1993,20,4938,4918
354620,1994,30,5420,5390
354620,1995,30,4232,4202
354620,1996,36,4308,4272
354620,1997,50,5325,5275
354620,1998,0,5948,5948
354620,1999,0,5748,5748
354620,2000,20,5399,5379
354620,2001,20,5176,5156
354620,2002,20,16348,16328
354620,2003,25,5853,5828
354620,2004,25,5237,5212
354620,2005,25,5545,5520
354620,2006,25,5686,5661
354620,2007,10,6187,6177
354620,2008,0,7070,7070
354620,2009,48,7130,7082
354620,2010,25,7813,7788
354620,2011,25,6415,6390
354620,2012,60,6476,6416
354620,2013,80,5314,5234
354620,2014,60,4888,4828
354620,2015,120,4826,4706
354620,2016,370,4630,4260
354620,2017,400,4514,4114
354620,2018,400,4514,4114
354620,2019,500,5108,4608
354620,2020,600,5169,4569
354620,2021,550,5030,4480
354630,1988,12,17944,17932
354630,1989,0,18375,18375
354630,1990,0,17096,17096
354630,1991,0,15133,15133
354630,1992,300,15045,14745
354630,1993,500,13595,13095
354630,1994,900,22102,21202
354630,1995,900,20707,19807
354630,1996,150,16606,16456
354630,1997,150,6672,6522
354630,1998,150,16821,16671
354630,1999,150,16648,16498
354630,2000,0,15893,15893
354630,2001,520,15970,15450
354630,2002,473,15408,14935
354630,2003,475,15768,15293
354630,2004,475,15733,15258
354630,2005,1400,21816,20416
354630,2006,1400,23014,21614
354630,2007,1500,21424,19924
354630,2008,800,22556,21756
354630,2009,42,17469,17427
354630,2010,42,21779,21737
354630,2011,50,17808,17758
354630,2012,0,23121,23121
354630,2013,0,22228,22228
354630,2014,330,21903,21573
354630,2015,129,22154,22025
354630,2016,600,19415,18815
354630,2017,517,22826,22309
354630,2018,1834,21720,19886
354630,2019,1257,20688,19431
354630,2020,1500,20973,19473
354630,2021,1500,19922,18422
354640,1988,3146,37726,34580
354640,1989,3500,36390,32890
354640,1990,3200,35024,31824
354640,1991,3000,36494,33494
354640,1992,4000,33956,29956
354640,1993,4500,34066,29566
354640,1994,6000,34682,28682
354640,1995,6200,43881,37681
354640,1996,8000,49427,41427
354640,1997,6520,41805,35285
354640,1998,7726,42230,34504
354640,1999,7930,44983,37053
354640,2000,5000,42115,37115
354640,2001,5000,40245,35245
354640,2002,7000,38710,31710
354640,2003,7000,42999,35999
354640,2004,7000,40544,33544
354640,2005,7100,41472,34372
354640,2006,7000,46903,39903
354640,2007,6000,43697,37697
354640,2008,6100,43720,37620
354640,2009,6100,54109,48009
354640,2010,6200,55085,48885
354640,2011,6200,54654,48454
354640,2012,13000,59081,46081
354640,2013,13000,57474,44474
354640,2014,13000,58808,45808
354640,2015,18500,75909,57409
354640,2016,19500,74190,54690
354640,2017,25500,84707,59207
354640,2018,23460,80039,56579
354640,2019,24335,83998,59663
354640,2020,33100,90828,57728
354640,2021,33300,91122,57822
354650,1988,320,11231,10911
354650,1989,150,7945,7795
354650,1990,150,11140,10990
354650,1991,150,11070,10920
354650,1992,150,10545,10395
354650,1993,0,10057,10057
354650,1994,0,9953,9953
354650,1995,150,10555,10405
354650,1996,100,10745,10645
354650,1997,230,7257,7027
354650,1998,300,7461,7161
354650,1999,250,7306,7056
354650,2000,250,7245,6995
354650,2001,250,7548,7298
354650,2002,200,7338,7138
354650,2003,200,7398,7198
354650,2004,230,7451,7221
354650,2005,260,7765,7505
354650,2006,250,7596,7346
354650,2007,180,7963,7783
354650,2008,200,7556,7356
354650,2009,50,7480,7430
354650,2010,50,7543,7493
354650,2011,30,7403,7373
354650,2012,40,7504,7464
354650,2013,40,7578,7538
354650,2014,50,7598,7548
354650,2015,50,7605,7555
354650,2016,50,7603,7553
354650,2017,100,7718,7618
354650,2018,150,7768,7618
354650,2019,150,7768,7618
354650,2020,150,7768,7618
354650,2021,150,9883,9733
354660,1988,0,3860,3860
354660,1989,0,3242,3242
354660,1990,0,3209,3209
354660,1991,0,2854,2854
354660,1992,0,2905,2905
354660,1993,0,3312,3312
354660,1994,0,2862,2862
354660,1995,0,2437,2437
354660,1996,0,2398,2398
354660,1997,0,1801,1801
354660,1998,0,1342,1342
354660,1999,0,1285,1285
354660,2000,0,1264,1264
354660,2001,0,1549,1549
354660,2002,0,1358,1358
354660,2003,0,1382,1382
354660,2004,50,1295,1245
354660,2005,0,1555,1555
354660,2006,0,1430,1430
354660,2007,0,1071,1071
354660,2008,0,1142,1142
354660,2009,0,1056,1056
354660,2010,0,1051,1051
354660,2011,0,989,989
354660,2012,0,1492,1492
354660,2013,0,1394,1394
354660,2014,0,1459,1459
354660,2015,0,1410,1410
354660,2016,0,1381,1381
354660,2017,0,1313,1313
354660,2018,0,1582,1582
354660,2019,0,1531,1531
354660,2020,0,1438,1438
354660,2021,80,1442,1362
354670,1988,0,6504,6504
354670,1989,12,6697,6685
354670,1990,0,7329,7329
354670,1991,0,5832,5832
354670,1992,20,4952,4932
354670,1993,80,4762,4682
354670,1994,0,4490,4490
354670,1995,20,5049,5029
354670,1996,73,6321,6248
354670,1997,0,4923,4923
354670,1998,0,5554,5554
354670,1999,0,5408,5408
354670,2000,50,6204,6154
354670,2001,70,6607,6537
354670,2002,130,5382,5252
354670,2003,130,5152,5022
354670,2004,25,4799,4774
354670,2005,125,4739,4614
354670,2006,30,4911,4881
354670,2007,24,4780,4756
354670,2008,20,4947,4927
354670,2009,0,4993,4993
354670,2010,0,4667,4667
354670,2011,0,4663,4663
354670,2012,0,4011,4011
354670,2013,110,4199,4089
354670,2014,140,5112,4972
354670,2015,110,5178,5068
354670,2016,262,5143,4881
354670,2017,117,5331,5214
354670,2018,185,5157,4972
354670,2019,113,4862,4749
354670,2020,150,4927,4777
354670,2021,100,4827,4727
354680,1988,0,924,924
354680,1989,0,667,667
354680,1990,0,697,697
354680,1991,0,642,642
354680,1992,0,539,539
354680,1993,0,479,479
354680,1994,0,86,86
354680,1995,0,0,0
354680,1996,0,139,139
354680,1997,0,289,289
354680,1998,0,22,22
354680,1999,0,12,12
354680,2000,0,543,543
354680,2001,0,207,207
354680,2002,0,10,10
354680,2003,0,150,150
354680,2004,0,150,150
354680,2005,0,150,150
354680,2006,0,150,150
354680,2007,0,150,150
354680,2008,0,138,138
354680,2009,0,292,292
354680,2010,0,187,187
354680,2011,0,288,288
354680,2012,0,184,184
354680,2013,0,184,184
354680,2014,0,178,178
354680,2015,0,166,166
354680,2016,0,164,164
354680,2017,0,166,166
354680,2018,0,171,171
354680,2019,0,171,171
354680,2020,0,170,170
354680,2021,0,170,170
354690,1988,1000,16930,15930
354690,1989,2000,12085,10085
354690,1990,2500,7008,4508
354690,1991,2000,14958,12958
354690,1992,800,15658,14858
354690,1993,500,13277,12777
354690,1994,200,15355,15155
354690,1995,200,15054,14854
354690,1996,200,14038,13838
354690,1997,200,15400,15200
354690,1998,200,14526,14326
354690,1999,200,14642,14442
354690,2000,200,14701,14501
354690,2001,220,14490,14270
354690,2002,200,14581,14381
354690,2003,200,15000,14800
354690,2004,600,14964,14364
354690,2005,400,15881,15481
354690,2006,400,15277,14877
354690,2007,300,16512,16212
354690,2008,120,14615,14495
354690,2009,0,13810,13810
354690,2010,300,14450,14150
354690,2011,300,15013,14713
354690,2012,250,14610,14360
354690,2013,300,15019,14719
354690,2014,300,15109,14809
354690,2015,400,15130,14730
354690,2016,400,15130,14730
354690,2017,400,15130,14730
354690,2018,400,15182,14782
354690,2019,400,15182,14782
354690,2020,400,15234,14834
354690,2021,400,15486,15086
354700,1988,2,7335,7333
354700,1989,5,7411,7406
354700,1990,10,6018,6008
354700,1991,0,5200,5200
354700,1992,0,4942,4942
354700,1993,0,5830,5830
354700,1994,0,8125,8125
354700,1995,0,6604,6604
354700,1996,0,6311,6311
354700,1997,0,5778,5778
354700,1998,0,5670,5670
354700,1999,0,6058,6058
354700,2000,0,3517,3517
354700,2001,0,4107,4107
354700,2002,0,4107,4107
354700,2003,0,4107,4107
354700,2004,0,4474,4474
354700,2005,0,4406,4406
354700,2006,0,4237,4237
354700,2007,0,8740,8740
354700,2008,0,4733,4733
354700,2009,0,7053,7053
354700,2010,0,7490,7490
354700,2011,0,7937,7937
354700,2012,0,7517,7517
354700,2013,0,6452,6452
354700,2014,0,6712,6712
354700,2015,0,6118,6118
354700,2016,0,6136,6136
354700,2017,0,6136,6136
354700,2018,0,6136,6136
354700,2019,0,6762,6762
354700,2020,0,6740,6740
354700,2021,1500,8240,6740
354710,1988,0,5937,5937
354710,1989,100,5795,5695
354710,1990,0,5050,5050
354710,1991,0,3730,3730
354710,1992,0,1582,1582
354710,1993,0,1675,1675
354710,1994,0,1555,1555
354710,1995,0,1099,1099
354710,1996,0,978,978
354710,1997,0,1060,1060
354710,1998,0,241,241
354710,1999,0,193,193
354710,2000,0,189,189
354710,2001,0,282,282
354710,2002,0,322,322
354710,2003,0,376,376
354710,2004,0,759,759
354710,2005,0,626,626
354710,2006,0,691,691
354710,2007,0,2159,2159
354710,2008,0,6376,6376
354710,2009,0,6447,6447
354710,2010,0,8226,8226
354710,2011,0,8347,8347
354710,2012,0,9417,9417
354710,2013,0,9375,9375
354710,2014,0,10048,10048
354710,2015,128,9995,9867
354710,2016,0,9777,9777
354710,2017,0,7703,7703
354710,2018,0,7816,7816
354710,2019,0,7880,7880
354710,2020,0,7760,7760
354710,2021,150,7547,7397
354720,1988,408,3473,3065
354720,1989,335,3008,2673
354720,1990,422,2497,2075
354720,1991,0,1985,1985
354720,1992,0,1941,1941
354720,1993,0,1859,1859
354720,1994,0,1763,1763
354720,1995,0,1842,1842
354720,1996,0,1931,1931
354720,1997,0,1546,1546
354720,1998,0,1655,1655
354720,1999,0,1556,1556
354720,2000,0,1163,1163
354720,2001,0,1808,1808
354720,2002,0,1768,1768
354720,2003,0,1773,1773
354720,2004,96,1675,1579
354720,2005,0,1233,1233
354720,2006,0,1044,1044
354720,2007,0,769,769
354720,2008,290,1225,935
354720,2009,0,1169,1169
354720,2010,0,1156,1156
354720,2011,0,1195,1195
354720,2012,0,1523,1523
354720,2013,0,2365,2365
354720,2014,0,2349,2349
354720,2015,0,2521,2521
354720,2016,169,3414,3245
354720,2017,50,2363,2313
354720,2018,50,2417,2367
354720,2019,365,2527,2162
354720,2020,430,2570,2140
354720,2021,240,2191,1951
354730,1988,0,429,429
354730,1989,0,250,250
354730,1990,0,185,185
354730,1991,0,175,175
354730,1992,0,20,20
354730,1993,0,0,0
354730,1994,0,0,0
354730,1995,0,0,0
354730,1996,0,0,0
354730,1997,0,0,0
354730,1998,0,0,0
354730,1999,0,0,0
354730,2000,0,0,0
354730,2001,0,0,0
354730,2002,0,0,0
354730,2003,0,0,0
354730,2004,0,0,0
354730,2005,0,0,0
354730,2006,0,0,0
354730,2007,0,0,0
354730,2008,0,0,0
354730,2009,0,0,0
354730,2010,0,0,0
354730,2011,0,0,0
354730,2012,0,0,0
354730,2013,0,0,0
354730,2014,0,0,0
354730,2015,0,0,0
354730,2016,0,0,0
354730,2017,0,0,0
354730,2018,0,0,0
354730,2019,0,0,0
354730,2020,0,0,0
354730,2021,0,0,0
354740,1988,0,5496,5496
354740,1989,0,5450,5450
354740,1990,0,4588,4588
354740,1991,0,4368,4368
354740,1992,0,5177,5177
354740,1993,0,3623,3623
354740,1994,0,4176,4176
354740,1995,0,3109,3109
354740,1996,0,2715,2715
354740,1997,0,2471,2471
354740,1998,0,2432,2432
354740,1999,194,2594,2400
354740,2000,0,2018,2018
354740,2001,0,2624,2624
354740,2002,0,3062,3062
354740,2003,0,3379,3379
354740,2004,0,3798,3798
354740,2005,0,3090,3090
354740,2006,0,1325,1325
354740,2007,0,287,287
354740,2008,0,933,933
354740,2009,0,1291,1291
354740,2010,0,1501,1501
354740,2011,0,2171,2171
354740,2012,0,3584,3584
354740,2013,0,3956,3956
354740,2014,0,4341,4341
354740,2015,0,4542,4542
354740,2016,30,4397,4367
354740,2017,0,4361,4361
354740,2018,0,6043,6043
354740,2019,0,6123,6123
354740,2020,0,5825,5825
354740,2021,1300,6626,5326
354750,1988,350,19803,19453
354750,1989,200,18421,18221
354750,1990,200,19853,19653
354750,1991,180,19778,19598
354750,1992,150,20872,20722
354750,1993,50,19209,19159
354750,1994,0,18123,18123
354750,1995,0,17601,17601
354750,1996,0,18689,18689
354750,1997,75,17813,17738
354750,1998,75,19195,19120
354750,1999,75,19196,19121
354750,2000,75,17110,17035
354750,2001,75,17704,17629
354750,2002,0,16513,16513
354750,2003,100,17301,17201
354750,2004,300,18847,18547
354750,2005,300,16846,16546
354750,2006,0,18812,18812
354750,2007,0,19387,19387
354750,2008,0,26998,26998
354750,2009,0,23382,23382
354750,2010,100,26084,25984
354750,2011,100,22391,22291
354750,2012,100,20455,20355
354750,2013,200,19136,18936
354750,2014,200,19032,18832
354750,2015,1000,21063,20063
354750,2016,1000,19963,18963
354750,2017,600,22012,21412
354750,2018,300,21456,21156
354750,2019,200,21062,20862
354750,2020,300,21329,21029
354750,2021,250,21992,21742
354760,1988,60,7477,7417
354760,1989,60,7858,7798
354760,1990,60,11139,11079
354760,1991,60,11642,11582
354760,1992,60,8033,7973
354760,1993,60,8234,8174
354760,1994,60,8122,8062
354760,1995,60,8027,7967
354760,1996,60,8065,8005
354760,1997,60,7992,7932
354760,1998,60,8720,8660
354760,1999,60,8838,8778
354760,2000,600,8953,8353
354760,2001,700,9167,8467
354760,2002,700,8943,8243
354760,2003,400,9623,9223
354760,2004,200,10610,10410
354760,2005,100,11575,11475
354760,2006,200,11307,11107
354760,2007,200,11456,11256
354760,2008,200,11548,11348
354760,2009,100,11364,11264
354760,2010,200,11950,11750
354760,2011,200,11145,10945
354760,2012,200,10645,10445
354760,2013,200,10645,10445
354760,2014,200,11318,11118
354760,2015,1000,12028,11028
354760,2016,1000,11982,10982
354760,2017,1000,11882,10882
354760,2018,1000,14829,13829
354760,2019,1300,15053,13753
354760,2020,1300,15072,13772
354760,2021,1300,15053,13753
354770,1988,170,13538,13368
354770,1989,170,15010,14840
354770,1990,170,13462,13292
354770,1991,120,9428,9308
354770,1992,150,7604,7454
354770,1993,150,8516,8366
354770,1994,120,8928,8808
354770,1995,130,5645,5515
354770,1996,130,3576,3446
354770,1997,120,4139,4019
354770,1998,0,5702,5702
354770,1999,0,6093,6093
354770,2000,0,5996,5996
354770,2001,120,4948,4828
354770,2002,120,4754,4634
354770,2003,500,4886,4386
354770,2004,1300,5585,4285
354770,2005,1200,8647,7447
354770,2006,700,9570,8870
354770,2007,560,10800,10240
354770,2008,380,9331,8951
354770,2009,380,18309,17929
354770,2010,380,11692,11312
354770,2011,450,10249,9799
354770,2012,380,9384,9004
354770,2013,380,9813,9433
354770,2014,2040,13488,11448
354770,2015,4436,18734,14298
354770,2016,3100,13835,10735
354770,2017,2820,12916,10096
354770,2018,3322,11631,8309
354770,2019,4851,13501,8650
354770,2020,5037,10463,5426
354770,2021,5633,12864,7231
354780,1988,0,0,0
354780,1989,0,0,0
354780,1990,0,0,0
354780,1991,0,0,0
354780,1992,0,0,0
354780,1993,0,0,0
354780,1994,0,0,0
354780,1995,0,0,0
354780,1996,0,0,0
354780,1997,0,0,0
354780,1998,0,0,0
354780,1999,0,0,0
354780,2000,0,0,0
354780,2001,0,0,0
354780,2002,0,0,0
354780,2003,0,0,0
354780,2004,0,0,0
354780,2005,0,0,0
354780,2006,0,0,0
354780,2007,0,0,0
354780,2008,0,0,0
354780,2009,0,0,0
354780,2010,0,0,0
354780,2011,0,0,0
354780,2012,0,0,0
354780,2013,0,0,0
354780,2014,0,0,0
354780,2015,0,0,0
354780,2016,0,0,0
354780,2017,0,0,0
354780,2018,0,0,0
354780,2019,0,0,0
354780,2020,0,0,0
354780,2021,0,0,0
354790,1988,0,4362,4362
354790,1989,0,4673,4673
354790,1990,0,4473,4473
354790,1991,0,4694,4694
354790,1992,0,3754,3754
354790,1993,0,3254,3254
354790,1994,60,3374,3314
354790,1995,120,3896,3776
354790,1996,120,4338,4218
354790,1997,0,6669,6669
354790,1998,120,6123,6003
354790,1999,0,5588,5588
354790,2000,0,5696,5696
354790,2001,0,3505,3505
354790,2002,0,4104,4104
354790,2003,85,3316,3231
354790,2004,200,3881,3681
354790,2005,200,4011,3811
354790,2006,200,4088,3888
354790,2007,200,4371,4171
354790,2008,42,4870,4828
354790,2009,0,6641,6641
354790,2010,0,6437,6437
354790,2011,0,7167,7167
354790,2012,50,4220,4170
354790,2013,0,7468,7468
354790,2014,0,7814,7814
354790,2015,200,8685,8485
354790,2016,200,8762,8562
354790,2017,200,8844,8644
354790,2018,300,7980,7680
354790,2019,400,8321,7921
354790,2020,400,9131,8731
354790,2021,400,9131,8731
354810,1988,0,3208,3208
354810,1989,0,3265,3265
354810,1990,0,4144,4144
354810,1991,0,4186,4186
354810,1992,0,4314,4314
354810,1993,0,4554,4554
354810,1994,0,3267,3267
354810,1995,0,3028,3028
354810,1996,0,2951,2951
354810,1997,0,3939,3939
354810,1998,0,4072,4072
354810,1999,0,4356,4356
354810,2000,0,3142,3142
354810,2001,0,6488,6488
354810,2002,0,4023,4023
354810,2003,0,4422,4422
354810,2004,0,4077,4077
354810,2005,0,4119,4119
354810,2006,0,4093,4093
354810,2007,0,4423,4423
354810,2008,0,3451,3451
354810,2009,0,4186,4186
354810,2010,0,8563,8563
354810,2011,0,8064,8064
354810,2012,0,4144,4144
354810,2013,0,4482,4482
354810,2014,0,4398,4398
354810,2015,0,4213,4213
354810,2016,0,4430,4430
354810,2017,0,3570,3570
354810,2018,0,4164,4164
354810,2019,0,4176,4176
354810,2020,0,4185,4185
354810,2021,0,4185,4185
354820,1988,0,499,499
354820,1989,0,436,436
354820,1990,0,417,417
354820,1991,0,276,276
354820,1992,0,302,302
354820,1993,0,244,244
354820,1994,0,230,230
354820,1995,0,327,327
354820,1996,0,360,360
354820,1997,0,204,204
354820,1998,0,241,241
354820,1999,0,338,338
354820,2000,0,90,90
354820,2001,0,297,297
354820,2002,0,268,268
354820,2003,0,43,43
354820,2004,0,257,257
354820,2005,0,184,184
354820,2006,0,197,197
354820,2007,0,185,185
354820,2008,0,175,175
354820,2009,0,174,174
354820,2010,0,185,185
354820,2011,0,185,185
354820,2012,0,175,175
354820,2013,0,151,151
354820,2014,0,116,116
354820,2015,0,88,88
354820,2016,0,88,88
354820,2017,0,88,88
354820,2018,0,81,81
354820,2019,0,101,101
354820,2020,0,105,105
354820,2021,0,68,68
354830,1988,0,1815,1815
354830,1989,0,1244,1244
354830,1990,0,1616,1616
354830,1991,0,1338,1338
354830,1992,0,1505,1505
354830,1993,0,1137,1137
354830,1994,0,933,933
354830,1995,0,2177,2177
354830,1996,0,727,727
354830,1997,0,471,471
354830,1998,0,359,359
354830,1999,0,551,551
354830,2000,0,590,590
354830,2001,0,643,643
354830,2002,0,643,643
354830,2003,0,590,590
354830,2004,0,1019,1019
354830,2005,0,1765,1765
354830,2006,0,3257,3257
354830,2007,0,3077,3077
354830,2008,0,2928,2928
354830,2009,0,2488,2488
354830,2010,0,2464,2464
354830,2011,0,2584,2584
354830,2012,0,1674,1674
354830,2013,70,1771,1701
354830,2014,80,1756,1676
354830,2015,0,1536,1536
354830,2016,0,1566,1566
354830,2017,0,1516,1516
354830,2018,0,1516,1516
354830,2019,0,1541,1541
354830,2020,0,1318,1318
354830,2021,0,1279,1279
354840,1988,0,2547,2547
354840,1989,0,2869,2869
354840,1990,0,2604,2604
354840,1991,0,2363,2363
354840,1992,0,1923,1923
354840,1993,0,2402,2402
354840,1994,3,2556,2553
354840,1995,48,2434,2386
354840,1996,0,2244,2244
354840,1997,0,2628,2628
354840,1998,0,4934,4934
354840,1999,0,4395,4395
354840,2000,0,4884,4884
354840,2001,0,3994,3994
354840,2002,0,3989,3989
354840,2003,0,5050,5050
354840,2004,200,4406,4206
354840,2005,48,4358,4310
354840,2006,0,4498,4498
354840,2007,0,4473,4473
354840,2008,0,4803,4803
354840,2009,48,5601,5553
354840,2010,44,6132,6088
354840,2011,50,6303,6253
354840,2012,70,4489,4419
354840,2013,85,4673,4588
354840,2014,107,4415,4308
354840,2015,155,4366,4211
354840,2016,335,4239,3904
354840,2017,590,4118,3528
354840,2018,0,4468,4468
354840,2019,0,3584,3584
354840,2020,0,3512,3512
354840,2021,0,3779,3779
354850,1988,0,282,282
354850,1989,0,270,270
354850,1990,0,17,17
354850,1991,0,12,12
354850,1992,0,0,0
354850,1993,0,100,100
354850,1994,0,321,321
354850,1995,0,67,67
354850,1996,0,247,247
354850,1997,0,247,247
354850,1998,0,247,247
354850,1999,0,247,247
354850,2000,0,247,247
354850,2001,0,0,0
354850,2002,0,0,0
354850,2003,0,1,1
354850,2004,0,3,3
354850,2005,0,0,0
354850,2006,0,5,5
354850,2007,0,0,0
354850,2008,0,0,0
354850,2009,0,0,0
354850,2010,0,0,0
354850,2011,0,0,0
354850,2012,0,0,0
354850,2013,0,0,0
354850,2014,0,0,0
354850,2015,0,0,0
354850,2016,0,0,0
354850,2017,0,0,0
354850,2018,0,0,0
354850,2019,0,0,0
354850,2020,0,0,0
354850,2021,0,0,0
354860,1988,0,893,893
354860,1989,0,1248,1248
354860,1990,0,1354,1354
354860,1991,0,1988,1988
354860,1992,0,499,499
354860,1993,0,402,402
354860,1994,0,401,401
354860,1995,0,409,409
354860,1996,0,419,419
354860,1997,0,388,388
354860,1998,0,978,978
354860,1999,0,1156,1156
354860,2000,0,1143,1143
354860,2001,0,970,970
354860,2002,0,1033,1033
354860,2003,0,825,825
354860,2004,0,1188,1188
354860,2005,0,1262,1262
354860,2006,0,1695,1695
354860,2007,0,1495,1495
354860,2008,0,1745,1745
354860,2009,0,2065,2065
354860,2010,0,2065,2065
354860,2011,0,2065,2065
354860,2012,0,2320,2320
354860,2013,0,1280,1280
354860,2014,0,1198,1198
354860,2015,0,1442,1442
354860,2016,0,1444,1444
354860,2017,0,1444,1444
354860,2018,0,1077,1077
354860,2019,0,1150,1150
354860,2020,0,1170,1170
354860,2021,0,1153,1153
354870,1988,0,22,22
354870,1989,0,17,17
354870,1990,0,10,10
354870,1991,0,4,4
354870,1992,0,0,0
354870,1993,0,0,0
354870,1994,0,0,0
354870,1995,0,0,0
354870,1996,0,0,0
354870,1997,0,0,0
354870,1998,0,0,0
354870,1999,0,0,0
354870,2000,0,0,0
354870,2001,0,0,0
354870,2002,0,0,0
354870,2003,0,0,0
354870,2004,0,0,0
354870,2005,0,0,0
354870,2006,0,0,0
354870,2007,0,0,0
354870,2008,0,0,0
354870,2009,0,0,0
354870,2010,0,0,0
354870,2011,0,0,0
354870,2012,0,0,0
354870,2013,0,0,0
354870,2014,0,0,0
354870,2015,0,0,0
354870,2016,0,0,0
354870,2017,0,0,0
354870,2018,0,0,0
354870,2019,0,0,0
354870,2020,0,0,0
354870,2021,0,0,0
354890,1988,2686,21601,18915
354890,1989,3000,23799,20799
354890,1990,7500,27473,19973
354890,1991,4500,32411,27911
354890,1992,3500,27521,24021
354890,1993,0,21144,21144
354890,1994,1400,22151,20751
354890,1995,1400,22672,21272
354890,1996,1400,38970,37570
354890,1997,526,34608,34082
354890,1998,300,33754,33454
354890,1999,300,37922,37622
354890,2000,700,30644,29944
354890,2001,300,31437,31137
354890,2002,322,29833,29511
354890,2003,1000,34494,33494
354890,2004,1000,34260,33260
354890,2005,1000,33955,32955
354890,2006,400,32564,32164
354890,2007,400,33813,33413
354890,2008,400,33901,33501
354890,2009,400,47152,46752
354890,2010,400,44883,44483
354890,2011,400,45568,45168
354890,2012,500,41180,40680
354890,2013,400,41071,40671
354890,2014,700,39630,38930
354890,2015,700,43907,43207
354890,2016,1500,41889,40389
354890,2017,1500,41731,40231
354890,2018,1500,41511,40011
354890,2019,1500,41511,40011
354890,2020,1800,44922,43122
354890,2021,1800,42422,40622
354900,1988,0,4399,4399
354900,1989,0,4712,4712
354900,1990,0,4892,4892
354900,1991,0,4577,4577
354900,1992,0,4399,4399
354900,1993,0,3285,3285
354900,1994,0,2754,2754
354900,1995,0,3016,3016
354900,1996,0,2262,2262
354900,1997,0,2234,2234
354900,1998,0,2399,2399
354900,1999,0,1797,1797
354900,2000,0,2356,2356
354900,2001,0,1992,1992
354900,2002,0,1870,1870
354900,2003,0,1778,1778
354900,2004,0,1527,1527
354900,2005,0,1766,1766
354900,2006,0,1484,1484
354900,2007,0,1655,1655
354900,2008,0,1484,1484
354900,2009,0,1616,1616
354900,2010,0,1915,1915
354900,2011,0,2029,2029
354900,2012,0,2084,2084
354900,2013,0,3633,3633
354900,2014,0,3928,3928
354900,2015,0,3773,3773
354900,2016,0,3694,3694
354900,2017,50,3949,3899
354900,2018,70,4356,4286
354900,2019,130,4029,3899
354900,2020,130,3876,3746
354900,2021,130,4046,3916
354910,1988,200,15634,15434
354910,1989,200,13088,12888
354910,1990,200,16040,15840
354910,1991,600,19915,19315
354910,1992,200,17541,17341
354910,1993,200,16973,16773
354910,1994,200,16130,15930
354910,1995,200,15885,15685
354910,1996,220,17573,17353
354910,1997,250,17692,17442
354910,1998,250,17341,17091
354910,1999,200,17896,17696
354910,2000,400,19589,19189
354910,2001,220,18793,18573
354910,2002,350,16763,16413
354910,2003,350,18763,18413
354910,2004,320,18734,18414
354910,2005,320,18197,17877
354910,2006,300,16812,16512
354910,2007,230,15175,14945
354910,2008,240,17309,17069
354910,2009,220,16098,15878
354910,2010,200,15480,15280
354910,2011,200,19927,19727
354910,2012,200,19883,19683
354910,2013,300,19781,19481
354910,2014,240,18705,18465
354910,2015,200,18564,18364
354910,2016,200,17837,17637
354910,2017,500,18403,17903
354910,2018,200,17499,17299
354910,2019,200,17137,16937
354910,2020,150,17379,17229
354910,2021,150,17379,17229
354920,1988,0,3089,3089
354920,1989,0,2401,2401
354920,1990,0,2561,2561
354920,1991,0,2189,2189
354920,1992,0,2669,2669
354920,1993,0,2110,2110
354920,1994,0,2545,2545
354920,1995,0,2207,2207
354920,1996,0,2335,2335
354920,1997,0,1707,1707
354920,1998,0,1589,1589
354920,1999,0,1532,1532
354920,2000,0,1406,1406
354920,2001,0,1520,1520
354920,2002,0,1011,1011
354920,2003,0,937,937
354920,2004,0,1395,1395
354920,2005,0,1225,1225
354920,2006,0,1082,1082
354920,2007,0,1028,1028
354920,2008,0,1718,1718
354920,2009,0,2002,2002
354920,2010,10,2101,2091
354920,2011,120,2207,2087
354920,2012,120,2780,2660
354920,2013,0,2281,2281
354920,2014,0,2228,2228
354920,2015,0,2795,2795
354920,2016,0,2360,2360
354920,2017,0,2899,2899
354920,2018,0,4453,4453
354920,2019,0,4666,4666
354920,2020,0,4663,4663
354920,2021,0,4728,4728
354930,1988,0,4251,4251
354930,1989,0,3901,3901
354930,1990,0,3812,3812
354930,1991,0,2944,2944
354930,1992,0,2717,2717
354930,1993,0,3033,3033
354930,1994,0,3251,3251
354930,1995,0,1652,1652
354930,1996,0,1097,1097
354930,1997,0,1065,1065
354930,1998,0,628,628
354930,1999,0,449,449
354930,2000,0,640,640
354930,2001,0,589,589
354930,2002,0,743,743
354930,2003,0,716,716
354930,2004,0,769,769
354930,2005,0,1124,1124
354930,2006,0,754,754
354930,2007,0,556,556
354930,2008,0,701,701
354930,2009,0,706,706
354930,2010,0,3559,3559
354930,2011,0,3660,3660
354930,2012,0,6799,6799
354930,2013,0,6729,6729
354930,2014,0,6539,6539
354930,2015,0,6942,6942
354930,2016,0,7514,7514
354930,2017,0,7407,7407
354930,2018,0,6856,6856
354930,2019,0,7366,7366
354930,2020,0,7438,7438
354930,2021,0,7385,7385
354940,1988,5917,28952,23035
354940,1989,6555,29364,22809
354940,1990,6228,33839,27611
354940,1991,7800,35515,27715
354940,1992,6240,38968,32728
354940,1993,6240,33513,27273
354940,1994,6240,37293,31053
354940,1995,6000,28910,22910
354940,1996,7500,27200,19700
354940,1997,7000,28400,21400
354940,1998,3000,26562,23562
354940,1999,2800,27372,24572
354940,2000,5400,33841,28441
354940,2001,5000,32076,27076
354940,2002,3800,29386,25586
354940,2003,4000,29992,25992
354940,2004,4500,32892,28392
354940,2005,4500,31671,27171
354940,2006,3800,34802,31002
354940,2007,3500,29902,26402
354940,2008,3500,30063,26563
354940,2009,2070,32570,30500
354940,2010,3000,28617,25617
354940,2011,1869,28954,27085
354940,2012,2750,29844,27094
354940,2013,2401,28325,25924
354940,2014,3000,29392,26392
354940,2015,4000,30387,26387
354940,2016,5575,31200,25625
354940,2017,5775,31225,25450
354940,2018,3126,28742,25616
354940,2019,3125,28656,25531
354940,2020,3189,28720,25531
354940,2021,3189,28720,25531
354950,1988,6526,17438,10912
354950,1989,7200,20847,13647
354950,1990,7300,23123,15823
354950,1991,7000,27041,20041
354950,1992,7000,23886,16886
354950,1993,9500,26737,17237
354950,1994,10000,28514,18514
354950,1995,10000,21209,11209
354950,1996,4500,17993,13493
354950,1997,4100,18029,13929
354950,1998,4300,22155,17855
354950,1999,4300,19546,15246
354950,2000,4500,20082,15582
354950,2001,4000,17098,13098
354950,2002,3000,15326,12326
354950,2003,3000,14743,11743
354950,2004,4500,18595,14095
354950,2005,4000,16089,12089
354950,2006,1500,18769,17269
354950,2007,50,18018,17968
354950,2008,800,22952,22152
354950,2009,150,21527,21377
354950,2010,850,22257,21407
354950,2011,120,20835,20715
354950,2012,600,20961,20361
354950,2013,2000,21919,19919
354950,2014,2000,21314,19314
354950,2015,2000,23044,21044
354950,2016,2000,22940,20940
354950,2017,1800,22909,21109
354950,2018,2000,23330,21330
354950,2019,1800,23286,21486
354950,2020,1800,22841,21041
354950,2021,1800,22954,21154
354960,1988,0,858,858
354960,1989,0,815,815
354960,1990,0,866,866
354960,1991,0,646,646
354960,1992,0,633,633
354960,1993,0,620,620
354960,1994,0,468,468
354960,1995,0,570,570
354960,1996,0,15,15
354960,1997,0,238,238
354960,1998,0,555,555
354960,1999,0,574,574
354960,2000,0,384,384
354960,2001,0,332,332
354960,2002,0,334,334
354960,2003,0,359,359
354960,2004,0,367,367
354960,2005,0,338,338
354960,2006,0,310,310
354960,2007,0,304,304
354960,2008,0,292,292
354960,2009,0,180,180
354960,2010,0,166,166
354960,2011,0,185,185
354960,2012,0,180,180
354960,2013,0,178,178
354960,2014,0,170,170
354960,2015,0,170,170
354960,2016,0,170,170
354960,2017,0,170,170
354960,2018,0,170,170
354960,2019,0,100,100
354960,2020,0,130,130
354960,2021,0,115,115
354970,1988,0,16240,16240
354970,1989,0,17191,17191
354970,1990,0,12630,12630
354970,1991,0,25755,25755
354970,1992,0,14558,14558
354970,1993,0,16598,16598
354970,1994,0,13686,13686
354970,1995,0,13561,13561
354970,1996,0,11465,11465
354970,1997,0,11360,11360
354970,1998,0,13860,13860
354970,1999,0,15160,15160
354970,2000,0,10422,10422
354970,2001,0,10710,10710
354970,2002,0,9743,9743
354970,2003,0,10163,10163
354970,2004,0,8624,8624
354970,2005,0,9491,9491
354970,2006,0,9445,9445
354970,2007,0,7861,7861
354970,2008,0,8176,8176
354970,2009,0,8176,8176
354970,2010,0,9296,9296
354970,2011,0,8083,8083
354970,2012,0,11795,11795
354970,2013,0,8855,8855
354970,2014,0,8855,8855
354970,2015,0,6205,6205
354970,2016,0,6205,6205
354970,2017,70,6871,6801
354970,2018,70,6649,6579
354970,2019,80,6420,6340
354970,2020,290,6630,6340
354970,2021,1030,6418,5388
354980,1988,0,20545,20545
354980,1989,20,16799,16779
354980,1990,5,19186,19181
354980,1991,0,19318,19318
354980,1992,0,17621,17621
354980,1993,0,14090,14090
354980,1994,0,12929,12929
354980,1995,0,11187,11187
354980,1996,0,12225,12225
354980,1997,0,11275,11275
354980,1998,0,10313,10313
354980,1999,0,9966,9966
354980,2000,40,6857,6817
354980,2001,40,7620,7580
354980,2002,40,4932,4892
354980,2003,562,5099,4537
354980,2004,281,5682,5401
354980,2005,36,6415,6379
354980,2006,36,5475,5439
354980,2007,36,9053,9017
354980,2008,0,8477,8477
354980,2009,0,11752,11752
354980,2010,50,12088,12038
354980,2011,50,12096,12046
354980,2012,0,11852,11852
354980,2013,0,11836,11836
354980,2014,0,11449,11449
354980,2015,0,11327,11327
354980,2016,0,10441,10441
354980,2017,0,11005,11005
354980,2018,223,10683,10460
354980,2019,473,10439,9966
354980,2020,450,10254,9804
354980,2021,675,10594,9919
354990,1988,0,4370,4370
354990,1989,0,4548,4548
354990,1990,0,3460,3460
354990,1991,0,3860,3860
354990,1992,0,4861,4861
354990,1993,0,4312,4312
354990,1994,0,4779,4779
354990,1995,0,3491,3491
354990,1996,0,4272,4272
354990,1997,0,4191,4191
354990,1998,0,3264,3264
354990,1999,0,2108,2108
354990,2000,0,1999,1999
354990,2001,0,1028,1028
354990,2002,0,647,647
354990,2003,0,1457,1457
354990,2004,0,1405,1405
354990,2005,0,1462,1462
354990,2006,0,1457,1457
354990,2007,0,1667,1667
354990,2008,0,1400,1400
354990,2009,0,1030,1030
354990,2010,0,1030,1030
354990,2011,0,1095,1095
354990,2012,0,567,567
354990,2013,0,467,467
354990,2014,0,157,157
354990,2015,0,107,107
354990,2016,0,583,583
354990,2017,0,150,150
354990,2018,0,150,150
354990,2019,0,150,150
354990,2020,0,0,0
354990,2021,0,150,150
355000,1988,0,2777,2777
355000,1989,0,3081,3081
355000,1990,0,2657,2657
355000,1991,0,1987,1987
355000,1992,0,1084,1084
355000,1993,0,1069,1069
355000,1994,0,1294,1294
355000,1995,0,1356,1356
355000,1996,0,650,650
355000,1997,0,386,386
355000,1998,0,865,865
355000,1999,0,929,929
355000,2000,0,841,841
355000,2001,0,883,883
355000,2002,0,816,816
355000,2003,0,806,806
355000,2004,0,786,786
355000,2005,0,411,411
355000,2006,0,460,460
355000,2007,0,736,736
355000,2008,0,386,386
355000,2009,0,386,386
355000,2010,0,1015,1015
355000,2011,0,1185,1185
355000,2012,0,105,105
355000,2013,0,40,40
355000,2014,0,20,20
355000,2015,0,270,270
355000,2016,50,340,290
355000,2017,50,387,337
355000,2018,50,606,556
355000,2019,50,412,362
355000,2020,0,352,352
355000,2021,0,344,344
355010,1988,80,34163,34083
355010,1989,0,39122,39122
355010,1990,0,35644,35644
355010,1991,0,36226,36226
355010,1992,0,35196,35196
355010,1993,0,37716,37716
355010,1994,0,35986,35986
355010,1995,125,37347,37222
355010,1996,90,42499,42409
355010,1997,35,32131,32096
355010,1998,72,30709,30637
355010,1999,90,31955,31865
355010,2000,95,30049,29954
355010,2001,200,31706,31506
355010,2002,550,34636,34086
355010,2003,630,38530,37900
355010,2004,597,41899,41302
355010,2005,548,39321,38773
355010,2006,320,41684,41364
355010,2007,230,49177,48947
355010,2008,207,51712,51505
355010,2009,257,52443,52186
355010,2010,0,47517,47517
355010,2011,0,47519,47519
355010,2012,0,44856,44856
355010,2013,0,44790,44790
355010,2014,0,45160,45160
355010,2015,0,44890,44890
355010,2016,0,44984,44984
355010,2017,210,44707,44497
355010,2018,210,49550,49340
355010,2019,310,49731,49421
355010,2020,310,49730,49420
355010,2021,0,44890,44890
355020,1988,0,10812,10812
355020,1989,0,13917,13917
355020,1990,0,9850,9850
355020,1991,0,9493,9493
355020,1992,0,7213,7213
355020,1993,0,6003,6003
355020,1994,0,8048,8048
355020,1995,0,9587,9587
355020,1996,0,7712,7712
355020,1997,0,6863,6863
355020,1998,0,6936,6936
355020,1999,0,7803,7803
355020,2000,0,9168,9168
355020,2001,0,10017,10017
355020,2002,0,9813,9813
355020,2003,200,15878,15678
355020,2004,350,13474,13124
355020,2005,200,17081,16881
355020,2006,200,17177,16977
355020,2007,520,20938,20418
355020,2008,200,15530,15330
355020,2009,400,12930,12530
355020,2010,1200,14495,13295
355020,2011,1200,17687,16487
355020,2012,800,12202,11402
355020,2013,5000,19054,14054
355020,2014,5000,18281,13281
355020,2015,5400,20456,15056
355020,2016,5500,23556,18056
355020,2017,7000,23766,16766
355020,2018,9000,26832,17832
355020,2019,9000,26868,17868
355020,2020,9000,27377,18377
355020,2021,9500,27416,17916
355030,1988,0,55,55
355030,1989,0,57,57
355030,1990,0,52,52
355030,1991,0,74,74
355030,1992,0,141,141
355030,1993,0,0,0
355030,1994,0,60,60
355030,1995,0,949,949
355030,1996,0,156,156
355030,1997,0,103,103
355030,1998,0,164,164
355030,1999,0,80,80
355030,2000,0,680,680
355030,2001,0,21,21
355030,2002,0,0,0
355030,2003,0,0,0
355030,2004,0,0,0
355030,2005,0,0,0
355030,2006,0,0,0
355030,2007,0,0,0
355030,2008,0,0,0
355030,2009,0,0,0
355030,2010,0,0,0
355030,2011,0,0,0
355030,2012,0,9,9
355030,2013,0,26,26
355030,2014,0,87,87
355030,2015,0,96,96
355030,2016,0,91,91
355030,2017,0,94,94
355030,2018,0,94,94
355030,2019,0,94,94
355030,2020,0,94,94
355030,2021,0,99,99
355040,1988,60,16339,16279
355040,1989,5,16503,16498
355040,1990,0,16296,16296
355040,1991,0,15687,15687
355040,1992,0,15382,15382
355040,1993,0,15046,15046
355040,1994,0,15269,15269
355040,1995,0,15220,15220
355040,1996,0,15172,15172
355040,1997,0,14907,14907
355040,1998,0,15607,15607
355040,1999,0,15673,15673
355040,2000,0,12631,12631
355040,2001,0,12400,12400
355040,2002,0,12577,12577
355040,2003,0,12277,12277
355040,2004,0,13385,13385
355040,2005,28,13995,13967
355040,2006,0,11897,11897
355040,2007,0,21119,21119
355040,2008,0,15190,15190
355040,2009,0,18840,18840
355040,2010,0,18976,18976
355040,2011,0,19441,19441
355040,2012,0,15422,15422
355040,2013,0,15995,15995
355040,2014,0,16395,16395
355040,2015,0,16295,16295
355040,2016,0,16215,16215
355040,2017,0,15391,15391
355040,2018,0,16037,16037
355040,2019,100,15842,15742
355040,2020,100,15770,15670
355040,2021,100,15770,15670
355050,1988,1200,13173,11973
355050,1989,1200,12863,11663
355050,1990,1200,11612,10412
355050,1991,1500,11922,10422
355050,1992,1200,11939,10739
355050,1993,1000,12877,11877
355050,1994,1000,14789,13789
355050,1995,1000,13437,12437
355050,1996,1000,12886,11886
355050,1997,1000,14115,13115
355050,1998,1100,14906,13806
355050,1999,1150,15133,13983
355050,2000,1000,12798,11798
355050,2001,1400,14047,12647
355050,2002,1400,12707,11307
355050,2003,3000,15981,12981
355050,2004,3320,15457,12137
355050,2005,3000,16479,13479
355050,2006,3000,16298,13298
355050,2007,3000,14566,11566
355050,2008,1700,13037,11337
355050,2009,5000,19056,14056
355050,2010,5000,19660,14660
355050,2011,5000,19768,14768
355050,2012,7500,26410,18910
355050,2013,7500,26865,19365
355050,2014,7500,27033,19533
355050,2015,7600,30251,22651
355050,2016,8000,29289,21289
355050,2017,9500,33920,24420
355050,2018,9500,33675,24175
355050,2019,8200,32667,24467
355050,2020,8263,31349,23086
355050,2021,14000,35717,21717
355060,1988,0,2588,2588
355060,1989,0,2156,2156
355060,1990,0,1644,1644
355060,1991,0,1521,1521
355060,1992,0,1870,1870
355060,1993,0,1874,1874
355060,1994,0,1670,1670
355060,1995,0,3075,3075
355060,1996,0,246,246
355060,1997,0,386,386
355060,1998,0,1278,1278
355060,1999,0,1386,1386
355060,2000,0,463,463
355060,2001,0,691,691
355060,2002,0,996,996
355060,2003,0,995,995
355060,2004,0,1306,1306
355060,2005,0,1110,1110
355060,2006,0,1110,1110
355060,2007,0,861,861
355060,2008,0,1008,1008
355060,2009,0,1797,1797
355060,2010,0,934,934
355060,2011,600,1264,664
355060,2012,600,1438,838
355060,2013,600,1665,1065
355060,2014,600,1743,1143
355060,2015,600,1713,1113
355060,2016,600,1713,1113
355060,2017,600,1743,1143
355060,2018,600,1743,1143
355060,2019,600,1880,1280
355060,2020,600,1880,1280
355060,2021,600,1590,990
355070,1988,0,381,381
355070,1989,0,381,381
355070,1990,0,87,87
355070,1991,0,51,51
355070,1992,0,146,146
355070,1993,0,130,130
355070,1994,0,164,164
355070,1995,0,360,360
355070,1996,0,1050,1050
355070,1997,0,146,146
355070,1998,0,1000,1000
355070,1999,0,667,667
355070,2000,0,1030,1030
355070,2001,0,0,0
355070,2002,0,0,0
355070,2003,0,0,0
355070,2004,0,9,9
355070,2005,0,12,12
355070,2006,0,60,60
355070,2007,0,15,15
355070,2008,0,0,0
355070,2009,0,0,0
355070,2010,0,15,15
355070,2011,0,15,15
355070,2012,0,15,15
355070,2013,0,555,555
355070,2014,0,0,0
355070,2015,0,4,4
355070,2016,0,20,20
355070,2017,0,80,80
355070,2018,0,75,75
355070,2019,0,72,72
355070,2020,0,71,71
355070,2021,0,41,41
355080,1988,0,9899,9899
355080,1989,0,8519,8519
355080,1990,0,3385,3385
355080,1991,0,2833,2833
355080,1992,0,13417,13417
355080,1993,0,13198,13198
355080,1994,0,10307,10307
355080,1995,0,7934,7934
355080,1996,0,9582,9582
355080,1997,0,9337,9337
355080,1998,0,9802,9802
355080,1999,0,11177,11177
355080,2000,0,6546,6546
355080,2001,0,6990,6990
355080,2002,0,5860,5860
355080,2003,0,6575,6575
355080,2004,0,6970,6970
355080,2005,0,7025,7025
355080,2006,0,7665,7665
355080,2007,0,8415,8415
355080,2008,0,6294,6294
355080,2009,0,6308,6308
355080,2010,0,7430,7430
355080,2011,0,10053,10053
355080,2012,0,9802,9802
355080,2013,0,9926,9926
355080,2014,0,10288,10288
355080,2015,0,9908,9908
355080,2016,0,9908,9908
355080,2017,0,9974,9974
355080,2018,0,8290,8290
355080,2019,0,6735,6735
355080,2020,0,6794,6794
355080,2021,60,7605,7545
355090,1988,100,9899,9799
355090,1989,100,10893,10793
355090,1990,100,12356,12256
355090,1991,100,12818,12718
355090,1992,100,9703,9603
355090,1993,100,13741,13641
355090,1994,80,17865,17785
355090,1995,100,18072,17972
355090,1996,200,18434,18234
355090,1997,90,16064,15974
355090,1998,700,16928,16228
355090,1999,800,17428,16628
355090,2000,800,20551,19751
355090,2001,800,20508,19708
355090,2002,800,20231,19431
355090,2003,800,20254,19454
355090,2004,800,19917,19117
355090,2005,800,19803,19003
355090,2006,800,19526,18726
355090,2007,800,24939,24139
355090,2008,800,32322,31522
355090,2009,0,31171,31171
355090,2010,0,30980,30980
355090,2011,0,30980,30980
355090,2012,0,30822,30822
355090,2013,0,30799,30799
355090,2014,0,25522,25522
355090,2015,0,31044,31044
355090,2016,0,31007,31007
355090,2017,0,30967,30967
355090,2018,0,30959,30959
355090,2019,0,30959,30959
355090,2020,0,30959,30959
355090,2021,0,30959,30959
355100,1988,0,78,78
355100,1989,0,73,73
355100,1990,0,10,10
355100,1991,0,10,10
355100,1992,0,0,0
355100,1993,0,0,0
355100,1994,0,0,0
355100,1995,0,0,0
355100,1996,0,0,0
355100,1997,0,0,0
355100,1998,0,0,0
355100,1999,0,0,0
355100,2000,0,57,57
355100,2001,0,0,0
355100,2002,0,0,0
355100,2003,0,0,0
355100,2004,0,0,0
355100,2005,0,0,0
355100,2006,0,0,0
355100,2007,0,0,0
355100,2008,0,0,0
355100,2009,0,0,0
355100,2010,0,0,0
355100,2011,0,0,0
355100,2012,0,0,0
355100,2013,0,0,0
355100,2014,0,0,0
355100,2015,0,0,0
355100,2016,0,0,0
355100,2017,0,0,0
355100,2018,0,0,0
355100,2019,0,0,0
355100,2020,0,0,0
355100,2021,0,0,0
355110,1988,0,3577,3577
355110,1989,0,3728,3728
355110,1990,0,2834,2834
355110,1991,0,2820,2820
355110,1992,0,3068,3068
355110,1993,0,2588,2588
355110,1994,0,3687,3687
355110,1995,0,2225,2225
355110,1996,0,1400,1400
355110,1997,0,1384,1384
355110,1998,0,1679,1679
355110,1999,0,1680,1680
355110,2000,0,1280,1280
355110,2001,0,1264,1264
355110,2002,0,1275,1275
355110,2003,0,1360,1360
355110,2004,0,1387,1387
355110,2005,0,1718,1718
355110,2006,0,1635,1635
355110,2007,0,2137,2137
355110,2008,0,1163,1163
355110,2009,0,1062,1062
355110,2010,400,3401,3001
355110,2011,300,2814,2514
355110,2012,29,4783,4754
355110,2013,50,1698,1648
355110,2014,300,1618,1318
355110,2015,600,2879,2279
355110,2016,700,2949,2249
355110,2017,700,2819,2119
355110,2018,700,2754,2054
355110,2019,800,3106,2306
355110,2020,800,3706,2906
355110,2021,1400,4136,2736
355120,1988,97,3425,3328
355120,1989,0,3501,3501
355120,1990,0,4422,4422
355120,1991,0,4294,4294
355120,1992,60,5690,5630
355120,1993,200,4848,4648
355120,1994,200,4997,4797
355120,1995,200,3603,3403
355120,1996,200,3239,3039
355120,1997,230,5976,5746
355120,1998,280,5024,4744
355120,1999,280,5230,4950
355120,2000,300,2097,1797
355120,2001,270,3861,3591
355120,2002,330,4118,3788
355120,2003,350,3898,3548
355120,2004,370,3869,3499
355120,2005,370,4059,3689
355120,2006,340,4222,3882
355120,2007,280,3570,3290
355120,2008,290,3243,2953
355120,2009,315,3096,2781
355120,2010,330,3177,2847
355120,2011,330,3175,2845
355120,2012,450,3177,2727
355120,2013,1000,5210,4210
355120,2014,1100,5310,4210
355120,2015,1500,5780,4280
355120,2016,1500,6280,4780
355120,2017,1400,5880,4480
355120,2018,1400,6080,4680
355120,2019,1400,5185,3785
355120,2020,1900,6240,4340
355120,2021,2000,6310,4310
355130,1988,0,3429,3429
355130,1989,0,3770,3770
355130,1990,0,3558,3558
355130,1991,0,3032,3032
355130,1992,0,3743,3743
355130,1993,0,3049,3049
355130,1994,190,3499,3309
355130,1995,0,3377,3377
355130,1996,0,3304,3304
355130,1997,0,2959,2959
355130,1998,0,2523,2523
355130,1999,0,2946,2946
355130,2000,0,2176,2176
355130,2001,0,2224,2224
355130,2002,0,1974,1974
355130,2003,0,2591,2591
355130,2004,0,2235,2235
355130,2005,0,2175,2175
355130,2006,0,2965,2965
355130,2007,0,2625,2625
355130,2008,0,4871,4871
355130,2009,0,6391,6391
355130,2010,0,6412,6412
355130,2011,0,6897,6897
355130,2012,0,6674,6674
355130,2013,0,6927,6927
355130,2014,100,7698,7598
355130,2015,100,7375,7275
355130,2016,0,7482,7482
355130,2017,200,8073,7873
355130,2018,200,8027,7827
355130,2019,200,9261,9061
355130,2020,220,10812,10592
355130,2021,250,9073,8823
355140,1988,400,12758,12358
355140,1989,100,11846,11746
355140,1990,100,14385,14285
355140,1991,180,14840,14660
355140,1992,180,9325,9145
355140,1993,180,8907,8727
355140,1994,350,12696,12346
355140,1995,200,11966,11766
355140,1996,500,11795,11295
355140,1997,800,15026,14226
355140,1998,800,15735,14935
355140,1999,800,15789,14989
355140,2000,800,16209,15409
355140,2001,800,15963,15163
355140,2002,800,15746,14946
355140,2003,800,16019,15219
355140,2004,600,15714,15114
355140,2005,600,16418,15818
355140,2006,600,15699,15099
355140,2007,600,16315,15715
355140,2008,600,15714,15114
355140,2009,600,15844,15244
355140,2010,0,14592,14592
355140,2011,0,15002,15002
355140,2012,0,14877,14877
355140,2013,0,14717,14717
355140,2014,0,16386,16386
355140,2015,100,14958,14858
355140,2016,100,14991,14891
355140,2017,800,16940,16140
355140,2018,800,16940,16140
355140,2019,800,17104,16304
355140,2020,800,17180,16380
355140,2021,800,17180,16380
355150,1988,500,9488,8988
355150,1989,400,9678,9278
355150,1990,400,11029,10629
355150,1991,400,12229,11829
355150,1992,400,9374,8974
355150,1993,200,8750,8550
355150,1994,300,9347,9047
355150,1995,300,9207,8907
355150,1996,200,9247,9047
355150,1997,180,7699,7519
355150,1998,100,8199,8099
355150,1999,200,8299,8099
355150,2000,250,8677,8427
355150,2001,250,8440,8190
355150,2002,250,8200,7950
355150,2003,250,8151,7901
355150,2004,450,8141,7691
355150,2005,150,8365,8215
355150,2006,50,7941,7891
355150,2007,50,7331,7281
355150,2008,145,8666,8521
355150,2009,100,7610,7510
355150,2010,100,7610,7510
355150,2011,100,7608,7508
355150,2012,400,8062,7662
355150,2013,400,8062,7662
355150,2014,200,8840,8640
355150,2015,200,7882,7682
355150,2016,200,7882,7682
355150,2017,200,7882,7682
355150,2018,200,7882,7682
355150,2019,200,7922,7722
355150,2020,200,7882,7682
355150,2021,200,7882,7682
355160,1988,0,5033,5033
355160,1989,0,5247,5247
355160,1990,0,5058,5058
355160,1991,0,5496,5496
355160,1992,0,4530,4530
355160,1993,0,4176,4176
355160,1994,0,3013,3013
355160,1995,0,3510,3510
355160,1996,0,3081,3081
355160,1997,0,2530,2530
355160,1998,0,3504,3504
355160,1999,0,3551,3551
355160,2000,0,3272,3272
355160,2001,0,3280,3280
355160,2002,0,3733,3733
355160,2003,0,3644,3644
355160,2004,0,3694,3694
355160,2005,0,3783,3783
355160,2006,0,3929,3929
355160,2007,0,3839,3839
355160,2008,0,3962,3962
355160,2009,0,3907,3907
355160,2010,0,3907,3907
355160,2011,0,3763,3763
355160,2012,0,3879,3879
355160,2013,0,3882,3882
355160,2014,0,3827,3827
355160,2015,0,3829,3829
355160,2016,100,3750,3650
355160,2017,175,3664,3489
355160,2018,175,3673,3498
355160,2019,175,3673,3498
355160,2020,280,3523,3243
355160,2021,280,3525,3245
355170,1988,600,27733,27133
355170,1989,400,23689,23289
355170,1990,600,29979,29379
355170,1991,400,27499,27099
355170,1992,500,28700,28200
355170,1993,500,29617,29117
355170,1994,850,32899,32049
355170,1995,1000,32957,31957
355170,1996,800,37890,37090
355170,1997,800,33629,32829
355170,1998,1000,34332,33332
355170,1999,1250,34132,32882
355170,2000,1000,34943,33943
355170,2001,1050,38164,37114
355170,2002,1000,33812,32812
355170,2003,1100,33912,32812
355170,2004,1100,33602,32502
355170,2005,1200,34512,33312
355170,2006,1200,33876,32676
355170,2007,1200,35876,34676
355170,2008,960,33896,32936
355170,2009,315,30781,30466
355170,2010,315,30781,30466
355170,2011,315,30781,30466
355170,2012,200,30966,30766
355170,2013,315,30781,30466
355170,2014,1500,32766,31266
355170,2015,1400,33000,31600
355170,2016,600,32200,31600
355170,2017,600,32530,31930
355170,2018,600,32430,31830
355170,2019,600,29930,29330
355170,2020,600,29940,29340
355170,2021,600,29940,29340
355180,1988,500,8492,7992
355180,1989,0,5030,5030
355180,1990,0,6708,6708
355180,1991,0,5259,5259
355180,1992,0,6731,6731
355180,1993,0,5746,5746
355180,1994,0,6323,6323
355180,1995,0,4273,4273
355180,1996,0,6358,6358
355180,1997,0,3064,3064
355180,1998,0,4122,4122
355180,1999,0,2838,2838
355180,2000,0,4591,4591
355180,2001,0,4950,4950
355180,2002,0,5342,5342
355180,2003,0,4750,4750
355180,2004,0,4235,4235
355180,2005,0,4161,4161
355180,2006,0,4035,4035
355180,2007,0,3789,3789
355180,2008,0,4593,4593
355180,2009,0,4430,4430
355180,2010,0,4515,4515
355180,2011,0,4615,4615
355180,2012,0,4480,4480
355180,2013,0,4550,4550
355180,2014,0,4480,4480
355180,2015,0,6663,6663
355180,2016,0,5301,5301
355180,2017,0,5181,5181
355180,2018,0,6652,6652
355180,2019,0,7126,7126
355180,2020,0,7126,7126
355180,2021,0,7126,7126
355190,1988,0,12528,12528
355190,1989,0,13233,13233
355190,1990,250,11213,10963
355190,1991,200,15038,14838
355190,1992,0,13687,13687
355190,1993,0,6979,6979
355190,1994,0,8264,8264
355190,1995,0,8330,8330
355190,1996,0,8601,8601
355190,1997,0,7212,7212
355190,1998,92,7257,7165
355190,1999,100,7672,7572
355190,2000,0,8315,8315
355190,2001,50,8404,8354
355190,2002,100,8420,8320
355190,2003,150,8651,8501
355190,2004,200,8144,7944
355190,2005,120,8225,8105
355190,2006,0,8052,8052
355190,2007,0,10016,10016
355190,2008,0,12001,12001
355190,2009,0,11240,11240
355190,2010,0,12001,12001
355190,2011,0,10201,10201
355190,2012,0,9477,9477
355190,2013,0,9385,9385
355190,2014,0,8824,8824
355190,2015,0,8823,8823
355190,2016,0,9136,9136
355190,2017,357,9586,9229
355190,2018,340,8900,8560
355190,2019,200,8442,8242
355190,2020,200,8300,8100
355190,2021,200,8747,8547
355200,1988,0,917,917
355200,1989,0,915,915
355200,1990,0,602,602
355200,1991,0,1048,1048
355200,1992,0,1051,1051
355200,1993,0,766,766
355200,1994,0,930,930
355200,1995,0,890,890
355200,1996,0,171,171
355200,1997,0,1193,1193
355200,1998,0,357,357
355200,1999,0,386,386
355200,2000,0,263,263
355200,2001,0,276,276
355200,2002,0,258,258
355200,2003,0,413,413
355200,2004,0,410,410
355200,2005,0,461,461
355200,2006,0,466,466
355200,2007,0,181,181
355200,2008,0,427,427
355200,2009,0,396,396
355200,2010,0,214,214
355200,2011,0,187,187
355200,2012,0,187,187
355200,2013,0,187,187
355200,2014,0,187,187
355200,2015,0,187,187
355200,2016,0,187,187
355200,2017,0,87,87
355200,2018,0,107,107
355200,2019,0,87,87
355200,2020,0,87,87
355200,2021,0,87,87
355210,1988,0,6330,6330
355210,1989,0,7815,7815
355210,1990,0,6712,6712
355210,1991,0,7002,7002
355210,1992,0,7292,7292
355210,1993,0,7511,7511
355210,1994,0,6699,6699
355210,1995,0,5860,5860
355210,1996,0,5680,5680
355210,1997,0,6060,6060
355210,1998,0,5464,5464
355210,1999,0,5615,5615
355210,2000,0,6129,6129
355210,2001,0,5610,5610
355210,2002,0,5693,5693
355210,2003,0,5529,5529
355210,2004,0,5618,5618
355210,2005,0,5656,5656
355210,2006,0,5541,5541
355210,2007,0,4804,4804
355210,2008,0,5017,5017
355210,2009,0,5017,5017
355210,2010,0,4629,4629
355210,2011,0,5945,5945
355210,2012,0,5407,5407
355210,2013,0,5424,5424
355210,2014,0,5658,5658
355210,2015,200,5933,5733
355210,2016,600,6490,5890
355210,2017,630,6658,6028
355210,2018,630,6659,6029
355210,2019,630,6785,6155
355210,2020,630,6763,6133
355210,2021,630,6763,6133
355220,1988,0,3212,3212
355220,1989,145,2531,2386
355220,1990,120,2367,2247
355220,1991,0,2365,2365
355220,1992,0,2100,2100
355220,1993,0,1007,1007
355220,1994,0,1232,1232
355220,1995,0,1074,1074
355220,1996,0,130,130
355220,1997,0,125,125
355220,1998,0,608,608
355220,1999,0,599,599
355220,2000,0,513,513
355220,2001,0,1055,1055
355220,2002,0,1292,1292
355220,2003,0,1357,1357
355220,2004,0,1746,1746
355220,2005,60,1742,1682
355220,2006,0,1712,1712
355220,2007,0,2026,2026
355220,2008,0,1581,1581
355220,2009,0,2170,2170
355220,2010,0,2230,2230
355220,2011,0,1633,1633
355220,2012,0,1063,1063
355220,2013,0,1480,1480
355220,2014,0,1530,1530
355220,2015,0,1080,1080
355220,2016,0,1708,1708
355220,2017,24,1730,1706
355220,2018,24,1730,1706
355220,2019,500,2021,1521
355220,2020,500,2041,1541
355220,2021,700,2119,1419
355230,1988,12,10101,10089
355230,1989,200,6819,6619
355230,1990,30,6612,6582
355230,1991,0,6190,6190
355230,1992,0,7617,7617
355230,1993,0,7483,7483
355230,1994,0,7453,7453
355230,1995,0,7531,7531
355230,1996,0,7201,7201
355230,1997,0,9666,9666
355230,1998,0,8541,8541
355230,1999,0,7778,7778
355230,2000,0,8186,8186
355230,2001,0,5930,5930
355230,2002,0,6697,6697
355230,2003,0,6556,6556
355230,2004,0,9318,9318
355230,2005,500,10491,9991
355230,2006,500,7560,7060
355230,2007,500,9182,8682
355230,2008,400,12817,12417
355230,2009,400,17087,16687
355230,2010,250,19642,19392
355230,2011,0,16303,16303
355230,2012,0,17856,17856
355230,2013,411,15137,14726
355230,2014,125,15733,15608
355230,2015,0,16279,16279
355230,2016,0,16504,16504
355230,2017,46,18133,18087
355230,2018,143,18026,17883
355230,2019,1838,22412,20574
355230,2020,2558,24709,22151
355230,2021,3558,24614,21056
355240,1988,30,6308,6278
355240,1989,40,6683,6643
355240,1990,30,6583,6553
355240,1991,30,6359,6329
355240,1992,30,7565,7535
355240,1993,30,7239,7209
355240,1994,70,7453,7383
355240,1995,70,6170,6100
355240,1996,80,6363,6283
355240,1997,80,6222,6142
355240,1998,0,5428,5428
355240,1999,70,6066,5996
355240,2000,30,4597,4567
355240,2001,30,6167,6137
355240,2002,30,6192,6162
355240,2003,40,5746,5706
355240,2004,60,5614,5554
355240,2005,30,5835,5805
355240,2006,20,6506,6486
355240,2007,20,5625,5605
355240,2008,16,6501,6485
355240,2009,0,6012,6012
355240,2010,0,3,3
355240,2011,20,4992,4972
355240,2012,20,4889,4869
355240,2013,350,4122,3772
355240,2014,0,4002,4002
355240,2015,0,3500,3500
355240,2016,0,3500,3500
355240,2017,0,3500,3500
355240,2018,700,3519,2819
355240,2019,600,3049,2449
355240,2020,600,3164,2564
355240,2021,500,2934,2434
355250,1988,0,346,346
355250,1989,0,239,239
355250,1990,0,271,271
355250,1991,0,215,215
355250,1992,0,187,187
355250,1993,0,292,292
355250,1994,0,306,306
355250,1995,0,193,193
355250,1996,0,29,29
355250,1997,0,149,149
355250,1998,0,43,43
355250,1999,0,0,0
355250,2000,0,223,223
355250,2001,0,0,0
355250,2002,0,0,0
355250,2003,0,0,0
355250,2004,0,0,0
355250,2005,0,0,0
355250,2006,0,0,0
355250,2007,0,0,0
355250,2008,0,0,0
355250,2009,0,0,0
355250,2010,0,0,0
355250,2011,0,0,0
355250,2012,0,0,0
355250,2013,0,0,0
355250,2014,0,0,0
355250,2015,0,0,0
355250,2016,0,0,0
355250,2017,0,0,0
355250,2018,0,0,0
355250,2019,0,5,5
355250,2020,0,2,2
355250,2021,0,5,5
355260,1988,0,27450,27450
355260,1989,0,27418,27418
355260,1990,0,29145,29145
355260,1991,0,26664,26664
355260,1992,0,27966,27966
355260,1993,0,25221,25221
355260,1994,7,21343,21336
355260,1995,0,20262,20262
355260,1996,0,23388,23388
355260,1997,0,24413,24413
355260,1998,0,23109,23109
355260,1999,0,23458,23458
355260,2000,0,18605,18605
355260,2001,0,23754,23754
355260,2002,0,24363,24363
355260,2003,174,25026,24852
355260,2004,521,24896,24375
355260,2005,98,26203,26105
355260,2006,0,25398,25398
355260,2007,200,26229,26029
355260,2008,0,29536,29536
355260,2009,300,30243,29943
355260,2010,0,29680,29680
355260,2011,0,30682,30682
355260,2012,500,31188,30688
355260,2013,400,32513,32113
355260,2014,0,31774,31774
355260,2015,0,28566,28566
355260,2016,0,29403,29403
355260,2017,600,25512,24912
355260,2018,600,27771,27171
355260,2019,720,28492,27772
355260,2020,900,28410,27510
355260,2021,820,28668,27848
355270,1988,0,13228,13228
355270,1989,0,12668,12668
355270,1990,0,14103,14103
355270,1991,0,13983,13983
355270,1992,0,14139,14139
355270,1993,0,15481,15481
355270,1994,50,15884,15834
355270,1995,300,14863,14563
355270,1996,300,17752,17452
355270,1997,300,13939,13639
355270,1998,350,18240,17890
355270,1999,150,19284,19134
355270,2000,0,18766,18766
355270,2001,20,16434,16414
355270,2002,20,16689,16669
355270,2003,40,17082,17042
355270,2004,80,19106,19026
355270,2005,80,18591,18511
355270,2006,100,17361,17261
355270,2007,100,15121,15021
355270,2008,100,17379,17279
355270,2009,480,18149,17669
355270,2010,50,17129,17079
355270,2011,50,18269,18219
355270,2012,320,18141,17821
355270,2013,300,17137,16837
355270,2014,300,16802,16502
355270,2015,300,15119,14819
355270,2016,300,16538,16238
355270,2017,2000,23515,21515
355270,2018,2200,17282,15082
355270,2019,2000,17010,15010
355270,2020,520,21204,20684
355270,2021,2000,22626,20626
355280,1988,0,0,0
355280,1989,0,0,0
355280,1990,0,0,0
355280,1991,0,0,0
355280,1992,0,0,0
355280,1993,0,0,0
355280,1994,0,0,0
355280,1995,0,0,0
355280,1996,0,0,0
355280,1997,0,0,0
355280,1998,0,0,0
355280,1999,0,0,0
355280,2000,0,2,2
355280,2001,0,0,0
355280,2002,0,0,0
355280,2003,0,0,0
355280,2004,0,0,0
355280,2005,0,0,0
355280,2006,0,0,0
355280,2007,0,0,0
355280,2008,0,0,0
355280,2009,0,0,0
355280,2010,0,0,0
355280,2011,0,0,0
355280,2012,0,0,0
355280,2013,0,0,0
355280,2014,0,0,0
355280,2015,0,0,0
355280,2016,0,0,0
355280,2017,0,0,0
355280,2018,0,0,0
355280,2019,0,0,0
355280,2020,0,0,0
355280,2021,0,0,0
355290,1988,400,7683,7283
355290,1989,200,6233,6033
355290,1990,300,5928,5628
355290,1991,600,6218,5618
355290,1992,400,6239,5839
355290,1993,300,4882,4582
355290,1994,600,5788,5188
355290,1995,600,5390,4790
355290,1996,600,5028,4428
355290,1997,500,4910,4410
355290,1998,270,5018,4748
355290,1999,200,5035,4835
355290,2000,100,4965,4865
355290,2001,150,4753,4603
355290,2002,980,5600,4620
355290,2003,2420,8874,6454
355290,2004,6200,13843,7643
355290,2005,6050,12122,6072
355290,2006,4840,11331,6491
355290,2007,2900,4495,1595
355290,2008,3200,8620,5420
355290,2009,2500,6932,4432
355290,2010,2100,8727,6627
355290,2011,2500,15255,12755
355290,2012,5730,25360,19630
355290,2013,6930,28530,21600
355290,2014,7000,27330,20330
355290,2015,7000,20014,13014
355290,2016,6000,27660,21660
355290,2017,8000,33162,25162
355290,2018,9000,33144,24144
355290,2019,9000,33144,24144
355290,2020,9000,36665,27665
355290,2021,9000,36209,27209
355300,1988,0,4651,4651
355300,1989,0,3841,3841
355300,1990,0,4397,4397
355300,1991,0,4947,4947
355300,1992,0,5436,5436
355300,1993,0,4464,4464
355300,1994,0,5170,5170
355300,1995,40,4687,4647
355300,1996,55,3543,3488
355300,1997,70,4734,4664
355300,1998,70,4831,4761
355300,1999,70,5868,5798
355300,2000,0,3244,3244
355300,2001,75,4287,4212
355300,2002,130,4410,4280
355300,2003,145,4827,4682
355300,2004,170,4265,4095
355300,2005,190,5083,4893
355300,2006,170,5206,5036
355300,2007,170,3194,3024
355300,2008,150,5455,5305
355300,2009,180,4640,4460
355300,2010,190,5542,5352
355300,2011,190,5655,5465
355300,2012,289,5768,5479
355300,2013,1200,4405,3205
355300,2014,1200,4630,3430
355300,2015,1300,5780,4480
355300,2016,1150,7000,5850
355300,2017,1100,6850,5750
355300,2018,1100,6850,5750
355300,2019,1620,7421,5801
355300,2020,1620,7421,5801
355300,2021,1850,7661,5811
355310,1988,0,7245,7245
355310,1989,0,6487,6487
355310,1990,0,7255,7255
355310,1991,0,7292,7292
355310,1992,0,7387,7387
355310,1993,0,6379,6379
355310,1994,0,6642,6642
355310,1995,0,6842,6842
355310,1996,0,6973,6973
355310,1997,0,6468,6468
355310,1998,0,6723,6723
355310,1999,0,6904,6904
355310,2000,15,6074,6059
355310,2001,20,6733,6713
355310,2002,20,6068,6048
355310,2003,20,6144,6124
355310,2004,30,6416,6386
355310,2005,30,6706,6676
355310,2006,30,6567,6537
355310,2007,30,5349,5319
355310,2008,0,6876,6876
355310,2009,0,6794,6794
355310,2010,0,6827,6827
355310,2011,0,7744,7744
355310,2012,0,7040,7040
355310,2013,0,7159,7159
355310,2014,0,7542,7542
355310,2015,0,7663,7663
355310,2016,0,7641,7641
355310,2017,0,7653,7653
355310,2018,0,8975,8975
355310,2019,0,8973,8973
355310,2020,150,9123,8973
355310,2021,150,9113,8963
355320,1988,130,12435,12305
355320,1989,150,11339,11189
355320,1990,100,11278,11178
355320,1991,65,10979,10914
355320,1992,30,10434,10404
355320,1993,30,9364,9334
355320,1994,0,8940,8940
355320,1995,10,8639,8629
355320,1996,20,7724,7704
355320,1997,20,7848,7828
355320,1998,80,8956,8876
355320,1999,80,8294,8214
355320,2000,210,7998,7788
355320,2001,700,8915,8215
355320,2002,500,10074,9574
355320,2003,600,10004,9404
355320,2004,550,9737,9187
355320,2005,550,10393,9843
355320,2006,300,10508,10208
355320,2007,50,10310,10260
355320,2008,50,10285,10235
355320,2009,50,9552,9502
355320,2010,0,10220,10220
355320,2011,20,9758,9738
355320,2012,0,9681,9681
355320,2013,0,8979,8979
355320,2014,0,9694,9694
355320,2015,0,9726,9726
355320,2016,120,9974,9854
355320,2017,120,9999,9879
355320,2018,120,9978,9858
355320,2019,80,9329,9249
355320,2020,80,9329,9249
355320,2021,80,9371,9291
355330,1988,200,18008,17808
355330,1989,300,19314,19014
355330,1990,300,16335,16035
355330,1991,360,16807,16447
355330,1992,200,16757,16557
355330,1993,300,14633,14333
355330,1994,0,14949,14949
355330,1995,0,15859,15859
355330,1996,0,16186,16186
355330,1997,50,20570,20520
355330,1998,80,26857,26777
355330,1999,0,27844,27844
355330,2000,0,24467,24467
355330,2001,0,26970,26970
355330,2002,0,26585,26585
355330,2003,0,36245,36245
355330,2004,600,36950,36350
355330,2005,500,36371,35871
355330,2006,500,36271,35771
355330,2007,50,42168,42118
355330,2008,400,41433,41033
355330,2009,0,35760,35760
355330,2010,0,39151,39151
355330,2011,0,34335,34335
355330,2012,600,38128,37528
355330,2013,1000,37036,36036
355330,2014,500,35263,34763
355330,2015,500,34251,33751
355330,2016,500,33987,33487
355330,2017,1000,34836,33836
355330,2018,800,28117,27317
355330,2019,830,24825,23995
355330,2020,800,24866,24066
355330,2021,700,24173,23473
355340,1988,120,15578,15458
355340,1989,25,19459,19434
355340,1990,100,16956,16856
355340,1991,100,15159,15059
355340,1992,50,14797,14747
355340,1993,0,11104,11104
355340,1994,0,14065,14065
355340,1995,0,13960,13960
355340,1996,0,12535,12535
355340,1997,0,10702,10702
355340,1998,20,8902,8882
355340,1999,250,9759,9509
355340,2000,0,5944,5944
355340,2001,0,6008,6008
355340,2002,290,6905,6615
355340,2003,130,10904,10774
355340,2004,130,11090,10960
355340,2005,0,11697,11697
355340,2006,0,11889,11889
355340,2007,0,14119,14119
355340,2008,0,31842,31842
355340,2009,0,29827,29827
355340,2010,0,29832,29832
355340,2011,100,26270,26170
355340,2012,200,33589,33389
355340,2013,900,36493,35593
355340,2014,350,35618,35268
355340,2015,100,35446,35346
355340,2016,500,35372,34872
355340,2017,200,35032,34832
355340,2018,250,35143,34893
355340,2019,1150,30563,29413
355340,2020,1150,30340,29190
355340,2021,1500,31452,29952
355350,1988,0,1972,1972
355350,1989,0,1929,1929
355350,1990,0,1962,1962
355350,1991,0,1847,1847
355350,1992,0,1609,1609
355350,1993,0,1391,1391
355350,1994,0,1673,1673
355350,1995,0,1274,1274
355350,1996,0,767,767
355350,1997,0,227,227
355350,1998,0,954,954
355350,1999,0,407,407
355350,2000,0,490,490
355350,2001,0,692,692
355350,2002,0,1130,1130
355350,2003,0,1080,1080
355350,2004,0,1005,1005
355350,2005,0,1171,1171
355350,2006,0,1171,1171
355350,2007,0,1219,1219
355350,2008,0,901,901
355350,2009,0,450,450
355350,2010,0,588,588
355350,2011,0,450,450
355350,2012,0,450,450
355350,2013,0,450,450
355350,2014,0,450,450
355350,2015,0,450,450
355350,2016,0,609,609
355350,2017,0,609,609
355350,2018,0,550,550
355350,2019,0,550,550
355350,2020,0,550,550
355350,2021,0,510,510
355360,1988,0,7743,7743
355360,1989,0,7673,7673
355360,1990,0,8505,8505
355360,1991,0,10575,10575
355360,1992,0,9305,9305
355360,1993,0,9314,9314
355360,1994,0,6941,6941
355360,1995,0,7411,7411
355360,1996,0,7322,7322
355360,1997,0,7431,7431
355360,1998,0,7412,7412
355360,1999,0,7172,7172
355360,2000,0,7011,7011
355360,2001,0,6430,6430
355360,2002,0,7500,7500
355360,2003,0,6453,6453
355360,2004,40,8173,8133
355360,2005,0,8350,8350
355360,2006,0,7980,7980
355360,2007,0,8088,8088
355360,2008,0,6410,6410
355360,2009,0,6410,6410
355360,2010,0,9146,9146
355360,2011,0,8315,8315
355360,2012,0,9000,9000
355360,2013,0,7837,7837
355360,2014,0,7937,7937
355360,2015,90,7999,7909
355360,2016,90,7999,7909
355360,2017,90,7779,7689
355360,2018,90,7779,7689
355360,2019,700,7757,7057
355360,2020,700,7757,7057
355360,2021,700,6287,5587
355370,1988,315,41546,41231
355370,1989,300,43922,43622
355370,1990,300,40031,39731
355370,1991,250,40351,40101
355370,1992,250,41338,41088
355370,1993,200,30716,30516
355370,1994,300,37084,36784
355370,1995,300,34232,33932
355370,1996,300,36465,36165
355370,1997,500,38013,37513
355370,1998,550,37839,37289
355370,1999,500,38075,37575
355370,2000,500,35575,35075
355370,2001,300,34616,34316
355370,2002,250,36185,35935
355370,2003,500,33315,32815
355370,2004,600,33541,32941
355370,2005,600,35295,34695
355370,2006,550,34818,34268
355370,2007,300,33726,33426
355370,2008,450,40316,39866
355370,2009,200,37039,36839
355370,2010,100,37120,37020
355370,2011,100,36994,36894
355370,2012,150,37722,37572
355370,2013,150,37491,37341
355370,2014,120,36747,36627
355370,2015,150,37036,36886
355370,2016,150,38593,38443
355370,2017,600,38883,38283
355370,2018,1200,38444,37244
355370,2019,1200,38869,37669
355370,2020,1400,39089,37689
355370,2021,1700,39574,37874
355380,1988,50,28837,28787
355380,1989,200,23950,23750
355380,1990,300,22315,22015
355380,1991,300,19042,18742
355380,1992,150,20287,20137
355380,1993,300,18760,18460
355380,1994,400,20380,19980
355380,1995,480,16222,15742
355380,1996,150,17263,17113
355380,1997,120,20710,20590
355380,1998,600,18617,18017
355380,1999,200,25607,25407
355380,2000,280,22601,22321
355380,2001,770,22329,21559
355380,2002,1500,20346,18846
355380,2003,1500,22452,20952
355380,2004,3000,22490,19490
355380,2005,4000,26306,22306
355380,2006,3000,33060,30060
355380,2007,3000,24602,21602
355380,2008,2550,31858,29308
355380,2009,4000,36150,32150
355380,2010,4000,29030,25030
355380,2011,6000,24090,18090
355380,2012,8000,30420,22420
355380,2013,8000,30420,22420
355380,2014,8000,30420,22420
355380,2015,13500,37200,23700
355380,2016,14000,35897,21897
355380,2017,14500,34947,20447
355380,2018,19800,41751,21951
355380,2019,20100,42801,22701
355380,2020,20400,42519,22119
355380,2021,22000,46904,24904
355390,1988,0,3074,3074
355390,1989,0,2155,2155
355390,1990,0,1951,1951
355390,1991,0,2366,2366
355390,1992,0,2896,2896
355390,1993,0,1754,1754
355390,1994,0,1964,1964
355390,1995,0,1631,1631
355390,1996,0,1023,1023
355390,1997,240,1210,970
355390,1998,400,2077,1677
355390,1999,240,1729,1489
355390,2000,0,1907,1907
355390,2001,400,2429,2029
355390,2002,300,2211,1911
355390,2003,663,2050,1387
355390,2004,1500,2887,1387
355390,2005,290,949,659
355390,2006,0,1801,1801
355390,2007,0,1889,1889
355390,2008,0,1810,1810
355390,2009,0,1492,1492
355390,2010,0,3712,3712
355390,2011,0,3167,3167
355390,2012,0,3510,3510
355390,2013,0,3330,3330
355390,2014,200,3500,3300
355390,2015,200,3503,3303
355390,2016,200,3502,3302
355390,2017,200,3500,3300
355390,2018,200,3670,3470
355390,2019,200,3670,3470
355390,2020,100,5243,5143
355390,2021,100,3555,3455
355400,1988,200,28513,28313
355400,1989,200,29157,28957
355400,1990,500,29716,29216
355400,1991,0,25438,25438
355400,1992,0,20334,20334
355400,1993,0,18606,18606
355400,1994,0,17521,17521
355400,1995,0,20124,20124
355400,1996,0,11592,11592
355400,1997,0,17358,17358
355400,1998,0,17067,17067
355400,1999,0,17986,17986
355400,2000,0,13599,13599
355400,2001,0,16951,16951
355400,2002,0,12620,12620
355400,2003,520,16362,15842
355400,2004,300,19933,19633
355400,2005,2100,24589,22489
355400,2006,400,21603,21203
355400,2007,600,19071,18471
355400,2008,300,23148,22848
355400,2009,320,25530,25210
355400,2010,350,19575,19225
355400,2011,350,19701,19351
355400,2012,300,7347,7047
355400,2013,448,20681,20233
355400,2014,0,17260,17260
355400,2015,6216,25222,19006
355400,2016,89,17024,16935
355400,2017,4000,27012,23012
355400,2018,5693,27801,22108
355400,2019,6500,22750,16250
355400,2020,4800,27819,23019
355400,2021,7000,31161,24161
355410,1988,0,4925,4925
355410,1989,0,5231,5231
355410,1990,0,4939,4939
355410,1991,0,5059,5059
355410,1992,0,5759,5759
355410,1993,0,4744,4744
355410,1994,0,5415,5415
355410,1995,0,5083,5083
355410,1996,0,2136,2136
355410,1997,0,5136,5136
355410,1998,0,3300,3300
355410,1999,0,4804,4804
355410,2000,0,4019,4019
355410,2001,0,3627,3627
355410,2002,0,6686,6686
355410,2003,200,6498,6298
355410,2004,200,6390,6190
355410,2005,0,4962,4962
355410,2006,0,4917,4917
355410,2007,0,4217,4217
355410,2008,0,4721,4721
355410,2009,0,43,43
355410,2010,200,2171,1971
355410,2011,200,2848,2648
355410,2012,0,1505,1505
355410,2013,600,1880,1280
355410,2014,0,523,523
355410,2015,700,1183,483
355410,2016,700,1551,851
355410,2017,690,1607,917
355410,2018,690,1804,1114
355410,2019,690,1589,899
355410,2020,2000,2878,878
355410,2021,680,1660,980
355420,1988,0,5870,5870
355420,1989,0,5663,5663
355420,1990,0,7182,7182
355420,1991,0,8327,8327
355420,1992,0,7912,7912
355420,1993,0,7420,7420
355420,1994,300,7478,7178
355420,1995,200,7162,6962
355420,1996,200,7926,7726
355420,1997,230,7764,7534
355420,1998,230,6914,6684
355420,1999,230,7134,6904
355420,2000,0,5521,5521
355420,2001,200,7029,6829
355420,2002,230,5625,5395
355420,2003,250,8509,8259
355420,2004,275,7804,7529
355420,2005,280,9067,8787
355420,2006,260,9316,9056
355420,2007,200,6626,6426
355420,2008,216,7054,6838
355420,2009,230,6254,6024
355420,2010,200,7062,6862
355420,2011,200,7344,7144
355420,2012,580,8196,7616
355420,2013,2000,9314,7314
355420,2014,2000,9769,7769
355420,2015,2300,9789,7489
355420,2016,2650,9189,6539
355420,2017,2950,11009,8059
355420,2018,2950,9609,6659
355420,2019,2400,9694,7294
355420,2020,3000,11735,8735
355420,2021,2800,11585,8785
355430,1988,0,30446,30446
355430,1989,0,36846,36846
355430,1990,0,41694,41694
355430,1991,0,38732,38732
355430,1992,0,42075,42075
355430,1993,0,16891,16891
355430,1994,160,31244,31084
355430,1995,450,20229,19779
355430,1996,0,33767,33767
355430,1997,0,27357,27357
355430,1998,1000,34780,33780
355430,1999,1000,27756,26756
355430,2000,0,28097,28097
355430,2001,0,21655,21655
355430,2002,2500,23829,21329
355430,2003,5977,24559,18582
355430,2004,10200,31800,21600
355430,2005,12688,43960,31272
355430,2006,5893,31699,25806
355430,2007,4500,29052,24552
355430,2008,3210,34518,31308
355430,2009,2134,35854,33720
355430,2010,2134,41877,39743
355430,2011,1910,43464,41554
355430,2012,2648,50045,47397
355430,2013,2833,56862,54029
355430,2014,3213,60860,57647
355430,2015,5650,47265,41615
355430,2016,4050,55592,51542
355430,2017,3450,57262,53812
355430,2018,3400,58140,54740
355430,2019,5682,64044,58362
355430,2020,6325,55778,49453
355430,2021,6318,61271,54953
355440,1988,3400,15327,11927
355440,1989,4000,16123,12123
355440,1990,3880,16183,12303
355440,1991,3880,16892,13012
355440,1992,3300,18447,15147
355440,1993,2000,20691,18691
355440,1994,1500,17362,15862
355440,1995,500,19112,18612
355440,1996,1000,24524,23524
355440,1997,1000,23343,22343
355440,1998,1000,15498,14498
355440,1999,1500,18498,16998
355440,2000,2000,16142,14142
355440,2001,1500,20018,18518
355440,2002,1200,18563,17363
355440,2003,1600,19432,17832
355440,2004,1600,19144,17544
355440,2005,1300,19625,18325
355440,2006,500,18643,18143
355440,2007,400,18404,18004
355440,2008,1400,17791,16391
355440,2009,1400,17791,16391
355440,2010,1200,17855,16655
355440,2011,800,18135,17335
355440,2012,800,17321,16521
355440,2013,800,16165,15365
355440,2014,800,16165,15365
355440,2015,800,16895,16095
355440,2016,1400,17685,16285
355440,2017,1600,17963,16363
355440,2018,1600,17052,15452
355440,2019,1600,17061,15461
355440,2020,1500,17021,15521
355440,2021,1500,17028,15528
355450,1988,0,13713,13713
355450,1989,0,13676,13676
355450,1990,0,13269,13269
355450,1991,0,13229,13229
355450,1992,0,13405,13405
355450,1993,0,16966,16966
355450,1994,0,23808,23808
355450,1995,0,25306,25306
355450,1996,0,16050,16050
355450,1997,0,16126,16126
355450,1998,0,11062,11062
355450,1999,0,16545,16545
355450,2000,0,16932,16932
355450,2001,0,17743,17743
355450,2002,0,15760,15760
355450,2003,0,15640,15640
355450,2004,0,15578,15578
355450,2005,0,14657,14657
355450,2006,0,15075,15075
355450,2007,0,15252,15252
355450,2008,0,17301,17301
355450,2009,0,18777,18777
355450,2010,0,19311,19311
355450,2011,0,16913,16913
355450,2012,0,18736,18736
355450,2013,0,20617,20617
355450,2014,30,17427,17397
355450,2015,30,19427,19397
355450,2016,30,19427,19397
355450,2017,30,19427,19397
355450,2018,30,18455,18425
355450,2019,30,17995,17965
355450,2020,30,17911,17881
355450,2021,244,18014,17770
355460,1988,48,3493,3445
355460,1989,0,3553,3553
355460,1990,0,4137,4137
355460,1991,0,4409,4409
355460,1992,200,4637,4437
355460,1993,80,2589,2509
355460,1994,200,3603,3403
355460,1995,20,1675,1655
355460,1996,25,1703,1678
355460,1997,25,2113,2088
355460,1998,25,2092,2067
355460,1999,25,2231,2206
355460,2000,0,1690,1690
355460,2001,45,1445,1400
355460,2002,90,2717,2627
355460,2003,120,2997,2877
355460,2004,136,3111,2975
355460,2005,150,3268,3118
355460,2006,170,3302,3132
355460,2007,140,2918,2778
355460,2008,144,3825,3681
355460,2009,150,3179,3029
355460,2010,190,3190,3000
355460,2011,190,3229,3039
355460,2012,220,3204,2984
355460,2013,250,2790,2540
355460,2014,280,2850,2570
355460,2015,280,3130,2850
355460,2016,280,2970,2690
355460,2017,364,3054,2690
355460,2018,364,3054,2690
355460,2019,590,2886,2296
355460,2020,670,2671,2001
355460,2021,700,2681,1981
355470,1988,0,6218,6218
355470,1989,0,5670,5670
355470,1990,0,6248,6248
355470,1991,0,6281,6281
355470,1992,0,6231,6231
355470,1993,0,6630,6630
355470,1994,0,6206,6206
355470,1995,0,8221,8221
355470,1996,0,7328,7328
355470,1997,0,7914,7914
355470,1998,0,8107,8107
355470,1999,0,9297,9297
355470,2000,0,8377,8377
355470,2001,0,9148,9148
355470,2002,0,8942,8942
355470,2003,0,9380,9380
355470,2004,0,9172,9172
355470,2005,0,10180,10180
355470,2006,0,9716,9716
355470,2007,0,10840,10840
355470,2008,0,11542,11542
355470,2009,0,12403,12403
355470,2010,0,11842,11842
355470,2011,0,11987,11987
355470,2012,0,11909,11909
355470,2013,0,11581,11581
355470,2014,20,10383,10363
355470,2015,70,10323,10253
355470,2016,250,11168,10918
355470,2017,350,11258,10908
355470,2018,500,10248,9748
355470,2019,850,10394,9544
355470,2020,1000,9695,8695
355470,2021,1630,11803,10173
355480,1988,0,2352,2352
355480,1989,0,2352,2352
355480,1990,0,2580,2580
355480,1991,0,1764,1764
355480,1992,0,1850,1850
355480,1993,0,1957,1957
355480,1994,0,3224,3224
355480,1995,0,2919,2919
355480,1996,0,2164,2164
355480,1997,0,2424,2424
355480,1998,0,3158,3158
355480,1999,0,3813,3813
355480,2000,0,3229,3229
355480,2001,0,2431,2431
355480,2002,0,4755,4755
355480,2003,0,3023,3023
355480,2004,0,2891,2891
355480,2005,0,3033,3033
355480,2006,0,2474,2474
355480,2007,0,2672,2672
355480,2008,0,2439,2439
355480,2009,0,27,27
355480,2010,0,4175,4175
355480,2011,0,4156,4156
355480,2012,0,2490,2490
355480,2013,50,1760,1710
355480,2014,70,1870,1800
355480,2015,35,1335,1300
355480,2016,70,1439,1369
355480,2017,70,1442,1372
355480,2018,70,1442,1372
355480,2019,90,1265,1175
355480,2020,90,1291,1201
355480,2021,100,1265,1165
355490,1988,0,6830,6830
355490,1989,0,5932,5932
355490,1990,0,5318,5318
355490,1991,0,5588,5588
355490,1992,0,5659,5659
355490,1993,0,5998,5998
355490,1994,0,4787,4787
355490,1995,0,5004,5004
355490,1996,0,5296,5296
355490,1997,0,4290,4290
355490,1998,0,4760,4760
355490,1999,0,5270,5270
355490,2000,0,4807,4807
355490,2001,0,5182,5182
355490,2002,0,5258,5258
355490,2003,0,5833,5833
355490,2004,0,5011,5011
355490,2005,0,5511,5511
355490,2006,0,5813,5813
355490,2007,0,5360,5360
355490,2008,0,3691,3691
355490,2009,0,4543,4543
355490,2010,0,5471,5471
355490,2011,0,5131,5131
355490,2012,0,4068,4068
355490,2013,0,3943,3943
355490,2014,0,4230,4230
355490,2015,0,4388,4388
355490,2016,0,4045,4045
355490,2017,0,4073,4073
355490,2018,0,3943,3943
355490,2019,0,4097,4097
355490,2020,20,4240,4220
355490,2021,0,4121,4121
355500,1988,0,20066,20066
355500,1989,0,9642,9642
355500,1990,0,13364,13364
355500,1991,0,9639,9639
355500,1992,0,11425,11425
355500,1993,0,10042,10042
355500,1994,0,11898,11898
355500,1995,0,7740,7740
355500,1996,0,6750,6750
355500,1997,0,7935,7935
355500,1998,0,10570,10570
355500,1999,0,11447,11447
355500,2000,0,9483,9483
355500,2001,0,12709,12709
355500,2002,0,14102,14102
355500,2003,0,12433,12433
355500,2004,0,14294,14294
355500,2005,60,14861,14801
355500,2006,60,11427,11367
355500,2007,60,12078,12018
355500,2008,0,21475,21475
355500,2009,0,18093,18093
355500,2010,0,11617,11617
355500,2011,0,22661,22661
355500,2012,0,23494,23494
355500,2013,0,19920,19920
355500,2014,0,23271,23271
355500,2015,80,28029,27949
355500,2016,494,34669,34175
355500,2017,532,27824,27292
355500,2018,300,22596,22296
355500,2019,1936,23806,21870
355500,2020,850,25935,25085
355500,2021,880,23211,22331
355510,1988,0,7988,7988
355510,1989,0,6987,6987
355510,1990,0,7953,7953
355510,1991,0,5149,5149
355510,1992,0,4659,4659
355510,1993,0,4263,4263
355510,1994,0,4485,4485
355510,1995,0,4384,4384
355510,1996,0,3626,3626
355510,1997,0,3894,3894
355510,1998,0,3270,3270
355510,1999,0,3204,3204
355510,2000,0,2791,2791
355510,2001,0,2886,2886
355510,2002,0,2980,2980
355510,2003,0,3352,3352
355510,2004,70,3383,3313
355510,2005,50,2934,2884
355510,2006,0,2293,2293
355510,2007,0,2562,2562
355510,2008,0,4355,4355
355510,2009,0,4399,4399
355510,2010,0,6345,6345
355510,2011,0,6906,6906
355510,2012,0,7413,7413
355510,2013,0,7523,7523
355510,2014,0,7781,7781
355510,2015,0,6522,6522
355510,2016,80,6401,6321
355510,2017,100,9632,9532
355510,2018,0,9717,9717
355510,2019,0,9742,9742
355510,2020,150,9560,9410
355510,2021,300,9822,9522
355520,1988,0,4367,4367
355520,1989,100,5906,5806
355520,1990,137,4883,4746
355520,1991,100,4487,4387
355520,1992,50,5294,5244
355520,1993,50,3879,3829
355520,1994,0,4049,4049
355520,1995,54,3177,3123
355520,1996,92,3140,3048
355520,1997,344,3314,2970
355520,1998,483,3930,3447
355520,1999,510,4702,4192
355520,2000,408,3790,3382
355520,2001,550,4703,4153
355520,2002,675,4349,3674
355520,2003,530,4555,4025
355520,2004,960,5316,4356
355520,2005,1636,6280,4644
355520,2006,760,4260,3500
355520,2007,290,5784,5494
355520,2008,920,8948,8028
355520,2009,1063,11114,10051
355520,2010,967,10516,9549
355520,2011,800,14526,13726
355520,2012,200,9327,9127
355520,2013,448,9127,8679
355520,2014,630,7656,7026
355520,2015,982,9604,8622
355520,2016,900,9522,8622
355520,2017,924,10916,9992
355520,2018,986,10610,9624
355520,2019,1141,6665,5524
355520,2020,1241,10144,8903
355520,2021,1274,8646,7372
355530,1988,70,6423,6353
355530,1989,50,5186,5136
355530,1990,0,5630,5630
355530,1991,0,4953,4953
355530,1992,0,4761,4761
355530,1993,0,4199,4199
355530,1994,0,3781,3781
355530,1995,0,4041,4041
355530,1996,0,3794,3794
355530,1997,0,1974,1974
355530,1998,0,2451,2451
355530,1999,0,2521,2521
355530,2000,0,2142,2142
355530,2001,0,2176,2176
355530,2002,109,2116,2007
355530,2003,109,2194,2085
355530,2004,100,2400,2300
355530,2005,100,2399,2299
355530,2006,0,2079,2079
355530,2007,0,2845,2845
355530,2008,0,2521,2521
355530,2009,0,2653,2653
355530,2010,0,3513,3513
355530,2011,0,3641,3641
355530,2012,0,4150,4150
355530,2013,0,3690,3690
355530,2014,0,6357,6357
355530,2015,0,6519,6519
355530,2016,0,6699,6699
355530,2017,0,7441,7441
355530,2018,0,7258,7258
355530,2019,0,7094,7094
355530,2020,0,6712,6712
355530,2021,0,6812,6812
355540,1988,0,184,184
355540,1989,0,192,192
355540,1990,0,62,62
355540,1991,0,45,45
355540,1992,0,183,183
355540,1993,0,222,222
355540,1994,0,693,693
355540,1995,0,348,348
355540,1996,0,260,260
355540,1997,0,15,15
355540,1998,0,260,260
355540,1999,0,120,120
355540,2000,0,290,290
355540,2001,0,0,0
355540,2002,0,0,0
355540,2003,0,0,0
355540,2004,0,60,60
355540,2005,0,50,50
355540,2006,0,60,60
355540,2007,0,100,100
355540,2008,0,0,0
355540,2009,0,0,0
355540,2010,0,66,66
355540,2011,0,60,60
355540,2012,0,502,502
355540,2013,0,0,0
355540,2014,0,0,0
355540,2015,0,0,0
355540,2016,0,449,449
355540,2017,0,514,514
355540,2018,0,238,238
355540,2019,0,147,147
355540,2020,0,488,488
355540,2021,0,142,142
355550,1988,0,3691,3691
355550,1989,0,3207,3207
355550,1990,0,2911,2911
355550,1991,0,3571,3571
355550,1992,0,1599,1599
355550,1993,0,2346,2346
355550,1994,0,2269,2269
355550,1995,0,2104,2104
355550,1996,0,2132,2132
355550,1997,0,2755,2755
355550,1998,97,3067,2970
355550,1999,100,3090,2990
355550,2000,0,2352,2352
355550,2001,0,2140,2140
355550,2002,0,2361,2361
355550,2003,0,2473,2473
355550,2004,0,2448,2448
355550,2005,0,2300,2300
355550,2006,0,2298,2298
355550,2007,0,2095,2095
355550,2008,0,2412,2412
355550,2009,0,2171,2171
355550,2010,0,2237,2237
355550,2011,0,2171,2171
355550,2012,0,2248,2248
355550,2013,0,4278,4278
355550,2014,0,2387,2387
355550,2015,400,5778,5378
355550,2016,510,6736,6226
355550,2017,560,6168,5608
355550,2018,558,6080,5522
355550,2019,600,6142,5542
355550,2020,660,6144,5484
355550,2021,600,6092,5492
355560,1988,0,14180,14180
355560,1989,0,14850,14850
355560,1990,0,14053,14053
355560,1991,0,13309,13309
355560,1992,0,14075,14075
355560,1993,0,9295,9295
355560,1994,0,10514,10514
355560,1995,0,10575,10575
355560,1996,121,11237,11116
355560,1997,121,11382,11261
355560,1998,121,11086,10965
355560,1999,185,10568,10383
355560,2000,120,10206,10086
355560,2001,175,9240,9065
355560,2002,363,10322,9959
355560,2003,669,10342,9673
355560,2004,257,9488,9231
355560,2005,145,13921,13776
355560,2006,145,13582,13437
355560,2007,145,15165,15020
355560,2008,65,16204,16139
355560,2009,0,15830,15830
355560,2010,0,15965,15965
355560,2011,0,16105,16105
355560,2012,0,16390,16390
355560,2013,0,16478,16478
355560,2014,0,15840,15840
355560,2015,0,16093,16093
355560,2016,0,15967,15967
355560,2017,0,16703,16703
355560,2018,39,13952,13913
355560,2019,39,13952,13913
355560,2020,58,15013,14955
355560,2021,350,15805,15455
355570,1988,0,2072,2072
355570,1989,20,2640,2620
355570,1990,100,2596,2496
355570,1991,50,3904,3854
355570,1992,20,2831,2811
355570,1993,20,1992,1972
355570,1994,120,2791,2671
355570,1995,15,2069,2054
355570,1996,10,1921,1911
355570,1997,55,2009,1954
355570,1998,220,2155,1935
355570,1999,260,2225,1965
355570,2000,600,2424,1824
355570,2001,0,1474,1474
355570,2002,480,2897,2417
355570,2003,130,2446,2316
355570,2004,130,2632,2502
355570,2005,200,3010,2810
355570,2006,145,2700,2555
355570,2007,100,4702,4602
355570,2008,116,4604,4488
355570,2009,80,5015,4935
355570,2010,80,5015,4935
355570,2011,30,4000,3970
355570,2012,70,4934,4864
355570,2013,35,4949,4914
355570,2014,60,4915,4855
355570,2015,10,5225,5215
355570,2016,120,5326,5206
355570,2017,200,4870,4670
355570,2018,233,4880,4647
355570,2019,260,4624,4364
355570,2020,350,4712,4362
355570,2021,350,4850,4500
355580,1988,30,11187,11157
355580,1989,30,10828,10798
355580,1990,170,10684,10514
355580,1991,30,8957,8927
355580,1992,30,8441,8411
355580,1993,36,6108,6072
355580,1994,0,8496,8496
355580,1995,0,8615,8615
355580,1996,0,7768,7768
355580,1997,0,6060,6060
355580,1998,48,5772,5724
355580,1999,0,5835,5835
355580,2000,0,4919,4919
355580,2001,0,5587,5587
355580,2002,32,5242,5210
355580,2003,48,5051,5003
355580,2004,40,4153,4113
355580,2005,50,4307,4257
355580,2006,50,4297,4247
355580,2007,50,3800,3750
355580,2008,0,3692,3692
355580,2009,0,4588,4588
355580,2010,0,5147,5147
355580,2011,0,5864,5864
355580,2012,0,5443,5443
355580,2013,0,6864,6864
355580,2014,56,7480,7424
355580,2015,0,7593,7593
355580,2016,110,7824,7714
355580,2017,0,7920,7920
355580,2018,0,7988,7988
355580,2019,0,7866,7866
355580,2020,0,7839,7839
355580,2021,20,7669,7649
355590,1988,0,2650,2650
355590,1989,0,2306,2306
355590,1990,0,2107,2107
355590,1991,0,1586,1586
355590,1992,0,1264,1264
355590,1993,0,1150,1150
355590,1994,0,1381,1381
355590,1995,0,1503,1503
355590,1996,0,1065,1065
355590,1997,0,881,881
355590,1998,0,949,949
355590,1999,0,1146,1146
355590,2000,0,1705,1705
355590,2001,0,1757,1757
355590,2002,100,2231,2131
355590,2003,0,2444,2444
355590,2004,100,2633,2533
355590,2005,200,2572,2372
355590,2006,200,3005,2805
355590,2007,200,2636,2436
355590,2008,160,2845,2685
355590,2009,0,3162,3162
355590,2010,38,2762,2724
355590,2011,38,2842,2804
355590,2012,0,50,50
355590,2013,50,3061,3011
355590,2014,0,2953,2953
355590,2015,0,6528,6528
355590,2016,140,6317,6177
355590,2017,48,5859,5811
355590,2018,50,5084,5034
355590,2019,100,4844,4744
355590,2020,0,5236,5236
355590,2021,48,4964,4916
355600,1988,50,13047,12997
355600,1989,0,12887,12887
355600,1990,0,10390,10390
355600,1991,0,9950,9950
355600,1992,0,10547,10547
355600,1993,0,8250,8250
355600,1994,0,8821,8821
355600,1995,0,9920,9920
355600,1996,0,12763,12763
355600,1997,0,11783,11783
355600,1998,0,11478,11478
355600,1999,0,10682,10682
355600,2000,0,10840,10840
355600,2001,0,10932,10932
355600,2002,0,13652,13652
355600,2003,0,15144,15144
355600,2004,490,15604,15114
355600,2005,500,15842,15342
355600,2006,400,16465,16065
355600,2007,400,16240,15840
355600,2008,200,19383,19183
355600,2009,500,20790,20290
355600,2010,0,19185,19185
355600,2011,0,17634,17634
355600,2012,0,18007,18007
355600,2013,0,19219,19219
355600,2014,0,20151,20151
355600,2015,17,18631,18614
355600,2016,17,18655,18638
355600,2017,17,18753,18736
355600,2018,40,21691,21651
355600,2019,250,21575,21325
355600,2020,250,21577,21327
355600,2021,200,21922,21722
355610,1988,0,5074,5074
355610,1989,0,5178,5178
355610,1990,0,5507,5507
355610,1991,180,5210,5030
355610,1992,100,3893,3793
355610,1993,0,2826,2826
355610,1994,0,3264,3264
355610,1995,0,3657,3657
355610,1996,0,2474,2474
355610,1997,0,2174,2174
355610,1998,0,2219,2219
355610,1999,0,2410,2410
355610,2000,0,2061,2061
355610,2001,0,3599,3599
355610,2002,0,4056,4056
355610,2003,0,2836,2836
355610,2004,0,2351,2351
355610,2005,0,2106,2106
355610,2006,0,2018,2018
355610,2007,0,1909,1909
355610,2008,0,1800,1800
355610,2009,0,4081,4081
355610,2010,0,5186,5186
355610,2011,0,4713,4713
355610,2012,0,600,600
355610,2013,0,4446,4446
355610,2014,0,4005,4005
355610,2015,0,3937,3937
355610,2016,72,3955,3883
355610,2017,50,4517,4467
355610,2018,50,4523,4473
355610,2019,33,5124,5091
355610,2020,0,5373,5373
355610,2021,50,4763,4713
355620,1988,0,2153,2153
355620,1989,0,2141,2141
355620,1990,0,2071,2071
355620,1991,0,1924,1924
355620,1992,0,1923,1923
355620,1993,0,1657,1657
355620,1994,0,1200,1200
355620,1995,0,1089,1089
355620,1996,0,1045,1045
355620,1997,0,1041,1041
355620,1998,0,1342,1342
355620,1999,0,1403,1403
355620,2000,0,1197,1197
355620,2001,0,1166,1166
355620,2002,0,1083,1083
355620,2003,0,1260,1260
355620,2004,0,1269,1269
355620,2005,0,1283,1283
355620,2006,0,1264,1264
355620,2007,0,1066,1066
355620,2008,0,1407,1407
355620,2009,0,657,657
355620,2010,0,1074,1074
355620,2011,0,1053,1053
355620,2012,0,1028,1028
355620,2013,0,1033,1033
355620,2014,0,988,988
355620,2015,0,1020,1020
355620,2016,0,888,888
355620,2017,0,999,999
355620,2018,0,999,999
355620,2019,0,999,999
355620,2020,0,899,899
355620,2021,0,899,899
355630,1988,350,17841,17491
355630,1989,450,13245,12795
355630,1990,900,16116,15216
355630,1991,300,16735,16435
355630,1992,0,20223,20223
355630,1993,390,14311,13921
355630,1994,600,23319,22719
355630,1995,1000,22698,21698
355630,1996,600,22157,21557
355630,1997,0,21550,21550
355630,1998,0,21301,21301
355630,1999,0,21448,21448
355630,2000,0,20340,20340
355630,2001,0,24776,24776
355630,2002,0,24636,24636
355630,2003,200,26658,26458
355630,2004,2000,29068,27068
355630,2005,650,43480,42830
355630,2006,150,48462,48312
355630,2007,150,44892,44742
355630,2008,120,42365,42245
355630,2009,0,40514,40514
355630,2010,80,41195,41115
355630,2011,400,41415,41015
355630,2012,250,45708,45458
355630,2013,0,48589,48589
355630,2014,0,48413,48413
355630,2015,180,41587,41407
355630,2016,0,47221,47221
355630,2017,0,51020,51020
355630,2018,0,47844,47844
355630,2019,0,59456,59456
355630,2020,0,60198,60198
355630,2021,180,59973,59793
355640,1988,1800,10637,8837
355640,1989,0,9033,9033
355640,1990,2000,10293,8293
355640,1991,1300,10047,8747
355640,1992,1400,9421,8021
355640,1993,1400,7905,6505
355640,1994,1300,9124,7824
355640,1995,1200,9158,7958
355640,1996,1200,11099,9899
355640,1997,1000,9773,8773
355640,1998,1000,10531,9531
355640,1999,700,9886,9186
355640,2000,1500,17416,15916
355640,2001,1500,10231,8731
355640,2002,1100,13652,12552
355640,2003,950,15999,15049
355640,2004,900,14635,13735
355640,2005,870,15791,14921
355640,2006,850,17155,16305
355640,2007,1000,15560,14560
355640,2008,680,16073,15393
355640,2009,550,17243,16693
355640,2010,200,13853,13653
355640,2011,200,16608,16408
355640,2012,200,18151,17951
355640,2013,500,14798,14298
355640,2014,500,16909,16409
355640,2015,500,14600,14100
355640,2016,1300,16381,15081
355640,2017,780,12867,12087
355640,2018,800,14366,13566
355640,2019,600,12753,12153
355640,2020,800,12844,12044
355640,2021,800,12844,12044
355645,1988,0,275,275
355645,1989,0,254,254
355645,1990,0,236,236
355645,1991,0,180,180
355645,1992,0,53,53
355645,1993,0,48,48
355645,1994,0,29,29
355645,1995,0,30,30
355645,1996,0,25,25
355645,1997,0,19,19
355645,1998,0,14,14
355645,1999,0,10,10
355645,2000,0,0,0
355645,2001,0,0,0
355645,2002,0,0,0
355645,2003,0,0,0
355645,2004,0,0,0
355645,2005,0,0,0
355645,2006,0,0,0
355645,2007,0,0,0
355645,2008,0,0,0
355645,2009,0,0,0
355645,2010,0,0,0
355645,2011,0,0,0
355645,2012,0,0,0
355645,2013,0,0,0
355645,2014,0,0,0
355645,2015,0,0,0
355645,2016,0,0,0
355645,2017,0,0,0
355645,2018,0,0,0
355645,2019,0,0,0
355645,2020,0,0,0
355645,2021,0,0,0
355650,1988,0,138,138
355650,1989,0,108,108
355650,1990,0,88,88
355650,1991,0,29,29
355650,1992,0,21,21
355650,1993,0,7,7
355650,1994,0,25,25
355650,1995,0,7,7
355650,1996,0,32,32
355650,1997,0,29,29
355650,1998,0,55,55
355650,1999,0,55,55
355650,2000,0,8,8
355650,2001,0,20,20
355650,2002,0,22,22
355650,2003,0,22,22
355650,2004,0,22,22
355650,2005,0,22,22
355650,2006,0,22,22
355650,2007,0,22,22
355650,2008,0,21,21
355650,2009,0,7,7
355650,2010,0,9,9
355650,2011,0,0,0
355650,2012,0,0,0
355650,2013,0,0,0
355650,2014,0,0,0
355650,2015,0,0,0
355650,2016,0,0,0
355650,2017,0,0,0
355650,2018,0,0,0
355650,2019,0,0,0
355650,2020,0,0,0
355650,2021,0,0,0
355660,1988,0,7325,7325
355660,1989,0,7140,7140
355660,1990,0,6322,6322
355660,1991,0,7051,7051
355660,1992,0,2391,2391
355660,1993,0,2438,2438
355660,1994,0,4609,4609
355660,1995,0,4046,4046
355660,1996,0,3746,3746
355660,1997,0,3636,3636
355660,1998,0,3656,3656
355660,1999,0,3441,3441
355660,2000,0,2729,2729
355660,2001,0,4074,4074
355660,2002,0,4222,4222
355660,2003,0,4220,4220
355660,2004,0,3630,3630
355660,2005,0,3930,3930
355660,2006,0,3900,3900
355660,2007,0,3570,3570
355660,2008,0,3600,3600
355660,2009,0,3300,3300
355660,2010,0,3650,3650
355660,2011,0,3450,3450
355660,2012,0,3624,3624
355660,2013,0,3461,3461
355660,2014,0,3163,3163
355660,2015,0,3114,3114
355660,2016,0,3058,3058
355660,2017,0,3558,3558
355660,2018,0,3063,3063
355660,2019,0,3033,3033
355660,2020,0,3036,3036
355660,2021,0,3186,3186
355670,1988,0,1906,1906
355670,1989,0,1681,1681
355670,1990,0,1652,1652
355670,1991,0,1462,1462
355670,1992,0,1379,1379
355670,1993,0,1344,1344
355670,1994,0,894,894
355670,1995,0,880,880
355670,1996,0,776,776
355670,1997,0,795,795
355670,1998,0,888,888
355670,1999,0,841,841
355670,2000,0,791,791
355670,2001,0,840,840
355670,2002,0,813,813
355670,2003,0,798,798
355670,2004,0,687,687
355670,2005,0,705,705
355670,2006,0,583,583
355670,2007,0,565,565
355670,2008,0,564,564
355670,2009,0,219,219
355670,2010,0,402,402
355670,2011,0,401,401
355670,2012,0,338,338
355670,2013,0,343,343
355670,2014,0,138,138
355670,2015,0,152,152
355670,2016,0,152,152
355670,2017,0,163,163
355670,2018,0,189,189
355670,2019,0,189,189
355670,2020,0,164,164
355670,2021,0,164,164
355680,1988,3700,19842,16142
355680,1989,3900,20730,16830
355680,1990,3700,21089,17389
355680,1991,3700,24030,20330
355680,1992,3800,24122,20322
355680,1993,2800,20691,17891
355680,1994,2000,17840,15840
355680,1995,1200,15552,14352
355680,1996,2000,19793,17793
355680,1997,1800,19270,17470
355680,1998,1800,16918,15118
355680,1999,1800,18581,16781
355680,2000,4600,19154,14554
355680,2001,2300,20417,18117
355680,2002,1000,16117,15117
355680,2003,1000,17103,16103
355680,2004,1000,16905,15905
355680,2005,1100,18643,17543
355680,2006,800,17220,16420
355680,2007,900,17595,16695
355680,2008,1100,18955,17855
355680,2009,1100,18955,17855
355680,2010,850,18298,17448
355680,2011,900,18223,17323
355680,2012,700,17668,16968
355680,2013,700,16975,16275
355680,2014,700,16957,16257
355680,2015,700,17020,16320
355680,2016,1400,17877,16477
355680,2017,1600,18091,16491
355680,2018,1600,17304,15704
355680,2019,2000,17446,15446
355680,2020,1500,16932,15432
355680,2021,1500,16860,15360
355690,1988,0,7958,7958
355690,1989,0,5800,5800
355690,1990,0,8170,8170
355690,1991,0,8205,8205
355690,1992,150,8655,8505
355690,1993,100,8904,8804
355690,1994,100,9007,8907
355690,1995,100,7954,7854
355690,1996,0,7791,7791
355690,1997,0,7647,7647
355690,1998,145,7869,7724
355690,1999,145,7942,7797
355690,2000,100,7765,7665
355690,2001,150,7656,7506
355690,2002,150,7644,7494
355690,2003,150,7815,7665
355690,2004,160,7921,7761
355690,2005,200,8094,7894
355690,2006,150,7847,7697
355690,2007,150,7710,7560
355690,2008,100,7688,7588
355690,2009,0,6374,6374
355690,2010,0,6359,6359
355690,2011,0,6334,6334
355690,2012,0,6834,6834
355690,2013,0,7074,7074
355690,2014,0,6779,6779
355690,2015,0,6879,6879
355690,2016,0,5571,5571
355690,2017,0,7475,7475
355690,2018,0,6972,6972
355690,2019,0,7078,7078
355690,2020,0,7424,7424
355690,2021,150,7362,7212
355700,1988,0,1636,1636
355700,1989,0,898,898
355700,1990,0,795,795
355700,1991,0,979,979
355700,1992,0,600,600
355700,1993,0,301,301
355700,1994,0,196,196
355700,1995,0,329,329
355700,1996,0,176,176
355700,1997,0,54,54
355700,1998,0,225,225
355700,1999,0,275,275
355700,2000,0,330,330
355700,2001,0,357,357
355700,2002,0,836,836
355700,2003,0,821,821
355700,2004,0,906,906
355700,2005,0,831,831
355700,2006,0,865,865
355700,2007,0,1003,1003
355700,2008,0,811,811
355700,2009,0,908,908
355700,2010,0,500,500
355700,2011,0,587,587
355700,2012,0,442,442
355700,2013,0,436,436
355700,2014,0,436,436
355700,2015,0,436,436
355700,2016,0,436,436
355700,2017,0,436,436
355700,2018,0,436,436
355700,2019,405,841,436
355700,2020,405,841,436
355700,2021,405,841,436
355710,1988,50,14706,14656
355710,1989,0,16075,16075
355710,1990,0,14522,14522
355710,1991,0,13162,13162
355710,1992,0,11712,11712
355710,1993,0,12239,12239
355710,1994,0,11351,11351
355710,1995,0,6623,6623
355710,1996,0,6229,6229
355710,1997,0,6855,6855
355710,1998,0,6312,6312
355710,1999,0,6480,6480
355710,2000,0,6390,6390
355710,2001,50,6712,6662
355710,2002,0,7001,7001
355710,2003,0,6238,6238
355710,2004,90,8563,8473
355710,2005,110,11008,10898
355710,2006,110,10524,10414
355710,2007,110,8850,8740
355710,2008,88,13646,13558
355710,2009,0,14213,14213
355710,2010,0,11363,11363
355710,2011,0,5831,5831
355710,2012,0,10339,10339
355710,2013,175,10964,10789
355710,2014,80,13843,13763
355710,2015,40,13669,13629
355710,2016,110,15406,15296
355710,2017,404,15102,14698
355710,2018,48,15247,15199
355710,2019,504,18682,18178
355710,2020,300,17440,17140
355710,2021,400,17666,17266
355720,1988,500,11407,10907
355720,1989,1450,10122,8672
355720,1990,1500,12414,10914
355720,1991,1400,11903,10503
355720,1992,1000,10696,9696
355720,1993,720,5236,4516
355720,1994,641,10467,9826
355720,1995,900,11912,11012
355720,1996,900,11912,11012
355720,1997,373,11946,11573
355720,1998,876,13376,12500
355720,1999,883,13006,12123
355720,2000,800,13835,13035
355720,2001,305,11870,11565
355720,2002,500,11185,10685
355720,2003,680,11378,10698
355720,2004,700,11402,10702
355720,2005,700,11371,10671
355720,2006,700,14834,14134
355720,2007,550,12400,11850
355720,2008,420,18877,18457
355720,2009,420,15025,14605
355720,2010,440,15577,15137
355720,2011,440,15803,15363
355720,2012,440,17377,16937
355720,2013,440,17397,16957
355720,2014,450,17555,17105
355720,2015,850,18328,17478
355720,2016,2300,19597,17297
355720,2017,2450,19843,17393
355720,2018,4215,18168,13953
355720,2019,4150,19379,15229
355720,2020,3930,19226,15296
355720,2021,4000,19204,15204
410010,1988,270,14437,14167
410010,1989,297,16247,15950
410010,1990,297,16652,16355
410010,1991,300,15837,15537
410010,1992,200,20524,20324
410010,1993,30,13982,13952
410010,1994,40,12962,12922
410010,1995,500,11757,11257
410010,1996,400,11260,10860
410010,1997,700,10472,9772
410010,1998,1200,11039,9839
410010,1999,1000,10409,9409
410010,2000,2250,9869,7619
410010,2001,1500,9660,8160
410010,2002,4000,14993,10993
410010,2003,1200,17290,16090
410010,2004,5500,18252,12752
410010,2005,4500,16860,12360
410010,2006,4500,11852,7352
410010,2007,5100,16487,11387
410010,2008,5250,16658,11408
410010,2009,5360,16782,11422
410010,2010,6880,15420,8540
410010,2011,6880,13917,7037
410010,2012,7100,15623,8523
410010,2013,7500,15751,8251
410010,2014,8445,19615,11170
410010,2015,10220,21410,11190
410010,2016,10295,19730,9435
410010,2017,10570,11757,1187
410010,2018,10220,11365,1145
410010,2019,10570,25462,14892
410010,2020,10470,25235,14765
410010,2021,10220,11375,1155
410020,1988,0,4755,4755
410020,1989,0,4545,4545
410020,1990,0,6129,6129
410020,1991,0,6379,6379
410020,1992,0,6294,6294
410020,1993,0,6289,6289
410020,1994,0,6127,6127
410020,1995,0,5310,5310
410020,1996,0,6024,6024
410020,1997,0,5886,5886
410020,1998,0,5978,5978
410020,1999,0,6063,6063
410020,2000,0,6153,6153
410020,2001,0,6100,6100
410020,2002,0,5879,5879
410020,2003,0,5921,5921
410020,2004,0,5980,5980
410020,2005,0,6077,6077
410020,2006,0,6547,6547
410020,2007,0,6345,6345
410020,2008,0,6410,6410
410020,2009,0,6432,6432
410020,2010,0,6307,6307
410020,2011,0,6457,6457
410020,2012,0,6143,6143
410020,2013,0,6390,6390
410020,2014,0,6126,6126
410020,2015,0,6083,6083
410020,2016,0,6098,6098
410020,2017,0,4257,4257
410020,2018,0,3736,3736
410020,2019,0,3121,3121
410020,2020,0,3027,3027
410020,2021,0,2822,2822
410030,1988,0,3940,3940
410030,1989,0,4023,4023
410030,1990,0,3982,3982
410030,1991,0,3969,3969
410030,1992,0,4390,4390
410030,1993,0,3987,3987
410030,1994,0,4349,4349
410030,1995,0,5008,5008
410030,1996,0,4567,4567
410030,1997,0,4779,4779
410030,1998,0,4677,4677
410030,1999,0,4653,4653
410030,2000,0,4843,4843
410030,2001,0,4906,4906
410030,2002,0,5507,5507
410030,2003,0,10497,10497
410030,2004,0,5577,5577
410030,2005,0,8118,8118
410030,2006,0,7124,7124
410030,2007,0,7119,7119
410030,2008,0,7322,7322
410030,2009,0,7354,7354
410030,2010,60,7450,7390
410030,2011,60,7351,7291
410030,2012,150,8029,7879
410030,2013,600,7604,7004
410030,2014,650,7822,7172
410030,2015,735,7802,7067
410030,2016,750,8082,7332
410030,2017,790,7169,6379
410030,2018,956,6942,5986
410030,2019,1450,6994,5544
410030,2020,1840,7161,5321
410030,2021,1650,6782,5132
410040,1988,0,6123,6123
410040,1989,0,5442,5442
410040,1990,0,10748,10748
410040,1991,0,10521,10521
410040,1992,0,10569,10569
410040,1993,0,10635,10635
410040,1994,0,10728,10728
410040,1995,0,11131,11131
410040,1996,0,10873,10873
410040,1997,0,10811,10811
410040,1998,0,11180,11180
410040,1999,0,11343,11343
410040,2000,0,11959,11959
410040,2001,0,11471,11471
410040,2002,0,11190,11190
410040,2003,0,11333,11333
410040,2004,50,11161,11111
410040,2005,50,11323,11273
410040,2006,65,11413,11348
410040,2007,65,11085,11020
410040,2008,70,10431,10361
410040,2009,130,9686,9556
410040,2010,150,9576,9426
410040,2011,180,8095,7915
410040,2012,198,10174,9976
410040,2013,911,8959,8048
410040,2014,870,8898,8028
410040,2015,1050,8294,7244
410040,2016,1290,8511,7221
410040,2017,6000,12935,6935
410040,2018,6100,12954,6854
410040,2019,6405,12392,5987
410040,2020,6552,13165,6613
410040,2021,4650,10715,6065
410045,1988,5,9289,9284
410045,1989,0,7406,7406
410045,1990,0,9030,9030
410045,1991,0,9590,9590
410045,1992,200,11718,11518
410045,1993,400,9768,9368
410045,1994,200,9263,9063
410045,1995,0,7332,7332
410045,1996,0,6013,6013
410045,1997,0,1613,1613
410045,1998,30,4398,4368
410045,1999,50,4823,4773
410045,2000,34,3312,3278
410045,2001,34,3338,3304
410045,2002,50,3161,3111
410045,2003,97,1622,1525
410045,2004,80,2705,2625
410045,2005,726,2407,1681
410045,2006,780,5046,4266
410045,2007,780,2954,2174
410045,2008,823,2171,1348
410045,2009,823,2081,1258
410045,2010,1000,1963,963
410045,2011,1050,2052,1002
410045,2012,1207,2074,867
410045,2013,1326,2278,952
410045,2014,1326,2110,784
410045,2015,1694,2486,792
410045,2016,1653,2469,816
410045,2017,1628,2493,865
410045,2018,1800,2438,638
410045,2019,1770,2353,583
410045,2020,1800,2748,948
410045,2021,1850,3596,1746
410050,1988,0,29593,29593
410050,1989,0,20358,20358
410050,1990,0,24293,24293
410050,1991,0,26994,26994
410050,1992,0,19254,19254
410050,1993,0,16743,16743
410050,1994,0,15562,15562
410050,1995,80,18036,17956
410050,1996,40,11341,11301
410050,1997,100,15583,15483
410050,1998,900,14017,13117
410050,1999,1000,11160,10160
410050,2000,900,11572,10672
410050,2001,960,12879,11919
410050,2002,1500,13419,11919
410050,2003,2800,15602,12802
410050,2004,4500,16492,11992
410050,2005,4120,12084,7964
410050,2006,3560,9965,6405
410050,2007,2597,8333,5736
410050,2008,2000,7736,5736
410050,2009,2700,8304,5604
410050,2010,2340,8991,6651
410050,2011,2390,8400,6010
410050,2012,2635,7110,4475
410050,2013,2635,7346,4711
410050,2014,3045,7365,4320
410050,2015,2424,5890,3466
410050,2016,3153,7499,4346
410050,2017,3340,8358,5018
410050,2018,4900,11450,6550
410050,2019,4200,9519,5319
410050,2020,5500,12964,7464
410050,2021,5500,13070,7570
410060,1988,56,3640,3584
410060,1989,130,3792,3662
410060,1990,48,3630,3582
410060,1991,77,4516,4439
410060,1992,77,4198,4121
410060,1993,90,4792,4702
410060,1994,18,4903,4885
410060,1995,35,5007,4972
410060,1996,0,2894,2894
410060,1997,0,2747,2747
410060,1998,0,4947,4947
410060,1999,0,4705,4705
410060,2000,0,4582,4582
410060,2001,0,3821,3821
410060,2002,300,4046,3746
410060,2003,477,7196,6719
410060,2004,800,8018,7218
410060,2005,400,6335,5935
410060,2006,350,7708,7358
410060,2007,246,7168,6922
410060,2008,150,7915,7765
410060,2009,250,8056,7806
410060,2010,436,7430,6994
410060,2011,436,10472,10036
410060,2012,266,8920,8654
410060,2013,266,9274,9008
410060,2014,356,9755,9399
410060,2015,360,8346,7986
410060,2016,520,10834,10314
410060,2017,300,10319,10019
410060,2018,300,7855,7555
410060,2019,340,8597,8257
410060,2020,450,8808,8358
410060,2021,450,8012,7562
410070,1988,3600,38921,35321
410070,1989,5500,34039,28539
410070,1990,3800,26665,22865
410070,1991,3000,24486,21486
410070,1992,960,17494,16534
410070,1993,2100,13975,11875
410070,1994,2350,13198,10848
410070,1995,2150,15993,13843
410070,1996,2660,18454,15794
410070,1997,5200,20167,14967
410070,1998,10175,25429,15254
410070,1999,11100,29815,18715
410070,2000,13750,32830,19080
410070,2001,15800,34524,18724
410070,2002,22000,43132,21132
410070,2003,29500,56238,26738
410070,2004,36000,58276,22276
410070,2005,36500,54502,18002
410070,2006,36512,59162,22650
410070,2007,33835,66190,32355
410070,2008,34500,70484,35984
410070,2009,36053,71065,35012
410070,2010,42102,77173,35071
410070,2011,40730,81881,41151
410070,2012,40715,81419,40704
410070,2013,42030,88095,46065
410070,2014,43040,85278,42238
410070,2015,44650,91692,47042
410070,2016,48785,90753,41968
410070,2017,51100,100109,49009
410070,2018,52000,97587,45587
410070,2019,54190,100250,46060
410070,2020,56000,103089,47089
410070,2021,52800,104962,52162
410080,1988,12680,33823,21143
410080,1989,14000,33558,19558
410080,1990,13720,34473,20753
410080,1991,14770,34660,19890
410080,1992,12250,31391,19141
410080,1993,14600,30481,15881
410080,1994,15500,31902,16402
410080,1995,16300,33970,17670
410080,1996,16300,32536,16236
410080,1997,16300,33470,17170
410080,1998,18000,34865,16865
410080,1999,16500,35237,18737
410080,2000,16500,32432,15932
410080,2001,16000,35939,19939
410080,2002,16850,36946,20096
410080,2003,18226,38645,20419
410080,2004,19200,41706,22506
410080,2005,19600,40370,20770
410080,2006,19650,40376,20726
410080,2007,19650,43720,24070
410080,2008,19650,41384,21734
410080,2009,19529,43465,23936
410080,2010,19650,43438,23788
410080,2011,19650,41378,21728
410080,2012,20000,41844,21844
410080,2013,20150,41239,21089
410080,2014,20548,45078,24530
410080,2015,23900,46825,22925
410080,2016,22220,45455,23235
410080,2017,22200,45193,22993
410080,2018,22200,45101,22901
410080,2019,22370,45105,22735
410080,2020,22370,46713,24343
410080,2021,22370,46514,24144
410090,1988,0,2230,2230
410090,1989,116,2449,2333
410090,1990,0,1858,1858
410090,1991,0,2096,2096
410090,1992,0,2114,2114
410090,1993,0,2098,2098
410090,1994,0,2423,2423
410090,1995,0,2122,2122
410090,1996,0,1752,1752
410090,1997,0,1895,1895
410090,1998,0,2069,2069
410090,1999,0,2571,2571
410090,2000,0,4159,4159
410090,2001,0,3050,3050
410090,2002,194,4414,4220
410090,2003,260,4703,4443
410090,2004,2100,8513,6413
410090,2005,2100,6395,4295
410090,2006,1900,7933,6033
410090,2007,0,4466,4466
410090,2008,0,4763,4763
410090,2009,92,6003,5911
410090,2010,726,7484,6758
410090,2011,1331,7962,6631
410090,2012,1090,8964,7874
410090,2013,1090,9951,8861
410090,2014,1016,10008,8992
410090,2015,1333,10015,8682
410090,2016,1452,11657,10205
410090,2017,1957,14061,12104
410090,2018,1698,13534,11836
410090,2019,1741,14615,12874
410090,2020,1708,14430,12722
410090,2021,1779,14672,12893
410100,1988,4000,27809,23809
410100,1989,5000,24549,19549
410100,1990,4500,26094,21594
410100,1991,4000,20509,16509
410100,1992,3000,21135,18135
410100,1993,4000,21780,17780
410100,1994,4500,21693,17193
410100,1995,4500,21313,16813
410100,1996,4000,22652,18652
410100,1997,5000,22847,17847
410100,1998,6000,21403,15403
410100,1999,4512,19151,14639
410100,2000,4533,17709,13176
410100,2001,4048,17164,13116
410100,2002,5098,16902,11804
410100,2003,6500,17032,10532
410100,2004,6650,16745,10095
410100,2005,6500,17837,11337
410100,2006,5250,17797,12547
410100,2007,6700,18502,11802
410100,2008,4800,16439,11639
410100,2009,4650,18256,13606
410100,2010,5650,16962,11312
410100,2011,5900,14227,8327
410100,2012,5500,14813,9313
410100,2013,6500,15442,8942
410100,2014,7500,13998,6498
410100,2015,7300,13468,6168
410100,2016,8100,15008,6908
410100,2017,8300,14806,6506
410100,2018,8000,13031,5031
410100,2019,7500,12789,5289
410100,2020,7600,14550,6950
410100,2021,8120,16364,8244
410110,1988,5500,27464,21964
410110,1989,9000,28969,19969
410110,1990,9000,29712,20712
410110,1991,7500,25117,17617
410110,1992,8000,28468,20468
410110,1993,11000,22072,11072
410110,1994,9000,23562,14562
410110,1995,10100,28985,18885
410110,1996,10000,28561,18561
410110,1997,10550,28181,17631
410110,1998,10500,28495,17995
410110,1999,8500,28973,20473
410110,2000,10500,33071,22571
410110,2001,12000,31631,19631
410110,2002,12700,31155,18455
410110,2003,12000,32217,20217
410110,2004,11000,32165,21165
410110,2005,13500,32075,18575
410110,2006,11800,29103,17303
410110,2007,11300,28547,17247
410110,2008,10700,26805,16105
410110,2009,10700,26357,15657
410110,2010,13652,29495,15843
410110,2011,12660,29869,17209
410110,2012,13300,31850,18550
410110,2013,13500,32295,18795
410110,2014,13960,30387,16427
410110,2015,12000,27657,15657
410110,2016,13000,30499,17499
410110,2017,13000,30361,17361
410110,2018,13000,34276,21276
410110,2019,13000,34299,21299
410110,2020,13390,32289,18899
410110,2021,13000,34106,21106
410120,1988,0,1215,1215
410120,1989,0,1270,1270
410120,1990,0,1860,1860
410120,1991,0,1799,1799
410120,1992,0,1760,1760
410120,1993,0,1756,1756
410120,1994,0,1738,1738
410120,1995,0,1741,1741
410120,1996,0,1697,1697
410120,1997,0,1684,1684
410120,1998,0,1630,1630
410120,1999,0,1541,1541
410120,2000,0,1525,1525
410120,2001,0,1589,1589
410120,2002,0,1606,1606
410120,2003,0,1638,1638
410120,2004,0,1490,1490
410120,2005,0,1532,1532
410120,2006,0,1498,1498
410120,2007,0,1482,1482
410120,2008,0,1078,1078
410120,2009,0,1077,1077
410120,2010,0,998,998
410120,2011,0,1095,1095
410120,2012,0,1311,1311
410120,2013,0,1299,1299
410120,2014,0,869,869
410120,2015,0,887,887
410120,2016,0,927,927
410120,2017,0,1432,1432
410120,2018,0,924,924
410120,2019,0,1319,1319
410120,2020,0,1377,1377
410120,2021,0,1372,1372
410130,1988,100,10298,10198
410130,1989,170,10542,10372
410130,1990,72,6466,6394
410130,1991,0,13886,13886
410130,1992,0,15889,15889
410130,1993,60,13540,13480
410130,1994,70,13297,13227
410130,1995,0,15198,15198
410130,1996,0,14628,14628
410130,1997,0,12845,12845
410130,1998,150,14621,14471
410130,1999,150,15018,14868
410130,2000,200,14736,14536
410130,2001,200,15312,15112
410130,2002,500,17044,16544
410130,2003,900,18880,17980
410130,2004,1700,16926,15226
410130,2005,1500,17649,16149
410130,2006,1500,17104,15604
410130,2007,2900,17804,14904
410130,2008,3700,19404,15704
410130,2009,4300,17021,12721
410130,2010,5840,18347,12507
410130,2011,4500,17675,13175
410130,2012,5600,19017,13417
410130,2013,7000,19181,12181
410130,2014,7500,19813,12313
410130,2015,8200,18842,10642
410130,2016,8800,17361,8561
410130,2017,9000,17735,8735
410130,2018,8000,17085,9085
410130,2019,8000,15505,7505
410130,2020,9150,16110,6960
410130,2021,9000,17833,8833
410140,1988,4700,29537,24837
410140,1989,7200,29611,22411
410140,1990,7200,27346,20146
410140,1991,4900,25429,20529
410140,1992,4000,25681,21681
410140,1993,6000,25176,19176
410140,1994,6500,26249,19749
410140,1995,6500,24966,18466
410140,1996,6500,27592,21092
410140,1997,7530,27331,19801
410140,1998,8620,27340,18720
410140,1999,8600,27638,19038
410140,2000,9500,27507,18007
410140,2001,8500,27358,18858
410140,2002,12200,30087,17887
410140,2003,13500,35035,21535
410140,2004,14500,35891,21391
410140,2005,16100,35708,19608
410140,2006,15600,34656,19056
410140,2007,17100,35317,18217
410140,2008,16300,38847,22547
410140,2009,17000,38994,21994
410140,2010,18500,37272,18772
410140,2011,19100,37270,18170
410140,2012,18150,39210,21060
410140,2013,19400,39024,19624
410140,2014,21500,46182,24682
410140,2015,21000,43560,22560
410140,2016,21000,42899,21899
410140,2017,18200,41704,23504
410140,2018,20400,38630,18230
410140,2019,20600,38489,17889
410140,2020,20800,40934,20134
410140,2021,21000,42209,21209
410150,1988,11209,32680,21471
410150,1989,15050,34609,19559
410150,1990,13350,33593,20243
410150,1991,11425,30643,19218
410150,1992,9600,28674,19074
410150,1993,12000,27262,15262
410150,1994,13000,27981,14981
410150,1995,14000,28093,14093
410150,1996,14100,31915,17815
410150,1997,14820,30568,15748
410150,1998,15300,31267,15967
410150,1999,15100,30447,15347
410150,2000,15500,30133,14633
410150,2001,14000,28726,14726
410150,2002,16200,32061,15861
410150,2003,17000,33632,16632
410150,2004,17500,32867,15367
410150,2005,18500,32801,14301
410150,2006,17600,31007,13407
410150,2007,19500,32508,13008
410150,2008,17500,35152,17652
410150,2009,0,21209,21209
410150,2010,19200,32677,13477
410150,2011,19900,37531,17631
410150,2012,18800,38383,19583
410150,2013,20800,38637,17837
410150,2014,21500,43202,21702
410150,2015,21950,44095,22145
410150,2016,22000,42340,20340
410150,2017,21000,42303,21303
410150,2018,21800,38314,16514
410150,2019,21700,37737,16037
410150,2020,21600,37247,15647
410150,2021,21700,37323,15623
410160,1988,6000,36546,30546
410160,1989,6000,33169,27169
410160,1990,6000,34236,28236
410160,1991,5500,34697,29197
410160,1992,7500,37002,29502
410160,1993,9500,37275,27775
410160,1994,11500,39304,27804
410160,1995,26600,56364,29764
410160,1996,14000,39154,25154
410160,1997,10000,38564,28564
410160,1998,13300,40616,27316
410160,1999,14000,45931,31931
410160,2000,14600,45142,30542
410160,2001,13800,45264,31464
410160,2002,14500,44753,30253
410160,2003,16000,46736,30736
410160,2004,13300,50327,37027
410160,2005,15000,45710,30710
410160,2006,13200,35671,22471
410160,2007,16000,43246,27246
410160,2008,15400,48543,33143
410160,2009,18000,53881,35881
410160,2010,22000,50943,28943
410160,2011,23000,47983,24983
410160,2012,22500,46604,24104
410160,2013,24000,49682,25682
410160,2014,28100,63926,35826
410160,2015,30400,61531,31131
410160,2016,32550,61785,29235
410160,2017,32000,63380,31380
410160,2018,36200,62937,26737
410160,2019,37200,63709,26509
410160,2020,35350,61737,26387
410160,2021,34900,64054,29154
410170,1988,7300,23223,15923
410170,1989,7000,24147,17147
410170,1990,7200,23785,16585
410170,1991,6400,22934,16534
410170,1992,6020,24206,18186
410170,1993,6500,23442,16942
410170,1994,6700,19658,12958
410170,1995,5515,19608,14093
410170,1996,5020,17455,12435
410170,1997,4900,17723,12823
410170,1998,6000,17954,11954
410170,1999,11000,21630,10630
410170,2000,12500,24690,12190
410170,2001,12600,23502,10902
410170,2002,16000,27247,11247
410170,2003,26630,36928,10298
410170,2004,29250,41540,12290
410170,2005,30000,38099,8099
410170,2006,29100,38032,8932
410170,2007,27000,34645,7645
410170,2008,26740,39400,12660
410170,2009,25500,37737,12237
410170,2010,26000,36457,10457
410170,2011,26000,39076,13076
410170,2012,26700,39732,13032
410170,2013,25705,40263,14558
410170,2014,25800,42758,16958
410170,2015,27000,43048,16048
410170,2016,28300,44534,16234
410170,2017,30000,44524,14524
410170,2018,26500,34788,8288
410170,2019,26500,37953,11453
410170,2020,27900,41865,13965
410170,2021,26500,45969,19469
410180,1988,180,23653,23473
410180,1989,180,23471,23291
410180,1990,180,22828,22648
410180,1991,170,22109,21939
410180,1992,150,23628,23478
410180,1993,0,23404,23404
410180,1994,0,23739,23739
410180,1995,170,24296,24126
410180,1996,220,23774,23554
410180,1997,280,23705,23425
410180,1998,280,24953,24673
410180,1999,300,24529,24229
410180,2000,400,25129,24729
410180,2001,480,24519,24039
410180,2002,480,23981,23501
410180,2003,550,24696,24146
410180,2004,600,25033,24433
410180,2005,800,22899,22099
410180,2006,950,22280,21330
410180,2007,950,20958,20008
410180,2008,1100,21716,20616
410180,2009,2800,26399,23599
410180,2010,3000,25999,22999
410180,2011,3500,26409,22909
410180,2012,3950,25590,21640
410180,2013,10200,25616,15416
410180,2014,10200,25207,15007
410180,2015,12900,27191,14291
410180,2016,13800,26447,12647
410180,2017,16500,29776,13276
410180,2018,16000,31304,15304
410180,2019,17000,30423,13423
410180,2020,17391,30472,13081
410180,2021,17000,30668,13668
410190,1988,9100,40859,31759
410190,1989,12800,40848,28048
410190,1990,12000,39555,27555
410190,1991,12000,36670,24670
410190,1992,10020,35562,25542
410190,1993,14200,39373,25173
410190,1994,20000,45610,25610
410190,1995,17050,40900,23850
410190,1996,20000,44343,24343
410190,1997,22330,43544,21214
410190,1998,23030,42776,19746
410190,1999,19500,42764,23264
410190,2000,21700,49122,27422
410190,2001,22060,45664,23604
410190,2002,23160,47448,24288
410190,2003,25500,55863,30363
410190,2004,24500,55120,30620
410190,2005,25000,51220,26220
410190,2006,24200,41990,17790
410190,2007,24000,47400,23400
410190,2008,23850,50857,27007
410190,2009,24125,48872,24747
410190,2010,27874,51277,23403
410190,2011,25950,49331,23381
410190,2012,25730,57721,31991
410190,2013,27500,49665,22165
410190,2014,28540,51849,23309
410190,2015,28540,51102,22562
410190,2016,27100,51972,24872
410190,2017,27230,51988,24758
410190,2018,26670,45753,19083
410190,2019,27000,45661,18661
410190,2020,27330,44733,17403
410190,2021,27000,45623,18623
410200,1988,58100,144707,86607
410200,1989,64000,143556,79556
410200,1990,57900,143620,85720
410200,1991,51000,133238,82238
410200,1992,46000,137993,91993
410200,1993,57500,102825,45325
410200,1994,56000,136090,80090
410200,1995,61500,136899,75399
410200,1996,61500,140857,79357
410200,1997,65900,143880,77980
410200,1998,67250,143155,75905
410200,1999,68100,136719,68619
410200,2000,68100,142213,74113
410200,2001,62940,117726,54786
410200,2002,70180,134144,63964
410200,2003,73568,143373,69805
410200,2004,72060,140253,68193
410200,2005,72200,145983,73783
410200,2006,69850,131257,61407
410200,2007,66250,142612,76362
410200,2008,69300,143234,73934
410200,2009,68900,148630,79730
410200,2010,70000,144223,74223
410200,2011,70400,140780,70380
410200,2012,69900,143249,73349
410200,2013,68200,143287,75087
410200,2014,69100,143179,74079
410200,2015,69700,142594,72894
410200,2016,69750,143467,73717
410200,2017,69700,143355,73655
410200,2018,70100,143262,73162
410200,2019,70850,144212,73362
410200,2020,71130,143972,72842
410200,2021,71905,144666,72761
410210,1988,5700,26644,20944
410210,1989,8000,25409,17409
410210,1990,7500,26518,19018
410210,1991,7050,25312,18262
410210,1992,6500,25480,18980
410210,1993,6000,21614,15614
410210,1994,8850,24816,15966
410210,1995,9120,23179,14059
410210,1996,10000,28942,18942
410210,1997,12500,28177,15677
410210,1998,14500,29275,14775
410210,1999,14000,29573,15573
410210,2000,15000,35851,20851
410210,2001,12240,34329,22089
410210,2002,16000,36193,20193
410210,2003,18102,37744,19642
410210,2004,19097,39324,20227
410210,2005,11900,27708,15808
410210,2006,16500,33197,16697
410210,2007,15000,33056,18056
410210,2008,15000,39773,24773
410210,2009,16200,39877,23677
410210,2010,17100,39900,22800
410210,2011,17200,40101,22901
410210,2012,18150,43048,24898
410210,2013,19350,43176,23826
410210,2014,20850,43567,22717
410210,2015,21300,44181,22881
410210,2016,21800,44926,23126
410210,2017,22120,46130,24010
410210,2018,22700,46004,23304
410210,2019,23000,47912,24912
410210,2020,22930,49077,26147
410210,2021,22930,49112,26182
410220,1988,2050,7928,5878
410220,1989,2250,7551,5301
410220,1990,2000,7415,5415
410220,1991,2500,7854,5354
410220,1992,1920,6170,4250
410220,1993,2000,6384,4384
410220,1994,1500,5109,3609
410220,1995,2050,4138,2088
410220,1996,2000,4311,2311
410220,1997,2500,4691,2191
410220,1998,2500,5172,2672
410220,1999,2800,6154,3354
410220,2000,2850,6749,3899
410220,2001,3000,6488,3488
410220,2002,3850,7714,3864
410220,2003,4950,9179,4229
410220,2004,5250,9778,4528
410220,2005,5550,9935,4385
410220,2006,5350,8285,2935
410220,2007,4200,8199,3999
410220,2008,4100,9679,5579
410220,2009,3890,9347,5457
410220,2010,4200,9610,5410
410220,2011,4360,10780,6420
410220,2012,4300,10954,6654
410220,2013,4610,11679,7069
410220,2014,4800,11782,6982
410220,2015,5000,12026,7026
410220,2016,5400,12841,7441
410220,2017,5465,13272,7807
410220,2018,6200,14246,8046
410220,2019,6300,14606,8306
410220,2020,6640,15512,8872
410220,2021,6840,15491,8651
410230,1988,150,5063,4913
410230,1989,150,4787,4637
410230,1990,150,5201,5051
410230,1991,150,5209,5059
410230,1992,120,5295,5175
410230,1993,0,5201,5201
410230,1994,0,5855,5855
410230,1995,150,5968,5818
410230,1996,150,5886,5736
410230,1997,200,6438,6238
410230,1998,200,6916,6716
410230,1999,250,7095,6845
410230,2000,380,8491,8111
410230,2001,3500,10218,6718
410230,2002,5000,12282,7282
410230,2003,5600,13942,8342
410230,2004,6150,14230,8080
410230,2005,6000,14116,8116
410230,2006,6100,14094,7994
410230,2007,6100,13649,7549
410230,2008,6300,13935,7635
410230,2009,7000,14469,7469
410230,2010,7800,14336,6536
410230,2011,8000,14135,6135
410230,2012,9000,14170,5170
410230,2013,10900,14240,3340
410230,2014,10900,14925,4025
410230,2015,11500,14916,3416
410230,2016,12300,14992,2692
410230,2017,14000,19226,5226
410230,2018,14800,19975,5175
410230,2019,14800,20827,6027
410230,2020,15140,21204,6064
410230,2021,15000,21479,6479
410240,1988,3000,31864,28864
410240,1989,4500,34110,29610
410240,1990,4000,33158,29158
410240,1991,3500,30227,26727
410240,1992,3780,32086,28306
410240,1993,4500,28038,23538
410240,1994,4300,27059,22759
410240,1995,4000,30128,26128
410240,1996,5500,30046,24546
410240,1997,6000,30839,24839
410240,1998,7100,30185,23085
410240,1999,6000,29585,23585
410240,2000,7500,33495,25995
410240,2001,7500,31675,24175
410240,2002,9000,32051,23051
410240,2003,9900,37531,27631
410240,2004,12000,39023,27023
410240,2005,15500,39891,24391
410240,2006,16300,34002,17702
410240,2007,14350,37619,23269
410240,2008,13400,38514,25114
410240,2009,13550,39096,25546
410240,2010,13700,36924,23224
410240,2011,14140,34874,20734
410240,2012,14800,35537,20737
410240,2013,15500,38857,23357
410240,2014,16190,36707,20517
410240,2015,17500,34917,17417
410240,2016,15000,39130,24130
410240,2017,15000,41680,26680
410240,2018,18240,43812,25572
410240,2019,18250,42825,24575
410240,2020,18250,43219,24969
410240,2021,18250,43181,24931
410250,1988,4250,50097,45847
410250,1989,4650,30909,26259
410250,1990,4000,21913,17913
410250,1991,3500,21446,17946
410250,1992,2512,20327,17815
410250,1993,3500,20287,16787
410250,1994,2500,16302,13802
410250,1995,2500,17009,14509
410250,1996,3000,14842,11842
410250,1997,3500,13784,10284
410250,1998,4000,12866,8866
410250,1999,3500,13991,10491
410250,2000,4500,14078,9578
410250,2001,4500,14396,9896
410250,2002,6080,16095,10015
410250,2003,6300,16508,10208
410250,2004,6400,16433,10033
410250,2005,7600,21482,13882
410250,2006,7312,22124,14812
410250,2007,7312,23212,15900
410250,2008,8000,23842,15842
410250,2009,8575,23487,14912
410250,2010,8675,19800,11125
410250,2011,10100,21380,11280
410250,2012,12101,25501,13400
410250,2013,12558,24879,12321
410250,2014,13260,25533,12273
410250,2015,13850,26043,12193
410250,2016,13900,26604,12704
410250,2017,13900,25367,11467
410250,2018,14000,27241,13241
410250,2019,14000,27548,13548
410250,2020,14800,27287,12487
410250,2021,15000,27775,12775
410260,1988,10700,94157,83457
410260,1989,10700,89796,79096
410260,1990,10700,88499,77799
410260,1991,7600,85618,78018
410260,1992,2620,84553,81933
410260,1993,2710,82519,79809
410260,1994,3120,82668,79548
410260,1995,2020,82360,80340
410260,1996,2900,75513,72613
410260,1997,4700,76125,71425
410260,1998,7800,71283,63483
410260,1999,6900,71286,64386
410260,2000,6987,76512,69525
410260,2001,7434,76100,68666
410260,2002,10050,78010,67960
410260,2003,13200,84388,71188
410260,2004,17200,86668,69468
410260,2005,18800,85187,66387
410260,2006,15500,84296,68796
410260,2007,19000,82001,63001
410260,2008,18100,78754,60654
410260,2009,19000,78191,59191
410260,2010,21500,70903,49403
410260,2011,22100,68259,46159
410260,2012,20800,63603,42803
410260,2013,23520,65960,42440
410260,2014,26470,68014,41544
410260,2015,29800,64963,35163
410260,2016,34100,65477,31377
410260,2017,34950,66354,31404
410260,2018,30100,51981,21881
410260,2019,29800,52488,22688
410260,2020,31600,55898,24298
410260,2021,33690,61718,28028
410270,1988,2727,10206,7479
410270,1989,2900,13307,10407
410270,1990,2900,13597,10697
410270,1991,2700,12029,9329
410270,1992,3000,14011,11011
410270,1993,3300,8577,5277
410270,1994,4020,14260,10240
410270,1995,3020,8812,5792
410270,1996,6820,13599,6779
410270,1997,7520,15175,7655
410270,1998,9430,21343,11913
410270,1999,10029,22236,12207
410270,2000,10000,19592,9592
410270,2001,8700,17905,9205
410270,2002,8800,17735,8935
410270,2003,8000,18421,10421
410270,2004,7000,18853,11853
410270,2005,7000,18131,11131
410270,2006,6000,15586,9586
410270,2007,4400,12694,8294
410270,2008,2390,13565,11175
410270,2009,2390,10007,7617
410270,2010,5000,14743,9743
410270,2011,5500,15127,9627
410270,2012,5100,16829,11729
410270,2013,5300,15485,10185
410270,2014,5400,19619,14219
410270,2015,5400,15985,10585
410270,2016,5000,15808,10808
410270,2017,4900,15481,10581
410270,2018,5000,13628,8628
410270,2019,5300,12195,6895
410270,2020,5400,13381,7981
410270,2021,5400,13392,7992
410280,1988,10600,25544,14944
410280,1989,10950,24996,14046
410280,1990,11100,24663,13563
410280,1991,13437,25699,12262
410280,1992,10100,25568,15468
410280,1993,11100,29790,18690
410280,1994,12000,25471,13471
410280,1995,12000,24919,12919
410280,1996,11000,24251,13251
410280,1997,11500,28274,16774
410280,1998,13000,28897,15897
410280,1999,14000,30797,16797
410280,2000,14000,24940,10940
410280,2001,14000,29859,15859
410280,2002,15000,30493,15493
410280,2003,17202,35847,18645
410280,2004,16000,35602,19602
410280,2005,16000,31796,15796
410280,2006,15730,32233,16503
410280,2007,16000,32900,16900
410280,2008,14250,30041,15791
410280,2009,15000,30709,15709
410280,2010,16300,32011,15711
410280,2011,15000,28943,13943
410280,2012,15000,30663,15663
410280,2013,16500,32687,16187
410280,2014,16464,34013,17549
410280,2015,17000,34121,17121
410280,2016,16700,33705,17005
410280,2017,17000,33904,16904
410280,2018,16850,34156,17306
410280,2019,17000,33401,16401
410280,2020,17000,33554,16554
410280,2021,17000,34220,17220
410290,1988,20,9937,9917
410290,1989,0,9732,9732
410290,1990,0,9958,9958
410290,1991,0,8347,8347
410290,1992,0,8493,8493
410290,1993,0,8658,8658
410290,1994,0,10081,10081
410290,1995,0,10211,10211
410290,1996,0,10108,10108
410290,1997,0,10076,10076
410290,1998,0,11788,11788
410290,1999,0,11369,11369
410290,2000,0,12217,12217
410290,2001,20,14841,14821
410290,2002,153,13532,13379
410290,2003,160,14174,14014
410290,2004,200,14587,14387
410290,2005,600,16746,16146
410290,2006,300,13943,13643
410290,2007,300,15116,14816
410290,2008,250,14676,14426
410290,2009,400,15199,14799
410290,2010,400,12977,12577
410290,2011,400,13515,13115
410290,2012,700,11980,11280
410290,2013,1000,8869,7869
410290,2014,1500,8404,6904
410290,2015,2000,8152,6152
410290,2016,2500,8601,6101
410290,2017,2500,8649,6149
410290,2018,2700,9338,6638
410290,2019,2700,9012,6312
410290,2020,3000,9720,6720
410290,2021,3200,10566,7366
410300,1988,20000,49423,29423
410300,1989,22000,49789,27789
410300,1990,20800,46121,25321
410300,1991,20000,36463,16463
410300,1992,18000,44199,26199
410300,1993,19500,41946,22446
410300,1994,21100,40524,19424
410300,1995,21200,39355,18155
410300,1996,23200,38820,15620
410300,1997,20200,35666,15466
410300,1998,26200,40994,14794
410300,1999,26300,46508,20208
410300,2000,26200,48702,22502
410300,2001,26200,47771,21571
410300,2002,27000,49035,22035
410300,2003,28500,55750,27250
410300,2004,28750,61296,32546
410300,2005,28500,46382,17882
410300,2006,27915,53873,25958
410300,2007,27900,44178,16278
410300,2008,28030,53129,25099
410300,2009,28400,52875,24475
410300,2010,26400,44464,18064
410300,2011,27000,48010,21010
410300,2012,26250,51165,24915
410300,2013,28065,52361,24296
410300,2014,27000,50793,23793
410300,2015,21300,42530,21230
410300,2016,27500,44741,17241
410300,2017,25000,42097,17097
410300,2018,25000,38564,13564
410300,2019,25200,42118,16918
410300,2020,25100,41127,16027
410300,2021,25200,40310,15110
410305,1988,3000,20464,17464
410305,1989,4000,17532,13532
410305,1990,4000,16907,12907
410305,1991,3600,16662,13062
410305,1992,2500,17514,15014
410305,1993,2500,16613,14113
410305,1994,3000,15868,12868
410305,1995,2000,15242,13242
410305,1996,2000,13951,11951
410305,1997,1800,14574,12774
410305,1998,2500,9565,7065
410305,1999,2000,8972,6972
410305,2000,2300,8671,6371
410305,2001,2570,11990,9420
410305,2002,3500,10775,7275
410305,2003,2400,8543,6143
410305,2004,2500,6339,3839
410305,2005,2400,6442,4042
410305,2006,2600,7711,5111
410305,2007,2580,7859,5279
410305,2008,2500,5685,3185
410305,2009,2600,5028,2428
410305,2010,2620,5813,3193
410305,2011,3000,6409,3409
410305,2012,3200,7064,3864
410305,2013,3660,8322,4662
410305,2014,5360,10453,5093
410305,2015,5390,10999,5609
410305,2016,5430,11750,6320
410305,2017,5370,12319,6949
410305,2018,6000,11271,5271
410305,2019,4930,10062,5132
410305,2020,5020,10302,5282
410305,2021,4200,8925,4725
410310,1988,0,6118,6118
410310,1989,0,6077,6077
410310,1990,0,8882,8882
410310,1991,0,9193,9193
410310,1992,0,9183,9183
410310,1993,0,9222,9222
410310,1994,0,9469,9469
410310,1995,0,9462,9462
410310,1996,0,9584,9584
410310,1997,0,8287,8287
410310,1998,0,9651,9651
410310,1999,0,9567,9567
410310,2000,0,10069,10069
410310,2001,0,10309,10309
410310,2002,0,10097,10097
410310,2003,0,9970,9970
410310,2004,0,9662,9662
410310,2005,0,9804,9804
410310,2006,0,15576,15576
410310,2007,0,9235,9235
410310,2008,0,8963,8963
410310,2009,0,8591,8591
410310,2010,0,8523,8523
410310,2011,0,8661,8661
410310,2012,0,8547,8547
410310,2013,0,9147,9147
410310,2014,0,8965,8965
410310,2015,0,8261,8261
410310,2016,0,8262,8262
410310,2017,60,4312,4252
410310,2018,30,2660,2630
410310,2019,30,2142,2112
410310,2020,31,2058,2027
410310,2021,30,1925,1895
410320,1988,2000,15439,13439
410320,1989,3200,15879,12679
410320,1990,2700,14155,11455
410320,1991,1700,12561,10861
410320,1992,800,11742,10942
410320,1993,1100,12453,11353
410320,1994,1100,10886,9786
410320,1995,1000,11090,10090
410320,1996,1600,10128,8528
410320,1997,1800,9092,7292
410320,1998,2100,10220,8120
410320,1999,2100,10198,8098
410320,2000,2100,9800,7700
410320,2001,1900,9939,8039
410320,2002,2100,10181,8081
410320,2003,2500,11990,9490
410320,2004,2700,12617,9917
410320,2005,3100,11368,8268
410320,2006,2800,11643,8843
410320,2007,3400,14062,10662
410320,2008,2000,12617,10617
410320,2009,2170,13823,11653
410320,2010,2300,12373,10073
410320,2011,2250,12988,10738
410320,2012,2800,13440,10640
410320,2013,3200,14630,11430
410320,2014,3400,14427,11027
410320,2015,3500,13408,9908
410320,2016,3700,14311,10611
410320,2017,3850,15664,11814
410320,2018,4000,14935,10935
410320,2019,5000,16062,11062
410320,2020,5100,16590,11490
410320,2021,5200,15764,10564
410330,1988,1100,21843,20743
410330,1989,2950,24249,21299
410330,1990,2800,22136,19336
410330,1991,2380,20720,18340
410330,1992,2250,20414,18164
410330,1993,2870,19414,16544
410330,1994,3720,19178,15458
410330,1995,3700,16861,13161
410330,1996,6000,20286,14286
410330,1997,7200,19091,11891
410330,1998,9200,18250,9050
410330,1999,8100,18830,10730
410330,2000,8000,18384,10384
410330,2001,9000,18878,9878
410330,2002,10000,22617,12617
410330,2003,8900,21564,12664
410330,2004,11300,24222,12922
410330,2005,10500,19115,8615
410330,2006,11200,19678,8478
410330,2007,11400,23579,12179
410330,2008,11000,23000,12000
410330,2009,11900,29434,17534
410330,2010,12400,25966,13566
410330,2011,12900,26526,13626
410330,2012,13200,26978,13778
410330,2013,13300,27485,14185
410330,2014,13500,25713,12213
410330,2015,13700,25705,12005
410330,2016,13500,25160,11660
410330,2017,13700,26520,12820
410330,2018,13700,25867,12167
410330,2019,13200,25063,11863
410330,2020,14000,26121,12121
410330,2021,13200,25338,12138
410335,1988,6600,21894,15294
410335,1989,7300,24871,17571
410335,1990,7000,25242,18242
410335,1991,3850,20930,17080
410335,1992,2500,20814,18314
410335,1993,6030,17803,11773
410335,1994,7450,19003,11553
410335,1995,9000,18158,9158
410335,1996,10000,19782,9782
410335,1997,12044,21515,9471
410335,1998,14500,22943,8443
410335,1999,14500,23370,8870
410335,2000,14500,26431,11931
410335,2001,14030,23764,9734
410335,2002,15000,25407,10407
410335,2003,16300,28155,11855
410335,2004,16500,29029,12529
410335,2005,18000,30960,12960
410335,2006,16250,28446,12196
410335,2007,16630,29284,12654
410335,2008,16600,30077,13477
410335,2009,16750,31475,14725
410335,2010,17950,29842,11892
410335,2011,18650,31708,13058
410335,2012,16840,32312,15472
410335,2013,17170,35689,18519
410335,2014,19010,38163,19153
410335,2015,19010,38360,19350
410335,2016,19300,37740,18440
410335,2017,17500,33156,15656
410335,2018,17285,34425,17140
410335,2019,19230,36897,17667
410335,2020,19250,37181,17931
410335,2021,17700,33144,15444
410340,1988,70,4091,4021
410340,1989,37,4325,4288
410340,1990,37,3614,3577
410340,1991,0,3185,3185
410340,1992,0,3258,3258
410340,1993,20,2773,2753
410340,1994,60,2554,2494
410340,1995,100,2749,2649
410340,1996,100,2459,2359
410340,1997,0,2389,2389
410340,1998,424,3998,3574
410340,1999,147,3055,2908
410340,2000,260,3417,3157
410340,2001,330,3314,2984
410340,2002,415,4473,4058
410340,2003,1103,6120,5017
410340,2004,3800,10874,7074
410340,2005,3780,10161,6381
410340,2006,2790,7911,5121
410340,2007,1560,6104,4544
410340,2008,1150,7334,6184
410340,2009,973,8570,7597
410340,2010,901,8458,7557
410340,2011,908,7890,6982
410340,2012,1100,9115,8015
410340,2013,1543,10077,8534
410340,2014,2136,10234,8098
410340,2015,1892,7753,5861
410340,2016,2076,9321,7245
410340,2017,2336,9061,6725
410340,2018,2660,10394,7734
410340,2019,3007,10809,7802
410340,2020,2900,10333,7433
410340,2021,3935,10636,6701
410345,1988,18500,40879,22379
410345,1989,18800,40583,21783
410345,1990,16920,40860,23940
410345,1991,15300,39830,24530
410345,1992,13300,36659,23359
410345,1993,15200,29481,14281
410345,1994,15100,35024,19924
410345,1995,16050,34396,18346
410345,1996,17750,36728,18978
410345,1997,19490,40435,20945
410345,1998,20120,39210,19090
410345,1999,19170,38250,19080
410345,2000,19000,41376,22376
410345,2001,18548,43257,24709
410345,2002,20650,44953,24303
410345,2003,20250,46037,25787
410345,2004,21855,41592,19737
410345,2005,21750,46230,24480
410345,2006,19050,39788,20738
410345,2007,22837,47033,24196
410345,2008,20552,49591,29039
410345,2009,21770,51469,29699
410345,2010,24440,50549,26109
410345,2011,23820,45715,21895
410345,2012,21920,47967,26047
410345,2013,20820,46597,25777
410345,2014,22570,46019,23449
410345,2015,23000,45988,22988
410345,2016,23310,45635,22325
410345,2017,22810,45944,23134
410345,2018,23110,45272,22162
410345,2019,23550,46900,23350
410345,2020,23480,46245,22765
410345,2021,23520,47480,23960
410350,1988,170,6652,6482
410350,1989,300,6522,6222
410350,1990,480,7262,6782
410350,1991,200,6946,6746
410350,1992,50,6845,6795
410350,1993,25,6899,6874
410350,1994,20,7259,7239
410350,1995,80,7281,7201
410350,1996,150,7208,7058
410350,1997,150,8085,7935
410350,1998,210,7003,6793
410350,1999,200,6967,6767
410350,2000,150,6983,6833
410350,2001,150,7426,7276
410350,2002,930,8001,7071
410350,2003,1700,9159,7459
410350,2004,1800,9010,7210
410350,2005,4200,9235,5035
410350,2006,2800,8623,5823
410350,2007,4300,9762,5462
410350,2008,3000,8947,5947
410350,2009,3800,8863,5063
410350,2010,4500,8584,4084
410350,2011,4800,12027,7227
410350,2012,4400,11676,7276
410350,2013,5200,10741,5541
410350,2014,5550,12722,7172
410350,2015,5850,13137,7287
410350,2016,7620,15565,7945
410350,2017,9100,17557,8457
410350,2018,7800,14593,6793
410350,2019,5200,10653,5453
410350,2020,7450,14533,7083
410350,2021,7000,13814,6814
410360,1988,10670,40783,30113
410360,1989,11000,41166,30166
410360,1990,11000,41868,30868
410360,1991,9000,39289,30289
410360,1992,11200,44541,33341
410360,1993,12000,27298,15298
410360,1994,13800,45352,31552
410360,1995,14300,43530,29230
410360,1996,12500,40575,28075
410360,1997,12800,43533,30733
410360,1998,12558,40481,27923
410360,1999,12850,41664,28814
410360,2000,13000,41598,28598
410360,2001,13000,40449,27449
410360,2002,12700,41470,28770
410360,2003,13500,43145,29645
410360,2004,16500,50179,33679
410360,2005,15000,48214,33214
410360,2006,13000,42733,29733
410360,2007,8000,40275,32275
410360,2008,2500,31635,29135
410360,2009,2500,35459,32959
410360,2010,10375,38194,27819
410360,2011,10500,40026,29526
410360,2012,12270,44783,32513
410360,2013,11000,43137,32137
410360,2014,14700,44962,30262
410360,2015,15200,44782,29582
410360,2016,15000,45802,30802
410360,2017,16000,35416,19416
410360,2018,15000,42329,27329
410360,2019,18000,49238,31238
410360,2020,15800,43735,27935
410360,2021,16900,46880,29980
410370,1988,20400,53000,32600
410370,1989,24000,55454,31454
410370,1990,23945,56407,32462
410370,1991,21900,53062,31162
410370,1992,20300,51065,30765
410370,1993,22000,50931,28931
410370,1994,23850,52544,28694
410370,1995,24500,54292,29792
410370,1996,24000,58196,34196
410370,1997,24000,59605,35605
410370,1998,24000,59695,35695
410370,1999,24100,58813,34713
410370,2000,24500,60025,35525
410370,2001,24657,55819,31162
410370,2002,24200,56622,32422
410370,2003,28145,62374,34229
410370,2004,29680,60519,30839
410370,2005,30000,62095,32095
410370,2006,30000,62236,32236
410370,2007,30000,64268,34268
410370,2008,30000,66003,36003
410370,2009,30000,65130,35130
410370,2010,32000,66958,34958
410370,2011,34000,70511,36511
410370,2012,34000,72000,38000
410370,2013,34200,71908,37708
410370,2014,35500,72453,36953
410370,2015,35500,72422,36922
410370,2016,35500,72530,37030
410370,2017,37000,74975,37975
410370,2018,37150,74897,37747
410370,2019,37150,74508,37358
410370,2020,37200,74453,37253
410370,2021,37200,74067,36867
410380,1988,1300,15959,14659
410380,1989,2450,17481,15031
410380,1990,2000,15643,13643
410380,1991,1100,14900,13800
410380,1992,800,15168,14368
410380,1993,1100,14612,13512
410380,1994,1172,14261,13089
410380,1995,1050,12408,11358
410380,1996,1260,14423,13163
410380,1997,1400,13053,11653
410380,1998,1950,14034,12084
410380,1999,1950,14355,12405
410380,2000,2150,14438,12288
410380,2001,1800,13217,11417
410380,2002,3000,14026,11026
410380,2003,3500,15389,11889
410380,2004,4000,15802,11802
410380,2005,6100,15687,9587
410380,2006,5650,15155,9505
410380,2007,7300,16583,9283
410380,2008,6350,16956,10606
410380,2009,6950,17021,10071
410380,2010,7400,16471,9071
410380,2011,7700,16870,9170
410380,2012,7320,17574,10254
410380,2013,8900,18539,9639
410380,2014,10050,20699,10649
410380,2015,10550,21493,10943
410380,2016,10700,22090,11390
410380,2017,10850,23084,12234
410380,2018,10580,22373,11793
410380,2019,10645,22325,11680
410380,2020,10800,22974,12174
410380,2021,11000,23585,12585
410390,1988,19800,52663,32863
410390,1989,22000,49850,27850
410390,1990,21000,50147,29147
410390,1991,17000,45592,28592
410390,1992,15000,44601,29601
410390,1993,17000,42359,25359
410390,1994,17750,44457,26707
410390,1995,17050,30274,13224
410390,1996,20470,40663,20193
410390,1997,20350,36620,16270
410390,1998,26200,41549,15349
410390,1999,26100,43366,17266
410390,2000,23040,41191,18151
410390,2001,22950,41569,18619
410390,2002,25150,47205,22055
410390,2003,28000,55675,27675
410390,2004,31000,57013,26013
410390,2005,31000,50977,19977
410390,2006,28200,51422,23222
410390,2007,28200,52522,24322
410390,2008,28500,56537,28037
410390,2009,29873,58329,28456
410390,2010,30663,53661,22998
410390,2011,33500,59472,25972
410390,2012,32685,60557,27872
410390,2013,34500,61796,27296
410390,2014,38840,59975,21135
410390,2015,39400,62248,22848
410390,2016,41400,66699,25299
410390,2017,32600,62386,29786
410390,2018,34400,56792,22392
410390,2019,34000,64928,30928
410390,2020,34300,65257,30957
410390,2021,34300,60389,26089
410400,1988,0,2305,2305
410400,1989,0,2195,2195
410400,1990,0,1939,1939
410400,1991,0,1942,1942
410400,1992,0,1942,1942
410400,1993,0,1990,1990
410400,1994,0,2037,2037
410400,1995,0,2036,2036
410400,1996,0,2046,2046
410400,1997,0,2105,2105
410400,1998,0,2135,2135
410400,1999,0,2171,2171
410400,2000,0,2320,2320
410400,2001,0,2466,2466
410400,2002,0,2538,2538
410400,2003,0,2574,2574
410400,2004,0,3161,3161
410400,2005,0,3087,3087
410400,2006,0,3785,3785
410400,2007,0,2983,2983
410400,2008,0,3124,3124
410400,2009,0,3069,3069
410400,2010,0,3055,3055
410400,2011,0,2302,2302
410400,2012,0,2186,2186
410400,2013,0,2390,2390
410400,2014,0,2113,2113
410400,2015,0,2129,2129
410400,2016,0,2090,2090
410400,2017,0,1331,1331
410400,2018,0,1271,1271
410400,2019,0,1240,1240
410400,2020,0,1189,1189
410400,2021,0,1103,1103
410405,1988,0,0,0
410405,1989,7600,17197,9597
410405,1990,7600,19079,11479
410405,1991,7000,22686,15686
410405,1992,8200,23068,14868
410405,1993,8200,21081,12881
410405,1994,8200,21147,12947
410405,1995,8226,18702,10476
410405,1996,12000,23974,11974
410405,1997,12023,25346,13323
410405,1998,13500,23939,10439
410405,1999,13500,25382,11882
410405,2000,14000,27615,13615
410405,2001,13500,26641,13141
410405,2002,14207,25911,11704
410405,2003,14200,32578,18378
410405,2004,16800,35643,18843
410405,2005,16000,41171,25171
410405,2006,16000,36781,20781
410405,2007,16000,38210,22210
410405,2008,17000,35646,18646
410405,2009,17559,36350,18791
410405,2010,22400,35191,12791
410405,2011,21000,33793,12793
410405,2012,18550,34962,16412
410405,2013,19550,37775,18225
410405,2014,21210,35174,13964
410405,2015,24650,39283,14633
410405,2016,24670,39584,14914
410405,2017,24215,39681,15466
410405,2018,24500,39459,14959
410405,2019,17930,31336,13406
410405,2020,15873,32530,16657
410405,2021,15725,31285,15560
410410,1988,220,6167,5947
410410,1989,150,5185,5035
410410,1990,150,4801,4651
410410,1991,125,4916,4791
410410,1992,150,4843,4693
410410,1993,150,4686,4536
410410,1994,150,7921,7771
410410,1995,170,6850,6680
410410,1996,250,6628,6378
410410,1997,350,6878,6528
410410,1998,420,6981,6561
410410,1999,900,7764,6864
410410,2000,1850,9514,7664
410410,2001,2500,10701,8201
410410,2002,2500,10798,8298
410410,2003,3000,11789,8789
410410,2004,3300,11119,7819
410410,2005,3700,11310,7610
410410,2006,3300,12039,8739
410410,2007,3500,12452,8952
410410,2008,3700,12091,8391
410410,2009,3900,12707,8807
410410,2010,4800,12233,7433
410410,2011,5650,12888,7238
410410,2012,5860,11883,6023
410410,2013,7125,13260,6135
410410,2014,7500,12897,5397
410410,2015,9020,12887,3867
410410,2016,8750,11822,3072
410410,2017,9000,12297,3297
410410,2018,9570,12911,3341
410410,2019,9760,13289,3529
410410,2020,9920,13279,3359
410410,2021,10000,14588,4588
410420,1988,120,27701,27581
410420,1989,120,27374,27254
410420,1990,120,26969,26849
410420,1991,120,26737,26617
410420,1992,100,27826,27726
410420,1993,0,27043,27043
410420,1994,0,27393,27393
410420,1995,110,27411,27301
410420,1996,100,26866,26766
410420,1997,120,26853,26733
410420,1998,120,28326,28206
410420,1999,150,28066,27916
410420,2000,200,27399,27199
410420,2001,250,26574,26324
410420,2002,250,26727,26477
410420,2003,300,26632,26332
410420,2004,350,24552,24202
410420,2005,500,25671,25171
410420,2006,440,25539,25099
410420,2007,440,24049,23609
410420,2008,470,23781,23311
410420,2009,750,23367,22617
410420,2010,1000,22969,21969
410420,2011,1000,23049,22049
410420,2012,1160,22132,20972
410420,2013,6100,21493,15393
410420,2014,6100,21062,14962
410420,2015,8800,23428,14628
410420,2016,9500,20817,11317
410420,2017,9500,19936,10436
410420,2018,8000,21163,13163
410420,2019,9900,19556,9656
410420,2020,10128,19655,9527
410420,2021,10300,19534,9234
410430,1988,85000,192647,107647
410430,1989,53000,119238,66238
410430,1990,50000,119172,69172
410430,1991,47000,101585,54585
410430,1992,44500,98026,53526
410430,1993,44700,95255,50555
410430,1994,46000,91391,45391
410430,1995,46000,82764,36764
410430,1996,47600,90510,42910
410430,1997,49000,91558,42558
410430,1998,52550,92865,40315
410430,1999,51750,95410,43660
410430,2000,52220,97151,44931
410430,2001,51620,100924,49304
410430,2002,60620,106939,46319
410430,2003,69400,124278,54878
410430,2004,71650,121791,50141
410430,2005,69500,107619,38119
410430,2006,67100,106780,39680
410430,2007,68358,97261,28903
410430,2008,67500,112577,45077
410430,2009,69800,115821,46021
410430,2010,73500,104633,31133
410430,2011,76000,112185,36185
410430,2012,74900,119796,44896
410430,2013,73000,121922,48922
410430,2014,76800,117133,40333
410430,2015,77300,114932,37632
410430,2016,82700,124337,41637
410430,2017,74300,122666,48366
410430,2018,70500,111951,41451
410430,2019,68800,121220,52420
410430,2020,71100,118945,47845
410430,2021,69672,123885,54213
410440,1988,0,50811,50811
410440,1989,0,54443,54443
410440,1990,0,49583,49583
410440,1991,0,45331,45331
410440,1992,0,44528,44528
410440,1993,0,42333,42333
410440,1994,0,43230,43230
410440,1995,0,42537,42537
410440,1996,480,49607,49127
410440,1997,0,48227,48227
410440,1998,200,53953,53753
410440,1999,400,48274,47874
410440,2000,1700,39255,37555
410440,2001,2800,32425,29625
410440,2002,3600,30032,26432
410440,2003,5500,43355,37855
410440,2004,6300,38065,31765
410440,2005,6500,33018,26518
410440,2006,8000,36440,28440
410440,2007,5500,32454,26954
410440,2008,10000,35256,25256
410440,2009,9700,41839,32139
410440,2010,11500,30349,18849
410440,2011,12500,44791,32291
410440,2012,12500,38587,26087
410440,2013,17100,46978,29878
410440,2014,19000,47760,28760
410440,2015,19500,37316,17816
410440,2016,21000,32007,11007
410440,2017,18000,36958,18958
410440,2018,20500,37461,16961
410440,2019,20000,36932,16932
410440,2020,21400,35402,14002
410440,2021,22600,36142,13542
410445,1988,3000,42379,39379
410445,1989,3500,42825,39325
410445,1990,3200,40312,37112
410445,1991,3200,42251,39051
410445,1992,3000,42080,39080
410445,1993,3200,40112,36912
410445,1994,4500,41256,36756
410445,1995,4300,44122,39822
410445,1996,5600,38687,33087
410445,1997,7100,44063,36963
410445,1998,7850,42787,34937
410445,1999,9000,47093,38093
410445,2000,8850,47910,39060
410445,2001,8560,48556,39996
410445,2002,10650,56770,46120
410445,2003,12380,62607,50227
410445,2004,17500,69145,51645
410445,2005,21900,67593,45693
410445,2006,20200,65930,45730
410445,2007,25525,61252,35727
410445,2008,24370,60084,35714
410445,2009,27460,62327,34867
410445,2010,34610,59978,25368
410445,2011,32400,54734,22334
410445,2012,31150,56868,25718
410445,2013,35550,62351,26801
410445,2014,39440,63660,24220
410445,2015,41730,57887,16157
410445,2016,44420,60906,16486
410445,2017,43200,61089,17889
410445,2018,44200,60800,16600
410445,2019,44970,63616,18646
410445,2020,46100,66227,20127
410445,2021,45800,67716,21916
410450,1988,10000,46660,36660
410450,1989,13000,45883,32883
410450,1990,12000,44920,32920
410450,1991,10000,46959,36959
410450,1992,10000,42208,32208
410450,1993,12000,38384,26384
410450,1994,11000,37348,26348
410450,1995,10000,40058,30058
410450,1996,12000,37813,25813
410450,1997,14000,32413,18413
410450,1998,16000,30927,14927
410450,1999,15375,29975,14600
410450,2000,15790,33368,17578
410450,2001,14891,32614,17723
410450,2002,16836,31720,14884
410450,2003,15500,37922,22422
410450,2004,17500,33447,15947
410450,2005,17500,35459,17959
410450,2006,15600,34810,19210
410450,2007,15300,34474,19174
410450,2008,16500,35544,19044
410450,2009,16000,38083,22083
410450,2010,17000,31913,14913
410450,2011,17100,33759,16659
410450,2012,16500,35922,19422
410450,2013,18000,34164,16164
410450,2014,18200,37843,19643
410450,2015,18800,34342,15542
410450,2016,19500,35901,16401
410450,2017,19200,35053,15853
410450,2018,16200,30057,13857
410450,2019,16500,30775,14275
410450,2020,16800,32050,15250
410450,2021,17580,33376,15796
410460,1988,6000,31704,25704
410460,1989,7600,24433,16833
410460,1990,7600,22861,15261
410460,1991,6000,22513,16513
410460,1992,4000,21163,17163
410460,1993,6430,21250,14820
410460,1994,6346,20836,14490
410460,1995,6700,22382,15682
410460,1996,5500,16717,11217
410460,1997,5500,20371,14871
410460,1998,7300,21215,13915
410460,1999,7940,21682,13742
410460,2000,8150,24603,16453
410460,2001,8280,25824,17544
410460,2002,9630,25435,15805
410460,2003,11550,29510,17960
410460,2004,12150,29819,17669
410460,2005,11600,28723,17123
410460,2006,8510,36390,27880
410460,2007,9000,34964,25964
410460,2008,9280,22203,12923
410460,2009,14200,31663,17463
410460,2010,14750,32922,18172
410460,2011,15400,30788,15388
410460,2012,14295,34380,20085
410460,2013,15350,33655,18305
410460,2014,17050,34410,17360
410460,2015,17050,33398,16348
410460,2016,15295,29375,14080
410460,2017,12200,25827,13627
410460,2018,15459,28673,13214
410460,2019,14876,28954,14078
410460,2020,15280,29859,14579
410460,2021,11603,24770,13167
410470,1988,0,16057,16057
410470,1989,0,15481,15481
410470,1990,0,16586,16586
410470,1991,0,14388,14388
410470,1992,0,13934,13934
410470,1993,0,13487,13487
410470,1994,0,12359,12359
410470,1995,121,11986,11865
410470,1996,150,10910,10760
410470,1997,130,9277,9147
410470,1998,160,8759,8599
410470,1999,160,9640,9480
410470,2000,0,9742,9742
410470,2001,520,9202,8682
410470,2002,0,10856,10856
410470,2003,170,11637,11467
410470,2004,600,12797,12197
410470,2005,1100,13329,12229
410470,2006,1100,11987,10887
410470,2007,1200,14939,13739
410470,2008,1500,15321,13821
410470,2009,2000,15070,13070
410470,2010,3000,11961,8961
410470,2011,3500,13731,10231
410470,2012,1100,12445,11345
410470,2013,2500,19427,16927
410470,2014,2500,14464,11964
410470,2015,3000,16524,13524
410470,2016,2500,14618,12118
410470,2017,3300,12347,9047
410470,2018,3300,12786,9486
410470,2019,2200,10257,8057
410470,2020,1850,9276,7426
410470,2021,2200,9716,7516
410480,1988,80000,181187,101187
410480,1989,98900,201130,102230
410480,1990,95800,173169,77369
410480,1991,50000,116148,66148
410480,1992,45000,123965,78965
410480,1993,54500,112055,57555
410480,1994,60050,112558,52508
410480,1995,60100,107742,47642
410480,1996,65100,125343,60243
410480,1997,70546,125346,54800
410480,1998,77000,123023,46023
410480,1999,75000,110059,35059
410480,2000,72100,126132,54032
410480,2001,67652,120084,52432
410480,2002,74689,123819,49130
410480,2003,78200,140032,61832
410480,2004,83000,123124,40124
410480,2005,87700,128303,40603
410480,2006,83700,119074,35374
410480,2007,84000,118813,34813
410480,2008,82850,131467,48617
410480,2009,84000,141453,57453
410480,2010,89800,130946,41146
410480,2011,86100,127340,41240
410480,2012,85700,131888,46188
410480,2013,91984,204451,112467
410480,2014,104870,196277,91407
410480,2015,104870,199747,94877
410480,2016,109400,203467,94067
410480,2017,92000,176274,84274
410480,2018,94560,198563,104003
410480,2019,102855,186779,83924
410480,2020,102830,204249,101419
410480,2021,86600,180455,93855
410490,1988,54000,132024,78024
410490,1989,56000,133530,77530
410490,1990,58000,142831,84831
410490,1991,47000,130858,83858
410490,1992,45000,147913,102913
410490,1993,52500,147390,94890
410490,1994,69995,169285,99290
410490,1995,82000,192531,110531
410490,1996,91000,212057,121057
410490,1997,94500,220760,126260
410490,1998,107500,216714,109214
410490,1999,100000,211455,111455
410490,2000,101500,218503,117003
410490,2001,99500,228853,129353
410490,2002,122200,239523,117323
410490,2003,136000,265462,129462
410490,2004,140450,268445,127995
410490,2005,153000,280710,127710
410490,2006,138000,247889,109889
410490,2007,141100,249758,108658
410490,2008,151800,274488,122688
410490,2009,162350,327197,164847
410490,2010,169100,299184,130084
410490,2011,172860,307905,135045
410490,2012,168580,306296,137716
410490,2013,175950,313708,137758
410490,2014,150800,267382,116582
410490,2015,161500,265911,104411
410490,2016,169770,264928,95158
410490,2017,158000,264257,106257
410490,2018,169400,260702,91302
410490,2019,168650,265398,96748
410490,2020,157600,249980,92380
410490,2021,156267,260670,104403
410500,1988,9000,35038,26038
410500,1989,9200,31929,22729
410500,1990,5100,21431,16331
410500,1991,4000,21372,17372
410500,1992,3700,21097,17397
410500,1993,4000,21744,17744
410500,1994,3800,21458,17658
410500,1995,3500,22973,19473
410500,1996,4400,23513,19113
410500,1997,5727,23342,17615
410500,1998,8500,21781,13281
410500,1999,7500,22023,14523
410500,2000,7510,20889,13379
410500,2001,7000,23794,16794
410500,2002,10200,25984,15784
410500,2003,12250,32488,20238
410500,2004,13550,33675,20125
410500,2005,15300,33122,17822
410500,2006,13250,35078,21828
410500,2007,20100,32925,12825
410500,2008,16500,31707,15207
410500,2009,14200,33561,19361
410500,2010,21100,34490,13390
410500,2011,21600,33553,11953
410500,2012,20850,32208,11358
410500,2013,21800,37610,15810
410500,2014,22250,39291,17041
410500,2015,24450,39387,14937
410500,2016,24950,41980,17030
410500,2017,23400,43811,20411
410500,2018,25000,39310,14310
410500,2019,18000,32768,14768
410500,2020,18240,31211,12971
410500,2021,17550,32067,14517
410510,1988,620,17462,16842
410510,1989,2000,17850,15850
410510,1990,2000,19116,17116
410510,1991,500,19479,18979
410510,1992,750,19329,18579
410510,1993,1500,18339,16839
410510,1994,1500,17557,16057
410510,1995,1000,13371,12371
410510,1996,726,12256,11530
410510,1997,720,12256,11536
410510,1998,1000,11615,10615
410510,1999,1440,13008,11568
410510,2000,1400,12152,10752
410510,2001,1100,11412,10312
410510,2002,3210,16213,13003
410510,2003,4210,15980,11770
410510,2004,4840,18588,13748
410510,2005,4840,21440,16600
410510,2006,3210,13580,10370
410510,2007,4356,14951,10595
410510,2008,5556,15031,9475
410510,2009,5633,11410,5777
410510,2010,5700,19732,14032
410510,2011,5220,17995,12775
410510,2012,6540,19779,13239
410510,2013,5600,20015,14415
410510,2014,5200,20294,15094
410510,2015,8845,25942,17097
410510,2016,10700,33247,22547
410510,2017,12350,33060,20710
410510,2018,12960,33481,20521
410510,2019,13400,32582,19182
410510,2020,13000,31962,18962
410510,2021,13000,29241,16241
410520,1988,0,21082,21082
410520,1989,0,18777,18777
410520,1990,0,25227,25227
410520,1991,0,25829,25829
410520,1992,0,25599,25599
410520,1993,0,29552,29552
410520,1994,0,26955,26955
410520,1995,0,26895,26895
410520,1996,0,26791,26791
410520,1997,68,27327,27259
410520,1998,0,28613,28613
410520,1999,0,31635,31635
410520,2000,0,33930,33930
410520,2001,0,34019,34019
410520,2002,0,34074,34074
410520,2003,0,32401,32401
410520,2004,300,30469,30169
410520,2005,180,29289,29109
410520,2006,375,42351,41976
410520,2007,375,29002,28627
410520,2008,400,28512,28112
410520,2009,610,30070,29460
410520,2010,610,29654,29044
410520,2011,610,28285,27675
410520,2012,600,28297,27697
410520,2013,600,29174,28574
410520,2014,600,29661,29061
410520,2015,600,26857,26257
410520,2016,620,28063,27443
410520,2017,670,31818,31148
410520,2018,675,28287,27612
410520,2019,720,28161,27441
410520,2020,1334,28675,27341
410520,2021,1550,31288,29738
410530,1988,10000,28712,18712
410530,1989,11000,30815,19815
410530,1990,10000,30333,20333
410530,1991,8000,26519,18519
410530,1992,6700,27017,20317
410530,1993,7500,24081,16581
410530,1994,9020,22690,13670
410530,1995,9030,22882,13852
410530,1996,12100,26978,14878
410530,1997,11000,25064,14064
410530,1998,12500,25196,12696
410530,1999,13500,26669,13169
410530,2000,12000,26801,14801
410530,2001,15800,38248,22448
410530,2002,17960,42178,24218
410530,2003,21400,49413,28013
410530,2004,24520,49924,25404
410530,2005,24700,49451,24751
410530,2006,20100,50723,30623
410530,2007,20550,52057,31507
410530,2008,22500,53740,31240
410530,2009,22930,49670,26740
410530,2010,26410,46557,20147
410530,2011,27040,45567,18527
410530,2012,23890,45502,21612
410530,2013,24000,47840,23840
410530,2014,25500,49920,24420
410530,2015,26500,48463,21963
410530,2016,26990,52497,25507
410530,2017,27455,52544,25089
410530,2018,27555,52575,25020
410530,2019,21085,43412,22327
410530,2020,21085,42062,20977
410530,2021,17300,36554,19254
410540,1988,17000,64624,47624
410540,1989,15550,54327,38777
410540,1990,14700,54478,39778
410540,1991,12100,50695,38595
410540,1992,10000,51672,41672
410540,1993,12300,51078,38778
410540,1994,13530,47740,34210
410540,1995,13530,47023,33493
410540,1996,16610,49447,32837
410540,1997,19400,46154,26754
410540,1998,23680,45790,22110
410540,1999,23085,43610,20525
410540,2000,26270,47545,21275
410540,2001,25563,49741,24178
410540,2002,26393,50737,24344
410540,2003,29075,53909,24834
410540,2004,29450,53549,24099
410540,2005,29500,48913,19413
410540,2006,27300,47316,20016
410540,2007,28730,45980,17250
410540,2008,28320,44547,16227
410540,2009,27280,48608,21328
410540,2010,29895,45935,16040
410540,2011,30700,47577,16877
410540,2012,29400,48763,19363
410540,2013,27450,50095,22645
410540,2014,28200,53762,25562
410540,2015,29080,48031,18951
410540,2016,29500,47401,17901
410540,2017,28875,49289,20414
410540,2018,32080,50843,18763
410540,2019,30620,53907,23287
410540,2020,31150,53770,22620
410540,2021,31100,53471,22371
410550,1988,4500,32405,27905
410550,1989,6000,34416,28416
410550,1990,6000,29740,23740
410550,1991,4500,26672,22172
410550,1992,4250,20601,16351
410550,1993,4500,20022,15522
410550,1994,4460,20973,16513
410550,1995,4600,21250,16650
410550,1996,4000,18456,14456
410550,1997,2717,18451,15734
410550,1998,3000,19232,16232
410550,1999,3300,19413,16113
410550,2000,4000,20937,16937
410550,2001,4400,19441,15041
410550,2002,7400,20252,12852
410550,2003,10500,26380,15880
410550,2004,15000,31701,16701
410550,2005,15000,31954,16954
410550,2006,18000,35390,17390
410550,2007,13050,35298,22248
410550,2008,11000,32815,21815
410550,2009,12000,34297,22297
410550,2010,13300,35653,22353
410550,2011,11000,35799,24799
410550,2012,11200,34114,22914
410550,2013,10700,34573,23873
410550,2014,9608,32666,23058
410550,2015,9270,40059,30789
410550,2016,9610,37050,27440
410550,2017,10000,37955,27955
410550,2018,9500,37423,27923
410550,2019,12000,40196,28196
410550,2020,12000,40318,28318
410550,2021,12000,40196,28196
410560,1988,0,6399,6399
410560,1989,0,4781,4781
410560,1990,0,5236,5236
410560,1991,0,5526,5526
410560,1992,0,6517,6517
410560,1993,0,6443,6443
410560,1994,0,8328,8328
410560,1995,0,6929,6929
410560,1996,0,6437,6437
410560,1997,0,5933,5933
410560,1998,0,7532,7532
410560,1999,0,8948,8948
410560,2000,220,8486,8266
410560,2001,0,8376,8376
410560,2002,96,9160,9064
410560,2003,640,9590,8950
410560,2004,750,10137,9387
410560,2005,800,10833,10033
410560,2006,420,11464,11044
410560,2007,570,9901,9331
410560,2008,640,10553,9913
410560,2009,346,9146,8800
410560,2010,300,8521,8221
410560,2011,300,10131,9831
410560,2012,380,9846,9466
410560,2013,324,10162,9838
410560,2014,420,10727,10307
410560,2015,578,9459,8881
410560,2016,761,10464,9703
410560,2017,966,9747,8781
410560,2018,970,13042,12072
410560,2019,970,13440,12470
410560,2020,1500,13970,12470
410560,2021,970,13440,12470
410570,1988,10300,23829,13529
410570,1989,11500,23531,12031
410570,1990,11200,24223,13023
410570,1991,11000,23200,12200
410570,1992,9600,22594,12994
410570,1993,10000,23568,13568
410570,1994,10500,23194,12694
410570,1995,10500,22948,12448
410570,1996,11920,24102,12182
410570,1997,13100,24483,11383
410570,1998,16440,24158,7718
410570,1999,16252,23056,6804
410570,2000,15910,27295,11385
410570,2001,13930,31594,17664
410570,2002,16770,34923,18153
410570,2003,19300,36391,17091
410570,2004,19300,37334,18034
410570,2005,20500,36351,15851
410570,2006,21500,38012,16512
410570,2007,23700,37359,13659
410570,2008,24500,39488,14988
410570,2009,23700,40482,16782
410570,2010,26500,42285,15785
410570,2011,26200,41998,15798
410570,2012,31300,41798,10498
410570,2013,35000,49839,14839
410570,2014,36500,54085,17585
410570,2015,37500,50686,13186
410570,2016,44200,54828,10628
410570,2017,31800,46531,14731
410570,2018,33000,42779,9779
410570,2019,32300,50830,18530
410570,2020,32000,49581,17581
410570,2021,37900,69084,31184
410580,1988,0,2988,2988
410580,1989,0,2813,2813
410580,1990,0,1708,1708
410580,1991,0,1864,1864
410580,1992,0,1856,1856
410580,1993,0,1846,1846
410580,1994,0,1853,1853
410580,1995,0,1830,1830
410580,1996,0,2001,2001
410580,1997,0,1622,1622
410580,1998,0,1778,1778
410580,1999,0,1715,1715
410580,2000,0,1895,1895
410580,2001,0,1911,1911
410580,2002,0,1720,1720
410580,2003,0,1623,1623
410580,2004,0,1588,1588
410580,2005,0,1485,1485
410580,2006,0,2258,2258
410580,2007,0,1364,1364
410580,2008,0,1340,1340
410580,2009,0,1205,1205
410580,2010,0,1195,1195
410580,2011,0,1127,1127
410580,2012,0,1150,1150
410580,2013,0,1194,1194
410580,2014,0,1152,1152
410580,2015,0,1008,1008
410580,2016,0,959,959
410580,2017,0,374,374
410580,2018,0,315,315
410580,2019,0,286,286
410580,2020,0,362,362
410580,2021,0,346,346
410590,1988,93,14184,14091
410590,1989,300,14496,14196
410590,1990,200,13784,13584
410590,1991,200,12732,12532
410590,1992,0,11752,11752
410590,1993,100,10178,10078
410590,1994,0,9978,9978
410590,1995,15,8722,8707
410590,1996,0,9164,9164
410590,1997,150,10725,10575
410590,1998,550,11140,10590
410590,1999,460,12132,11672
410590,2000,950,12666,11716
410590,2001,550,13614,13064
410590,2002,1200,13481,12281
410590,2003,1670,14724,13054
410590,2004,2680,17579,14899
410590,2005,3000,16574,13574
410590,2006,1310,14578,13268
410590,2007,420,16078,15658
410590,2008,593,17587,16994
410590,2009,590,16197,15607
410590,2010,460,16665,16205
410590,2011,540,16029,15489
410590,2012,635,18388,17753
410590,2013,1000,17802,16802
410590,2014,1137,22071,20934
410590,2015,880,20775,19895
410590,2016,1111,22169,21058
410590,2017,1455,20907,19452
410590,2018,1400,18118,16718
410590,2019,1600,18871,17271
410590,2020,1601,18907,17306
410590,2021,1710,19939,18229
410600,1988,2000,10642,8642
410600,1989,3200,10992,7792
410600,1990,2800,11587,8787
410600,1991,2200,9892,7692
410600,1992,2000,9250,7250
410600,1993,2300,8876,6576
410600,1994,2600,8414,5814
410600,1995,3500,9221,5721
410600,1996,3000,9959,6959
410600,1997,5000,12423,7423
410600,1998,6000,14113,8113
410600,1999,5800,13805,8005
410600,2000,6200,15271,9071
410600,2001,7000,15256,8256
410600,2002,8000,17552,9552
410600,2003,7800,21637,13837
410600,2004,12300,32119,19819
410600,2005,12000,28170,16170
410600,2006,12500,23391,10891
410600,2007,11500,27388,15888
410600,2008,11350,30746,19396
410600,2009,11480,30029,18549
410600,2010,14670,29273,14603
410600,2011,14670,28083,13413
410600,2012,15000,28525,13525
410600,2013,15800,28620,12820
410600,2014,17440,32866,15426
410600,2015,14820,30850,16030
410600,2016,16030,30882,14852
410600,2017,16200,35914,19714
410600,2018,16030,39136,23106
410600,2019,16030,38995,22965
410600,2020,16620,37361,20741
410600,2021,16030,39070,23040
410610,1988,0,3994,3994
410610,1989,0,3858,3858
410610,1990,0,3804,3804
410610,1991,0,3575,3575
410610,1992,0,3793,3793
410610,1993,0,2985,2985
410610,1994,0,3140,3140
410610,1995,0,3002,3002
410610,1996,0,2535,2535
410610,1997,0,4122,4122
410610,1998,0,4444,4444
410610,1999,0,4621,4621
410610,2000,150,6196,6046
410610,2001,520,5843,5323
410610,2002,550,6361,5811
410610,2003,1131,7966,6835
410610,2004,2300,8555,6255
410610,2005,3000,8126,5126
410610,2006,2500,7727,5227
410610,2007,3030,8315,5285
410610,2008,3000,11061,8061
410610,2009,3500,9454,5954
410610,2010,3000,7723,4723
410610,2011,2500,8516,6016
410610,2012,2500,8129,5629
410610,2013,2900,8542,5642
410610,2014,6000,12966,6966
410610,2015,5700,14428,8728
410610,2016,6500,14795,8295
410610,2017,7000,17072,10072
410610,2018,7000,14864,7864
410610,2019,7400,15629,8229
410610,2020,7400,13196,5796
410610,2021,7900,17974,10074
410620,1988,80,18553,18473
410620,1989,80,17264,17184
410620,1990,80,16952,16872
410620,1991,80,15655,15575
410620,1992,80,15758,15678
410620,1993,0,11620,11620
410620,1994,0,16089,16089
410620,1995,80,16269,16189
410620,1996,80,15727,15647
410620,1997,70,15591,15521
410620,1998,70,14921,14851
410620,1999,80,14475,14395
410620,2000,120,14610,14490
410620,2001,150,14630,14480
410620,2002,150,15456,15306
410620,2003,180,16652,16472
410620,2004,200,16216,16016
410620,2005,250,16554,16304
410620,2006,300,16838,16538
410620,2007,300,16046,15746
410620,2008,320,16020,15700
410620,2009,800,16254,15454
410620,2010,1350,15726,14376
410620,2011,1350,15962,14612
410620,2012,1550,15371,13821
410620,2013,5200,15572,10372
410620,2014,5200,15326,10126
410620,2015,6600,15916,9316
410620,2016,7250,15959,8709
410620,2017,14000,25511,11511
410620,2018,14000,26416,12416
410620,2019,14000,25346,11346
410620,2020,15038,25277,10239
410620,2021,15200,27317,12117
410630,1988,26000,69788,43788
410630,1989,30000,69791,39791
410630,1990,27000,70971,43971
410630,1991,22000,60497,38497
410630,1992,17500,57521,40021
410630,1993,25900,53689,27789
410630,1994,25070,57786,32716
410630,1995,24550,54875,30325
410630,1996,28400,58290,29890
410630,1997,28838,60576,31738
410630,1998,35150,63130,27980
410630,1999,34881,68625,33744
410630,2000,34536,72780,38244
410630,2001,33750,69282,35532
410630,2002,38900,78662,39762
410630,2003,42935,93338,50403
410630,2004,44580,87401,42821
410630,2005,47500,90931,43431
410630,2006,45540,88112,42572
410630,2007,45230,92321,47091
410630,2008,44600,94493,49893
410630,2009,45395,102185,56790
410630,2010,48675,98674,49999
410630,2011,47500,107815,60315
410630,2012,44580,108271,63691
410630,2013,45575,105385,59810
410630,2014,49150,102523,53373
410630,2015,49125,105434,56309
410630,2016,52810,104173,51363
410630,2017,40300,84452,44152
410630,2018,41451,85750,44299
410630,2019,46464,90364,43900
410630,2020,50220,100999,50779
410630,2021,42530,85293,42763
410640,1988,11400,34966,23566
410640,1989,13000,34422,21422
410640,1990,12500,34214,21714
410640,1991,11700,33638,21938
410640,1992,11430,32744,21314
410640,1993,12230,28960,16730
410640,1994,13250,26722,13472
410640,1995,13500,33422,19922
410640,1996,15000,39745,24745
410640,1997,15000,39629,24629
410640,1998,18800,46807,28007
410640,1999,15500,47764,32264
410640,2000,18500,52084,33584
410640,2001,17500,50712,33212
410640,2002,23900,57048,33148
410640,2003,25500,64426,38926
410640,2004,25500,63768,38268
410640,2005,25500,57924,32424
410640,2006,23500,50122,26622
410640,2007,22700,56955,34255
410640,2008,22300,60053,37753
410640,2009,22600,56050,33450
410640,2010,28110,59500,31390
410640,2011,27808,58533,30725
410640,2012,28354,61418,33064
410640,2013,29500,61197,31697
410640,2014,28550,64397,35847
410640,2015,32500,65347,32847
410640,2016,33485,64665,31180
410640,2017,33530,66984,33454
410640,2018,33540,72543,39003
410640,2019,36540,72650,36110
410640,2020,34840,70950,36110
410640,2021,34840,70909,36069
410650,1988,11800,51239,39439
410650,1989,13900,47181,33281
410650,1990,13170,51717,38547
410650,1991,10500,45186,34686
410650,1992,8500,44744,36244
410650,1993,9800,42732,32932
410650,1994,10800,41117,30317
410650,1995,10800,42990,32190
410650,1996,14200,43725,29525
410650,1997,18400,42385,23985
410650,1998,23250,40432,17182
410650,1999,20350,38605,18255
410650,2000,18732,38310,19578
410650,2001,16832,40074,23242
410650,2002,22250,40813,18563
410650,2003,26150,44302,18152
410650,2004,26150,44639,18489
410650,2005,22600,43541,20941
410650,2006,23900,49173,25273
410650,2007,30100,45101,15001
410650,2008,29100,47823,18723
410650,2009,27500,51143,23643
410650,2010,29850,48702,18852
410650,2011,30350,46672,16322
410650,2012,26000,39615,13615
410650,2013,28600,46598,17998
410650,2014,30700,49881,19181
410650,2015,32000,45277,13277
410650,2016,33000,46905,13905
410650,2017,28300,43241,14941
410650,2018,28400,46294,17894
410650,2019,28650,42044,13394
410650,2020,29730,43590,13860
410650,2021,29100,47590,18490
410655,1988,0,0,0
410655,1989,350,14496,14146
410655,1990,750,11378,10628
410655,1991,400,12691,12291
410655,1992,400,12681,12281
410655,1993,400,12514,12114
410655,1994,800,8898,8098
410655,1995,800,9786,8986
410655,1996,800,8176,7376
410655,1997,800,6624,5824
410655,1998,850,6624,5774
410655,1999,900,6662,5762
410655,2000,1200,7179,5979
410655,2001,1200,6787,5587
410655,2002,1500,6502,5002
410655,2003,1500,7866,6366
410655,2004,1600,7305,5705
410655,2005,1600,6696,5096
410655,2006,1360,6530,5170
410655,2007,1600,6198,4598
410655,2008,1600,6533,4933
410655,2009,1600,6645,5045
410655,2010,2500,6538,4038
410655,2011,2300,5839,3539
410655,2012,2317,6137,3820
410655,2013,2720,6520,3800
410655,2014,3220,6153,2933
410655,2015,3705,6415,2710
410655,2016,3900,6676,2776
410655,2017,4100,6896,2796
410655,2018,4000,6756,2756
410655,2019,3630,5140,1510
410655,2020,3200,6730,3530
410655,2021,3200,6652,3452
410660,1988,0,18508,18508
410660,1989,460,14041,13581
410660,1990,100,13091,12991
410660,1991,0,16694,16694
410660,1992,0,14726,14726
410660,1993,36,11016,10980
410660,1994,0,8058,8058
410660,1995,0,11822,11822
410660,1996,0,10831,10831
410660,1997,500,10617,10117
410660,1998,1000,11448,10448
410660,1999,900,10043,9143
410660,2000,360,9153,8793
410660,2001,425,11351,10926
410660,2002,870,10608,9738
410660,2003,3200,12828,9628
410660,2004,4200,12970,8770
410660,2005,5200,17163,11963
410660,2006,3420,17920,14500
410660,2007,3560,20376,16816
410660,2008,3500,23138,19638
410660,2009,3750,23392,19642
410660,2010,3500,23797,20297
410660,2011,2384,21878,19494
410660,2012,2000,24690,22690
410660,2013,3000,24513,21513
410660,2014,3374,26625,23251
410660,2015,3374,26897,23523
410660,2016,3400,26446,23046
410660,2017,4600,26996,22396
410660,2018,5800,28145,22345
410660,2019,5817,26358,20541
410660,2020,6000,24636,18636
410660,2021,6000,27405,21405
410670,1988,520,5408,4888
410670,1989,670,5376,4706
410670,1990,540,6010,5470
410670,1991,250,5959,5709
410670,1992,371,5570,5199
410670,1993,250,6812,6562
410670,1994,250,4924,4674
410670,1995,410,5703,5293
410670,1996,170,5602,5432
410670,1997,470,7079,6609
410670,1998,350,6560,6210
410670,1999,350,6279,5929
410670,2000,550,7355,6805
410670,2001,600,7906,7306
410670,2002,1600,10500,8900
410670,2003,2122,12960,10838
410670,2004,2240,12129,9889
410670,2005,2200,12405,10205
410670,2006,2132,11962,9830
410670,2007,2000,12156,10156
410670,2008,1920,13340,11420
410670,2009,1920,10273,8353
410670,2010,1843,13748,11905
410670,2011,1939,14506,12567
410670,2012,1939,13400,11461
410670,2013,2100,14578,12478
410670,2014,2200,14066,11866
410670,2015,2400,12096,9696
410670,2016,1950,15014,13064
410670,2017,5100,18786,13686
410670,2018,2500,15806,13306
410670,2019,3921,15794,11873
410670,2020,4300,17258,12958
410670,2021,4500,16911,12411
410680,1988,200,26655,26455
410680,1989,36,21796,21760
410680,1990,36,22419,22383
410680,1991,0,27659,27659
410680,1992,0,25977,25977
410680,1993,0,28775,28775
410680,1994,0,29438,29438
410680,1995,0,29477,29477
410680,1996,0,29103,29103
410680,1997,0,27055,27055
410680,1998,0,27802,27802
410680,1999,0,30343,30343
410680,2000,0,32991,32991
410680,2001,42,36887,36845
410680,2002,60,36129,36069
410680,2003,90,39919,39829
410680,2004,200,39657,39457
410680,2005,300,35146,34846
410680,2006,250,37095,36845
410680,2007,325,40498,40173
410680,2008,375,39376,39001
410680,2009,250,41187,40937
410680,2010,350,35239,34889
410680,2011,400,39405,39005
410680,2012,500,37596,37096
410680,2013,900,33215,32315
410680,2014,1200,31824,30624
410680,2015,2200,25708,23508
410680,2016,2500,23966,21466
410680,2017,2500,27394,24894
410680,2018,2800,25195,22395
410680,2019,2800,24936,22136
410680,2020,3000,25556,22556
410680,2021,3500,26052,22552
410690,1988,20,879,859
410690,1989,20,798,778
410690,1990,0,829,829
410690,1991,0,808,808
410690,1992,0,1192,1192
410690,1993,0,530,530
410690,1994,0,567,567
410690,1995,0,482,482
410690,1996,0,423,423
410690,1997,0,330,330
410690,1998,0,263,263
410690,1999,0,198,198
410690,2000,0,213,213
410690,2001,0,257,257
410690,2002,0,224,224
410690,2003,0,226,226
410690,2004,0,218,218
410690,2005,0,136,136
410690,2006,0,109,109
410690,2007,0,85,85
410690,2008,0,83,83
410690,2009,0,0,0
410690,2010,0,100,100
410690,2011,0,104,104
410690,2012,0,129,129
410690,2013,0,104,104
410690,2014,0,113,113
410690,2015,0,109,109
410690,2016,0,108,108
410690,2017,0,113,113
410690,2018,0,113,113
410690,2019,0,103,103
410690,2020,0,98,98
410690,2021,0,118,118
410700,1988,0,10066,10066
410700,1989,100,11231,11131
410700,1990,100,11466,11366
410700,1991,100,12846,12746
410700,1992,100,14336,14236
410700,1993,120,11611,11491
410700,1994,0,10515,10515
410700,1995,0,9709,9709
410700,1996,0,16065,16065
410700,1997,0,10036,10036
410700,1998,650,9767,9117
410700,1999,650,8734,8084
410700,2000,850,8512,7662
410700,2001,900,9263,8363
410700,2002,1050,9140,8090
410700,2003,547,9432,8885
410700,2004,2000,11693,9693
410700,2005,3200,11618,8418
410700,2006,3200,11594,8394
410700,2007,3000,11332,8332
410700,2008,3344,12172,8828
410700,2009,2500,11524,9024
410700,2010,3250,11820,8570
410700,2011,3600,10817,7217
410700,2012,3600,9764,6164
410700,2013,5000,12019,7019
410700,2014,7000,17112,10112
410700,2015,7500,14946,7446
410700,2016,8500,18364,9864
410700,2017,9000,21266,12266
410700,2018,9200,15994,6794
410700,2019,9200,12136,2936
410700,2020,4100,6766,2666
410700,2021,7560,11026,3466
410710,1988,120,6784,6664
410710,1989,120,8991,8871
410710,1990,0,5518,5518
410710,1991,0,5482,5482
410710,1992,0,5029,5029
410710,1993,0,5702,5702
410710,1994,0,5499,5499
410710,1995,0,5162,5162
410710,1996,0,5613,5613
410710,1997,0,4184,4184
410710,1998,0,4516,4516
410710,1999,135,4841,4706
410710,2000,90,4073,3983
410710,2001,0,4493,4493
410710,2002,0,4353,4353
410710,2003,0,4582,4582
410710,2004,290,5208,4918
410710,2005,270,3862,3592
410710,2006,270,3952,3682
410710,2007,0,3516,3516
410710,2008,0,3601,3601
410710,2009,0,4002,4002
410710,2010,0,3205,3205
410710,2011,0,4353,4353
410710,2012,0,3047,3047
410710,2013,116,2308,2192
410710,2014,210,4581,4371
410710,2015,350,3971,3621
410710,2016,430,3476,3046
410710,2017,714,4003,3289
410710,2018,1524,5074,3550
410710,2019,1887,7119,5232
410710,2020,3783,9900,6117
410710,2021,3783,9788,6005
410715,1988,0,0,0
410715,1989,1200,9645,8445
410715,1990,700,7743,7043
410715,1991,500,7457,6957
410715,1992,400,7055,6655
410715,1993,512,4483,3971
410715,1994,400,4730,4330
410715,1995,300,4512,4212
410715,1996,400,3572,3172
410715,1997,200,3425,3225
410715,1998,400,3475,3075
410715,1999,400,3084,2684
410715,2000,600,4443,3843
410715,2001,500,5698,5198
410715,2002,950,5688,4738
410715,2003,1550,9910,8360
410715,2004,3750,10314,6564
410715,2005,4800,13834,9034
410715,2006,3650,12510,8860
410715,2007,4400,11900,7500
410715,2008,4400,12788,8388
410715,2009,4400,13274,8874
410715,2010,4990,11610,6620
410715,2011,4000,11454,7454
410715,2012,3640,11504,7864
410715,2013,4500,9822,5322
410715,2014,5475,10077,4602
410715,2015,5625,10156,4531
410715,2016,5753,12232,6479
410715,2017,6100,12098,5998
410715,2018,6200,12124,5924
410715,2019,3940,7376,3436
410715,2020,3915,7415,3500
410715,2021,3950,7491,3541
410720,1988,5000,60027,55027
410720,1989,7000,59719,52719
410720,1990,5000,61152,56152
410720,1991,4000,61048,57048
410720,1992,2000,59899,57899
410720,1993,5050,57755,52705
410720,1994,7500,57215,49715
410720,1995,7300,55543,48243
410720,1996,8500,52587,44087
410720,1997,6000,49603,43603
410720,1998,9300,49307,40007
410720,1999,9200,47763,38563
410720,2000,6700,50567,43867
410720,2001,5900,48373,42473
410720,2002,9750,49049,39299
410720,2003,14350,53746,39396
410720,2004,18400,53622,35222
410720,2005,15900,49685,33785
410720,2006,14100,50718,36618
410720,2007,21850,54337,32487
410720,2008,20570,55191,34621
410720,2009,20750,53310,32560
410720,2010,22690,45086,22396
410720,2011,20350,41549,21199
410720,2012,18960,40577,21617
410720,2013,21150,45879,24729
410720,2014,21700,48291,26591
410720,2015,24070,46865,22795
410720,2016,26950,50841,23891
410720,2017,23350,50430,27080
410720,2018,24600,49284,24684
410720,2019,25200,48460,23260
410720,2020,26620,51345,24725
410720,2021,26830,61029,34199
410725,1988,0,9104,9104
410725,1989,0,9424,9424
410725,1990,0,6534,6534
410725,1991,0,6685,6685
410725,1992,0,4020,4020
410725,1993,0,2383,2383
410725,1994,0,4137,4137
410725,1995,0,3661,3661
410725,1996,0,2519,2519
410725,1997,48,2552,2504
410725,1998,330,3364,3034
410725,1999,260,3469,3209
410725,2000,250,2901,2651
410725,2001,100,1955,1855
410725,2002,1100,3279,2179
410725,2003,1590,3750,2160
410725,2004,3170,6988,3818
410725,2005,3100,7080,3980
410725,2006,2000,6557,4557
410725,2007,1350,6021,4671
410725,2008,1150,7104,5954
410725,2009,1150,7602,6452
410725,2010,832,7300,6468
410725,2011,835,7597,6762
410725,2012,919,9751,8832
410725,2013,1450,9746,8296
410725,2014,960,9109,8149
410725,2015,869,8262,7393
410725,2016,677,8750,8073
410725,2017,600,9172,8572
410725,2018,1000,8637,7637
410725,2019,1260,8084,6824
410725,2020,1370,8393,7023
410725,2021,1500,5663,4163
410730,1988,6770,15119,8349
410730,1989,7000,14955,7955
410730,1990,6800,14445,7645
410730,1991,6850,12341,5491
410730,1992,6750,15205,8455
410730,1993,6720,14099,7379
410730,1994,6910,14843,7933
410730,1995,7000,13904,6904
410730,1996,7400,14527,7127
410730,1997,7715,16453,8738
410730,1998,8300,17038,8738
410730,1999,8350,17062,8712
410730,2000,8450,16513,8063
410730,2001,8600,17304,8704
410730,2002,8850,17671,8821
410730,2003,9100,18391,9291
410730,2004,9400,19037,9637
410730,2005,9900,18832,8932
410730,2006,9350,17251,7901
410730,2007,9350,18745,9395
410730,2008,9350,18857,9507
410730,2009,9300,18495,9195
410730,2010,9415,18282,8867
410730,2011,9360,18720,9360
410730,2012,9360,18688,9328
410730,2013,9400,18916,9516
410730,2014,9462,18866,9404
410730,2015,9450,18900,9450
410730,2016,9456,18889,9433
410730,2017,9450,18888,9438
410730,2018,9450,19019,9569
410730,2019,9450,18913,9463
410730,2020,9470,18916,9446
410730,2021,9500,19025,9525
410750,1988,19500,53475,33975
410750,1989,22000,54152,32152
410750,1990,21000,54507,33507
410750,1991,20000,39515,19515
410750,1992,19200,49840,30640
410750,1993,21000,51619,30619
410750,1994,21000,52642,31642
410750,1995,22000,43579,21579
410750,1996,23650,48319,24669
410750,1997,23100,47029,23929
410750,1998,24150,49362,25212
410750,1999,21050,51193,30143
410750,2000,24030,53669,29639
410750,2001,23530,52542,29012
410750,2002,25330,58665,33335
410750,2003,25530,60256,34726
410750,2004,25850,63682,37832
410750,2005,26000,54732,28732
410750,2006,25070,54094,29024
410750,2007,24100,57219,33119
410750,2008,24050,62185,38135
410750,2009,24500,63546,39046
410750,2010,23850,51243,27393
410750,2011,23550,58335,34785
410750,2012,23712,59708,35996
410750,2013,23750,56825,33075
410750,2014,24500,57975,33475
410750,2015,27000,60807,33807
410750,2016,27300,60250,32950
410750,2017,27000,59538,32538
410750,2018,32000,58277,26277
410750,2019,33000,67262,34262
410750,2020,33500,67607,34107
410750,2021,32000,71448,39448
410760,1988,6490,45779,39289
410760,1989,9500,40305,30805
410760,1990,9000,33560,24560
410760,1991,6300,30359,24059
410760,1992,4950,32056,27106
410760,1993,6940,26029,19089
410760,1994,7500,24920,17420
410760,1995,7000,24569,17569
410760,1996,9500,34036,24536
410760,1997,9100,33184,24084
410760,1998,12800,36602,23802
410760,1999,11300,40041,28741
410760,2000,15000,38552,23552
410760,2001,18000,55069,37069
410760,2002,19800,46914,27114
410760,2003,21300,51712,30412
410760,2004,21950,49154,27204
410760,2005,22300,40280,17980
410760,2006,23300,37145,13845
410760,2007,21700,35995,14295
410760,2008,26200,42652,16452
410760,2009,17000,38036,21036
410760,2010,23840,44082,20242
410760,2011,24800,41610,16810
410760,2012,21800,38247,16447
410760,2013,22800,37046,14246
410760,2014,24000,37231,13231
410760,2015,24200,43257,19057
410760,2016,25400,41179,15779
410760,2017,25400,44720,19320
410760,2018,25400,41260,15860
410760,2019,25400,44831,19431
410760,2020,26000,46661,20661
410760,2021,25400,41104,15704
410770,1988,8000,21998,13998
410770,1989,8500,20513,12013
410770,1990,8000,21226,13226
410770,1991,7500,18349,10849
410770,1992,5760,20607,14847
410770,1993,7500,22032,14532
410770,1994,7000,20092,13092
410770,1995,7000,17337,10337
410770,1996,8000,20975,12975
410770,1997,8850,19241,10391
410770,1998,10080,19936,9856
410770,1999,10030,24652,14622
410770,2000,10000,23832,13832
410770,2001,10000,26831,16831
410770,2002,11500,28559,17059
410770,2003,11107,26273,15166
410770,2004,11400,24948,13548
410770,2005,12300,25427,13127
410770,2006,11500,25902,14402
410770,2007,12000,28613,16613
410770,2008,12000,25864,13864
410770,2009,19278,35921,16643
410770,2010,12050,20740,8690
410770,2011,12059,28313,16254
410770,2012,12060,30109,18049
410770,2013,12020,29184,17164
410770,2014,13300,29550,16250
410770,2015,13685,29957,16272
410770,2016,13815,29707,15892
410770,2017,14000,30180,16180
410770,2018,15000,30838,15838
410770,2019,15000,29684,14684
410770,2020,15500,33873,18373
410770,2021,15000,29716,14716
410775,1988,0,4265,4265
410775,1989,0,4243,4243
410775,1990,0,3731,3731
410775,1991,0,3095,3095
410775,1992,0,3173,3173
410775,1993,0,2845,2845
410775,1994,0,2585,2585
410775,1995,0,2523,2523
410775,1996,0,2736,2736
410775,1997,0,1865,1865
410775,1998,0,3104,3104
410775,1999,290,3060,2770
410775,2000,300,3007,2707
410775,2001,350,2957,2607
410775,2002,400,3433,3033
410775,2003,250,3085,2835
410775,2004,800,4310,3510
410775,2005,1000,4042,3042
410775,2006,500,3561,3061
410775,2007,500,3780,3280
410775,2008,800,4645,3845
410775,2009,800,3806,3006
410775,2010,1040,3860,2820
410775,2011,1200,4266,3066
410775,2012,1200,4558,3358
410775,2013,1200,4009,2809
410775,2014,1200,3495,2295
410775,2015,1600,4522,2922
410775,2016,2949,5613,2664
410775,2017,3200,7508,4308
410775,2018,3200,6337,3137
410775,2019,1500,3356,1856
410775,2020,1950,3352,1402
410775,2021,1600,3028,1428
410780,1988,9500,20038,10538
410780,1989,9750,20467,10717
410780,1990,9700,20148,10448
410780,1991,10500,17297,6797
410780,1992,10000,18603,8603
410780,1993,10000,13860,3860
410780,1994,10500,19196,8696
410780,1995,8000,17807,9807
410780,1996,7500,18185,10685
410780,1997,7310,20352,13042
410780,1998,8500,19610,11110
410780,1999,8500,19842,11342
410780,2000,10080,18791,8711
410780,2001,9050,19765,10715
410780,2002,10500,21248,10748
410780,2003,10930,23237,12307
410780,2004,12030,24423,12393
410780,2005,13000,22502,9502
410780,2006,11200,21630,10430
410780,2007,10200,23141,12941
410780,2008,9000,22604,13604
410780,2009,9590,22636,13046
410780,2010,9993,23020,13027
410780,2011,9250,23267,14017
410780,2012,9422,22826,13404
410780,2013,9500,22722,13222
410780,2014,9900,23081,13181
410780,2015,10165,22953,12788
410780,2016,10500,24207,13707
410780,2017,10950,23963,13013
410780,2018,11200,24152,12952
410780,2019,11750,24028,12278
410780,2020,12200,25244,13044
410780,2021,12700,26534,13834
410790,1988,11050,27612,16562
410790,1989,11650,24432,12782
410790,1990,11150,24340,13190
410790,1991,12000,20459,8459
410790,1992,11700,24960,13260
410790,1993,11600,24078,12478
410790,1994,12070,25940,13870
410790,1995,12000,23633,11633
410790,1996,12000,25545,13545
410790,1997,12250,26887,14637
410790,1998,13040,26498,13458
410790,1999,12800,26297,13497
410790,2000,13000,26490,13490
410790,2001,12351,25528,13177
410790,2002,13150,26324,13174
410790,2003,13100,25634,12534
410790,2004,13100,26503,13403
410790,2005,12900,25814,12914
410790,2006,12000,24219,12219
410790,2007,12200,24135,11935
410790,2008,11950,25706,13756
410790,2009,11500,24534,13034
410790,2010,12500,24671,12171
410790,2011,12490,24769,12279
410790,2012,12325,24785,12460
410790,2013,12400,25038,12638
410790,2014,12550,25213,12663
410790,2015,12486,24919,12433
410790,2016,12325,24596,12271
410790,2017,12300,24775,12475
410790,2018,12360,24761,12401
410790,2019,12460,24708,12248
410790,2020,12672,25220,12548
410790,2021,12800,25497,12697
410800,1988,2448,11456,9008
410800,1989,2500,10826,8326
410800,1990,2480,11443,8963
410800,1991,2705,13125,10420
410800,1992,1700,11023,9323
410800,1993,1700,10690,8990
410800,1994,1800,10623,8823
410800,1995,1800,12034,10234
410800,1996,3780,12275,8495
410800,1997,4000,14257,10257
410800,1998,3500,13087,9587
410800,1999,3500,13381,9881
410800,2000,3500,13899,10399
410800,2001,3300,14061,10761
410800,2002,4000,14096,10096
410800,2003,4100,16219,12119
410800,2004,4791,17297,12506
410800,2005,5570,18086,12516
410800,2006,4738,15908,11170
410800,2007,4950,16056,11106
410800,2008,5830,16280,10450
410800,2009,5900,16014,10114
410800,2010,6000,16410,10410
410800,2011,5800,14671,8871
410800,2012,5800,15256,9456
410800,2013,6480,19776,13296
410800,2014,6000,20507,14507
410800,2015,6900,22612,15712
410800,2016,6900,21906,15006
410800,2017,7700,21201,13501
410800,2018,7100,18325,11225
410800,2019,8130,19538,11408
410800,2020,8130,20028,11898
410800,2021,8500,20128,11628
410810,1988,260,3529,3269
410810,1989,350,2130,1780
410810,1990,380,2560,2180
410810,1991,350,2246,1896
410810,1992,100,1928,1828
410810,1993,130,1993,1863
410810,1994,380,1967,1587
410810,1995,200,2584,2384
410810,1996,430,2290,1860
410810,1997,460,2756,2296
410810,1998,420,2962,2542
410810,1999,480,2379,1899
410810,2000,550,3146,2596
410810,2001,1240,2401,1161
410810,2002,950,3302,2352
410810,2003,1400,4610,3210
410810,2004,2200,5556,3356
410810,2005,2100,5828,3728
410810,2006,1800,4542,2742
410810,2007,1020,3098,2078
410810,2008,1171,4032,2861
410810,2009,1600,4679,3079
410810,2010,1600,3632,2032
410810,2011,1675,4212,2537
410810,2012,1500,3907,2407
410810,2013,2040,4343,2303
410810,2014,2065,4902,2837
410810,2015,2055,5077,3022
410810,2016,2440,6024,3584
410810,2017,2790,6505,3715
410810,2018,2600,6089,3489
410810,2019,2800,6105,3305
410810,2020,3000,6213,3213
410810,2021,3500,8101,4601
410820,1988,6500,41892,35392
410820,1989,11000,40181,29181
410820,1990,10000,41795,31795
410820,1991,8500,37152,28652
410820,1992,7500,36843,29343
410820,1993,12750,32968,20218
410820,1994,13800,40217,26417
410820,1995,14516,37537,23021
410820,1996,15000,53699,38699
410820,1997,18350,44027,25677
410820,1998,20700,41002,20302
410820,1999,17700,36857,19157
410820,2000,17200,27712,10512
410820,2001,17200,32208,15008
410820,2002,18200,33180,14980
410820,2003,18400,35730,17330
410820,2004,19000,37232,18232
410820,2005,19130,36342,17212
410820,2006,18700,36040,17340
410820,2007,19000,38810,19810
410820,2008,19170,39318,20148
410820,2009,19070,40075,21005
410820,2010,19330,39647,20317
410820,2011,19592,40789,21197
410820,2012,19560,40745,21185
410820,2013,20390,40904,20514
410820,2014,20693,40743,20050
410820,2015,20589,42280,21691
410820,2016,20920,41845,20925
410820,2017,20930,41861,20931
410820,2018,21000,42038,21038
410820,2019,23052,45924,22872
410820,2020,22391,44219,21828
410820,2021,22370,45311,22941
410830,1988,6000,14269,8269
410830,1989,7200,13932,6732
410830,1990,7500,13704,6204
410830,1991,7300,13364,6064
410830,1992,6300,13280,6980
410830,1993,7150,14124,6974
410830,1994,6460,13137,6677
410830,1995,5530,12133,6603
410830,1996,7000,10409,3409
410830,1997,5000,8057,3057
410830,1998,5200,9877,4677
410830,1999,5000,11191,6191
410830,2000,5400,10193,4793
410830,2001,4500,9368,4868
410830,2002,6500,17696,11196
410830,2003,9000,18330,9330
410830,2004,9000,14601,5601
410830,2005,9000,16001,7001
410830,2006,8300,17102,8802
410830,2007,8300,18846,10546
410830,2008,8650,18719,10069
410830,2009,9100,18935,9835
410830,2010,9200,18098,8898
410830,2011,8900,17403,8503
410830,2012,9936,19187,9251
410830,2013,10136,21458,11322
410830,2014,11850,25285,13435
410830,2015,19800,22436,2636
410830,2016,11600,25229,13629
410830,2017,9850,21137,11287
410830,2018,10200,21609,11409
410830,2019,10390,20946,10556
410830,2020,10650,21560,10910
410830,2021,10260,20325,10065
410832,1988,1600,15581,13981
410832,1989,1650,16669,15019
410832,1990,1500,12285,10785
410832,1991,1220,11384,10164
410832,1992,900,9742,8842
410832,1993,1200,5843,4643
410832,1994,1234,5471,4237
410832,1995,850,5469,4619
410832,1996,670,4772,4102
410832,1997,2100,6111,4011
410832,1998,3100,8470,5370
410832,1999,3500,8133,4633
410832,2000,4000,8600,4600
410832,2001,3910,8470,4560
410832,2002,5000,7973,2973
410832,2003,9000,18313,9313
410832,2004,15000,25068,10068
410832,2005,16000,22623,6623
410832,2006,15300,21407,6107
410832,2007,14077,25268,11191
410832,2008,13507,25947,12440
410832,2009,13720,26371,12651
410832,2010,14921,27602,12681
410832,2011,13730,27230,13500
410832,2012,14350,24933,10583
410832,2013,15455,31258,15803
410832,2014,16250,31259,15009
410832,2015,16860,33485,16625
410832,2016,17080,33965,16885
410832,2017,17250,35104,17854
410832,2018,18400,35398,16998
410832,2019,18600,36814,18214
410832,2020,19000,37358,18358
410832,2021,19000,37678,18678
410840,1988,12000,50421,38421
410840,1989,12600,48853,36253
410840,1990,12000,46728,34728
410840,1991,10000,43274,33274
410840,1992,2500,45418,42918
410840,1993,2500,44756,42256
410840,1994,3000,44610,41610
410840,1995,3000,44660,41660
410840,1996,3200,43883,40683
410840,1997,3600,41148,37548
410840,1998,6000,34182,28182
410840,1999,5000,32837,27837
410840,2000,5000,34784,29784
410840,2001,5000,36230,31230
410840,2002,8150,36033,27883
410840,2003,12000,39307,27307
410840,2004,14500,36556,22056
410840,2005,13500,35188,21688
410840,2006,10500,34736,24236
410840,2007,16000,36702,20702
410840,2008,11500,30549,19049
410840,2009,11800,33320,21520
410840,2010,14800,29524,14724
410840,2011,13200,27193,13993
410840,2012,12500,28071,15571
410840,2013,14500,28787,14287
410840,2014,15200,30013,14813
410840,2015,16500,28378,11878
410840,2016,18000,28088,10088
410840,2017,16250,28062,11812
410840,2018,17000,28984,11984
410840,2019,19500,30966,11466
410840,2020,20000,30953,10953
410840,2021,20700,34551,13851
410850,1988,600,3657,3057
410850,1989,181,3226,3045
410850,1990,181,3277,3096
410850,1991,0,2879,2879
410850,1992,0,2663,2663
410850,1993,0,2978,2978
410850,1994,0,3596,3596
410850,1995,0,3260,3260
410850,1996,0,3193,3193
410850,1997,0,1188,1188
410850,1998,250,3914,3664
410850,1999,300,3548,3248
410850,2000,0,3358,3358
410850,2001,200,6426,6226
410850,2002,250,6780,6530
410850,2003,350,7672,7322
410850,2004,350,8120,7770
410850,2005,870,8674,7804
410850,2006,806,7641,6835
410850,2007,1100,8861,7761
410850,2008,560,8623,8063
410850,2009,600,8889,8289
410850,2010,700,9141,8441
410850,2011,465,8693,8228
410850,2012,600,8629,8029
410850,2013,800,8017,7217
410850,2014,1000,8230,7230
410850,2015,1500,7928,6428
410850,2016,1700,8557,6857
410850,2017,1700,8363,6663
410850,2018,1800,3701,1901
410850,2019,2500,4419,1919
410850,2020,2800,4724,1924
410850,2021,3000,4727,1727
410855,1988,0,0,0
410855,1989,0,0,0
410855,1990,0,1238,1238
410855,1991,200,7085,6885
410855,1992,100,7509,7409
410855,1993,150,8518,8368
410855,1994,150,7536,7386
410855,1995,125,7155,7030
410855,1996,120,5258,5138
410855,1997,120,6764,6644
410855,1998,200,4842,4642
410855,1999,200,5217,5017
410855,2000,120,5332,5212
410855,2001,300,5353,5053
410855,2002,400,5307,4907
410855,2003,600,5810,5210
410855,2004,800,6167,5367
410855,2005,1000,6159,5159
410855,2006,1100,6451,5351
410855,2007,1000,5726,4726
410855,2008,1100,5297,4197
410855,2009,1500,5479,3979
410855,2010,3300,7517,4217
410855,2011,3300,6819,3519
410855,2012,3250,7882,4632
410855,2013,3300,6700,3400
410855,2014,3500,6822,3322
410855,2015,4000,7109,3109
410855,2016,4000,7110,3110
410855,2017,4000,7190,3190
410855,2018,4000,7170,3170
410855,2019,4000,7179,3179
410855,2020,4000,7173,3173
410855,2021,4000,7258,3258
410860,1988,28000,106283,78283
410860,1989,38000,105305,67305
410860,1990,25000,100504,75504
410860,1991,18000,98403,80403
410860,1992,16500,96324,79824
410860,1993,26700,81022,54322
410860,1994,30080,82254,52174
410860,1995,30350,72719,42369
410860,1996,33550,85398,51848
410860,1997,43410,96457,53047
410860,1998,44300,97053,52753
410860,1999,47650,101100,53450
410860,2000,48900,112129,63229
410860,2001,48630,99221,50591
410860,2002,58886,110680,51794
410860,2003,64005,118109,54104
410860,2004,64742,119482,54740
410860,2005,71000,113163,42163
410860,2006,69200,125808,56608
410860,2007,69200,120764,51564
410860,2008,65125,127141,62016
410860,2009,71400,139271,67871
410860,2010,68380,120942,52562
410860,2011,69760,129453,59693
410860,2012,70710,136048,65338
410860,2013,71260,138706,67446
410860,2014,73897,138398,64501
410860,2015,74200,133109,58909
410860,2016,78650,141425,62775
410860,2017,79100,148035,68935
410860,2018,79100,139380,60280
410860,2019,80900,149296,68396
410860,2020,78800,151960,73160
410860,2021,78200,146237,68037
410870,1988,0,45744,45744
410870,1989,265,53528,53263
410870,1990,0,37503,37503
410870,1991,0,31917,31917
410870,1992,0,25375,25375
410870,1993,0,20587,20587
410870,1994,0,18829,18829
410870,1995,0,14082,14082
410870,1996,0,19576,19576
410870,1997,0,9810,9810
410870,1998,300,19945,19645
410870,1999,0,20353,20353
410870,2000,0,18537,18537
410870,2001,100,16562,16462
410870,2002,540,14925,14385
410870,2003,1025,16432,15407
410870,2004,2310,15682,13372
410870,2005,2730,15775,13045
410870,2006,3200,13957,10757
410870,2007,3630,14598,10968
410870,2008,3900,16578,12678
410870,2009,6968,19881,12913
410870,2010,7860,17003,9143
410870,2011,8900,18287,9387
410870,2012,8900,22066,13166
410870,2013,10200,22307,12107
410870,2014,12600,23855,11255
410870,2015,13800,29309,15509
410870,2016,13800,30820,17020
410870,2017,13000,29461,16461
410870,2018,13800,28233,14433
410870,2019,14500,28802,14302
410870,2020,14500,28338,13838
410870,2021,15800,30331,14531
410880,1988,21000,51810,30810
410880,1989,20000,57851,37851
410880,1990,19000,54285,35285
410880,1991,21500,46077,24577
410880,1992,16800,47201,30401
410880,1993,25500,45633,20133
410880,1994,21800,47594,25794
410880,1995,22500,41325,18825
410880,1996,20500,42631,22131
410880,1997,22800,49727,26927
410880,1998,22700,44778,22078
410880,1999,20500,46785,26285
410880,2000,19480,55075,35595
410880,2001,19300,46085,26785
410880,2002,21050,45927,24877
410880,2003,26500,56434,29934
410880,2004,28300,57283,28983
410880,2005,28500,55592,27092
410880,2006,28000,53614,25614
410880,2007,29500,60518,31018
410880,2008,29500,63870,34370
410880,2009,31110,65542,34432
410880,2010,32200,66290,34090
410880,2011,32000,66475,34475
410880,2012,31800,66552,34752
410880,2013,32650,67057,34407
410880,2014,33500,67321,33821
410880,2015,33100,66605,33505
410880,2016,33750,68422,34672
410880,2017,33330,67102,33772
410880,2018,33450,67470,34020
410880,2019,33450,67626,34176
410880,2020,33790,67732,33942
410880,2021,33790,67810,34020
410890,1988,0,6206,6206
410890,1989,0,7207,7207
410890,1990,0,7016,7016
410890,1991,0,6525,6525
410890,1992,0,5688,5688
410890,1993,0,6133,6133
410890,1994,0,6051,6051
410890,1995,0,5196,5196
410890,1996,0,3689,3689
410890,1997,0,4170,4170
410890,1998,0,4092,4092
410890,1999,0,4084,4084
410890,2000,0,5662,5662
410890,2001,0,5125,5125
410890,2002,133,3891,3758
410890,2003,270,7427,7157
410890,2004,270,7747,7477
410890,2005,270,5555,5285
410890,2006,0,7276,7276
410890,2007,0,11054,11054
410890,2008,0,12091,12091
410890,2009,0,14666,14666
410890,2010,85,13060,12975
410890,2011,0,16210,16210
410890,2012,0,16330,16330
410890,2013,0,16421,16421
410890,2014,0,18330,18330
410890,2015,0,15158,15158
410890,2016,0,17284,17284
410890,2017,0,16401,16401
410890,2018,0,15728,15728
410890,2019,0,17158,17158
410890,2020,0,15826,15826
410890,2021,0,15816,15816
410900,1988,50,5168,5118
410900,1989,55,5104,5049
410900,1990,55,5249,5194
410900,1991,80,4841,4761
410900,1992,0,4686,4686
410900,1993,0,4580,4580
410900,1994,0,3336,3336
410900,1995,0,3733,3733
410900,1996,124,4051,3927
410900,1997,117,3056,2939
410900,1998,200,3026,2826
410900,1999,200,4162,3962
410900,2000,200,4138,3938
410900,2001,200,3934,3734
410900,2002,300,4106,3806
410900,2003,1400,7106,5706
410900,2004,1400,7048,5648
410900,2005,2000,7208,5208
410900,2006,2000,6023,4023
410900,2007,4800,9857,5057
410900,2008,3100,13649,10549
410900,2009,4200,11155,6955
410900,2010,5200,11579,6379
410900,2011,6000,11192,5192
410900,2012,5000,10146,5146
410900,2013,7200,19912,12712
410900,2014,8800,17603,8803
410900,2015,8800,19322,10522
410900,2016,6800,19642,12842
410900,2017,6800,13659,6859
410900,2018,6800,13421,6621
410900,2019,6400,11206,4806
410900,2020,4800,11334,6534
410900,2021,6200,13214,7014
410910,1988,80,3645,3565
410910,1989,77,2252,2175
410910,1990,170,2829,2659
410910,1991,170,2302,2132
410910,1992,0,2109,2109
410910,1993,50,2192,2142
410910,1994,30,2563,2533
410910,1995,48,3668,3620
410910,1996,0,2555,2555
410910,1997,0,2911,2911
410910,1998,0,3091,3091
410910,1999,0,4276,4276
410910,2000,152,4243,4091
410910,2001,210,4525,4315
410910,2002,390,4751,4361
410910,2003,600,5296,4696
410910,2004,900,6409,5509
410910,2005,800,6080,5280
410910,2006,600,5922,5322
410910,2007,150,6011,5861
410910,2008,100,8498,8398
410910,2009,150,6523,6373
410910,2010,177,7514,7337
410910,2011,75,7689,7614
410910,2012,95,8411,8316
410910,2013,100,8437,8337
410910,2014,122,8743,8621
410910,2015,200,8194,7994
410910,2016,310,9189,8879
410910,2017,680,9746,9066
410910,2018,760,10259,9499
410910,2019,1565,11071,9506
410910,2020,760,10266,9506
410910,2021,1565,11071,9506
410920,1988,72,6948,6876
410920,1989,300,6739,6439
410920,1990,300,7451,7151
410920,1991,150,4205,4055
410920,1992,50,3511,3461
410920,1993,90,2322,2232
410920,1994,90,3694,3604
410920,1995,0,3445,3445
410920,1996,121,2064,1943
410920,1997,0,2319,2319
410920,1998,540,3485,2945
410920,1999,629,3311,2682
410920,2000,840,3294,2454
410920,2001,1040,3558,2518
410920,2002,1500,3528,2028
410920,2003,1690,4427,2737
410920,2004,2506,6530,4024
410920,2005,3088,7418,4330
410920,2006,3360,5539,2179
410920,2007,2662,6226,3564
410920,2008,1215,3550,2335
410920,2009,1100,3393,2293
410920,2010,1400,3807,2407
410920,2011,1500,5002,3502
410920,2012,2120,5859,3739
410920,2013,1500,6663,5163
410920,2014,850,6360,5510
410920,2015,2370,10633,8263
410920,2016,3000,7868,4868
410920,2017,2420,8830,6410
410920,2018,2700,7251,4551
410920,2019,4000,10864,6864
410920,2020,4100,11167,7067
410920,2021,4100,11276,7176
410930,1988,9500,58726,49226
410930,1989,2500,42266,39766
410930,1990,2500,41864,39364
410930,1991,2400,42819,40419
410930,1992,3000,41706,38706
410930,1993,4000,44355,40355
410930,1994,5000,47755,42755
410930,1995,6030,45077,39047
410930,1996,6050,47113,41063
410930,1997,7133,42882,35749
410930,1998,7270,40424,33154
410930,1999,7296,36612,29316
410930,2000,8596,35346,26750
410930,2001,7600,35185,27585
410930,2002,9680,37125,27445
410930,2003,6600,42062,35462
410930,2004,17800,41740,23940
410930,2005,6100,40994,34894
410930,2006,6350,37329,30979
410930,2007,7060,32739,25679
410930,2008,16280,33962,17682
410930,2009,17260,36785,19525
410930,2010,18442,30634,12192
410930,2011,16015,23058,7043
410930,2012,15170,24962,9792
410930,2013,14820,25121,10301
410930,2014,17080,27321,10241
410930,2015,17210,23937,6727
410930,2016,17650,26551,8901
410930,2017,17000,27465,10465
410930,2018,17300,24753,7453
410930,2019,21100,36470,15370
410930,2020,22980,40683,17703
410930,2021,22800,42774,19974
410940,1988,76000,196822,120822
410940,1989,79000,194611,115611
410940,1990,70000,180119,110119
410940,1991,57500,167148,109648
410940,1992,50500,161251,110751
410940,1993,53500,169475,115975
410940,1994,51700,163383,111683
410940,1995,51700,170054,118354
410940,1996,66000,175801,109801
410940,1997,72300,182309,110009
410940,1998,77850,189064,111214
410940,1999,75000,189387,114387
410940,2000,71900,194192,122292
410940,2001,69030,195563,126533
410940,2002,76500,207185,130685
410940,2003,79300,217468,138168
410940,2004,84950,221450,136500
410940,2005,87200,216645,129445
410940,2006,87650,215546,127896
410940,2007,96480,219465,122985
410940,2008,90925,230389,139464
410940,2009,101905,239067,137162
410940,2010,103230,228394,125164
410940,2011,110660,224042,113382
410940,2012,102225,231013,128788
410940,2013,109570,245081,135511
410940,2014,117940,248978,131038
410940,2015,125630,243609,117979
410940,2016,133180,230948,97768
410940,2017,129600,228323,98723
410940,2018,139600,236822,97222
410940,2019,140450,238866,98416
410940,2020,144220,250813,106593
410940,2021,144550,288808,144258
410950,1988,0,1745,1745
410950,1989,0,1820,1820
410950,1990,0,1670,1670
410950,1991,0,1749,1749
410950,1992,0,1762,1762
410950,1993,0,1814,1814
410950,1994,0,1809,1809
410950,1995,0,1854,1854
410950,1996,0,1840,1840
410950,1997,0,1742,1742
410950,1998,0,1844,1844
410950,1999,0,1762,1762
410950,2000,0,1857,1857
410950,2001,0,1872,1872
410950,2002,0,1623,1623
410950,2003,0,1631,1631
410950,2004,0,1627,1627
410950,2005,0,1686,1686
410950,2006,0,1682,1682
410950,2007,0,1763,1763
410950,2008,0,1516,1516
410950,2009,0,1534,1534
410950,2010,0,2774,2774
410950,2011,0,2713,2713
410950,2012,0,2724,2724
410950,2013,0,1811,1811
410950,2014,0,1716,1716
410950,2015,0,1719,1719
410950,2016,0,1832,1832
410950,2017,0,2187,2187
410950,2018,0,1996,1996
410950,2019,0,2247,2247
410950,2020,0,2421,2421
410950,2021,0,2494,2494
410960,1988,0,1376,1376
410960,1989,0,1386,1386
410960,1990,0,1156,1156
410960,1991,0,1476,1476
410960,1992,0,1557,1557
410960,1993,0,1562,1562
410960,1994,0,1589,1589
410960,1995,0,1768,1768
410960,1996,0,2008,2008
410960,1997,0,2025,2025
410960,1998,0,2058,2058
410960,1999,0,2090,2090
410960,2000,0,2573,2573
410960,2001,0,2619,2619
410960,2002,0,2736,2736
410960,2003,0,3446,3446
410960,2004,0,3138,3138
410960,2005,0,3585,3585
410960,2006,0,3725,3725
410960,2007,0,3816,3816
410960,2008,0,4329,4329
410960,2009,0,4280,4280
410960,2010,0,4294,4294
410960,2011,0,4364,4364
410960,2012,0,4552,4552
410960,2013,0,4397,4397
410960,2014,0,3710,3710
410960,2015,0,3700,3700
410960,2016,0,3600,3600
410960,2017,0,3856,3856
410960,2018,0,3560,3560
410960,2019,0,4575,4575
410960,2020,0,4589,4589
410960,2021,0,3877,3877
410970,1988,0,31976,31976
410970,1989,0,28769,28769
410970,1990,0,29392,29392
410970,1991,0,30357,30357
410970,1992,0,25554,25554
410970,1993,0,27799,27799
410970,1994,0,27540,27540
410970,1995,0,20525,20525
410970,1996,0,21906,21906
410970,1997,0,21183,21183
410970,1998,0,18761,18761
410970,1999,0,19130,19130
410970,2000,0,19245,19245
410970,2001,0,18556,18556
410970,2002,355,20018,19663
410970,2003,2000,21970,19970
410970,2004,8170,33171,25001
410970,2005,8000,31055,23055
410970,2006,4200,24828,20628
410970,2007,4000,25219,21219
410970,2008,2500,23469,20969
410970,2009,2000,19741,17741
410970,2010,3000,23801,20801
410970,2011,3500,29304,25804
410970,2012,3800,28745,24945
410970,2013,10000,32368,22368
410970,2014,12000,36170,24170
410970,2015,12500,30180,17680
410970,2016,13000,29066,16066
410970,2017,15500,37896,22396
410970,2018,15500,36330,20830
410970,2019,12900,29920,17020
410970,2020,12300,26070,13770
410970,2021,12300,26804,14504
410975,1988,0,0,0
410975,1989,0,0,0
410975,1990,0,5581,5581
410975,1991,4000,9734,5734
410975,1992,2700,8103,5403
410975,1993,1700,7032,5332
410975,1994,1500,8417,6917
410975,1995,1900,7648,5748
410975,1996,3000,8680,5680
410975,1997,4000,9775,5775
410975,1998,4500,7427,2927
410975,1999,3400,9168,5768
410975,2000,3660,9038,5378
410975,2001,3000,9433,6433
410975,2002,4681,9374,4693
410975,2003,4600,10236,5636
410975,2004,5120,9676,4556
410975,2005,5600,10279,4679
410975,2006,5600,10028,4428
410975,2007,5850,10468,4618
410975,2008,5190,10939,5749
410975,2009,4450,10608,6158
410975,2010,4600,10511,5911
410975,2011,8000,10058,2058
410975,2012,7510,10413,2903
410975,2013,7000,10912,3912
410975,2014,5575,11627,6052
410975,2015,6375,11201,4826
410975,2016,5870,11355,5485
410975,2017,6920,9788,2868
410975,2018,7720,13696,5976
410975,2019,5760,10128,4368
410975,2020,5710,9860,4150
410975,2021,5000,11837,6837
410980,1988,8700,26683,17983
410980,1989,9600,26073,16473
410980,1990,9550,26130,16580
410980,1991,9700,24378,14678
410980,1992,9250,21090,11840
410980,1993,10200,25636,15436
410980,1994,11000,21914,10914
410980,1995,11900,25175,13275
410980,1996,12000,25453,13453
410980,1997,12150,25370,13220
410980,1998,12000,25536,13536
410980,1999,13000,26535,13535
410980,2000,13000,18742,5742
410980,2001,11800,26858,15058
410980,2002,15000,27532,12532
410980,2003,16000,28846,12846
410980,2004,13500,25503,12003
410980,2005,16000,31408,15408
410980,2006,16000,28224,12224
410980,2007,16000,33622,17622
410980,2008,16500,34484,17984
410980,2009,16000,32267,16267
410980,2010,17000,34457,17457
410980,2011,17000,31639,14639
410980,2012,17000,36811,19811
410980,2013,17150,34848,17698
410980,2014,16570,33645,17075
410980,2015,16475,33586,17111
410980,2016,16500,33396,16896
410980,2017,16600,33441,16841
410980,2018,16800,33037,16237
410980,2019,16730,33185,16455
410980,2020,16660,33173,16513
410980,2021,16660,33209,16549
410990,1988,0,13790,13790
410990,1989,0,11379,11379
410990,1990,0,9392,9392
410990,1991,0,10402,10402
410990,1992,0,6043,6043
410990,1993,100,4985,4885
410990,1994,0,3742,3742
410990,1995,0,6164,6164
410990,1996,0,5612,5612
410990,1997,0,6608,6608
410990,1998,1812,7458,5646
410990,1999,1211,11183,9972
410990,2000,350,7138,6788
410990,2001,480,11091,10611
410990,2002,600,10729,10129
410990,2003,1000,12452,11452
410990,2004,3200,17280,14080
410990,2005,1940,16587,14647
410990,2006,1040,15382,14342
410990,2007,1380,14646,13266
410990,2008,842,15171,14329
410990,2009,569,14821,14252
410990,2010,460,16583,16123
410990,2011,525,16300,15775
410990,2012,490,17305,16815
410990,2013,496,17806,17310
410990,2014,496,17946,17450
410990,2015,435,15742,15307
410990,2016,435,16411,15976
410990,2017,650,17377,16727
410990,2018,670,18208,17538
410990,2019,1060,15857,14797
410990,2020,716,17093,16377
410990,2021,716,13071,12355
411000,1988,3200,15234,12034
411000,1989,4400,17217,12817
411000,1990,3800,15396,11596
411000,1991,3150,13844,10694
411000,1992,3250,10952,7702
411000,1993,3550,9169,5619
411000,1994,4125,11837,7712
411000,1995,4537,10049,5512
411000,1996,6140,13700,7560
411000,1997,6308,14131,7823
411000,1998,7900,17082,9182
411000,1999,8630,20122,11492
411000,2000,10300,24994,14694
411000,2001,10453,23922,13469
411000,2002,12300,25075,12775
411000,2003,13500,28474,14974
411000,2004,14400,28696,14296
411000,2005,16600,29770,13170
411000,2006,14800,28908,14108
411000,2007,13670,28998,15328
411000,2008,14500,30914,16414
411000,2009,15100,30770,15670
411000,2010,15200,28819,13619
411000,2011,15200,31556,16356
411000,2012,15230,32402,17172
411000,2013,15700,32953,17253
411000,2014,16060,33653,17593
411000,2015,16170,32582,16412
411000,2016,16160,33565,17405
411000,2017,16150,34188,18038
411000,2018,15520,32565,17045
411000,2019,15930,33827,17897
411000,2020,16115,34316,18201
411000,2021,16315,32922,16607
411010,1988,5000,36751,31751
411010,1989,5000,37762,32762
411010,1990,4500,37871,33371
411010,1991,4500,35954,31454
411010,1992,5000,35922,30922
411010,1993,720,29287,28567
411010,1994,8000,39337,31337
411010,1995,8500,42367,33867
411010,1996,10000,42041,32041
411010,1997,10000,41957,31957
411010,1998,12900,43485,30585
411010,1999,14300,42880,28580
411010,2000,14653,41546,26893
411010,2001,14150,44541,30391
411010,2002,18560,50900,32340
411010,2003,17600,50548,32948
411010,2004,21035,55036,34001
411010,2005,16800,51949,35149
411010,2006,15300,59315,44015
411010,2007,6900,45683,38783
411010,2008,9520,50844,41324
411010,2009,16160,57668,41508
411010,2010,22840,57988,35148
411010,2011,25300,60624,35324
411010,2012,27200,54516,27316
411010,2013,31700,61218,29518
411010,2014,31905,62243,30338
411010,2015,35100,62989,27889
411010,2016,38450,66374,27924
411010,2017,29400,62254,32854
411010,2018,31200,59115,27915
411010,2019,28485,61435,32950
411010,2020,34700,67300,32600
411010,2021,33800,66091,32291
411020,1988,0,9249,9249
411020,1989,0,11041,11041
411020,1990,0,11241,11241
411020,1991,0,11081,11081
411020,1992,0,10510,10510
411020,1993,0,10540,10540
411020,1994,0,6842,6842
411020,1995,0,6479,6479
411020,1996,0,7341,7341
411020,1997,0,3291,3291
411020,1998,0,9184,9184
411020,1999,0,6687,6687
411020,2000,80,7469,7389
411020,2001,300,7654,7354
411020,2002,300,4854,4554
411020,2003,250,3769,3519
411020,2004,375,4266,3891
411020,2005,400,5456,5056
411020,2006,1000,9443,8443
411020,2007,1100,8177,7077
411020,2008,6236,12435,6199
411020,2009,0,6095,6095
411020,2010,1850,5904,4054
411020,2011,2500,7026,4526
411020,2012,2950,6884,3934
411020,2013,3350,6090,2740
411020,2014,3650,6229,2579
411020,2015,3650,5945,2295
411020,2016,3850,5995,2145
411020,2017,3600,5671,2071
411020,2018,3600,5285,1685
411020,2019,2800,4604,1804
411020,2020,4200,6047,1847
411020,2021,4000,5897,1897
411030,1988,0,2190,2190
411030,1989,0,1779,1779
411030,1990,0,1591,1591
411030,1991,0,2236,2236
411030,1992,0,1596,1596
411030,1993,0,1863,1863
411030,1994,0,3089,3089
411030,1995,0,2222,2222
411030,1996,0,1048,1048
411030,1997,0,6136,6136
411030,1998,193,2990,2797
411030,1999,80,3505,3425
411030,2000,180,3203,3023
411030,2001,180,3572,3392
411030,2002,250,2974,2724
411030,2003,150,2683,2533
411030,2004,121,3802,3681
411030,2005,150,4931,4781
411030,2006,0,4771,4771
411030,2007,0,5002,5002
411030,2008,0,4682,4682
411030,2009,0,4330,4330
411030,2010,0,6015,6015
411030,2011,0,7004,7004
411030,2012,0,6782,6782
411030,2013,10,7528,7518
411030,2014,10,7311,7301
411030,2015,10,5490,5480
411030,2016,0,7846,7846
411030,2017,363,7727,7364
411030,2018,484,8227,7743
411030,2019,496,9401,8905
411030,2020,580,8375,7795
411030,2021,1183,8864,7681
411040,1988,300,8105,7805
411040,1989,260,9007,8747
411040,1990,300,10191,9891
411040,1991,300,6718,6418
411040,1992,300,3775,3475
411040,1993,250,5261,5011
411040,1994,0,4656,4656
411040,1995,35,5754,5719
411040,1996,25,5308,5283
411040,1997,120,6155,6035
411040,1998,485,5249,4764
411040,1999,1275,7576,6301
411040,2000,1825,15487,13662
411040,2001,2255,10112,7857
411040,2002,3745,11182,7437
411040,2003,4310,11907,7597
411040,2004,4600,11821,7221
411040,2005,4800,11770,6970
411040,2006,4600,12107,7507
411040,2007,4080,11353,7273
411040,2008,4200,13839,9639
411040,2009,3920,11466,7546
411040,2010,1438,10075,8637
411040,2011,3840,13044,9204
411040,2012,4250,11124,6874
411040,2013,1450,7692,6242
411040,2014,1760,11819,10059
411040,2015,1970,11045,9075
411040,2016,2100,12643,10543
411040,2017,2320,11835,9515
411040,2018,2800,13466,10666
411040,2019,2950,13310,10360
411040,2020,3400,13908,10508
411040,2021,2950,13458,10508
411050,1988,5000,22359,17359
411050,1989,7000,24173,17173
411050,1990,6000,23651,17651
411050,1991,3500,21009,17509
411050,1992,4000,24636,20636
411050,1993,4000,25653,21653
411050,1994,4000,27789,23789
411050,1995,6000,31552,25552
411050,1996,7000,32376,25376
411050,1997,7500,32051,24551
411050,1998,9500,32622,23122
411050,1999,9000,35434,26434
411050,2000,9500,32285,22785
411050,2001,9000,35657,26657
411050,2002,14000,38270,24270
411050,2003,16000,37401,21401
411050,2004,17500,38561,21061
411050,2005,16500,35212,18712
411050,2006,16500,35952,19452
411050,2007,18200,38989,20789
411050,2008,17500,40781,23281
411050,2009,21000,45131,24131
411050,2010,21000,39538,18538
411050,2011,22100,45971,23871
411050,2012,21120,43431,22311
411050,2013,22100,46879,24779
411050,2014,19150,41583,22433
411050,2015,20200,42488,22288
411050,2016,21350,39489,18139
411050,2017,20300,37163,16863
411050,2018,23000,40447,17447
411050,2019,25150,44218,19068
411050,2020,30300,49831,19531
411050,2021,29051,50853,21802
411060,1988,100,24845,24745
411060,1989,50,24168,24118
411060,1990,40,18433,18393
411060,1991,30,25448,25418
411060,1992,0,13809,13809
411060,1993,70,12384,12314
411060,1994,0,10215,10215
411060,1995,0,13147,13147
411060,1996,130,10274,10144
411060,1997,450,11503,11053
411060,1998,2200,18391,16191
411060,1999,2950,16042,13092
411060,2000,4200,16887,12687
411060,2001,4250,18395,14145
411060,2002,6250,18946,12696
411060,2003,10200,22347,12147
411060,2004,15900,29264,13364
411060,2005,17800,30812,13012
411060,2006,16800,29411,12611
411060,2007,14585,31563,16978
411060,2008,14620,31680,17060
411060,2009,15860,30811,14951
411060,2010,18600,39527,20927
411060,2011,16550,33420,16870
411060,2012,15780,30872,15092
411060,2013,18020,43785,25765
411060,2014,19650,40889,21239
411060,2015,21420,40061,18641
411060,2016,22100,38147,16047
411060,2017,29200,47476,18276
411060,2018,30050,50335,20285
411060,2019,30360,51242,20882
411060,2020,36200,62279,26079
411060,2021,37100,71652,34552
411070,1988,1200,44374,43174
411070,1989,1200,46954,45754
411070,1990,1000,49493,48493
411070,1991,1000,48242,47242
411070,1992,880,49299,48419
411070,1993,1000,47123,46123
411070,1994,1300,49052,47752
411070,1995,1000,48947,47947
411070,1996,1200,44783,43583
411070,1997,2550,49375,46825
411070,1998,3000,49633,46633
411070,1999,3000,54117,51117
411070,2000,3500,52903,49403
411070,2001,5010,50591,45581
411070,2002,5650,72336,66686
411070,2003,7000,62091,55091
411070,2004,10635,64886,54251
411070,2005,6800,58188,51388
411070,2006,10000,60930,50930
411070,2007,14000,60537,46537
411070,2008,14580,60401,45821
411070,2009,15070,61202,46132
411070,2010,19610,56765,37155
411070,2011,23600,59039,35439
411070,2012,18550,64299,45749
411070,2013,21500,67014,45514
411070,2014,24550,68555,44005
411070,2015,26000,67186,41186
411070,2016,27700,68698,40998
411070,2017,26000,69158,43158
411070,2018,27500,63119,35619
411070,2019,32500,65844,33344
411070,2020,36300,75792,39492
411070,2021,34000,74606,40606
411080,1988,1000,26756,25756
411080,1989,900,24152,23252
411080,1990,900,28196,27296
411080,1991,400,24489,24089
411080,1992,100,23426,23326
411080,1993,400,21081,20681
411080,1994,200,16199,15999
411080,1995,200,14343,14143
411080,1996,220,10474,10254
411080,1997,429,12055,11626
411080,1998,520,10680,10160
411080,1999,1200,11529,10329
411080,2000,1500,11648,10148
411080,2001,1500,10914,9414
411080,2002,3500,16194,12694
411080,2003,4650,14820,10170
411080,2004,4700,15030,10330
411080,2005,5500,11797,6297
411080,2006,5000,11510,6510
411080,2007,5100,9564,4464
411080,2008,5330,10157,4827
411080,2009,5300,10178,4878
411080,2010,5850,10434,4584
411080,2011,5600,11043,5443
411080,2012,5350,9679,4329
411080,2013,10000,15361,5361
411080,2014,12000,18842,6842
411080,2015,10500,16268,5768
411080,2016,12620,16790,4170
411080,2017,12500,16649,4149
411080,2018,12500,17570,5070
411080,2019,12800,19149,6349
411080,2020,12900,19598,6698
411080,2021,12800,22140,9340
411090,1988,36,4351,4315
411090,1989,0,4205,4205
411090,1990,0,3697,3697
411090,1991,0,3760,3760
411090,1992,0,3132,3132
411090,1993,46,2180,2134
411090,1994,0,2100,2100
411090,1995,0,1912,1912
411090,1996,0,2011,2011
411090,1997,0,853,853
411090,1998,0,2544,2544
411090,1999,0,3352,3352
411090,2000,532,5435,4903
411090,2001,186,3327,3141
411090,2002,800,4136,3336
411090,2003,1900,6416,4516
411090,2004,2300,7994,5694
411090,2005,2550,6375,3825
411090,2006,970,3353,2383
411090,2007,700,3144,2444
411090,2008,373,3633,3260
411090,2009,446,5205,4759
411090,2010,250,4971,4721
411090,2011,213,4927,4714
411090,2012,393,5534,5141
411090,2013,545,5598,5053
411090,2014,410,4727,4317
411090,2015,320,5164,4844
411090,2016,450,6459,6009
411090,2017,710,7129,6419
411090,2018,864,6128,5264
411090,2019,815,5700,4885
411090,2020,815,7054,6239
411090,2021,900,6715,5815
411100,1988,3800,23562,19762
411100,1989,5500,24299,18799
411100,1990,4600,23086,18486
411100,1991,3600,18985,15385
411100,1992,4200,21273,17073
411100,1993,7000,19297,12297
411100,1994,7000,18427,11427
411100,1995,7450,18765,11315
411100,1996,7000,20294,13294
411100,1997,7500,21082,13582
411100,1998,8000,21330,13330
411100,1999,6500,21252,14752
411100,2000,7200,22017,14817
411100,2001,8000,21306,13306
411100,2002,8600,22000,13400
411100,2003,9000,23799,14799
411100,2004,9000,24171,15171
411100,2005,10500,22562,12062
411100,2006,11500,21549,10049
411100,2007,10200,24263,14063
411100,2008,8800,22875,14075
411100,2009,8900,22339,13439
411100,2010,9900,23254,13354
411100,2011,10250,25278,15028
411100,2012,10800,26275,15475
411100,2013,11000,26040,15040
411100,2014,11520,24359,12839
411100,2015,12600,26737,14137
411100,2016,11000,25303,14303
411100,2017,11000,26638,15638
411100,2018,13040,29094,16054
411100,2019,13230,29410,16180
411100,2020,13300,29480,16180
411100,2021,13300,28938,15638
411110,1988,14200,28484,14284
411110,1989,15000,31752,16752
411110,1990,14750,31442,16692
411110,1991,15050,30462,15412
411110,1992,15370,30624,15254
411110,1993,15010,25211,10201
411110,1994,15500,34689,19189
411110,1995,13700,31070,17370
411110,1996,14000,32946,18946
411110,1997,15500,35105,19605
411110,1998,16325,34910,18585
411110,1999,16500,34910,18410
411110,2000,17235,35850,18615
411110,2001,16800,35777,18977
411110,2002,17300,35922,18622
411110,2003,16950,36489,19539
411110,2004,17350,36887,19537
411110,2005,18000,35108,17108
411110,2006,15800,30970,15170
411110,2007,15350,31483,16133
411110,2008,15100,34808,19708
411110,2009,15400,34285,18885
411110,2010,15900,31197,15297
411110,2011,16100,35093,18993
411110,2012,16000,35710,19710
411110,2013,16130,34889,18759
411110,2014,16434,35307,18873
411110,2015,16600,35115,18515
411110,2016,16800,35032,18232
411110,2017,16900,36143,19243
411110,2018,17100,35820,18720
411110,2019,17100,35190,18090
411110,2020,17391,35673,18282
411110,2021,17585,35766,18181
411120,1988,6726,25837,19111
411120,1989,8310,25099,16789
411120,1990,7980,26057,18077
411120,1991,4983,24847,19864
411120,1992,4000,24779,20779
411120,1993,5000,23803,18803
411120,1994,5500,22778,17278
411120,1995,5500,22980,17480
411120,1996,6700,23728,17028
411120,1997,9000,22497,13497
411120,1998,8080,17793,9713
411120,1999,7730,18054,10324
411120,2000,7920,15867,7947
411120,2001,7838,18039,10201
411120,2002,8920,18787,9867
411120,2003,12020,20153,8133
411120,2004,12720,20761,8041
411120,2005,8961,16266,7305
411120,2006,10920,20313,9393
411120,2007,12570,23280,10710
411120,2008,12670,25372,12702
411120,2009,11900,27976,16076
411120,2010,15600,28523,12923
411120,2011,16950,33061,16111
411120,2012,12800,26570,13770
411120,2013,13100,32087,18987
411120,2014,13500,34698,21198
411120,2015,16750,30582,13832
411120,2016,22630,30537,7907
411120,2017,11200,29382,18182
411120,2018,15000,25040,10040
411120,2019,15220,32213,16993
411120,2020,15400,29198,13798
411120,2021,15350,30168,14818
411130,1988,0,4285,4285
411130,1989,0,2763,2763
411130,1990,0,3606,3606
411130,1991,0,3765,3765
411130,1992,0,3405,3405
411130,1993,0,3285,3285
411130,1994,0,3398,3398
411130,1995,0,3433,3433
411130,1996,0,3028,3028
411130,1997,0,2203,2203
411130,1998,133,2631,2498
411130,1999,133,3189,3056
411130,2000,0,2599,2599
411130,2001,0,2953,2953
411130,2002,0,2832,2832
411130,2003,0,2963,2963
411130,2004,0,2573,2573
411130,2005,0,1823,1823
411130,2006,0,1763,1763
411130,2007,0,1570,1570
411130,2008,0,1927,1927
411130,2009,0,2208,2208
411130,2010,0,2545,2545
411130,2011,0,2678,2678
411130,2012,0,2006,2006
411130,2013,0,2250,2250
411130,2014,0,2633,2633
411130,2015,0,2344,2344
411130,2016,60,2632,2572
411130,2017,108,2912,2804
411130,2018,108,3522,3414
411130,2019,145,3231,3086
411130,2020,261,3300,3039
411130,2021,277,3523,3246
411140,1988,700,20168,19468
411140,1989,700,19540,18840
411140,1990,650,20564,19914
411140,1991,650,21176,20526
411140,1992,650,22227,21577
411140,1993,650,20227,19577
411140,1994,1200,23566,22366
411140,1995,1500,30494,28994
411140,1996,1500,28989,27489
411140,1997,2000,20751,18751
411140,1998,2000,20099,18099
411140,1999,4000,25265,21265
411140,2000,4500,26360,21860
411140,2001,4200,28410,24210
411140,2002,7000,29072,22072
411140,2003,7000,31858,24858
411140,2004,7500,27290,19790
411140,2005,7000,29570,22570
411140,2006,6000,32777,26777
411140,2007,6000,29558,23558
411140,2008,6000,32031,26031
411140,2009,8500,35145,26645
411140,2010,8500,30826,22326
411140,2011,9000,33146,24146
411140,2012,8800,31362,22562
411140,2013,11350,31251,19901
411140,2014,10300,32535,22235
411140,2015,11900,32446,20546
411140,2016,12900,32378,19478
411140,2017,13800,39592,25792
411140,2018,15000,38311,23311
411140,2019,15100,39076,23976
411140,2020,15200,36808,21608
411140,2021,15050,36107,21057
411150,1988,6240,81670,75430
411150,1989,9325,78400,69075
411150,1990,9325,61931,52606
411150,1991,5460,58802,53342
411150,1992,4820,48372,43552
411150,1993,6050,42189,36139
411150,1994,7000,43453,36453
411150,1995,6700,41341,34641
411150,1996,7000,48705,41705
411150,1997,5550,46297,40747
411150,1998,11700,54813,43113
411150,1999,9000,55334,46334
411150,2000,10005,51934,41929
411150,2001,14750,53308,38558
411150,2002,21250,61251,40001
411150,2003,22100,72383,50283
411150,2004,23500,60493,36993
411150,2005,23800,55333,31533
411150,2006,24400,53845,29445
411150,2007,23880,55471,31591
411150,2008,24700,61303,36603
411150,2009,24700,60758,36058
411150,2010,31760,65482,33722
411150,2011,36500,72769,36269
411150,2012,39000,74338,35338
411150,2013,42000,75264,33264
411150,2014,45200,90526,45326
411150,2015,46250,90990,44740
411150,2016,49850,94098,44248
411150,2017,44500,85984,41484
411150,2018,45000,86437,41437
411150,2019,44500,85307,40807
411150,2020,44000,84742,40742
411150,2021,44500,85155,40655
411160,1988,6980,14518,7538
411160,1989,7000,13927,6927
411160,1990,6500,13151,6651
411160,1991,6800,11852,5052
411160,1992,6550,13690,7140
411160,1993,6010,10925,4915
411160,1994,6250,12896,6646
411160,1995,6200,11745,5545
411160,1996,6500,13351,6851
411160,1997,6950,14375,7425
411160,1998,7000,13975,6975
411160,1999,7840,16363,8523
411160,2000,8000,15546,7546
411160,2001,7900,16031,8131
411160,2002,8100,16023,7923
411160,2003,8300,16091,7791
411160,2004,8400,16293,7893
411160,2005,9400,17624,8224
411160,2006,8000,15473,7473
411160,2007,8000,15729,7729
411160,2008,7950,17230,9280
411160,2009,7950,15852,7902
411160,2010,7950,15863,7913
411160,2011,8030,16006,7976
411160,2012,8000,16020,8020
411160,2013,8025,16119,8094
411160,2014,8580,16818,8238
411160,2015,8307,16615,8308
411160,2016,8310,16607,8297
411160,2017,8300,16606,8306
411160,2018,8300,16418,8118
411160,2019,8300,16573,8273
411160,2020,8250,16591,8341
411160,2021,8200,16341,8141
411170,1988,0,5946,5946
411170,1989,0,5899,5899
411170,1990,0,5840,5840
411170,1991,0,5772,5772
411170,1992,0,5029,5029
411170,1993,0,5417,5417
411170,1994,0,4098,4098
411170,1995,0,3373,3373
411170,1996,0,4077,4077
411170,1997,0,3046,3046
411170,1998,0,3490,3490
411170,1999,0,3413,3413
411170,2000,0,3292,3292
411170,2001,0,3178,3178
411170,2002,0,3175,3175
411170,2003,0,3600,3600
411170,2004,307,4118,3811
411170,2005,550,4075,3525
411170,2006,350,4541,4191
411170,2007,350,4201,3851
411170,2008,400,4293,3893
411170,2009,750,4274,3524
411170,2010,1300,4462,3162
411170,2011,800,4378,3578
411170,2012,800,3942,3142
411170,2013,1200,4732,3532
411170,2014,1700,5196,3496
411170,2015,1700,5575,3875
411170,2016,1700,4925,3225
411170,2017,1700,5758,4058
411170,2018,1700,5761,4061
411170,2019,1700,5379,3679
411170,2020,1800,5214,3414
411170,2021,5100,9362,4262
411180,1988,1200,20752,19552
411180,1989,1400,24155,22755
411180,1990,1400,24510,23110
411180,1991,1000,24400,23400
411180,1992,1200,24951,23751
411180,1993,1320,19288,17968
411180,1994,1600,27962,26362
411180,1995,1750,24768,23018
411180,1996,1750,26439,24689
411180,1997,900,26577,25677
411180,1998,1500,26903,25403
411180,1999,1600,27224,25624
411180,2000,1900,27399,25499
411180,2001,2000,29294,27294
411180,2002,1500,28373,26873
411180,2003,1600,28186,26586
411180,2004,2825,30256,27431
411180,2005,3000,32437,29437
411180,2006,1800,29632,27832
411180,2007,3000,35012,32012
411180,2008,1500,32029,30529
411180,2009,0,30680,30680
411180,2010,4000,34445,30445
411180,2011,4500,35996,31496
411180,2012,4000,33713,29713
411180,2013,4100,35732,31632
411180,2014,4200,35504,31304
411180,2015,4500,35990,31490
411180,2016,5000,36175,31175
411180,2017,4900,35468,30568
411180,2018,5000,30746,25746
411180,2019,6200,33684,27484
411180,2020,5800,29379,23579
411180,2021,5800,30493,24693
411190,1988,2700,18171,15471
411190,1989,3450,17150,13700
411190,1990,3000,17298,14298
411190,1991,1880,16050,14170
411190,1992,1750,14556,12806
411190,1993,2200,13491,11291
411190,1994,3300,14020,10720
411190,1995,3100,12563,9463
411190,1996,3350,11277,7927
411190,1997,3750,10690,6940
411190,1998,1355,6623,5268
411190,1999,4715,11781,7066
411190,2000,4700,13491,8791
411190,2001,3700,10750,7050
411190,2002,3845,11224,7379
411190,2003,6150,15185,9035
411190,2004,5850,22698,16848
411190,2005,6350,19476,13126
411190,2006,7260,18879,11619
411190,2007,6680,18021,11341
411190,2008,4107,16952,12845
411190,2009,5039,15447,10408
411190,2010,5900,18643,12743
411190,2011,8500,23213,14713
411190,2012,6000,20839,14839
411190,2013,6600,20352,13752
411190,2014,5800,24635,18835
411190,2015,8400,24751,16351
411190,2016,9920,27400,17480
411190,2017,11610,31127,19517
411190,2018,12326,28555,16229
411190,2019,12470,28437,15967
411190,2020,12170,28121,15951
411190,2021,12170,30564,18394
411200,1988,1465,11374,9909
411200,1989,600,9359,8759
411200,1990,600,9799,9199
411200,1991,650,11393,10743
411200,1992,1000,11075,10075
411200,1993,1500,11636,10136
411200,1994,1500,13036,11536
411200,1995,1500,11198,9698
411200,1996,1000,9340,8340
411200,1997,1200,10783,9583
411200,1998,2200,11570,9370
411200,1999,3000,12971,9971
411200,2000,3030,14370,11340
411200,2001,3100,14120,11020
411200,2002,7000,16510,9510
411200,2003,7500,20901,13401
411200,2004,9000,30232,21232
411200,2005,14000,36785,22785
411200,2006,11000,25077,14077
411200,2007,13100,25661,12561
411200,2008,12500,23852,11352
411200,2009,10000,20913,10913
411200,2010,13000,23397,10397
411200,2011,14600,25723,11123
411200,2012,14110,24484,10374
411200,2013,14800,25731,10931
411200,2014,14650,29108,14458
411200,2015,15700,27667,11967
411200,2016,16100,27200,11100
411200,2017,15530,27401,11871
411200,2018,17000,27839,10839
411200,2019,24100,36467,12367
411200,2020,25800,38996,13196
411200,2021,26200,42976,16776
411210,1988,950,10858,9908
411210,1989,1900,11032,9132
411210,1990,1600,9576,7976
411210,1991,1000,9028,8028
411210,1992,300,7982,7682
411210,1993,1000,8029,7029
411210,1994,1000,8528,7528
411210,1995,250,7284,7034
411210,1996,950,8751,7801
411210,1997,800,7950,7150
411210,1998,1100,8410,7310
411210,1999,1000,8636,7636
411210,2000,1500,8164,6664
411210,2001,1300,7706,6406
411210,2002,2000,8335,6335
411210,2003,2500,9744,7244
411210,2004,2800,9777,6977
411210,2005,3200,9517,6317
411210,2006,2500,9773,7273
411210,2007,3300,10992,7692
411210,2008,2300,9443,7143
411210,2009,2900,9992,7092
411210,2010,3550,10567,7017
411210,2011,2800,8868,6068
411210,2012,3000,9432,6432
411210,2013,3200,10197,6997
411210,2014,3500,9890,6390
411210,2015,3800,10010,6210
411210,2016,4020,10685,6665
411210,2017,4200,10736,6536
411210,2018,3900,10162,6262
411210,2019,3950,9514,5564
411210,2020,4000,10073,6073
411210,2021,4100,10765,6665
411220,1988,8500,30007,21507
411220,1989,9000,26982,17982
411220,1990,8500,31119,22619
411220,1991,5000,28614,23614
411220,1992,7200,29004,21804
411220,1993,9000,26958,17958
411220,1994,10450,20717,10267
411220,1995,10030,22488,12458
411220,1996,10170,23591,13421
411220,1997,10500,21552,11052
411220,1998,11550,21065,9515
411220,1999,11900,19646,7746
411220,2000,11500,20524,9024
411220,2001,12000,21942,9942
411220,2002,22000,35024,13024
411220,2003,23480,41232,17752
411220,2004,26073,46115,20042
411220,2005,27000,39244,12244
411220,2006,23000,35606,12606
411220,2007,23000,34304,11304
411220,2008,25450,36217,10767
411220,2009,25450,38825,13375
411220,2010,25540,38208,12668
411220,2011,20500,37391,16891
411220,2012,20600,40158,19558
411220,2013,20700,42652,21952
411220,2014,21150,41883,20733
411220,2015,21900,40231,18331
411220,2016,22750,39641,16891
411220,2017,21750,36996,15246
411220,2018,20000,35190,15190
411220,2019,21500,38477,16977
411220,2020,21500,37914,16414
411220,2021,21500,36468,14968
411230,1988,0,7545,7545
411230,1989,36,7250,7214
411230,1990,40,7240,7200
411230,1991,0,7287,7287
411230,1992,0,5918,5918
411230,1993,0,7748,7748
411230,1994,0,3962,3962
411230,1995,0,3003,3003
411230,1996,0,4892,4892
411230,1997,0,2909,2909
411230,1998,0,3717,3717
411230,1999,0,3939,3939
411230,2000,0,3949,3949
411230,2001,190,5095,4905
411230,2002,200,5472,5272
411230,2003,250,6160,5910
411230,2004,800,7132,6332
411230,2005,2000,8453,6453
411230,2006,1300,8108,6808
411230,2007,1300,7795,6495
411230,2008,1300,8966,7666
411230,2009,950,6774,5824
411230,2010,1500,7155,5655
411230,2011,1800,8182,6382
411230,2012,2500,9071,6571
411230,2013,4000,10877,6877
411230,2014,4200,12333,8133
411230,2015,4500,13159,8659
411230,2016,5400,13180,7780
411230,2017,5500,15778,10278
411230,2018,5500,11798,6298
411230,2019,5200,10539,5339
411230,2020,5100,8999,3899
411230,2021,6400,11569,5169
411240,1988,3000,17580,14580
411240,1989,3500,16806,13306
411240,1990,3650,17655,14005
411240,1991,4360,16401,12041
411240,1992,4450,13260,8810
411240,1993,4350,13782,9432
411240,1994,4570,13208,8638
411240,1995,6000,15706,9706
411240,1996,6000,16165,10165
411240,1997,4600,12248,7648
411240,1998,5200,13716,8516
411240,1999,5500,14594,9094
411240,2000,6350,13815,7465
411240,2001,6000,14645,8645
411240,2002,6915,15461,8546
411240,2003,8000,17193,9193
411240,2004,8500,16636,8136
411240,2005,8600,14092,5492
411240,2006,7800,14235,6435
411240,2007,6500,15168,8668
411240,2008,6300,15648,9348
411240,2009,6300,14863,8563
411240,2010,8000,17088,9088
411240,2011,7000,16697,9697
411240,2012,7300,17650,10350
411240,2013,7700,27833,20133
411240,2014,8735,20066,11331
411240,2015,8800,19649,10849
411240,2016,9000,21182,12182
411240,2017,9050,21150,12100
411240,2018,9050,21164,12114
411240,2019,9050,21164,12114
411240,2020,9370,21484,12114
411240,2021,9050,21164,12114
411250,1988,2000,48633,46633
411250,1989,3000,39152,36152
411250,1990,2800,31757,28957
411250,1991,2400,30406,28006
411250,1992,2000,29008,27008
411250,1993,1880,25311,23431
411250,1994,2000,24606,22606
411250,1995,1600,21824,20224
411250,1996,2500,24767,22267
411250,1997,2500,24619,22119
411250,1998,4700,28740,24040
411250,1999,4300,28956,24656
411250,2000,5500,27153,21653
411250,2001,8500,29597,21097
411250,2002,7000,31532,24532
411250,2003,9000,31102,22102
411250,2004,10000,30744,20744
411250,2005,10150,29675,19525
411250,2006,10350,28523,18173
411250,2007,9600,27560,17960
411250,2008,9800,29013,19213
411250,2009,11200,27669,16469
411250,2010,13310,29246,15936
411250,2011,13310,26960,13650
411250,2012,13350,31855,18505
411250,2013,14000,29886,15886
411250,2014,14400,30599,16199
411250,2015,14850,30229,15379
411250,2016,16000,33003,17003
411250,2017,16000,33532,17532
411250,2018,16000,33778,17778
411250,2019,19300,37356,18056
411250,2020,16400,35414,19014
411250,2021,16000,33697,17697
411260,1988,0,1291,1291
411260,1989,50,916,866
411260,1990,97,1298,1201
411260,1991,0,1427,1427
411260,1992,128,1521,1393
411260,1993,143,1500,1357
411260,1994,180,1583,1403
411260,1995,150,1856,1706
411260,1996,100,1758,1658
411260,1997,0,1418,1418
411260,1998,600,2938,2338
411260,1999,1100,4028,2928
411260,2000,960,4268,3308
411260,2001,1000,3237,2237
411260,2002,1300,3571,2271
411260,2003,2000,4494,2494
411260,2004,3000,5344,2344
411260,2005,2000,5143,3143
411260,2006,1890,4308,2418
411260,2007,990,3014,2024
411260,2008,1058,4287,3229
411260,2009,1294,5395,4101
411260,2010,1205,6228,5023
411260,2011,1228,6260,5032
411260,2012,781,6433,5652
411260,2013,1450,5712,4262
411260,2014,1472,6167,4695
411260,2015,1472,6032,4560
411260,2016,1758,5253,3495
411260,2017,1758,6361,4603
411260,2018,2000,6843,4843
411260,2019,2300,7210,4910
411260,2020,1620,5631,4011
411260,2021,1620,5653,4033
411270,1988,4100,16876,12776
411270,1989,5300,15259,9959
411270,1990,5000,14783,9783
411270,1991,4800,14327,9527
411270,1992,4260,13787,9527
411270,1993,5880,16276,10396
411270,1994,4650,12057,7407
411270,1995,4850,12213,7363
411270,1996,5000,12375,7375
411270,1997,5560,11641,6081
411270,1998,5500,11710,6210
411270,1999,5300,11578,6278
411270,2000,5700,11628,5928
411270,2001,6000,11815,5815
411270,2002,6500,12048,5548
411270,2003,7500,15561,8061
411270,2004,7000,15486,8486
411270,2005,7000,14080,7080
411270,2006,5800,12770,6970
411270,2007,5700,12257,6557
411270,2008,5550,15491,9941
411270,2009,5600,14304,8704
411270,2010,6300,13781,7481
411270,2011,7340,13606,6266
411270,2012,7346,14716,7370
411270,2013,7700,12353,4653
411270,2014,7730,14203,6473
411270,2015,7730,12739,5009
411270,2016,8170,14452,6282
411270,2017,8250,14470,6220
411270,2018,8170,17888,9718
411270,2019,8200,17732,9532
411270,2020,7860,15890,8030
411270,2021,8200,17729,9529
411275,1988,2500,22121,19621
411275,1989,3000,18379,15379
411275,1990,3600,23361,19761
411275,1991,2800,22383,19583
411275,1992,2500,21186,18686
411275,1993,4300,18800,14500
411275,1994,6450,19268,12818
411275,1995,7000,17279,10279
411275,1996,7000,22941,15941
411275,1997,9000,23378,14378
411275,1998,8000,22324,14324
411275,1999,8500,22205,13705
411275,2000,8500,21945,13445
411275,2001,9000,22294,13294
411275,2002,10500,23390,12890
411275,2003,11000,24051,13051
411275,2004,11000,23335,12335
411275,2005,11200,22937,11737
411275,2006,11200,24842,13642
411275,2007,11700,22481,10781
411275,2008,11700,25816,14116
411275,2009,11500,25767,14267
411275,2010,12450,27688,15238
411275,2011,11500,27199,15699
411275,2012,11500,26793,15293
411275,2013,11500,27191,15691
411275,2014,12210,27727,15517
411275,2015,12220,27722,15502
411275,2016,12370,28218,15848
411275,2017,12850,28630,15780
411275,2018,12850,28664,15814
411275,2019,13100,28706,15606
411275,2020,13740,28759,15019
411275,2021,14440,28841,14401
411280,1988,0,9977,9977
411280,1989,0,9004,9004
411280,1990,0,8782,8782
411280,1991,0,6991,6991
411280,1992,0,7017,7017
411280,1993,0,6638,6638
411280,1994,24,6538,6514
411280,1995,24,5691,5667
411280,1996,68,5577,5509
411280,1997,68,3185,3117
411280,1998,70,3123,3053
411280,1999,70,3680,3610
411280,2000,70,3968,3898
411280,2001,65,4030,3965
411280,2002,70,4194,4124
411280,2003,90,4249,4159
411280,2004,90,4102,4012
411280,2005,260,4024,3764
411280,2006,165,4880,4715
411280,2007,165,5024,4859
411280,2008,60,6037,5977
411280,2009,73,5002,4929
411280,2010,285,4239,3954
411280,2011,680,6044,5364
411280,2012,680,5153,4473
411280,2013,800,5744,4944
411280,2014,1500,6828,5328
411280,2015,3700,11498,7798
411280,2016,2580,8777,6197
411280,2017,2500,8081,5581
411280,2018,2800,6614,3814
411280,2019,2278,4934,2656
411280,2020,2400,5336,2936
411280,2021,2400,5400,3000
411290,1988,0,5276,5276
411290,1989,0,5273,5273
411290,1990,0,5273,5273
411290,1991,0,4286,4286
411290,1992,0,4244,4244
411290,1993,0,3878,3878
411290,1994,20,4342,4322
411290,1995,20,4266,4246
411290,1996,20,4424,4404
411290,1997,100,4142,4042
411290,1998,100,4697,4597
411290,1999,100,5383,5283
411290,2000,150,5551,5401
411290,2001,600,5512,4912
411290,2002,600,6322,5722
411290,2003,1500,7917,6417
411290,2004,2400,9980,7580
411290,2005,3500,10178,6678
411290,2006,2600,8740,6140
411290,2007,2700,9387,6687
411290,2008,3500,12272,8772
411290,2009,4000,11081,7081
411290,2010,5200,12226,7026
411290,2011,6000,15474,9474
411290,2012,5500,15889,10389
411290,2013,6300,17740,11440
411290,2014,8000,18435,10435
411290,2015,10000,23269,13269
411290,2016,10100,22204,12104
411290,2017,10200,23099,12899
411290,2018,11000,17247,6247
411290,2019,9400,16415,7015
411290,2020,8800,14618,5818
411290,2021,8700,15220,6520
411295,1988,19000,49125,30125
411295,1989,21500,43003,21503
411295,1990,19600,47548,27948
411295,1991,16700,43763,27063
411295,1992,12242,35650,23408
411295,1993,15000,36334,21334
411295,1994,20120,41803,21683
411295,1995,18050,40793,22743
411295,1996,20600,43262,22662
411295,1997,19250,43672,24422
411295,1998,19300,45082,25782
411295,1999,20150,44252,24102
411295,2000,22150,52532,30382
411295,2001,19200,49717,30517
411295,2002,22200,45074,22874
411295,2003,26120,52485,26365
411295,2004,27000,49266,22266
411295,2005,27000,43677,16677
411295,2006,26110,50262,24152
411295,2007,26110,48532,22422
411295,2008,26780,55817,29037
411295,2009,27300,56920,29620
411295,2010,28200,50096,21896
411295,2011,29050,55761,26711
411295,2012,27850,54762,26912
411295,2013,27850,54390,26540
411295,2014,30050,56578,26528
411295,2015,30950,57603,26653
411295,2016,29500,54078,24578
411295,2017,29000,54706,25706
411295,2018,29484,49249,19765
411295,2019,29500,56882,27382
411295,2020,27500,54511,27011
411295,2021,27500,55732,28232
411300,1988,10000,24312,14312
411300,1989,10500,24182,13682
411300,1990,10500,23055,12555
411300,1991,12400,22411,10011
411300,1992,10250,20794,10544
411300,1993,10040,22011,11971
411300,1994,10060,22952,12892
411300,1995,10000,20828,10828
411300,1996,10000,21936,11936
411300,1997,8900,19297,10397
411300,1998,10000,22078,12078
411300,1999,10000,22757,12757
411300,2000,10300,21147,10847
411300,2001,10300,21924,11624
411300,2002,10800,22781,11981
411300,2003,11500,24501,13001
411300,2004,11800,24727,12927
411300,2005,11900,23005,11105
411300,2006,11500,24511,13011
411300,2007,10700,24957,14257
411300,2008,10000,24697,14697
411300,2009,10000,24345,14345
411300,2010,11100,27367,16267
411300,2011,10600,25301,14701
411300,2012,10600,25032,14432
411300,2013,10700,25730,15030
411300,2014,11835,26764,14929
411300,2015,11620,24241,12621
411300,2016,12050,26961,14911
411300,2017,11800,27124,15324
411300,2018,11800,27224,15424
411300,2019,11850,27174,15324
411300,2020,12100,27424,15324
411300,2021,11850,27174,15324
411310,1988,2320,17297,14977
411310,1989,3600,18728,15128
411310,1990,3280,16681,13401
411310,1991,2500,14735,12235
411310,1992,2100,12338,10238
411310,1993,3000,13276,10276
411310,1994,4000,14600,10600
411310,1995,4000,13544,9544
411310,1996,4200,14191,9991
411310,1997,5300,12987,7687
411310,1998,7200,14547,7347
411310,1999,7000,14276,7276
411310,2000,7100,14365,7265
411310,2001,7000,14039,7039
411310,2002,7500,15534,8034
411310,2003,8000,17022,9022
411310,2004,8500,17375,8875
411310,2005,9500,17054,7554
411310,2006,8600,16627,8027
411310,2007,9800,19403,9603
411310,2008,9100,19685,10585
411310,2009,9200,20361,11161
411310,2010,9300,18068,8768
411310,2011,9180,19646,10466
411310,2012,8700,19346,10646
411310,2013,9000,20384,11384
411310,2014,10000,21294,11294
411310,2015,10600,25970,15370
411310,2016,10500,23369,12869
411310,2017,10800,21809,11009
411310,2018,10900,21536,10636
411310,2019,10700,21213,10513
411310,2020,10750,22608,11858
411310,2021,10600,21787,11187
411320,1988,2500,40513,38013
411320,1989,2500,44020,41520
411320,1990,2500,30437,27937
411320,1991,1800,43608,41808
411320,1992,2000,43165,41165
411320,1993,3000,42145,39145
411320,1994,6000,46757,40757
411320,1995,2750,46794,44044
411320,1996,3050,47114,44064
411320,1997,5200,49099,43899
411320,1998,6500,48892,42392
411320,1999,8000,50592,42592
411320,2000,9000,49628,40628
411320,2001,10000,47513,37513
411320,2002,10600,47737,37137
411320,2003,18000,57258,39258
411320,2004,20000,59430,39430
411320,2005,21000,64113,43113
411320,2006,21000,63219,42219
411320,2007,23400,63559,40159
411320,2008,25200,70165,44965
411320,2009,25000,73103,48103
411320,2010,29480,66547,37067
411320,2011,32750,67470,34720
411320,2012,32823,62680,29857
411320,2013,41946,71911,29965
411320,2014,44500,70427,25927
411320,2015,50700,74441,23741
411320,2016,50350,67796,17446
411320,2017,53100,69400,16300
411320,2018,56600,74536,17936
411320,2019,56950,75420,18470
411320,2020,57000,74588,17588
411320,2021,58700,77947,19247
411330,1988,6500,89783,83283
411330,1989,8000,87872,79872
411330,1990,8500,88237,79737
411330,1991,7000,82103,75103
411330,1992,5500,80228,74728
411330,1993,5550,81546,75996
411330,1994,6900,81416,74516
411330,1995,8310,85260,76950
411330,1996,10980,78522,67542
411330,1997,8518,78976,70458
411330,1998,12145,69685,57540
411330,1999,12440,80064,67624
411330,2000,12960,96991,84031
411330,2001,11300,87687,76387
411330,2002,19610,97186,77576
411330,2003,22600,101960,79360
411330,2004,31590,103096,71506
411330,2005,37600,95760,58160
411330,2006,36900,103529,66629
411330,2007,39070,90548,51478
411330,2008,36810,92612,55802
411330,2009,37940,98732,60792
411330,2010,54873,93547,38674
411330,2011,47935,79617,31682
411330,2012,46900,77570,30670
411330,2013,52430,88032,35602
411330,2014,61980,92090,30110
411330,2015,64960,86643,21683
411330,2016,66750,89851,23101
411330,2017,63100,93086,29986
411330,2018,68800,96606,27806
411330,2019,72900,117171,44271
411330,2020,74070,120121,46051
411330,2021,75800,126773,50973
411340,1988,11000,29388,18388
411340,1989,11900,28911,17011
411340,1990,11500,27695,16195
411340,1991,10500,25925,15425
411340,1992,11300,24781,13481
411340,1993,12300,30300,18000
411340,1994,9400,31013,21613
411340,1995,12500,32658,20158
411340,1996,15000,34655,19655
411340,1997,16550,35996,19446
411340,1998,17020,36949,19929
411340,1999,16000,34970,18970
411340,2000,16500,43534,27034
411340,2001,17000,34981,17981
411340,2002,18000,34115,16115
411340,2003,19000,39811,20811
411340,2004,19000,41828,22828
411340,2005,18000,39293,21293
411340,2006,17500,33690,16190
411340,2007,17500,33668,16168
411340,2008,15650,38017,22367
411340,2009,15830,38411,22581
411340,2010,19350,39448,20098
411340,2011,19420,37486,18066
411340,2012,19600,38040,18440
411340,2013,20600,39984,19384
411340,2014,21320,39525,18205
411340,2015,22070,40124,18054
411340,2016,22750,40120,17370
411340,2017,22800,42906,20106
411340,2018,22730,44526,21796
411340,2019,21930,42309,20379
411340,2020,21720,44029,22309
411340,2021,21720,43639,21919
411345,1988,0,0,0
411345,1989,0,0,0
411345,1990,0,8717,8717
411345,1991,400,13022,12622
411345,1992,400,12941,12541
411345,1993,600,13074,12474
411345,1994,600,9993,9393
411345,1995,600,9542,8942
411345,1996,500,9054,8554
411345,1997,944,9142,8198
411345,1998,2400,8347,5947
411345,1999,2900,7762,4862
411345,2000,3150,8863,5713
411345,2001,2000,8964,6964
411345,2002,3000,9057,6057
411345,2003,3000,7564,4564
411345,2004,2000,7916,5916
411345,2005,3400,8758,5358
411345,2006,3650,6541,2891
411345,2007,5800,8606,2806
411345,2008,5825,9935,4110
411345,2009,6300,9424,3124
411345,2010,6400,10494,4094
411345,2011,6300,8910,2610
411345,2012,6260,10484,4224
411345,2013,6500,11665,5165
411345,2014,12550,16522,3972
411345,2015,12550,16932,4382
411345,2016,13012,17604,4592
411345,2017,6000,11481,5481
411345,2018,7333,14428,7095
411345,2019,9900,18303,8403
411345,2020,8000,14268,6268
411345,2021,7166,14267,7101
411350,1988,0,7222,7222
411350,1989,0,7014,7014
411350,1990,0,6466,6466
411350,1991,0,6081,6081
411350,1992,0,3857,3857
411350,1993,0,3403,3403
411350,1994,0,3543,3543
411350,1995,0,3218,3218
411350,1996,0,3357,3357
411350,1997,0,2954,2954
411350,1998,0,3382,3382
411350,1999,145,3877,3732
411350,2000,655,3146,2491
411350,2001,530,3287,2757
411350,2002,617,2861,2244
411350,2003,704,3678,2974
411350,2004,1506,6884,5378
411350,2005,1500,5478,3978
411350,2006,370,4446,4076
411350,2007,0,1953,1953
411350,2008,0,5503,5503
411350,2009,0,5328,5328
411350,2010,0,5654,5654
411350,2011,0,7782,7782
411350,2012,0,6402,6402
411350,2013,142,6687,6545
411350,2014,0,6600,6600
411350,2015,104,7102,6998
411350,2016,145,7255,7110
411350,2017,215,6818,6603
411350,2018,215,10185,9970
411350,2019,580,8966,8386
411350,2020,680,9499,8819
411350,2021,700,10530,9830
411360,1988,305,8802,8497
411360,1989,430,7358,6928
411360,1990,350,7992,7642
411360,1991,100,7712,7612
411360,1992,50,7260,7210
411360,1993,100,6382,6282
411360,1994,120,7151,7031
411360,1995,250,6357,6107
411360,1996,150,6887,6737
411360,1997,420,7459,7039
411360,1998,800,7627,6827
411360,1999,700,9638,8938
411360,2000,925,9064,8139
411360,2001,1342,9477,8135
411360,2002,1800,11613,9813
411360,2003,3200,12522,9322
411360,2004,4076,14941,10865
411360,2005,4700,15919,11219
411360,2006,4220,14568,10348
411360,2007,3310,14014,10704
411360,2008,3275,14663,11388
411360,2009,3050,12568,9518
411360,2010,3100,13729,10629
411360,2011,3300,13781,10481
411360,2012,3640,14761,11121
411360,2013,4070,16867,12797
411360,2014,4712,17905,13193
411360,2015,5400,18137,12737
411360,2016,5450,19377,13927
411360,2017,5220,19415,14195
411360,2018,5320,18567,13247
411360,2019,5720,18534,12814
411360,2020,5870,18274,12404
411360,2021,6400,20224,13824
411370,1988,28000,100748,72748
411370,1989,34056,100168,66112
411370,1990,30000,97534,67534
411370,1991,27600,90022,62422
411370,1992,25150,81939,56789
411370,1993,28000,75997,47997
411370,1994,29000,73852,44852
411370,1995,29500,78157,48657
411370,1996,30500,83354,52854
411370,1997,30500,78950,48450
411370,1998,32400,75782,43382
411370,1999,33426,76512,43086
411370,2000,32400,71737,39337
411370,2001,33380,86527,53147
411370,2002,43400,103599,60199
411370,2003,53293,115844,62551
411370,2004,51170,108259,57089
411370,2005,49520,110741,61221
411370,2006,51245,106316,55071
411370,2007,53200,110411,57211
411370,2008,53140,133021,79881
411370,2009,54500,141943,87443
411370,2010,59000,139053,80053
411370,2011,59000,132308,73308
411370,2012,55100,159060,103960
411370,2013,64800,155205,90405
411370,2014,64050,145820,81770
411370,2015,69000,145368,76368
411370,2016,66750,130901,64151
411370,2017,67900,128471,60571
411370,2018,68600,130084,61484
411370,2019,68100,126892,58792
411370,2020,80700,150229,69529
411370,2021,80700,154303,73603
411373,1988,0,0,0
411373,1989,42000,91999,49999
411373,1990,41000,87450,46450
411373,1991,38550,83757,45207
411373,1992,30100,80197,50097
411373,1993,31000,68093,37093
411373,1994,31500,58681,27181
411373,1995,31050,55106,24056
411373,1996,33120,61069,27949
411373,1997,34300,61450,27150
411373,1998,36300,65771,29471
411373,1999,36200,66530,30330
411373,2000,38090,73896,35806
411373,2001,35200,72544,37344
411373,2002,39300,78703,39403
411373,2003,39400,75312,35912
411373,2004,41000,79388,38388
411373,2005,41300,65516,24216
411373,2006,40300,66725,26425
411373,2007,42080,65994,23914
411373,2008,40400,69442,29042
411373,2009,41200,69623,28423
411373,2010,41650,64147,22497
411373,2011,45450,67454,22004
411373,2012,44200,67527,23327
411373,2013,41757,69897,28140
411373,2014,42700,79695,36995
411373,2015,42700,76067,33367
411373,2016,46180,72402,26222
411373,2017,42550,67145,24595
411373,2018,46200,75929,29729
411373,2019,46200,81085,34885
411373,2020,48000,83628,35628
411373,2021,47600,96164,48564
411375,1988,850,19593,18743
411375,1989,950,16560,15610
411375,1990,850,14832,13982
411375,1991,700,13656,12956
411375,1992,530,13285,12755
411375,1993,0,11084,11084
411375,1994,500,11143,10643
411375,1995,500,7828,7328
411375,1996,800,10108,9308
411375,1997,1200,9637,8437
411375,1998,2500,11695,9195
411375,1999,1700,11412,9712
411375,2000,2500,9395,6895
411375,2001,2587,13178,10591
411375,2002,3500,13984,10484
411375,2003,3000,12217,9217
411375,2004,3800,11313,7513
411375,2005,3850,10544,6694
411375,2006,3750,9960,6210
411375,2007,3500,9841,6341
411375,2008,3550,9128,5578
411375,2009,4000,8905,4905
411375,2010,4310,10155,5845
411375,2011,3500,6928,3428
411375,2012,3250,10512,7262
411375,2013,3740,8117,4377
411375,2014,4000,8559,4559
411375,2015,4500,8487,3987
411375,2016,5000,9045,4045
411375,2017,5000,9745,4745
411375,2018,5000,9486,4486
411375,2019,5000,9258,4258
411375,2020,5500,10750,5250
411375,2021,5700,10070,4370
411380,1988,200,2743,2543
411380,1989,380,3156,2776
411380,1990,480,3306,2826
411380,1991,150,2745,2595
411380,1992,100,2815,2715
411380,1993,250,2090,1840
411380,1994,160,2264,2104
411380,1995,960,3783,2823
411380,1996,1020,2870,1850
411380,1997,1020,3579,2559
411380,1998,1200,2713,1513
411380,1999,1496,2855,1359
411380,2000,1010,3491,2481
411380,2001,1100,3910,2810
411380,2002,1430,4586,3156
411380,2003,1900,4615,2715
411380,2004,2050,4805,2755
411380,2005,2358,4786,2428
411380,2006,2500,5158,2658
411380,2007,1800,4876,3076
411380,2008,2200,5277,3077
411380,2009,2500,6417,3917
411380,2010,2700,6480,3780
411380,2011,2700,7436,4736
411380,2012,3000,8304,5304
411380,2013,3050,7286,4236
411380,2014,3500,9075,5575
411380,2015,3410,9031,5621
411380,2016,3500,8194,4694
411380,2017,5000,10841,5841
411380,2018,4500,10149,5649
411380,2019,6000,11502,5502
411380,2020,6000,12378,6378
411380,2021,6000,11491,5491
411390,1988,500,16579,16079
411390,1989,500,18338,17838
411390,1990,700,19060,18360
411390,1991,520,18684,18164
411390,1992,500,18611,18111
411390,1993,800,18562,17762
411390,1994,900,18784,17884
411390,1995,1100,18876,17776
411390,1996,1200,18746,17546
411390,1997,1600,17854,16254
411390,1998,3000,18070,15070
411390,1999,2800,18771,15971
411390,2000,4400,22911,18511
411390,2001,4400,22674,18274
411390,2002,5400,23064,17664
411390,2003,6000,25840,19840
411390,2004,8875,26769,17894
411390,2005,7500,25524,18024
411390,2006,6500,24919,18419
411390,2007,6700,23824,17124
411390,2008,7000,24676,17676
411390,2009,7400,25493,18093
411390,2010,9260,23926,14666
411390,2011,11280,24447,13167
411390,2012,12300,25741,13441
411390,2013,13380,23471,10091
411390,2014,14700,25148,10448
411390,2015,15050,23900,8850
411390,2016,15850,24762,8912
411390,2017,15000,25779,10779
411390,2018,15500,23125,7625
411390,2019,15500,24320,8820
411390,2020,17650,25625,7975
411390,2021,16500,25242,8742
411400,1988,57000,115684,58684
411400,1989,58000,114342,56342
411400,1990,57000,110335,53335
411400,1991,50400,93410,43010
411400,1992,47250,95001,47751
411400,1993,47000,94248,47248
411400,1994,48000,85242,37242
411400,1995,48000,79102,31102
411400,1996,49200,84188,34988
411400,1997,50100,85228,35128
411400,1998,53400,98543,45143
411400,1999,53190,105031,51841
411400,2000,53150,112510,59360
411400,2001,52200,108051,55851
411400,2002,54000,105737,51737
411400,2003,54060,105534,51474
411400,2004,54400,102172,47772
411400,2005,54000,86822,32822
411400,2006,52300,91693,39393
411400,2007,53150,86721,33571
411400,2008,52050,92672,40622
411400,2009,52500,95941,43441
411400,2010,52860,90981,38121
411400,2011,57000,98194,41194
411400,2012,53300,94140,40840
411400,2013,53200,101096,47896
411400,2014,56000,101765,45765
411400,2015,56200,97913,41713
411400,2016,57400,93763,36363
411400,2017,55000,94761,39761
411400,2018,57500,97558,40058
411400,2019,58500,108557,50057
411400,2020,57000,106762,49762
411400,2021,57000,105153,48153
411410,1988,5100,18624,13524
411410,1989,5500,16421,10921
411410,1990,5350,15200,9850
411410,1991,5350,14673,9323
411410,1992,5310,15671,10361
411410,1993,5400,13618,8218
411410,1994,5600,15169,9569
411410,1995,5750,14655,8905
411410,1996,5600,13513,7913
411410,1997,6000,14712,8712
411410,1998,6000,15196,9196
411410,1999,5800,16488,10688
411410,2000,5700,18396,12696
411410,2001,6000,19527,13527
411410,2002,7350,18832,11482
411410,2003,8450,22177,13727
411410,2004,9100,22601,13501
411410,2005,10200,27637,17437
411410,2006,9200,24633,15433
411410,2007,8000,20987,12987
411410,2008,8150,23222,15072
411410,2009,8150,22395,14245
411410,2010,8300,21619,13319
411410,2011,8300,22553,14253
411410,2012,8300,21727,13427
411410,2013,8300,25156,16856
411410,2014,8650,25677,17027
411410,2015,8698,23222,14524
411410,2016,8910,26547,17637
411410,2017,11000,28904,17904
411410,2018,10000,25846,15846
411410,2019,11000,27504,16504
411410,2020,11230,27875,16645
411410,2021,12360,30204,17844
411420,1988,3800,13657,9857
411420,1989,4450,14659,10209
411420,1990,4830,15518,10688
411420,1991,4880,14776,9896
411420,1992,4830,13713,8883
411420,1993,5005,10767,5762
411420,1994,5200,12729,7529
411420,1995,5400,10175,4775
411420,1996,4000,9551,5551
411420,1997,4000,9437,5437
411420,1998,4500,9642,5142
411420,1999,4500,9349,4849
411420,2000,4650,9216,4566
411420,2001,4450,8311,3861
411420,2002,4650,9476,4826
411420,2003,4700,10703,6003
411420,2004,5000,13052,8052
411420,2005,5800,14328,8528
411420,2006,4200,10663,6463
411420,2007,4000,10797,6797
411420,2008,4000,10845,6845
411420,2009,3600,10577,6977
411420,2010,4100,9540,5440
411420,2011,4100,10231,6131
411420,2012,4400,11006,6606
411420,2013,3910,9686,5776
411420,2014,4200,10209,6009
411420,2015,4000,9724,5724
411420,2016,4450,11035,6585
411420,2017,5000,11709,6709
411420,2018,5150,11798,6648
411420,2019,5150,11424,6274
411420,2020,6500,14106,7606
411420,2021,7000,14483,7483
411430,1988,230,8436,8206
411430,1989,230,8463,8233
411430,1990,230,8860,8630
411430,1991,230,8563,8333
411430,1992,230,8566,8336
411430,1993,0,8106,8106
411430,1994,0,8755,8755
411430,1995,280,8930,8650
411430,1996,340,9141,8801
411430,1997,400,10009,9609
411430,1998,435,10149,9714
411430,1999,480,9887,9407
411430,2000,510,13962,13452
411430,2001,560,10263,9703
411430,2002,560,10366,9806
411430,2003,680,10846,10166
411430,2004,710,10899,10189
411430,2005,700,11317,10617
411430,2006,660,11386,10726
411430,2007,660,10964,10304
411430,2008,665,10898,10233
411430,2009,740,10577,9837
411430,2010,865,10143,9278
411430,2011,865,9964,9099
411430,2012,1602,10793,9191
411430,2013,1460,10774,9314
411430,2014,1520,9764,8244
411430,2015,1620,9296,7676
411430,2016,3010,10550,7540
411430,2017,3300,7420,4120
411430,2018,2300,7413,5113
411430,2019,2320,7197,4877
411430,2020,2373,7013,4640
411430,2021,2350,6683,4333
411440,1988,28000,65888,37888
411440,1989,34000,68540,34540
411440,1990,34200,77457,43257
411440,1991,30000,74142,44142
411440,1992,26000,72371,46371
411440,1993,30000,70675,40675
411440,1994,31700,69939,38239
411440,1995,29500,67179,37679
411440,1996,32920,77715,44795
411440,1997,36405,73903,37498
411440,1998,38200,67124,28924
411440,1999,38250,67352,29102
411440,2000,34400,74319,39919
411440,2001,34543,81421,46878
411440,2002,40085,85440,45355
411440,2003,41200,85079,43879
411440,2004,43700,87997,44297
411440,2005,49200,90687,41487
411440,2006,47550,88519,40969
411440,2007,51200,90670,39470
411440,2008,50500,90890,40390
411440,2009,49900,93566,43666
411440,2010,56200,83776,27576
411440,2011,54570,81172,26602
411440,2012,49600,81932,32332
411440,2013,52600,83213,30613
411440,2014,56000,90603,34603
411440,2015,59150,83686,24536
411440,2016,63350,83515,20165
411440,2017,62520,82471,19951
411440,2018,64500,79338,14838
411440,2019,66350,86456,20106
411440,2020,65750,93268,27518
411440,2021,63770,105016,41246
411450,1988,7200,46858,39658
411450,1989,7700,45083,37383
411450,1990,7500,33409,25909
411450,1991,5650,33159,27509
411450,1992,5300,33375,28075
411450,1993,3660,26649,22989
411450,1994,6500,28780,22280
411450,1995,6600,28676,22076
411450,1996,6000,28170,22170
411450,1997,5400,28789,23389
411450,1998,8000,27326,19326
411450,1999,6000,27174,21174
411450,2000,7000,24829,17829
411450,2001,9000,27654,18654
411450,2002,14000,34626,20626
411450,2003,13800,39570,25770
411450,2004,14000,32599,18599
411450,2005,14100,29083,14983
411450,2006,15500,31883,16383
411450,2007,15500,31681,16181
411450,2008,15600,35321,19721
411450,2009,15300,35031,19731
411450,2010,23000,40667,17667
411450,2011,23000,39807,16807
411450,2012,23000,38515,15515
411450,2013,23600,39401,15801
411450,2014,24000,42692,18692
411450,2015,24600,41791,17191
411450,2016,24800,40982,16182
411450,2017,24600,42707,18107
411450,2018,24600,42381,17781
411450,2019,24600,42376,17776
411450,2020,25500,43279,17779
411450,2021,26700,53754,27054
411460,1988,52000,142091,90091
411460,1989,51000,135815,84815
411460,1990,50000,137640,87640
411460,1991,44500,127407,82907
411460,1992,42850,121935,79085
411460,1993,47100,124930,77830
411460,1994,45070,122864,77794
411460,1995,46000,110817,64817
411460,1996,45462,97915,52453
411460,1997,46945,99746,52801
411460,1998,52660,104388,51728
411460,1999,45100,99236,54136
411460,2000,45600,113606,68006
411460,2001,44215,105487,61272
411460,2002,51800,107604,55804
411460,2003,54260,120266,66006
411460,2004,57575,118159,60584
411460,2005,56425,117723,61298
411460,2006,52550,105248,52698
411460,2007,51830,116641,64811
411460,2008,49430,113776,64346
411460,2009,50745,112261,61516
411460,2010,53800,111129,57329
411460,2011,54120,119509,65389
411460,2012,49310,116399,67089
411460,2013,50066,115965,65899
411460,2014,54885,115213,60328
411460,2015,56530,114498,57968
411460,2016,55720,115072,59352
411460,2017,54640,114387,59747
411460,2018,56910,112934,56024
411460,2019,55370,109879,54509
411460,2020,56170,110002,53832
411460,2021,56855,110699,53844
411470,1988,0,7298,7298
411470,1989,0,8873,8873
411470,1990,0,6507,6507
411470,1991,0,6281,6281
411470,1992,0,8255,8255
411470,1993,0,4024,4024
411470,1994,0,3461,3461
411470,1995,0,4155,4155
411470,1996,0,3761,3761
411470,1997,0,3690,3690
411470,1998,50,3989,3939
411470,1999,140,4131,3991
411470,2000,73,4718,4645
411470,2001,73,5963,5890
411470,2002,1064,6856,5792
411470,2003,2100,6088,3988
411470,2004,4000,7289,3289
411470,2005,4000,6910,2910
411470,2006,2500,6151,3651
411470,2007,800,4614,3814
411470,2008,580,5036,4456
411470,2009,580,4644,4064
411470,2010,125,5123,4998
411470,2011,476,5819,5343
411470,2012,476,6303,5827
411470,2013,476,4192,3716
411470,2014,476,5609,5133
411470,2015,100,5923,5823
411470,2016,152,6851,6699
411470,2017,152,5633,5481
411470,2018,310,7152,6842
411470,2019,350,4922,4572
411470,2020,720,7365,6645
411470,2021,350,6178,5828
411480,1988,23700,52411,28711
411480,1989,26600,55155,28555
411480,1990,24000,51696,27696
411480,1991,24000,45785,21785
411480,1992,23850,47837,23987
411480,1993,22070,37324,15254
411480,1994,22600,50858,28258
411480,1995,22850,49012,26162
411480,1996,24000,51840,27840
411480,1997,24500,51411,26911
411480,1998,25000,51604,26604
411480,1999,25500,52489,26989
411480,2000,26500,59498,32998
411480,2001,25500,54118,28618
411480,2002,26500,56266,29766
411480,2003,27600,60512,32912
411480,2004,28000,60205,32205
411480,2005,29850,58116,28266
411480,2006,24000,54099,30099
411480,2007,21500,51301,29801
411480,2008,22000,54024,32024
411480,2009,23636,54836,31200
411480,2010,23860,54125,30265
411480,2011,23330,53796,30466
411480,2012,23203,50506,27303
411480,2013,23360,52841,29481
411480,2014,23510,52241,28731
411480,2015,24010,52498,28488
411480,2016,24400,51790,27390
411480,2017,25000,53328,28328
411480,2018,25723,53456,27733
411480,2019,26500,53558,27058
411480,2020,27000,54913,27913
411480,2021,27000,54508,27508
411490,1988,11280,32793,21513
411490,1989,12074,33802,21728
411490,1990,11980,32331,20351
411490,1991,9000,28898,19898
411490,1992,7150,31204,24054
411490,1993,8200,28251,20051
411490,1994,6721,29336,22615
411490,1995,7100,33500,26400
411490,1996,10360,37127,26767
411490,1997,13050,36182,23132
411490,1998,13700,37570,23870
411490,1999,13100,39104,26004
411490,2000,13500,39082,25582
411490,2001,12300,39820,27520
411490,2002,14900,42357,27457
411490,2003,17100,49548,32448
411490,2004,18300,50901,32601
411490,2005,20950,51693,30743
411490,2006,18800,49611,30811
411490,2007,20900,51314,30414
411490,2008,20200,51309,31109
411490,2009,22300,53157,30857
411490,2010,22600,54269,31669
411490,2011,23650,53263,29613
411490,2012,22400,53842,31442
411490,2013,21700,52967,31267
411490,2014,23900,52733,28833
411490,2015,24500,53340,28840
411490,2016,26000,51705,25705
411490,2017,25300,50574,25274
411490,2018,26240,52216,25976
411490,2019,25700,52475,26775
411490,2020,26180,51431,25251
411490,2021,25550,52048,26498
411500,1988,0,6157,6157
411500,1989,0,5775,5775
411500,1990,0,6525,6525
411500,1991,0,6382,6382
411500,1992,0,5430,5430
411500,1993,0,6171,6171
411500,1994,70,6626,6556
411500,1995,100,5336,5236
411500,1996,0,4755,4755
411500,1997,0,4119,4119
411500,1998,0,4371,4371
411500,1999,0,5602,5602
411500,2000,0,5298,5298
411500,2001,0,6532,6532
411500,2002,145,6768,6623
411500,2003,167,6950,6783
411500,2004,150,7403,7253
411500,2005,500,6837,6337
411500,2006,0,6620,6620
411500,2007,0,4826,4826
411500,2008,0,3712,3712
411500,2009,0,6562,6562
411500,2010,0,5042,5042
411500,2011,0,5610,5610
411500,2012,27,5581,5554
411500,2013,120,5339,5219
411500,2014,280,5955,5675
411500,2015,480,6086,5606
411500,2016,790,5153,4363
411500,2017,850,6254,5404
411500,2018,508,5135,4627
411500,2019,470,4828,4358
411500,2020,424,5291,4867
411500,2021,410,5358,4948
411510,1988,1200,15134,13934
411510,1989,2000,13297,11297
411510,1990,1000,11747,10747
411510,1991,560,12791,12231
411510,1992,312,12216,11904
411510,1993,500,9298,8798
411510,1994,1500,9611,8111
411510,1995,1500,7776,6276
411510,1996,1250,9874,8624
411510,1997,2600,10480,7880
411510,1998,3200,10181,6981
411510,1999,3700,9495,5795
411510,2000,4000,10374,6374
411510,2001,4000,10488,6488
411510,2002,6800,12387,5587
411510,2003,10300,21974,11674
411510,2004,15000,30922,15922
411510,2005,16000,26541,10541
411510,2006,12000,22266,10266
411510,2007,12000,22581,10581
411510,2008,12073,30258,18185
411510,2009,12146,31391,19245
411510,2010,14190,30692,16502
411510,2011,13850,34123,20273
411510,2012,14330,34621,20291
411510,2013,16130,34288,18158
411510,2014,16440,36580,20140
411510,2015,16720,24788,8068
411510,2016,17200,37711,20511
411510,2017,17300,37778,20478
411510,2018,18500,39937,21437
411510,2019,18500,40591,22091
411510,2020,18500,39188,20688
411510,2021,18500,41343,22843
411520,1988,20000,44713,24713
411520,1989,21400,48650,27250
411520,1990,21150,47481,26331
411520,1991,21300,39677,18377
411520,1992,21300,46280,24980
411520,1993,21515,40389,18874
411520,1994,22150,47037,24887
411520,1995,22350,41281,18931
411520,1996,22500,40888,18388
411520,1997,22700,41362,18662
411520,1998,23040,40902,17862
411520,1999,23100,47912,24812
411520,2000,23200,46670,23470
411520,2001,22820,46518,23698
411520,2002,23600,46219,22619
411520,2003,24000,48122,24122
411520,2004,24000,47671,23671
411520,2005,25300,49526,24226
411520,2006,23200,44786,21586
411520,2007,22900,47487,24587
411520,2008,23500,49287,25787
411520,2009,23600,49289,25689
411520,2010,23900,47146,23246
411520,2011,24000,48154,24154
411520,2012,23510,48419,24909
411520,2013,23500,48362,24862
411520,2014,23525,48166,24641
411520,2015,23312,47974,24662
411520,2016,23300,47899,24599
411520,2017,24000,49537,25537
411520,2018,24000,49196,25196
411520,2019,24000,49161,25161
411520,2020,24000,49734,25734
411520,2021,24500,49918,25418
411530,1988,6330,18273,11943
411530,1989,7400,18277,10877
411530,1990,7160,18411,11251
411530,1991,6860,17561,10701
411530,1992,6000,17503,11503
411530,1993,7000,18453,11453
411530,1994,7700,18036,10336
411530,1995,7000,18015,11015
411530,1996,9200,18753,9553
411530,1997,10250,18114,7864
411530,1998,11660,18231,6571
411530,1999,11500,18328,6828
411530,2000,8095,17542,9447
411530,2001,7000,18115,11115
411530,2002,8575,18188,9613
411530,2003,8725,19304,10579
411530,2004,9650,19453,9803
411530,2005,8950,16467,7517
411530,2006,9200,18615,9415
411530,2007,11300,20678,9378
411530,2008,11500,20799,9299
411530,2009,11700,20497,8797
411530,2010,14100,21490,7390
411530,2011,13700,22822,9122
411530,2012,14800,21419,6619
411530,2013,14772,25216,10444
411530,2014,16200,26418,10218
411530,2015,17600,25748,8148
411530,2016,22150,27029,4879
411530,2017,13000,21479,8479
411530,2018,13500,21752,8252
411530,2019,13700,24739,11039
411530,2020,13600,24808,11208
411530,2021,13600,24338,10738
411550,1988,1200,9167,7967
411550,1989,2400,10464,8064
411550,1990,2020,9797,7777
411550,1991,1100,8598,7498
411550,1992,550,7567,7017
411550,1993,1000,7768,6768
411550,1994,600,7457,6857
411550,1995,600,6775,6175
411550,1996,340,7251,6911
411550,1997,500,8439,7939
411550,1998,750,8642,7892
411550,1999,850,7809,6959
411550,2000,800,7467,6667
411550,2001,600,7368,6768
411550,2002,800,7855,7055
411550,2003,1100,8242,7142
411550,2004,2800,8534,5734
411550,2005,3400,7653,4253
411550,2006,2800,7926,5126
411550,2007,3005,9061,6056
411550,2008,2050,7802,5752
411550,2009,2400,8559,6159
411550,2010,2600,8626,6026
411550,2011,2740,8431,5691
411550,2012,2800,8657,5857
411550,2013,3300,9184,5884
411550,2014,2770,8334,5564
411550,2015,2600,7741,5141
411550,2016,2900,8351,5451
411550,2017,3000,8567,5567
411550,2018,2904,8084,5180
411550,2019,3000,7947,4947
411550,2020,3000,7318,4318
411550,2021,3300,7886,4586
411560,1988,13000,45497,32497
411560,1989,15000,34797,19797
411560,1990,15000,33316,18316
411560,1991,12000,29850,17850
411560,1992,9850,30258,20408
411560,1993,12370,30838,18468
411560,1994,11800,29783,17983
411560,1995,11700,27994,16294
411560,1996,13650,27159,13509
411560,1997,8100,14977,6877
411560,1998,10300,17867,7567
411560,1999,10000,19345,9345
411560,2000,11060,22043,10983
411560,2001,10230,25891,15661
411560,2002,11500,25994,14494
411560,2003,11950,26200,14250
411560,2004,14050,26971,12921
411560,2005,14550,28347,13797
411560,2006,13100,29926,16826
411560,2007,14500,31722,17222
411560,2008,15195,33484,18289
411560,2009,16810,34432,17622
411560,2010,18740,33608,14868
411560,2011,17757,31165,13408
411560,2012,16033,29550,13517
411560,2013,17915,31969,14054
411560,2014,18577,32694,14117
411560,2015,18710,30660,11950
411560,2016,17800,35440,17640
411560,2017,15970,31333,15363
411560,2018,16610,32818,16208
411560,2019,15130,29766,14636
411560,2020,15490,31374,15884
411560,2021,15935,30776,14841
411570,1988,0,72,72
411570,1989,0,75,75
411570,1990,0,81,81
411570,1991,0,80,80
411570,1992,0,301,301
411570,1993,0,78,78
411570,1994,0,78,78
411570,1995,0,74,74
411570,1996,0,61,61
411570,1997,0,30,30
411570,1998,0,19,19
411570,1999,0,17,17
411570,2000,0,16,16
411570,2001,0,16,16
411570,2002,0,17,17
411570,2003,0,17,17
411570,2004,0,29,29
411570,2005,0,27,27
411570,2006,0,27,27
411570,2007,0,27,27
411570,2008,0,27,27
411570,2009,0,27,27
411570,2010,0,64,64
411570,2011,0,64,64
411570,2012,0,50,50
411570,2013,0,50,50
411570,2014,0,48,48
411570,2015,0,51,51
411570,2016,0,48,48
411570,2017,0,19,19
411570,2018,0,52,52
411570,2019,0,10,10
411570,2020,0,43,43
411570,2021,0,49,49
411580,1988,15000,44856,29856
411580,1989,19500,47323,27823
411580,1990,20000,45192,25192
411580,1991,18000,40551,22551
411580,1992,16120,36402,20282
411580,1993,17500,40579,23079
411580,1994,17050,40435,23385
411580,1995,18060,37497,19437
411580,1996,19060,45784,26724
411580,1997,16532,35116,18584
411580,1998,17604,39530,21926
411580,1999,18700,40794,22094
411580,2000,19500,40808,21308
411580,2001,18000,39917,21917
411580,2002,20000,43780,23780
411580,2003,22800,48593,25793
411580,2004,24200,42102,17902
411580,2005,24500,42138,17638
411580,2006,23850,41936,18086
411580,2007,23325,48666,25341
411580,2008,24035,48847,24812
411580,2009,25430,50031,24601
411580,2010,27750,46524,18774
411580,2011,24775,44813,20038
411580,2012,25250,48235,22985
411580,2013,25600,49030,23430
411580,2014,27230,48806,21576
411580,2015,27520,51942,24422
411580,2016,26405,52026,25621
411580,2017,26125,51224,25099
411580,2018,26155,51330,25175
411580,2019,28350,55843,27493
411580,2020,27595,50800,23205
411580,2021,26805,51216,24411
411590,1988,0,2464,2464
411590,1989,150,2705,2555
411590,1990,240,3368,3128
411590,1991,150,3967,3817
411590,1992,121,3284,3163
411590,1993,97,3774,3677
411590,1994,135,5602,5467
411590,1995,0,3358,3358
411590,1996,0,2161,2161
411590,1997,0,1548,1548
411590,1998,85,3738,3653
411590,1999,72,3820,3748
411590,2000,350,3762,3412
411590,2001,425,4195,3770
411590,2002,850,5587,4737
411590,2003,1050,6077,5027
411590,2004,3150,11158,8008
411590,2005,3450,9750,6300
411590,2006,2900,9283,6383
411590,2007,900,7451,6551
411590,2008,670,9247,8577
411590,2009,865,8474,7609
411590,2010,950,10521,9571
411590,2011,600,10824,10224
411590,2012,900,11217,10317
411590,2013,1380,9149,7769
411590,2014,1284,10566,9282
411590,2015,1842,11198,9356
411590,2016,1255,11131,9876
411590,2017,1580,11596,10016
411590,2018,1600,12809,11209
411590,2019,1600,12191,10591
411590,2020,2600,12413,9813
411590,2021,2600,10929,8329
411600,1988,4224,13238,9014
411600,1989,4800,13408,8608
411600,1990,4700,12935,8235
411600,1991,4115,13050,8935
411600,1992,3150,11098,7948
411600,1993,3800,9794,5994
411600,1994,4050,9899,5849
411600,1995,4000,9176,5176
411600,1996,3200,9584,6384
411600,1997,3700,10214,6514
411600,1998,5297,11120,5823
411600,1999,5318,11228,5910
411600,2000,4640,11638,6998
411600,2001,4820,10766,5946
411600,2002,5400,10638,5238
411600,2003,6370,16815,10445
411600,2004,6230,24210,17980
411600,2005,6271,21030,14759
411600,2006,6897,19723,12826
411600,2007,3477,17044,13567
411600,2008,5454,16403,10949
411600,2009,5493,16593,11100
411600,2010,5454,18042,12588
411600,2011,6425,15361,8936
411600,2012,6016,15175,9159
411600,2013,5505,13568,8063
411600,2014,8280,19788,11508
411600,2015,8450,21146,12696
411600,2016,8930,21995,13065
411600,2017,8837,24106,15269
411600,2018,8840,21962,13122
411600,2019,8914,20752,11838
411600,2020,9060,21623,12563
411600,2021,9060,23188,14128
411605,1988,9000,26627,17627
411605,1989,9500,27487,17987
411605,1990,9000,26256,17256
411605,1991,8000,27091,19091
411605,1992,8300,26761,18461
411605,1993,8500,25130,16630
411605,1994,8000,24289,16289
411605,1995,8200,24419,16219
411605,1996,9550,26930,17380
411605,1997,10132,28483,18351
411605,1998,12040,28728,16688
411605,1999,11500,29527,18027
411605,2000,12000,24292,12292
411605,2001,12150,26852,14702
411605,2002,12000,25049,13049
411605,2003,13000,27858,14858
411605,2004,13700,25821,12121
411605,2005,13500,23439,9939
411605,2006,13100,26289,13189
411605,2007,14500,29994,15494
411605,2008,15000,31081,16081
411605,2009,15320,31412,16092
411605,2010,15750,31676,15926
411605,2011,15394,31558,16164
411605,2012,15160,31412,16252
411605,2013,15210,30864,15654
411605,2014,15600,30900,15300
411605,2015,12650,26238,13588
411605,2016,12700,26008,13308
411605,2017,12780,26156,13376
411605,2018,13480,26499,13019
411605,2019,13550,27485,13935
411605,2020,13400,27224,13824
411605,2021,13430,27146,13716
411610,1988,1500,22697,21197
411610,1989,1500,19155,17655
411610,1990,800,20993,20193
411610,1991,300,21935,21635
411610,1992,300,22231,21931
411610,1993,1300,17033,15733
411610,1994,1200,12471,11271
411610,1995,1150,16179,15029
411610,1996,2000,17309,15309
411610,1997,1650,14353,12703
411610,1998,2000,14383,12383
411610,1999,2600,14685,12085
411610,2000,2200,13908,11708
411610,2001,3000,13732,10732
411610,2002,6300,18699,12399
411610,2003,10250,26169,15919
411610,2004,14000,32754,18754
411610,2005,15500,30333,14833
411610,2006,15000,33159,18159
411610,2007,15000,33690,18690
411610,2008,14000,35919,21919
411610,2009,15370,36423,21053
411610,2010,12300,26607,14307
411610,2011,12000,28501,16501
411610,2012,13000,26032,13032
411610,2013,13116,23287,10171
411610,2014,13100,24593,11493
411610,2015,13200,27381,14181
411610,2016,13500,24881,11381
411610,2017,13000,25467,12467
411610,2018,12200,24066,11866
411610,2019,13000,25116,12116
411610,2020,13100,26649,13549
411610,2021,13000,24270,11270
411620,1988,0,2119,2119
411620,1989,0,2198,2198
411620,1990,0,2229,2229
411620,1991,0,2289,2289
411620,1992,0,2081,2081
411620,1993,0,2286,2286
411620,1994,0,2243,2243
411620,1995,0,2155,2155
411620,1996,0,2012,2012
411620,1997,0,1994,1994
411620,1998,0,1940,1940
411620,1999,0,1750,1750
411620,2000,0,1684,1684
411620,2001,0,1658,1658
411620,2002,0,1500,1500
411620,2003,0,1475,1475
411620,2004,0,1301,1301
411620,2005,0,1428,1428
411620,2006,0,1405,1405
411620,2007,0,1436,1436
411620,2008,0,1516,1516
411620,2009,0,1449,1449
411620,2010,0,1372,1372
411620,2011,0,1148,1148
411620,2012,0,863,863
411620,2013,0,917,917
411620,2014,0,773,773
411620,2015,0,768,768
411620,2016,0,851,851
411620,2017,0,851,851
411620,2018,0,816,816
411620,2019,0,1504,1504
411620,2020,0,1567,1567
411620,2021,0,1476,1476
411630,1988,1000,8153,7153
411630,1989,1400,7976,6576
411630,1990,1000,8590,7590
411630,1991,800,6591,5791
411630,1992,815,5597,4782
411630,1993,600,3398,2798
411630,1994,700,3658,2958
411630,1995,700,3818,3118
411630,1996,800,4253,3453
411630,1997,1200,4119,2919
411630,1998,1500,4628,3128
411630,1999,1800,5278,3478
411630,2000,2900,7483,4583
411630,2001,3000,6988,3988
411630,2002,4000,9392,5392
411630,2003,5550,13367,7817
411630,2004,5960,13812,7852
411630,2005,6900,13171,6271
411630,2006,5000,11459,6459
411630,2007,3700,10831,7131
411630,2008,3500,10961,7461
411630,2009,3900,9564,5664
411630,2010,3900,11004,7104
411630,2011,4100,10897,6797
411630,2012,4000,11312,7312
411630,2013,4250,11192,6942
411630,2014,4300,11459,7159
411630,2015,4565,10354,5789
411630,2016,4900,11347,6447
411630,2017,5000,12007,7007
411630,2018,5000,11810,6810
411630,2019,5100,12166,7066
411630,2020,5800,13393,7593
411630,2021,6229,14493,8264
411640,1988,80,5549,5469
411640,1989,300,5203,4903
411640,1990,250,5102,4852
411640,1991,250,4580,4330
411640,1992,50,4393,4343
411640,1993,110,4645,4535
411640,1994,110,4149,4039
411640,1995,150,4531,4381
411640,1996,150,5307,5157
411640,1997,300,4142,3842
411640,1998,500,5319,4819
411640,1999,500,6372,5872
411640,2000,830,6347,5517
411640,2001,868,8733,7865
411640,2002,1300,8999,7699
411640,2003,1600,10474,8874
411640,2004,1955,10591,8636
411640,2005,2500,9699,7199
411640,2006,2500,9252,6752
411640,2007,1500,8432,6932
411640,2008,1200,8373,7173
411640,2009,1550,7388,5838
411640,2010,1200,7028,5828
411640,2011,1000,7774,6774
411640,2012,1100,9719,8619
411640,2013,1200,8772,7572
411640,2014,1300,10244,8944
411640,2015,1350,8877,7527
411640,2016,1460,9990,8530
411640,2017,1640,9790,8150
411640,2018,1400,8941,7541
411640,2019,1550,8832,7282
411640,2020,1580,10712,9132
411640,2021,1800,10792,8992
411650,1988,0,695,695
411650,1989,0,944,944
411650,1990,0,879,879
411650,1991,0,1069,1069
411650,1992,0,470,470
411650,1993,0,653,653
411650,1994,0,528,528
411650,1995,10,513,503
411650,1996,0,499,499
411650,1997,0,459,459
411650,1998,0,424,424
411650,1999,0,1182,1182
411650,2000,0,1569,1569
411650,2001,0,1657,1657
411650,2002,30,1200,1170
411650,2003,43,1625,1582
411650,2004,250,2538,2288
411650,2005,435,2366,1931
411650,2006,330,2309,1979
411650,2007,230,2596,2366
411650,2008,194,3814,3620
411650,2009,240,4055,3815
411650,2010,45,4793,4748
411650,2011,36,3975,3939
411650,2012,65,4017,3952
411650,2013,256,3931,3675
411650,2014,235,4274,4039
411650,2015,150,4235,4085
411650,2016,297,5456,5159
411650,2017,351,5902,5551
411650,2018,300,5059,4759
411650,2019,80,4439,4359
411650,2020,400,4835,4435
411650,2021,250,5536,5286
411660,1988,1500,8805,7305
411660,1989,2400,9551,7151
411660,1990,1800,9177,7377
411660,1991,1500,9305,7805
411660,1992,1600,8574,6974
411660,1993,2425,8135,5710
411660,1994,2000,5219,3219
411660,1995,2125,5374,3249
411660,1996,3000,8169,5169
411660,1997,4000,10125,6125
411660,1998,4500,10387,5887
411660,1999,4200,10250,6050
411660,2000,4600,11061,6461
411660,2001,4500,10750,6250
411660,2002,4700,10657,5957
411660,2003,3000,7927,4927
411660,2004,4000,10312,6312
411660,2005,5000,10841,5841
411660,2006,4700,9537,4837
411660,2007,4450,11087,6637
411660,2008,3950,10730,6780
411660,2009,4000,10388,6388
411660,2010,4684,10004,5320
411660,2011,4720,9770,5050
411660,2012,4800,10835,6035
411660,2013,5000,12341,7341
411660,2014,5400,11580,6180
411660,2015,5670,11916,6246
411660,2016,5560,12041,6481
411660,2017,5570,12164,6594
411660,2018,5600,12106,6506
411660,2019,5340,12004,6664
411660,2020,5980,13144,7164
411660,2021,5980,11844,5864
411670,1988,26600,62461,35861
411670,1989,29700,66122,36422
411670,1990,26300,60383,34083
411670,1991,22750,54293,31543
411670,1992,24500,57785,33285
411670,1993,29000,42767,13767
411670,1994,25500,45431,19931
411670,1995,25850,45668,19818
411670,1996,28700,59466,30766
411670,1997,31041,62109,31068
411670,1998,31100,59496,28396
411670,1999,29100,59369,30269
411670,2000,28500,59000,30500
411670,2001,25100,57711,32611
411670,2002,28350,53976,25626
411670,2003,29000,60242,31242
411670,2004,30000,55407,25407
411670,2005,30350,56566,26216
411670,2006,26400,52053,25653
411670,2007,28630,55929,27299
411670,2008,28150,63780,35630
411670,2009,30059,62118,32059
411670,2010,26280,53634,27354
411670,2011,31100,56965,25865
411670,2012,30911,62939,32028
411670,2013,30020,63497,33477
411670,2014,31675,63189,31514
411670,2015,31820,62131,30311
411670,2016,32345,64762,32417
411670,2017,32190,64452,32262
411670,2018,32480,64378,31898
411670,2019,33880,67923,34043
411670,2020,33950,66867,32917
411670,2021,34130,67876,33746
411680,1988,11000,32183,21183
411680,1989,13000,30999,17999
411680,1990,11000,31508,20508
411680,1991,8000,33005,25005
411680,1992,7000,28407,21407
411680,1993,8000,32731,24731
411680,1994,9500,27043,17543
411680,1995,9550,25418,15868
411680,1996,11050,27612,16562
411680,1997,13000,32011,19011
411680,1998,14000,26107,12107
411680,1999,15500,25306,9806
411680,2000,15000,26097,11097
411680,2001,14500,24608,10108
411680,2002,17000,24781,7781
411680,2003,18181,31422,13241
411680,2004,18300,27640,9340
411680,2005,18500,25337,6837
411680,2006,18100,30838,12738
411680,2007,18100,30551,12451
411680,2008,18200,26233,8033
411680,2009,18200,26264,8064
411680,2010,19240,25005,5765
411680,2011,19240,25783,6543
411680,2012,20150,32722,12572
411680,2013,22200,31813,9613
411680,2014,22500,30805,8305
411680,2015,22600,34113,11513
411680,2016,23250,35005,11755
411680,2017,22500,34409,11909
411680,2018,23450,36169,12719
411680,2019,24200,39494,15294
411680,2020,24500,40695,16195
411680,2021,24500,44311,19811
411690,1988,1640,6979,5339
411690,1989,1700,6855,5155
411690,1990,1700,6740,5040
411690,1991,1600,6045,4445
411690,1992,1500,5954,4454
411690,1993,1500,6272,4772
411690,1994,1500,5820,4320
411690,1995,1500,6168,4668
411690,1996,1000,6043,5043
411690,1997,1300,6205,4905
411690,1998,1500,6105,4605
411690,1999,1500,6860,5360
411690,2000,1950,6190,4240
411690,2001,2000,8050,6050
411690,2002,2700,8791,6091
411690,2003,2900,9305,6405
411690,2004,3752,12965,9213
411690,2005,4250,13545,9295
411690,2006,3500,13531,10031
411690,2007,2500,13294,10794
411690,2008,2250,15206,12956
411690,2009,2250,14550,12300
411690,2010,2382,15623,13241
411690,2011,2200,16565,14365
411690,2012,2203,16484,14281
411690,2013,2500,16711,14211
411690,2014,3185,16940,13755
411690,2015,3405,16860,13455
411690,2016,3809,17920,14111
411690,2017,3800,18005,14205
411690,2018,4000,17293,13293
411690,2019,3800,18257,14457
411690,2020,4000,17889,13889
411690,2021,6000,19057,13057
411700,1988,4800,14439,9639
411700,1989,6000,14641,8641
411700,1990,5800,15226,9426
411700,1991,5000,13768,8768
411700,1992,4612,13484,8872
411700,1993,4620,12888,8268
411700,1994,3900,9877,5977
411700,1995,2900,9568,6668
411700,1996,4500,12162,7662
411700,1997,5200,15450,10250
411700,1998,7500,17950,10450
411700,1999,6000,17915,11915
411700,2000,6500,19798,13298
411700,2001,7000,19204,12204
411700,2002,10000,21363,11363
411700,2003,8300,23361,15061
411700,2004,8800,25163,16363
411700,2005,8500,22780,14280
411700,2006,8000,20255,12255
411700,2007,7200,22835,15635
411700,2008,7300,25896,18596
411700,2009,7380,24596,17216
411700,2010,9500,24359,14859
411700,2011,9620,23698,14078
411700,2012,7800,22450,14650
411700,2013,8200,22786,14586
411700,2014,8290,25811,17521
411700,2015,14480,29768,15288
411700,2016,14285,29619,15334
411700,2017,14580,31668,17088
411700,2018,15220,31335,16115
411700,2019,14990,31207,16217
411700,2020,16220,33573,17353
411700,2021,16220,32063,15843
411710,1988,0,4637,4637
411710,1989,0,6367,6367
411710,1990,0,5796,5796
411710,1991,0,4214,4214
411710,1992,0,4020,4020
411710,1993,0,3797,3797
411710,1994,0,3886,3886
411710,1995,0,3929,3929
411710,1996,0,2697,2697
411710,1997,0,3017,3017
411710,1998,0,3540,3540
411710,1999,0,4086,4086
411710,2000,0,3896,3896
411710,2001,0,4519,4519
411710,2002,0,3637,3637
411710,2003,25,4935,4910
411710,2004,1161,5791,4630
411710,2005,387,5451,5064
411710,2006,530,5443,4913
411710,2007,0,7547,7547
411710,2008,0,4752,4752
411710,2009,0,7220,7220
411710,2010,0,4590,4590
411710,2011,0,6480,6480
411710,2012,0,5617,5617
411710,2013,36,4243,4207
411710,2014,60,6838,6778
411710,2015,70,6292,6222
411710,2016,186,6967,6781
411710,2017,190,7470,7280
411710,2018,107,7486,7379
411710,2019,125,6579,6454
411710,2020,312,6816,6504
411710,2021,250,7778,7528
411720,1988,0,3447,3447
411720,1989,0,2597,2597
411720,1990,0,2642,2642
411720,1991,0,2387,2387
411720,1992,0,2646,2646
411720,1993,17,2245,2228
411720,1994,0,2024,2024
411720,1995,35,3303,3268
411720,1996,0,2539,2539
411720,1997,0,2734,2734
411720,1998,70,1966,1896
411720,1999,70,2362,2292
411720,2000,0,3390,3390
411720,2001,0,2533,2533
411720,2002,120,2416,2296
411720,2003,280,2697,2417
411720,2004,350,2959,2609
411720,2005,350,2847,2497
411720,2006,250,2159,1909
411720,2007,0,2891,2891
411720,2008,0,3593,3593
411720,2009,0,2077,2077
411720,2010,0,3083,3083
411720,2011,0,2288,2288
411720,2012,0,2620,2620
411720,2013,0,3092,3092
411720,2014,0,3429,3429
411720,2015,0,2671,2671
411720,2016,0,3344,3344
411720,2017,266,4232,3966
411720,2018,200,4081,3881
411720,2019,106,3859,3753
411720,2020,220,3242,3022
411720,2021,220,3635,3415
411722,1988,8500,23080,14580
411722,1989,9000,21673,12673
411722,1990,9500,22883,13383
411722,1991,8200,20233,12033
411722,1992,8500,19668,11168
411722,1993,9500,20835,11335
411722,1994,9000,24427,15427
411722,1995,12900,26748,13848
411722,1996,14000,27278,13278
411722,1997,12500,25578,13078
411722,1998,11500,22401,10901
411722,1999,10820,24252,13432
411722,2000,10200,22450,12250
411722,2001,11200,24586,13386
411722,2002,11700,22593,10893
411722,2003,12300,26659,14359
411722,2004,12550,26669,14119
411722,2005,12650,21876,9226
411722,2006,10790,22322,11532
411722,2007,11250,26524,15274
411722,2008,12930,25831,12901
411722,2009,12800,25164,12364
411722,2010,14000,26154,12154
411722,2011,13200,26004,12804
411722,2012,12611,26270,13659
411722,2013,12991,28929,15938
411722,2014,13311,28390,15079
411722,2015,13860,28110,14250
411722,2016,13560,28462,14902
411722,2017,13530,28565,15035
411722,2018,13840,28473,14633
411722,2019,13591,26960,13369
411722,2020,13420,27039,13619
411722,2021,13420,27264,13844
411725,1988,6000,38317,32317
411725,1989,8000,41115,33115
411725,1990,8000,37601,29601
411725,1991,6500,31518,25018
411725,1992,6000,29355,23355
411725,1993,6000,28780,22780
411725,1994,6000,28719,22719
411725,1995,5000,29787,24787
411725,1996,6000,32547,26547
411725,1997,6500,29556,23056
411725,1998,9500,26636,17136
411725,1999,8000,24170,16170
411725,2000,8000,25009,17009
411725,2001,8000,27434,19434
411725,2002,10200,28158,17958
411725,2003,11000,29639,18639
411725,2004,13700,31587,17887
411725,2005,14000,29797,15797
411725,2006,12500,30780,18280
411725,2007,12000,32233,20233
411725,2008,10600,32773,22173
411725,2009,10960,33182,22222
411725,2010,14280,29799,15519
411725,2011,15400,28095,12695
411725,2012,14900,27988,13088
411725,2013,15000,30793,15793
411725,2014,15300,31099,15799
411725,2015,16050,29704,13654
411725,2016,16700,29447,12747
411725,2017,16500,29391,12891
411725,2018,15500,25596,10096
411725,2019,15000,25895,10895
411725,2020,15200,26795,11595
411725,2021,16300,33134,16834
411727,1988,0,0,0
411727,1989,40,25031,24991
411727,1990,90,27935,27845
411727,1991,50,29031,28981
411727,1992,50,26811,26761
411727,1993,150,21440,21290
411727,1994,180,19391,19211
411727,1995,150,17753,17603
411727,1996,50,17062,17012
411727,1997,100,17465,17365
411727,1998,200,16018,15818
411727,1999,200,14460,14260
411727,2000,400,13028,12628
411727,2001,600,10159,9559
411727,2002,1500,9878,8378
411727,2003,1800,10713,8913
411727,2004,2000,9145,7145
411727,2005,1850,8305,6455
411727,2006,1900,8763,6863
411727,2007,2000,8680,6680
411727,2008,3000,8635,5635
411727,2009,3100,8640,5540
411727,2010,3650,8831,5181
411727,2011,4000,9460,5460
411727,2012,4000,9834,5834
411727,2013,4700,14371,9671
411727,2014,7500,15495,7995
411727,2015,8500,18021,9521
411727,2016,8650,17762,9112
411727,2017,8500,17936,9436
411727,2018,8500,14518,6018
411727,2019,8500,14521,6021
411727,2020,9000,15021,6021
411727,2021,10400,21805,11405
411730,1988,0,66095,66095
411730,1989,1700,72904,71204
411730,1990,1700,73004,71304
411730,1991,2600,64172,61572
411730,1992,2500,57400,54900
411730,1993,2200,54950,52750
411730,1994,2000,54679,52679
411730,1995,2000,48050,46050
411730,1996,2000,37802,35802
411730,1997,2095,32833,30738
411730,1998,3200,21506,18306
411730,1999,4500,22650,18150
411730,2000,5000,24914,19914
411730,2001,4500,23734,19234
411730,2002,7500,29195,21695
411730,2003,10000,29804,19804
411730,2004,16000,40857,24857
411730,2005,20000,45613,25613
411730,2006,17500,39568,22068
411730,2007,23000,52032,29032
411730,2008,22000,55543,33543
411730,2009,25000,52525,27525
411730,2010,21600,41714,20114
411730,2011,24100,42143,18043
411730,2012,23100,44532,21432
411730,2013,30200,50694,20494
411730,2014,35350,54989,19639
411730,2015,36400,54110,17710
411730,2016,38400,55260,16860
411730,2017,40000,57229,17229
411730,2018,40000,55028,15028
411730,2019,39300,56925,17625
411730,2020,35400,54717,19317
411730,2021,35250,55989,20739
411740,1988,6800,19026,12226
411740,1989,7500,17629,10129
411740,1990,7400,16808,9408
411740,1991,8450,16963,8513
411740,1992,7400,18375,10975
411740,1993,7520,14494,6974
411740,1994,7700,17666,9966
411740,1995,8100,17405,9305
411740,1996,8500,17564,9064
411740,1997,9000,18572,9572
411740,1998,9200,18803,9603
411740,1999,9560,19345,9785
411740,2000,10100,20907,10807
411740,2001,10150,21962,11812
411740,2002,11050,22739,11689
411740,2003,12050,25194,13144
411740,2004,12200,24863,12663
411740,2005,13400,26619,13219
411740,2006,11500,24835,13335
411740,2007,11510,22929,11419
411740,2008,11250,24831,13581
411740,2009,11450,26400,14950
411740,2010,11700,24881,13181
411740,2011,11680,24637,12957
411740,2012,11530,25359,13829
411740,2013,11720,24817,13097
411740,2014,11710,24744,13034
411740,2015,11474,23930,12456
411740,2016,11500,24140,12640
411740,2017,11750,24724,12974
411740,2018,11800,24208,12408
411740,2019,11815,24433,12618
411740,2020,12934,26576,13642
411740,2021,13017,26628,13611
411745,1988,0,0,0
411745,1989,0,0,0
411745,1990,11000,29722,18722
411745,1991,7000,22805,15805
411745,1992,5500,21429,15929
411745,1993,7600,17765,10165
411745,1994,7500,18879,11379
411745,1995,7900,19305,11405
411745,1996,8000,21535,13535
411745,1997,8050,19323,11273
411745,1998,9000,17958,8958
411745,1999,9000,18311,9311
411745,2000,9300,17526,8226
411745,2001,9000,19035,10035
411745,2002,11000,20055,9055
411745,2003,11240,20481,9241
411745,2004,12700,22998,10298
411745,2005,12795,19900,7105
411745,2006,12770,21342,8572
411745,2007,12700,24116,11416
411745,2008,12650,26146,13496
411745,2009,12740,24183,11443
411745,2010,12870,19189,6319
411745,2011,12850,20492,7642
411745,2012,12630,25861,13231
411745,2013,12730,25740,13010
411745,2014,13300,23240,9940
411745,2015,13000,22755,9755
411745,2016,12780,23042,10262
411745,2017,12400,23757,11357
411745,2018,12780,24630,11850
411745,2019,12500,21935,9435
411745,2020,12700,24088,11388
411745,2021,12700,25380,12680
411750,1988,8150,20856,12706
411750,1989,8700,20864,12164
411750,1990,8550,19993,11443
411750,1991,8650,16139,7489
411750,1992,8500,18618,10118
411750,1993,8010,17193,9183
411750,1994,8200,22188,13988
411750,1995,8300,17623,9323
411750,1996,8700,18507,9807
411750,1997,9000,19951,10951
411750,1998,9450,20755,11305
411750,1999,9400,21166,11766
411750,2000,9600,21477,11877
411750,2001,9500,21108,11608
411750,2002,9640,21399,11759
411750,2003,9660,21718,12058
411750,2004,9685,21546,11861
411750,2005,10600,21608,11008
411750,2006,9400,20346,10946
411750,2007,9480,21390,11910
411750,2008,9400,21641,12241
411750,2009,9300,20946,11646
411750,2010,9410,22026,12616
411750,2011,9400,21467,12067
411750,2012,9400,22382,12982
411750,2013,9430,21620,12190
411750,2014,9300,21462,12162
411750,2015,9305,20855,11550
411750,2016,9300,21534,12234
411750,2017,9550,21775,12225
411750,2018,9550,21611,12061
411750,2019,9550,21821,12271
411750,2020,9550,21137,11587
411750,2021,10000,22733,12733
411760,1988,7500,18925,11425
411760,1989,8500,19336,10836
411760,1990,8500,19778,11278
411760,1991,8000,19223,11223
411760,1992,7000,19271,12271
411760,1993,8000,19523,11523
411760,1994,8500,21020,12520
411760,1995,7000,20289,13289
411760,1996,8000,21297,13297
411760,1997,7330,18199,10869
411760,1998,9580,21378,11798
411760,1999,10200,22029,11829
411760,2000,10000,24235,14235
411760,2001,10500,24968,14468
411760,2002,15800,29522,13722
411760,2003,19100,35847,16747
411760,2004,21300,37486,16186
411760,2005,22500,38266,15766
411760,2006,24500,37979,13479
411760,2007,28500,39493,10993
411760,2008,25500,39847,14347
411760,2009,33000,49808,16808
411760,2010,33000,47645,14645
411760,2011,37000,49717,12717
411760,2012,37500,47834,10334
411760,2013,40000,50786,10786
411760,2014,42000,51988,9988
411760,2015,45500,53889,8389
411760,2016,46000,54040,8040
411760,2017,46500,55194,8694
411760,2018,47800,55740,7940
411760,2019,48000,57233,9233
411760,2020,48500,57810,9310
411760,2021,48000,58564,10564
411770,1988,12000,45299,33299
411770,1989,13500,45592,32092
411770,1990,13000,44500,31500
411770,1991,10000,42903,32903
411770,1992,16500,51631,35131
411770,1993,18500,48882,30382
411770,1994,20000,53756,33756
411770,1995,21000,56356,35356
411770,1996,28000,63404,35404
411770,1997,30000,62582,32582
411770,1998,32000,58097,26097
411770,1999,32505,55979,23474
411770,2000,33005,59683,26678
411770,2001,34026,60408,26382
411770,2002,37700,65261,27561
411770,2003,40000,65834,25834
411770,2004,41755,69349,27594
411770,2005,45000,71276,26276
411770,2006,41000,68175,27175
411770,2007,43000,71816,28816
411770,2008,43000,81492,38492
411770,2009,42000,87575,45575
411770,2010,46500,80510,34010
411770,2011,50500,82297,31797
411770,2012,49500,78406,28906
411770,2013,51200,83600,32400
411770,2014,52200,90150,37950
411770,2015,52400,92398,39998
411770,2016,53450,85014,31564
411770,2017,50000,82305,32305
411770,2018,51000,81808,30808
411770,2019,51000,81284,30284
411770,2020,52100,84478,32378
411770,2021,51119,90403,39284
411780,1988,0,40400,40400
411780,1989,100,36124,36024
411780,1990,0,36601,36601
411780,1991,0,33454,33454
411780,1992,0,31092,31092
411780,1993,0,28640,28640
411780,1994,10,25996,25986
411780,1995,20,26708,26688
411780,1996,20,22425,22405
411780,1997,280,17640,17360
411780,1998,725,21896,21171
411780,1999,750,22174,21424
411780,2000,1560,22771,21211
411780,2001,660,20178,19518
411780,2002,1300,17105,15805
411780,2003,700,17153,16453
411780,2004,2670,17216,14546
411780,2005,3200,16956,13756
411780,2006,2500,16859,14359
411780,2007,2900,15114,12214
411780,2008,2650,14473,11823
411780,2009,3000,12237,9237
411780,2010,4550,12748,8198
411780,2011,4100,12689,8589
411780,2012,4350,13210,8860
411780,2013,4130,11213,7083
411780,2014,5450,10416,4966
411780,2015,5780,10370,4590
411780,2016,5400,9309,3909
411780,2017,6100,10725,4625
411780,2018,6100,11180,5080
411780,2019,6100,10804,4704
411780,2020,6500,10279,3779
411780,2021,7850,16030,8180
411790,1988,57000,141161,84161
411790,1989,63600,145935,82335
411790,1990,59000,137442,78442
411790,1991,58500,130303,71803
411790,1992,72500,137224,64724
411790,1993,71600,121426,49826
411790,1994,62550,126131,63581
411790,1995,71150,125319,54169
411790,1996,65600,127136,61536
411790,1997,66000,122283,56283
411790,1998,70400,138679,68279
411790,1999,58450,122163,63713
411790,2000,58380,131758,73378
411790,2001,59400,124269,64869
411790,2002,65000,122667,57667
411790,2003,64600,126526,61926
411790,2004,66300,127790,61490
411790,2005,64900,128724,63824
411790,2006,64900,122623,57723
411790,2007,67500,131278,63778
411790,2008,65800,129002,63202
411790,2009,68470,132998,64528
411790,2010,74600,130931,56331
411790,2011,65300,131597,66297
411790,2012,68900,133282,64382
411790,2013,73050,139021,65971
411790,2014,71700,135402,63702
411790,2015,71350,134856,63506
411790,2016,70280,143310,73030
411790,2017,67180,135580,68400
411790,2018,67630,133272,65642
411790,2019,68350,136032,67682
411790,2020,68170,135522,67352
411790,2021,68270,135823,67553
411800,1988,1200,7055,5855
411800,1989,1500,7011,5511
411800,1990,1700,7523,5823
411800,1991,1200,7260,6060
411800,1992,800,6377,5577
411800,1993,1030,7103,6073
411800,1994,390,6910,6520
411800,1995,270,5335,5065
411800,1996,200,8134,7934
411800,1997,0,5737,5737
411800,1998,350,6866,6516
411800,1999,600,7275,6675
411800,2000,1250,8466,7216
411800,2001,1500,8433,6933
411800,2002,2400,9309,6909
411800,2003,2000,10409,8409
411800,2004,2260,11227,8967
411800,2005,2600,10780,8180
411800,2006,2050,10282,8232
411800,2007,1900,10321,8421
411800,2008,2100,13453,11353
411800,2009,2200,11567,9367
411800,2010,2300,12355,10055
411800,2011,2100,12965,10865
411800,2012,2300,13718,11418
411800,2013,2800,13806,11006
411800,2014,2850,13697,10847
411800,2015,3745,13523,9778
411800,2016,3595,14220,10625
411800,2017,3445,13967,10522
411800,2018,3566,13817,10251
411800,2019,3760,13525,9765
411800,2020,4630,14659,10029
411800,2021,4000,13104,9104
411810,1988,48,5780,5732
411810,1989,105,6381,6276
411810,1990,35,7342,7307
411810,1991,0,7776,7776
411810,1992,0,7374,7374
411810,1993,0,8069,8069
411810,1994,0,8118,8118
411810,1995,0,8550,8550
411810,1996,0,8147,8147
411810,1997,225,8476,8251
411810,1998,150,8425,8275
411810,1999,150,10190,10040
411810,2000,250,11308,11058
411810,2001,150,12209,12059
411810,2002,360,13887,13527
411810,2003,726,16831,16105
411810,2004,730,17615,16885
411810,2005,970,18797,17827
411810,2006,996,18068,17072
411810,2007,900,18268,17368
411810,2008,890,14814,13924
411810,2009,985,13304,12319
411810,2010,900,18646,17746
411810,2011,866,19636,18770
411810,2012,936,19815,18879
411810,2013,1000,21182,20182
411810,2014,1100,20737,19637
411810,2015,1100,16613,15513
411810,2016,1000,19590,18590
411810,2017,1200,22382,21182
411810,2018,1600,22577,20977
411810,2019,1600,22371,20771
411810,2020,2000,21579,19579
411810,2021,2000,21932,19932
411820,1988,0,614,614
411820,1989,0,671,671
411820,1990,0,1178,1178
411820,1991,0,1189,1189
411820,1992,0,1166,1166
411820,1993,0,1208,1208
411820,1994,0,1198,1198
411820,1995,0,1235,1235
411820,1996,0,1278,1278
411820,1997,363,1631,1268
411820,1998,0,1256,1256
411820,1999,0,1173,1173
411820,2000,0,1157,1157
411820,2001,0,1112,1112
411820,2002,0,999,999
411820,2003,0,1045,1045
411820,2004,0,1034,1034
411820,2005,0,1028,1028
411820,2006,0,1060,1060
411820,2007,0,998,998
411820,2008,0,975,975
411820,2009,0,957,957
411820,2010,0,1032,1032
411820,2011,0,950,950
411820,2012,0,882,882
411820,2013,0,896,896
411820,2014,0,662,662
411820,2015,0,645,645
411820,2016,0,554,554
411820,2017,0,555,555
411820,2018,0,554,554
411820,2019,0,549,549
411820,2020,0,582,582
411820,2021,0,598,598
411830,1988,0,4522,4522
411830,1989,138,2908,2770
411830,1990,390,2071,1681
411830,1991,242,2028,1786
411830,1992,0,2071,2071
411830,1993,0,1828,1828
411830,1994,0,1147,1147
411830,1995,0,2484,2484
411830,1996,240,2478,2238
411830,1997,0,2460,2460
411830,1998,2500,5709,3209
411830,1999,500,3378,2878
411830,2000,600,2576,1976
411830,2001,1000,4032,3032
411830,2002,1330,2958,1628
411830,2003,1800,4135,2335
411830,2004,2000,4575,2575
411830,2005,1700,3632,1932
411830,2006,2180,5383,3203
411830,2007,847,5367,4520
411830,2008,1130,6368,5238
411830,2009,1130,5301,4171
411830,2010,1130,6800,5670
411830,2011,955,6673,5718
411830,2012,955,7327,6372
411830,2013,1000,6318,5318
411830,2014,1180,7472,6292
411830,2015,1100,6533,5433
411830,2016,2020,7640,5620
411830,2017,2310,9154,6844
411830,2018,2300,10156,7856
411830,2019,2600,8259,5659
411830,2020,2000,8273,6273
411830,2021,2430,9139,6709
411840,1988,0,11144,11144
411840,1989,0,12000,12000
411840,1990,0,11507,11507
411840,1991,0,9910,9910
411840,1992,0,8907,8907
411840,1993,0,9038,9038
411840,1994,0,9005,9005
411840,1995,0,9118,9118
411840,1996,0,6727,6727
411840,1997,244,6258,6014
411840,1998,72,6753,6681
411840,1999,72,7140,7068
411840,2000,0,6955,6955
411840,2001,0,6902,6902
411840,2002,10,6229,6219
411840,2003,235,7028,6793
411840,2004,1500,13076,11576
411840,2005,1000,10886,9886
411840,2006,600,11468,10868
411840,2007,500,9968,9468
411840,2008,200,16642,16442
411840,2009,200,17084,16884
411840,2010,170,15499,15329
411840,2011,212,19195,18983
411840,2012,302,19114,18812
411840,2013,295,20719,20424
411840,2014,280,22729,22449
411840,2015,400,24347,23947
411840,2016,727,26373,25646
411840,2017,390,27512,27122
411840,2018,390,24325,23935
411840,2019,411,23492,23081
411840,2020,400,22093,21693
411840,2021,400,21838,21438
411850,1988,20598,56321,35723
411850,1989,23050,53507,30457
411850,1990,22520,57254,34734
411850,1991,18000,51124,33124
411850,1992,16000,52462,36462
411850,1993,18600,52492,33892
411850,1994,19530,51163,31633
411850,1995,19530,52165,32635
411850,1996,24200,56825,32625
411850,1997,26000,53557,27557
411850,1998,29630,48900,19270
411850,1999,27295,46798,19503
411850,2000,22300,46455,24155
411850,2001,19880,48439,28559
411850,2002,24780,53030,28250
411850,2003,29600,55424,25824
411850,2004,31800,54882,23082
411850,2005,30100,50303,20203
411850,2006,26000,54486,28486
411850,2007,35150,59272,24122
411850,2008,30200,57300,27100
411850,2009,31350,75759,44409
411850,2010,36250,71689,35439
411850,2011,35800,71270,35470
411850,2012,31550,77056,45506
411850,2013,33650,84796,51146
411850,2014,34250,90971,56721
411850,2015,41940,79860,37920
411850,2016,44050,87856,43806
411850,2017,35050,81206,46156
411850,2018,41200,87413,46213
411850,2019,41750,88596,46846
411850,2020,42450,93045,50595
411850,2021,40600,94120,53520
411860,1988,3000,10448,7448
411860,1989,4500,11337,6837
411860,1990,4000,11446,7446
411860,1991,2500,9862,7362
411860,1992,2000,8863,6863
411860,1993,2500,10852,8352
411860,1994,2500,10806,8306
411860,1995,2750,11804,9054
411860,1996,3800,12627,8827
411860,1997,4100,11640,7540
411860,1998,4700,12800,8100
411860,1999,4500,14093,9593
411860,2000,4500,15365,10865
411860,2001,4500,15882,11382
411860,2002,5500,17285,11785
411860,2003,5500,17707,12207
411860,2004,6400,18756,12356
411860,2005,6600,17705,11105
411860,2006,6600,18107,11507
411860,2007,8100,18830,10730
411860,2008,7950,19085,11135
411860,2009,8950,20005,11055
411860,2010,10450,19041,8591
411860,2011,11700,20447,8747
411860,2012,11700,21436,9736
411860,2013,13500,21551,8051
411860,2014,16050,24569,8519
411860,2015,16000,23566,7566
411860,2016,15500,22257,6757
411860,2017,15000,22760,7760
411860,2018,15500,22140,6640
411860,2019,15500,21126,5626
411860,2020,17000,22803,5803
411860,2021,17700,24092,6392
411870,1988,2600,16453,13853
411870,1989,2990,14840,11850
411870,1990,2500,15057,12557
411870,1991,1600,11720,10120
411870,1992,2000,10788,8788
411870,1993,2500,12984,10484
411870,1994,2700,14503,11803
411870,1995,2970,15402,12432
411870,1996,3900,15857,11957
411870,1997,4162,14271,10109
411870,1998,5000,14929,9929
411870,1999,4500,14883,10383
411870,2000,4500,14341,9841
411870,2001,4500,14976,10476
411870,2002,4800,15619,10819
411870,2003,5200,15134,9934
411870,2004,7150,17638,10488
411870,2005,7000,17063,10063
411870,2006,6250,16957,10707
411870,2007,7900,17714,9814
411870,2008,8155,18133,9978
411870,2009,9000,19380,10380
411870,2010,11900,19891,7991
411870,2011,12800,20066,7266
411870,2012,13500,21046,7546
411870,2013,15100,22067,6967
411870,2014,15800,23129,7329
411870,2015,16600,22768,6168
411870,2016,17200,24502,7302
411870,2017,15600,23011,7411
411870,2018,16500,23618,7118
411870,2019,16400,22838,6438
411870,2020,17400,23788,6388
411870,2021,17200,23414,6214
411880,1988,18000,42013,24013
411880,1989,19000,42528,23528
411880,1990,18000,42316,24316
411880,1991,17000,35145,18145
411880,1992,16200,38110,21910
411880,1993,17000,34855,17855
411880,1994,17500,32750,15250
411880,1995,18000,30467,12467
411880,1996,18250,34745,16495
411880,1997,19200,35080,15880
411880,1998,20120,35218,15098
411880,1999,20100,35164,15064
411880,2000,15110,31323,16213
411880,2001,18130,33636,15506
411880,2002,19630,35588,15958
411880,2003,25130,47145,22015
411880,2004,25630,45540,19910
411880,2005,26300,39083,12783
411880,2006,25060,41399,16339
411880,2007,25050,43582,18532
411880,2008,25120,48175,23055
411880,2009,25350,44992,19642
411880,2010,20400,35978,15578
411880,2011,22650,40164,17514
411880,2012,22350,45031,22681
411880,2013,23167,47542,24375
411880,2014,25116,47080,21964
411880,2015,27688,55675,27987
411880,2016,27955,51554,23599
411880,2017,26450,51907,25457
411880,2018,25089,47757,22668
411880,2019,26240,46194,19954
411880,2020,28300,49292,20992
411880,2021,28300,56675,28375
411890,1988,0,17452,17452
411890,1989,0,16862,16862
411890,1990,0,10042,10042
411890,1991,0,10383,10383
411890,1992,0,7510,7510
411890,1993,0,7358,7358
411890,1994,0,5650,5650
411890,1995,0,5425,5425
411890,1996,0,3848,3848
411890,1997,0,3127,3127
411890,1998,0,3100,3100
411890,1999,0,3463,3463
411890,2000,0,3508,3508
411890,2001,0,4704,4704
411890,2002,48,4611,4563
411890,2003,480,6235,5755
411890,2004,1270,7680,6410
411890,2005,1515,7456,5941
411890,2006,1200,4855,3655
411890,2007,897,3426,2529
411890,2008,800,2712,1912
411890,2009,560,2648,2088
411890,2010,780,3004,2224
411890,2011,520,2309,1789
411890,2012,240,2636,2396
411890,2013,315,2685,2370
411890,2014,390,2880,2490
411890,2015,390,3109,2719
411890,2016,394,4592,4198
411890,2017,340,3384,3044
411890,2018,0,4691,4691
411890,2019,416,4372,3956
411890,2020,900,4733,3833
411890,2021,900,4372,3472
411900,1988,22500,63682,41182
411900,1989,23500,62037,38537
411900,1990,23500,61203,37703
411900,1991,19000,57277,38277
411900,1992,17500,60015,42515
411900,1993,20000,61741,41741
411900,1994,21000,59816,38816
411900,1995,15500,55750,40250
411900,1996,16700,58320,41620
411900,1997,18000,53763,35763
411900,1998,20700,51996,31296
411900,1999,18604,51613,33009
411900,2000,19630,54941,35311
411900,2001,19878,53688,33810
411900,2002,22779,55998,33219
411900,2003,25700,59708,34008
411900,2004,29600,57114,27514
411900,2005,29600,60135,30535
411900,2006,28450,57923,29473
411900,2007,28450,59730,31280
411900,2008,26330,58407,32077
411900,2009,24300,55354,31054
411900,2010,26000,53464,27464
411900,2011,26780,50751,23971
411900,2012,25610,51257,25647
411900,2013,26760,53914,27154
411900,2014,29550,57847,28297
411900,2015,29550,56430,26880
411900,2016,39150,66887,27737
411900,2017,30450,58537,28087
411900,2018,28100,52378,24278
411900,2019,28100,53214,25114
411900,2020,28680,60551,31871
411900,2021,30060,61460,31400
411910,1988,0,5666,5666
411910,1989,0,5588,5588
411910,1990,0,5457,5457
411910,1991,0,5556,5556
411910,1992,0,6037,6037
411910,1993,0,4778,4778
411910,1994,0,5805,5805
411910,1995,0,6324,6324
411910,1996,0,6208,6208
411910,1997,0,6640,6640
411910,1998,0,6784,6784
411910,1999,0,6631,6631
411910,2000,0,6964,6964
411910,2001,0,7234,7234
411910,2002,0,7122,7122
411910,2003,0,8077,8077
411910,2004,0,10178,10178
411910,2005,200,10109,9909
411910,2006,300,10479,10179
411910,2007,300,10460,10160
411910,2008,450,10510,10060
411910,2009,917,10677,9760
411910,2010,1035,10420,9385
411910,2011,1620,10450,8830
411910,2012,1620,10692,9072
411910,2013,2500,11937,9437
411910,2014,2800,12543,9743
411910,2015,3450,11929,8479
411910,2016,3650,11591,7941
411910,2017,3730,11112,7382
411910,2018,4000,11105,7105
411910,2019,4220,11075,6855
411910,2020,4455,10856,6401
411910,2021,4490,10969,6479
411920,1988,0,5928,5928
411920,1989,0,6502,6502
411920,1990,0,6355,6355
411920,1991,0,6668,6668
411920,1992,0,6819,6819
411920,1993,0,6833,6833
411920,1994,0,6397,6397
411920,1995,0,4359,4359
411920,1996,0,5899,5899
411920,1997,0,6410,6410
411920,1998,0,6565,6565
411920,1999,0,6816,6816
411920,2000,0,6523,6523
411920,2001,0,6095,6095
411920,2002,0,7420,7420
411920,2003,1300,9646,8346
411920,2004,1800,10786,8986
411920,2005,2100,10071,7971
411920,2006,1415,10009,8594
411920,2007,1415,10321,8906
411920,2008,2300,12770,10470
411920,2009,1032,11744,10712
411920,2010,1400,11214,9814
411920,2011,1600,12119,10519
411920,2012,2500,12545,10045
411920,2013,4000,12892,8892
411920,2014,4000,14002,10002
411920,2015,4000,14724,10724
411920,2016,4000,14618,10618
411920,2017,4000,15751,11751
411920,2018,4200,13752,9552
411920,2019,3400,9961,6561
411920,2020,3900,11470,7570
411920,2021,3900,13065,9165
411930,1988,30000,73029,43029
411930,1989,30000,67054,37054
411930,1990,27000,65949,38949
411930,1991,25800,71340,45540
411930,1992,22700,67424,44724
411930,1993,25000,70635,45635
411930,1994,26500,69555,43055
411930,1995,25800,69936,44136
411930,1996,29300,70078,40778
411930,1997,28900,69390,40490
411930,1998,31000,70990,39990
411930,1999,29200,71828,42628
411930,2000,27900,75083,47183
411930,2001,28000,79706,51706
411930,2002,31030,84008,52978
411930,2003,32200,86479,54279
411930,2004,33800,85953,52153
411930,2005,35000,84839,49839
411930,2006,35600,80915,45315
411930,2007,38700,84009,45309
411930,2008,36400,84864,48464
411930,2009,37100,86195,49095
411930,2010,39600,85765,46165
411930,2011,43900,89188,45288
411930,2012,40340,87642,47302
411930,2013,46300,96536,50236
411930,2014,45400,95090,49690
411930,2015,48300,92641,44341
411930,2016,52000,88303,36303
411930,2017,49650,87735,38085
411930,2018,52800,90534,37734
411930,2019,52720,90847,38127
411930,2020,54600,95104,40504
411930,2021,54800,100769,45969
411940,1988,4500,17062,12562
411940,1989,5000,14468,9468
411940,1990,4000,14531,10531
411940,1991,3500,14130,10630
411940,1992,3500,16348,12848
411940,1993,4500,20784,16284
411940,1994,5500,23072,17572
411940,1995,5500,21735,16235
411940,1996,5700,24804,19104
411940,1997,5900,24718,18818
411940,1998,6500,25709,19209
411940,1999,6500,26559,20059
411940,2000,7000,25496,18496
411940,2001,7300,28859,21559
411940,2002,8300,34184,25884
411940,2003,9500,34141,24641
411940,2004,12000,30094,18094
411940,2005,15000,38138,23138
411940,2006,22000,41774,19774
411940,2007,24000,41793,17793
411940,2008,23000,44116,21116
411940,2009,25000,46520,21520
411940,2010,29500,46883,17383
411940,2011,30550,56741,26191
411940,2012,29560,58703,29143
411940,2013,31350,60208,28858
411940,2014,32750,60095,27345
411940,2015,34500,59976,25476
411940,2016,36500,58567,22067
411940,2017,33130,57016,23886
411940,2018,36000,57250,21250
411940,2019,39300,62588,23288
411940,2020,37600,62402,24802
411940,2021,37300,62507,25207
411950,1988,50,1395,1345
411950,1989,50,1414,1364
411950,1990,0,868,868
411950,1991,0,878,878
411950,1992,0,801,801
411950,1993,0,1066,1066
411950,1994,0,867,867
411950,1995,0,918,918
411950,1996,0,931,931
411950,1997,0,802,802
411950,1998,0,946,946
411950,1999,0,926,926
411950,2000,0,940,940
411950,2001,0,1004,1004
411950,2002,0,903,903
411950,2003,0,900,900
411950,2004,85,970,885
411950,2005,100,920,820
411950,2006,80,913,833
411950,2007,80,863,783
411950,2008,70,925,855
411950,2009,100,890,790
411950,2010,150,883,733
411950,2011,150,861,711
411950,2012,150,973,823
411950,2013,150,935,785
411950,2014,150,849,699
411950,2015,150,870,720
411950,2016,160,880,720
411950,2017,170,1055,885
411950,2018,170,985,815
411950,2019,180,912,732
411950,2020,184,907,723
411950,2021,190,924,734
411960,1988,13000,165814,152814
411960,1989,17000,133797,116797
411960,1990,16000,138587,122587
411960,1991,16000,135776,119776
411960,1992,14000,125706,111706
411960,1993,15400,124333,108933
411960,1994,16350,125306,108956
411960,1995,14500,126567,112067
411960,1996,13350,131184,117834
411960,1997,22000,138593,116593
411960,1998,31300,138111,106811
411960,1999,32000,125689,93689
411960,2000,33500,119082,85582
411960,2001,43515,146148,102633
411960,2002,53600,159245,105645
411960,2003,56955,190151,133196
411960,2004,58300,164456,106156
411960,2005,60430,142852,82422
411960,2006,63450,154705,91255
411960,2007,60900,132938,72038
411960,2008,60300,124538,64238
411960,2009,64600,128634,64034
411960,2010,72960,118224,45264
411960,2011,75960,125482,49522
411960,2012,70060,126140,56080
411960,2013,76800,127844,51044
411960,2014,85400,139659,54259
411960,2015,88700,140810,52110
411960,2016,92000,140978,48978
411960,2017,89500,130754,41254
411960,2018,88550,127881,39331
411960,2019,88550,128270,39720
411960,2020,91200,135400,44200
411960,2021,95900,156075,60175
411970,1988,0,3044,3044
411970,1989,5,2068,2063
411970,1990,0,2259,2259
411970,1991,0,2108,2108
411970,1992,0,2319,2319
411970,1993,0,2148,2148
411970,1994,0,1714,1714
411970,1995,0,1977,1977
411970,1996,0,1227,1227
411970,1997,0,1497,1497
411970,1998,0,1800,1800
411970,1999,0,1921,1921
411970,2000,0,2120,2120
411970,2001,0,1860,1860
411970,2002,0,2057,2057
411970,2003,12,2040,2028
411970,2004,310,4380,4070
411970,2005,300,3886,3586
411970,2006,0,3762,3762
411970,2007,0,3277,3277
411970,2008,0,3709,3709
411970,2009,0,3735,3735
411970,2010,0,4644,4644
411970,2011,0,4355,4355
411970,2012,0,4186,4186
411970,2013,0,4291,4291
411970,2014,0,4984,4984
411970,2015,72,4618,4546
411970,2016,305,5138,4833
411970,2017,435,5489,5054
411970,2018,500,5964,5464
411970,2019,600,6072,5472
411970,2020,500,5219,4719
411970,2021,500,6469,5969
411980,1988,10700,35756,25056
411980,1989,11500,28554,17054
411980,1990,11000,31771,20771
411980,1991,8000,28491,20491
411980,1992,7000,27701,20701
411980,1993,8000,26263,18263
411980,1994,9500,25354,15854
411980,1995,10000,25885,15885
411980,1996,10000,26020,16020
411980,1997,10000,24404,14404
411980,1998,10000,21184,11184
411980,1999,9236,22344,13108
411980,2000,10424,24788,14364
411980,2001,10050,24570,14520
411980,2002,10500,23384,12884
411980,2003,11000,25484,14484
411980,2004,11800,24424,12624
411980,2005,13000,26941,13941
411980,2006,11400,25199,13799
411980,2007,12300,26007,13707
411980,2008,11700,24562,12862
411980,2009,12000,26113,14113
411980,2010,12500,23974,11474
411980,2011,12800,24395,11595
411980,2012,12430,23326,10896
411980,2013,12900,24896,11996
411980,2014,13100,24311,11211
411980,2015,13550,24868,11318
411980,2016,14000,24850,10850
411980,2017,13900,25137,11237
411980,2018,12800,23341,10541
411980,2019,12800,23273,10473
411980,2020,13100,23620,10520
411980,2021,14100,25229,11129
412000,1988,2150,15293,13143
412000,1989,2600,17172,14572
412000,1990,2600,16331,13731
412000,1991,3000,17768,14768
412000,1992,2050,16576,14526
412000,1993,1700,16272,14572
412000,1994,2000,16462,14462
412000,1995,2000,14597,12597
412000,1996,550,14186,13636
412000,1997,900,14220,13320
412000,1998,270,14534,14264
412000,1999,914,15863,14949
412000,2000,1000,15157,14157
412000,2001,1000,16139,15139
412000,2002,1100,15625,14525
412000,2003,1760,15777,14017
412000,2004,1940,18521,16581
412000,2005,2300,15482,13182
412000,2006,3360,14129,10769
412000,2007,1556,12370,10814
412000,2008,1155,4984,3829
412000,2009,828,7385,6557
412000,2010,1200,11610,10410
412000,2011,1300,11039,9739
412000,2012,1300,10669,9369
412000,2013,800,11018,10218
412000,2014,4500,16656,12156
412000,2015,2690,15608,12918
412000,2016,2300,14711,12411
412000,2017,2920,15514,12594
412000,2018,3300,14920,11620
412000,2019,3500,16765,13265
412000,2020,3500,16841,13341
412000,2021,3500,18125,14625
412010,1988,500,2900,2400
412010,1989,500,2332,1832
412010,1990,1000,2657,1657
412010,1991,700,2935,2235
412010,1992,700,3318,2618
412010,1993,900,3189,2289
412010,1994,120,2143,2023
412010,1995,900,2968,2068
412010,1996,1500,3703,2203
412010,1997,2000,4612,2612
412010,1998,2000,4697,2697
412010,1999,2500,5123,2623
412010,2000,2800,5959,3159
412010,2001,3600,7303,3703
412010,2002,4000,7200,3200
412010,2003,4500,7836,3336
412010,2004,4800,8241,3441
412010,2005,5000,8660,3660
412010,2006,4500,7435,2935
412010,2007,5000,8384,3384
412010,2008,5000,8932,3932
412010,2009,5300,9512,4212
412010,2010,6000,9232,3232
412010,2011,6200,9584,3384
412010,2012,6000,9220,3220
412010,2013,6940,10302,3362
412010,2014,6700,10567,3867
412010,2015,6800,10807,4007
412010,2016,6800,10572,3772
412010,2017,6400,10371,3971
412010,2018,6500,9544,3044
412010,2019,6500,9264,2764
412010,2020,6500,9304,2804
412010,2021,6887,10140,3253
412020,1988,0,3178,3178
412020,1989,0,1972,1972
412020,1990,0,2765,2765
412020,1991,0,2849,2849
412020,1992,0,2989,2989
412020,1993,0,2908,2908
412020,1994,0,2764,2764
412020,1995,0,1400,1400
412020,1996,0,1018,1018
412020,1997,0,888,888
412020,1998,0,1080,1080
412020,1999,0,1235,1235
412020,2000,0,1095,1095
412020,2001,34,1207,1173
412020,2002,63,1160,1097
412020,2003,68,1070,1002
412020,2004,111,734,623
412020,2005,111,1628,1517
412020,2006,50,1411,1361
412020,2007,0,851,851
412020,2008,0,1003,1003
412020,2009,0,1490,1490
412020,2010,0,1416,1416
412020,2011,0,2310,2310
412020,2012,0,1861,1861
412020,2013,116,1761,1645
412020,2014,116,1444,1328
412020,2015,0,1305,1305
412020,2016,0,960,960
412020,2017,0,866,866
412020,2018,0,976,976
412020,2019,0,665,665
412020,2020,150,843,693
412020,2021,150,597,447
412030,1988,0,2671,2671
412030,1989,0,2857,2857
412030,1990,0,2504,2504
412030,1991,0,2855,2855
412030,1992,0,2495,2495
412030,1993,0,2498,2498
412030,1994,0,3010,3010
412030,1995,0,2984,2984
412030,1996,0,3365,3365
412030,1997,0,3544,3544
412030,1998,0,3748,3748
412030,1999,0,3965,3965
412030,2000,0,3893,3893
412030,2001,0,4218,4218
412030,2002,10,4328,4318
412030,2003,70,4936,4866
412030,2004,100,5150,5050
412030,2005,110,5303,5193
412030,2006,70,4985,4915
412030,2007,100,5022,4922
412030,2008,100,5324,5224
412030,2009,200,5401,5201
412030,2010,250,4660,4410
412030,2011,200,3867,3667
412030,2012,250,4266,4016
412030,2013,400,3499,3099
412030,2014,400,3667,3267
412030,2015,400,2869,2469
412030,2016,400,2578,2178
412030,2017,400,3014,2614
412030,2018,400,2514,2114
412030,2019,400,2012,1612
412030,2020,400,2259,1859
412030,2021,400,2470,2070
412040,1988,200,4875,4675
412040,1989,350,5173,4823
412040,1990,300,4332,4032
412040,1991,450,5391,4941
412040,1992,450,4904,4454
412040,1993,400,5466,5066
412040,1994,400,5629,5229
412040,1995,400,5526,5126
412040,1996,450,5332,4882
412040,1997,0,4108,4108
412040,1998,350,3904,3554
412040,1999,420,4941,4521
412040,2000,732,5495,4763
412040,2001,750,4799,4049
412040,2002,1000,5712,4712
412040,2003,2370,7761,5391
412040,2004,2535,8950,6415
412040,2005,2800,7407,4607
412040,2006,2000,6668,4668
412040,2007,1200,7201,6001
412040,2008,1200,8488,7288
412040,2009,1100,7238,6138
412040,2010,1100,8069,6969
412040,2011,1100,9536,8436
412040,2012,1100,8723,7623
412040,2013,1200,9308,8108
412040,2014,1200,8694,7494
412040,2015,800,8214,7414
412040,2016,1220,9279,8059
412040,2017,1400,8924,7524
412040,2018,1760,8728,6968
412040,2019,1975,8230,6255
412040,2020,1975,8888,6913
412040,2021,1975,8813,6838
412050,1988,16790,39063,22273
412050,1989,16000,36931,20931
412050,1990,15500,37003,21503
412050,1991,17188,37515,20327
412050,1992,15400,38683,23283
412050,1993,16500,36404,19904
412050,1994,17200,35700,18500
412050,1995,17500,35397,17897
412050,1996,16000,32552,16552
412050,1997,16350,33032,16682
412050,1998,16500,32868,16368
412050,1999,17000,35119,18119
412050,2000,16500,24057,7557
412050,2001,17090,34913,17823
412050,2002,17500,35546,18046
412050,2003,18562,35536,16974
412050,2004,18750,36045,17295
412050,2005,18750,31252,12502
412050,2006,19000,36466,17466
412050,2007,19000,38206,19206
412050,2008,21780,44189,22409
412050,2009,17497,40199,22702
412050,2010,21887,44755,22868
412050,2011,21000,43227,22227
412050,2012,23200,46561,23361
412050,2013,23220,46805,23585
412050,2014,23100,46847,23747
412050,2015,23400,47097,23697
412050,2016,23325,46918,23593
412050,2017,23370,47028,23658
412050,2018,23380,46988,23608
412050,2019,23400,46825,23425
412050,2020,23400,46831,23431
412050,2021,23400,46599,23199
412060,1988,6000,74665,68665
412060,1989,5500,71298,65798
412060,1990,4100,65994,61894
412060,1991,2400,65610,63210
412060,1992,2500,66223,63723
412060,1993,2800,65332,62532
412060,1994,3700,65008,61308
412060,1995,3500,69637,66137
412060,1996,4500,64854,60354
412060,1997,6100,76445,70345
412060,1998,8520,74293,65773
412060,1999,8835,77762,68927
412060,2000,9507,73455,63948
412060,2001,10861,68554,57693
412060,2002,13100,82058,68958
412060,2003,14000,88718,74718
412060,2004,14950,80830,65880
412060,2005,15200,78789,63589
412060,2006,15000,97507,82507
412060,2007,17100,88038,70938
412060,2008,16300,88775,72475
412060,2009,17500,103762,86262
412060,2010,19940,85566,65626
412060,2011,20700,78337,57637
412060,2012,22100,82853,60753
412060,2013,23410,82148,58738
412060,2014,27200,82512,55312
412060,2015,29300,82748,53448
412060,2016,29900,80983,51083
412060,2017,28500,76936,48436
412060,2018,31500,83042,51542
412060,2019,30940,82680,51740
412060,2020,37100,89585,52485
412060,2021,37600,92186,54586
412070,1988,0,2395,2395
412070,1989,0,2189,2189
412070,1990,0,2283,2283
412070,1991,0,2203,2203
412070,1992,0,2183,2183
412070,1993,0,1202,1202
412070,1994,0,1173,1173
412070,1995,0,1317,1317
412070,1996,0,1432,1432
412070,1997,0,867,867
412070,1998,0,1061,1061
412070,1999,0,1592,1592
412070,2000,0,1365,1365
412070,2001,0,1705,1705
412070,2002,0,1784,1784
412070,2003,0,2795,2795
412070,2004,0,2836,2836
412070,2005,0,2837,2837
412070,2006,0,3292,3292
412070,2007,0,3434,3434
412070,2008,0,3604,3604
412070,2009,0,2596,2596
412070,2010,0,3365,3365
412070,2011,0,3744,3744
412070,2012,0,3765,3765
412070,2013,0,4019,4019
412070,2014,0,4133,4133
412070,2015,15,3566,3551
412070,2016,15,2888,2873
412070,2017,0,3376,3376
412070,2018,0,2801,2801
412070,2019,0,1792,1792
412070,2020,400,2245,1845
412070,2021,390,3027,2637
412080,1988,0,499,499
412080,1989,0,512,512
412080,1990,0,360,360
412080,1991,0,400,400
412080,1992,0,453,453
412080,1993,0,456,456
412080,1994,0,477,477
412080,1995,0,488,488
412080,1996,0,533,533
412080,1997,0,584,584
412080,1998,0,558,558
412080,1999,0,572,572
412080,2000,0,586,586
412080,2001,0,610,610
412080,2002,0,592,592
412080,2003,0,626,626
412080,2004,0,595,595
412080,2005,0,603,603
412080,2006,0,604,604
412080,2007,0,619,619
412080,2008,0,602,602
412080,2009,0,613,613
412080,2010,0,614,614
412080,2011,0,569,569
412080,2012,0,580,580
412080,2013,0,611,611
412080,2014,0,645,645
412080,2015,0,593,593
412080,2016,0,589,589
412080,2017,0,562,562
412080,2018,0,554,554
412080,2019,0,526,526
412080,2020,0,499,499
412080,2021,0,434,434
412090,1988,6250,41998,35748
412090,1989,8500,38425,29925
412090,1990,7800,42265,34465
412090,1991,7000,45000,38000
412090,1992,5200,18914,13714
412090,1993,5300,42236,36936
412090,1994,5800,43081,37281
412090,1995,6500,44688,38188
412090,1996,7800,41825,34025
412090,1997,11150,39534,28384
412090,1998,13320,38907,25587
412090,1999,12265,40937,28672
412090,2000,9870,41480,31610
412090,2001,9850,44873,35023
412090,2002,14000,48157,34157
412090,2003,15400,48143,32743
412090,2004,20500,48227,27727
412090,2005,19900,44371,24471
412090,2006,17050,48893,31843
412090,2007,18700,38124,19424
412090,2008,18670,38682,20012
412090,2009,22045,48940,26895
412090,2010,28230,41723,13493
412090,2011,21470,35252,13782
412090,2012,20200,37089,16889
412090,2013,23420,38825,15405
412090,2014,25650,42204,16554
412090,2015,28180,38553,10373
412090,2016,39900,50917,11017
412090,2017,26200,41487,15287
412090,2018,28800,42122,13322
412090,2019,31300,46618,15318
412090,2020,31880,47809,15929
412090,2021,33400,51574,18174
412100,1988,900,15019,14119
412100,1989,1200,13922,12722
412100,1990,660,9150,8490
412100,1991,700,10904,10204
412100,1992,520,14771,14251
412100,1993,1430,10525,9095
412100,1994,1000,9667,8667
412100,1995,1092,9365,8273
412100,1996,2140,12500,10360
412100,1997,2550,11708,9158
412100,1998,2900,11470,8570
412100,1999,1200,15016,13816
412100,2000,1800,17324,15524
412100,2001,1895,13314,11419
412100,2002,2050,11935,9885
412100,2003,2718,14064,11346
412100,2004,6000,20998,14998
412100,2005,6000,22516,16516
412100,2006,6000,21282,15282
412100,2007,3500,14900,11400
412100,2008,3800,15043,11243
412100,2009,4800,18867,14067
412100,2010,4800,19875,15075
412100,2011,4800,20814,16014
412100,2012,4800,19480,14680
412100,2013,5300,19762,14462
412100,2014,5300,18976,13676
412100,2015,6000,23240,17240
412100,2016,7500,23363,15863
412100,2017,9300,28811,19511
412100,2018,8902,28943,20041
412100,2019,11000,29798,18798
412100,2020,12200,28552,16352
412100,2021,13000,31648,18648
412110,1988,9200,24218,15018
412110,1989,9400,24942,15542
412110,1990,9000,25529,16529
412110,1991,7800,22065,14265
412110,1992,7050,23512,16462
412110,1993,8000,22985,14985
412110,1994,9300,21756,12456
412110,1995,9700,20328,10628
412110,1996,9000,20470,11470
412110,1997,13100,25504,12404
412110,1998,14120,26499,12379
412110,1999,14080,28594,14514
412110,2000,13500,25673,12173
412110,2001,13680,28133,14453
412110,2002,15180,30143,14963
412110,2003,16680,33619,16939
412110,2004,17650,34775,17125
412110,2005,16500,31912,15412
412110,2006,16000,34920,18920
412110,2007,16000,36847,20847
412110,2008,16266,39394,23128
412110,2009,16475,39856,23381
412110,2010,17525,36079,18554
412110,2011,19009,41710,22701
412110,2012,19691,35649,15958
412110,2013,19020,41804,22784
412110,2014,19520,40888,21368
412110,2015,19790,41330,21540
412110,2016,19820,40490,20670
412110,2017,20550,41991,21441
412110,2018,21600,44559,22959
412110,2019,21500,42915,21415
412110,2020,22400,43725,21325
412110,2021,22400,42451,20051
412120,1988,0,14920,14920
412120,1989,0,14625,14625
412120,1990,0,14641,14641
412120,1991,0,14565,14565
412120,1992,0,15032,15032
412120,1993,0,14323,14323
412120,1994,0,16218,16218
412120,1995,0,15084,15084
412120,1996,0,15171,15171
412120,1997,0,15585,15585
412120,1998,0,16857,16857
412120,1999,0,17369,17369
412120,2000,0,18847,18847
412120,2001,0,17390,17390
412120,2002,0,17457,17457
412120,2003,80,19587,19507
412120,2004,120,15848,15728
412120,2005,300,20935,20635
412120,2006,300,22528,22228
412120,2007,300,20630,20330
412120,2008,500,24602,24102
412120,2009,1500,23876,22376
412120,2010,2060,21975,19915
412120,2011,2360,19512,17152
412120,2012,2925,19913,16988
412120,2013,7300,20688,13388
412120,2014,8000,20658,12658
412120,2015,9350,22693,13343
412120,2016,8980,18669,9689
412120,2017,9050,20103,11053
412120,2018,10250,21253,11003
412120,2019,10830,21614,10784
412120,2020,10975,21851,10876
412120,2021,11180,21695,10515
412130,1988,8200,18810,10610
412130,1989,8100,18146,10046
412130,1990,7800,16572,8772
412130,1991,6750,15977,9227
412130,1992,6800,19953,13153
412130,1993,7100,16315,9215
412130,1994,10080,21205,11125
412130,1995,10120,16509,6389
412130,1996,11000,22127,11127
412130,1997,11050,22138,11088
412130,1998,11010,22524,11514
412130,1999,9500,22497,12997
412130,2000,10000,20088,10088
412130,2001,10000,20981,10981
412130,2002,10700,20625,9925
412130,2003,12400,25430,13030
412130,2004,12000,25385,13385
412130,2005,12000,21902,9902
412130,2006,11500,19394,7894
412130,2007,11000,21679,10679
412130,2008,10600,23324,12724
412130,2009,10750,21130,10380
412130,2010,11465,21822,10357
412130,2011,12602,24035,11433
412130,2012,12800,26062,13262
412130,2013,13000,26571,13571
412130,2014,13185,25462,12277
412130,2015,13470,25273,11803
412130,2016,13470,25050,11580
412130,2017,13460,25483,12023
412130,2018,13490,26092,12602
412130,2019,13590,28206,14616
412130,2020,12930,25865,12935
412130,2021,12930,25481,12551
412140,1988,10000,30454,20454
412140,1989,11000,29929,18929
412140,1990,11000,31797,20797
412140,1991,11000,31363,20363
412140,1992,9000,33138,24138
412140,1993,11000,33412,22412
412140,1994,12000,31858,19858
412140,1995,11000,30458,19458
412140,1996,12000,32996,20996
412140,1997,10000,28309,18309
412140,1998,10500,26079,15579
412140,1999,10000,27735,17735
412140,2000,9504,28970,19466
412140,2001,10014,31675,21661
412140,2002,12300,30963,18663
412140,2003,14800,36003,21203
412140,2004,15300,30326,15026
412140,2005,16000,32233,16233
412140,2006,13500,31209,17709
412140,2007,14000,30471,16471
412140,2008,13800,29993,16193
412140,2009,14000,29316,15316
412140,2010,16000,31674,15674
412140,2011,16200,32970,16770
412140,2012,15600,31649,16049
412140,2013,16050,33505,17455
412140,2014,17100,34581,17481
412140,2015,17900,35062,17162
412140,2016,18200,35174,16974
412140,2017,17600,36311,18711
412140,2018,16200,30930,14730
412140,2019,16000,32076,16076
412140,2020,16280,32559,16279
412140,2021,16400,36159,19759
412150,1988,1500,16185,14685
412150,1989,1500,16142,14642
412150,1990,1500,15584,14084
412150,1991,1000,15755,14755
412150,1992,1000,16066,15066
412150,1993,1200,16310,15110
412150,1994,1500,20275,18775
412150,1995,1500,20825,19325
412150,1996,1900,20747,18847
412150,1997,2000,22061,20061
412150,1998,3625,23000,19375
412150,1999,5000,24118,19118
412150,2000,6001,24362,18361
412150,2001,6205,23751,17546
412150,2002,8000,24904,16904
412150,2003,8000,28673,20673
412150,2004,10225,31616,21391
412150,2005,7775,32269,24494
412150,2006,7500,32355,24855
412150,2007,8700,30065,21365
412150,2008,9025,31574,22549
412150,2009,9900,32973,23073
412150,2010,14230,35670,21440
412150,2011,15300,34284,18984
412150,2012,16850,30459,13609
412150,2013,19500,37355,17855
412150,2014,21785,38441,16656
412150,2015,24950,41208,16258
412150,2016,26500,42139,15639
412150,2017,24500,39712,15212
412150,2018,25000,38987,13987
412150,2019,25000,37223,12223
412150,2020,26750,41103,14353
412150,2021,25000,39343,14343
412160,1988,17000,38323,21323
412160,1989,17000,37271,20271
412160,1990,16000,36557,20557
412160,1991,12000,34820,22820
412160,1992,8000,30746,22746
412160,1993,12000,31999,19999
412160,1994,14000,31737,17737
412160,1995,12000,32070,20070
412160,1996,14000,31758,17758
412160,1997,15000,32718,17718
412160,1998,17000,32785,15785
412160,1999,17000,32361,15361
412160,2000,15030,33962,18932
412160,2001,11335,35636,24301
412160,2002,19200,38226,19026
412160,2003,16300,41080,24780
412160,2004,17000,39099,22099
412160,2005,16500,36915,20415
412160,2006,17000,40273,23273
412160,2007,20000,38795,18795
412160,2008,21000,41913,20913
412160,2009,20350,46306,25956
412160,2010,26700,41692,14992
412160,2011,25200,40227,15027
412160,2012,23300,39952,16652
412160,2013,25000,43040,18040
412160,2014,24600,48931,24331
412160,2015,26300,46847,20547
412160,2016,31800,44893,13093
412160,2017,23000,51317,28317
412160,2018,23000,40670,17670
412160,2019,22900,44772,21872
412160,2020,23400,45663,22263
412160,2021,24300,54968,30668
412170,1988,0,33055,33055
412170,1989,1250,42706,41456
412170,1990,1050,45900,44850
412170,1991,800,47556,46756
412170,1992,800,50925,50125
412170,1993,1000,49582,48582
412170,1994,1100,54282,53182
412170,1995,1170,52415,51245
412170,1996,1170,54259,53089
412170,1997,1580,52593,51013
412170,1998,3500,56658,53158
412170,1999,3800,58755,54955
412170,2000,4050,58335,54285
412170,2001,3650,56108,52458
412170,2002,7500,63007,55507
412170,2003,8200,68446,60246
412170,2004,12750,72481,59731
412170,2005,23230,84160,60930
412170,2006,19470,72555,53085
412170,2007,20350,78305,57955
412170,2008,21130,85561,64431
412170,2009,22150,86830,64680
412170,2010,24400,81093,56693
412170,2011,27850,81625,53775
412170,2012,27270,79025,51755
412170,2013,32180,74083,41903
412170,2014,33830,73411,39581
412170,2015,26070,58197,32127
412170,2016,28030,50821,22791
412170,2017,27455,48253,20798
412170,2018,31535,47189,15654
412170,2019,30700,45684,14984
412170,2020,29050,43803,14753
412170,2021,28900,46906,18006
412180,1988,0,7704,7704
412180,1989,0,9719,9719
412180,1990,0,10158,10158
412180,1991,0,10228,10228
412180,1992,0,9690,9690
412180,1993,0,4838,4838
412180,1994,0,10890,10890
412180,1995,0,5682,5682
412180,1996,97,8179,8082
412180,1997,97,6321,6224
412180,1998,97,6319,6222
412180,1999,0,6627,6627
412180,2000,0,6644,6644
412180,2001,0,6163,6163
412180,2002,240,7156,6916
412180,2003,300,7548,7248
412180,2004,300,8042,7742
412180,2005,550,7740,7190
412180,2006,400,7032,6632
412180,2007,520,8353,7833
412180,2008,330,9833,9503
412180,2009,330,9910,9580
412180,2010,1050,10462,9412
412180,2011,1200,11589,10389
412180,2012,550,10899,10349
412180,2013,1300,10046,8746
412180,2014,1300,12554,11254
412180,2015,1300,11448,10148
412180,2016,1300,10776,9476
412180,2017,1300,8452,7152
412180,2018,1300,8392,7092
412180,2019,1300,4482,3182
412180,2020,1800,4297,2497
412180,2021,1800,6233,4433
412190,1988,200,15240,15040
412190,1989,220,15644,15424
412190,1990,220,15903,15683
412190,1991,220,14797,14577
412190,1992,300,14616,14316
412190,1993,220,10429,10209
412190,1994,90,7860,7770
412190,1995,800,9992,9192
412190,1996,800,8707,7907
412190,1997,2000,10683,8683
412190,1998,2700,10879,8179
412190,1999,1950,9936,7986
412190,2000,3000,9434,6434
412190,2001,2500,9533,7033
412190,2002,3600,13058,9458
412190,2003,1500,19299,17799
412190,2004,6800,20399,13599
412190,2005,7000,19149,12149
412190,2006,6000,16242,10242
412190,2007,6200,19569,13369
412190,2008,6000,20582,14582
412190,2009,6000,20239,14239
412190,2010,9770,20395,10625
412190,2011,9770,18734,8964
412190,2012,9300,20898,11598
412190,2013,9800,20919,11119
412190,2014,11510,25551,14041
412190,2015,12780,24195,11415
412190,2016,12950,24552,11602
412190,2017,13060,14059,999
412190,2018,12780,13719,939
412190,2019,13050,14027,977
412190,2020,15260,19724,4464
412190,2021,12780,13741,961
412200,1988,500,18264,17764
412200,1989,450,17618,17168
412200,1990,600,18033,17433
412200,1991,500,18426,17926
412200,1992,500,19432,18932
412200,1993,500,20639,20139
412200,1994,500,20841,20341
412200,1995,350,21415,21065
412200,1996,600,19738,19138
412200,1997,850,19744,18894
412200,1998,1500,20385,18885
412200,1999,1750,21798,20048
412200,2000,1815,24207,22392
412200,2001,2100,26533,24433
412200,2002,2400,24985,22585
412200,2003,2500,25513,23013
412200,2004,3855,26832,22977
412200,2005,2800,28733,25933
412200,2006,5600,27263,21663
412200,2007,7800,27051,19251
412200,2008,6500,26501,20001
412200,2009,6985,26912,19927
412200,2010,8750,25110,16360
412200,2011,9980,26024,16044
412200,2012,9800,26201,16401
412200,2013,10925,23620,12695
412200,2014,12740,25913,13173
412200,2015,15250,27706,12456
412200,2016,16550,29492,12942
412200,2017,15500,33588,18088
412200,2018,16000,32289,16289
412200,2019,16000,35227,19227
412200,2020,18200,34961,16761
412200,2021,17000,35490,18490
412210,1988,585,8091,7506
412210,1989,690,5732,5042
412210,1990,690,5759,5069
412210,1991,500,5707,5207
412210,1992,645,5610,4965
412210,1993,670,4877,4207
412210,1994,560,5357,4797
412210,1995,700,5644,4944
412210,1996,700,5594,4894
412210,1997,1180,5980,4800
412210,1998,1250,6350,5100
412210,1999,1200,6781,5581
412210,2000,1400,7005,5605
412210,2001,1300,7344,6044
412210,2002,2000,7433,5433
412210,2003,2500,8015,5515
412210,2004,2700,8337,5637
412210,2005,3850,8026,4176
412210,2006,3500,8254,4754
412210,2007,3700,8441,4741
412210,2008,3600,8906,5306
412210,2009,4050,10109,6059
412210,2010,4320,10392,6072
412210,2011,4500,9945,5445
412210,2012,4275,9486,5211
412210,2013,5150,10337,5187
412210,2014,5700,12730,7030
412210,2015,5900,13184,7284
412210,2016,6000,13066,7066
412210,2017,5900,13016,7116
412210,2018,6150,13312,7162
412210,2019,6200,12721,6521
412210,2020,6250,13529,7279
412210,2021,6400,13175,6775
412220,1988,0,12977,12977
412220,1989,0,12672,12672
412220,1990,0,13014,13014
412220,1991,0,12658,12658
412220,1992,0,12755,12755
412220,1993,0,15377,15377
412220,1994,0,13381,13381
412220,1995,0,13267,13267
412220,1996,0,13214,13214
412220,1997,0,17291,17291
412220,1998,0,13766,13766
412220,1999,0,13920,13920
412220,2000,0,15579,15579
412220,2001,0,15697,15697
412220,2002,0,15496,15496
412220,2003,0,13820,13820
412220,2004,0,13758,13758
412220,2005,0,13152,13152
412220,2006,0,22000,22000
412220,2007,0,12751,12751
412220,2008,0,12596,12596
412220,2009,0,12440,12440
412220,2010,0,12420,12420
412220,2011,0,12392,12392
412220,2012,0,13000,13000
412220,2013,0,13252,13252
412220,2014,0,13101,13101
412220,2015,120,12907,12787
412220,2016,120,13091,12971
412220,2017,1350,6813,5463
412220,2018,450,5964,5514
412220,2019,470,5650,5180
412220,2020,481,6719,6238
412220,2021,455,6394,5939
412230,1988,350,9195,8845
412230,1989,350,9517,9167
412230,1990,350,9394,9044
412230,1991,230,9388,9158
412230,1992,200,9796,9596
412230,1993,200,8397,8197
412230,1994,200,9414,9214
412230,1995,220,9980,9760
412230,1996,260,9280,9020
412230,1997,320,9939,9619
412230,1998,355,9901,9546
412230,1999,450,10527,10077
412230,2000,470,18884,18414
412230,2001,570,11509,10939
412230,2002,610,11689,11079
412230,2003,1200,15400,14200
412230,2004,770,13127,12357
412230,2005,2000,16479,14479
412230,2006,2000,16620,14620
412230,2007,2000,17253,15253
412230,2008,2000,17120,15120
412230,2009,2500,18185,15685
412230,2010,2500,17111,14611
412230,2011,3850,16781,12931
412230,2012,4215,17287,13072
412230,2013,6640,18234,11594
412230,2014,7530,17807,10277
412230,2015,8430,18398,9968
412230,2016,9050,17195,8145
412230,2017,9180,16722,7542
412230,2018,9690,16914,7224
412230,2019,9860,17556,7696
412230,2020,9970,17088,7118
412230,2021,10100,17920,7820
412240,1988,17242,54074,36832
412240,1989,20850,53147,32297
412240,1990,18350,52725,34375
412240,1991,16450,47981,31531
412240,1992,15300,48637,33337
412240,1993,17400,46998,29598
412240,1994,18900,49755,30855
412240,1995,19300,45992,26692
412240,1996,21150,50757,29607
412240,1997,21880,50464,28584
412240,1998,23000,52294,29294
412240,1999,24542,58653,34111
412240,2000,25275,58301,33026
412240,2001,24260,57086,32826
412240,2002,28115,61020,32905
412240,2003,29815,68228,38413
412240,2004,31060,67330,36270
412240,2005,30520,65241,34721
412240,2006,29600,70806,41206
412240,2007,30190,69012,38822
412240,2008,29340,68919,39579
412240,2009,31050,71625,40575
412240,2010,31947,68012,36065
412240,2011,28500,64106,35606
412240,2012,28900,62954,34054
412240,2013,29032,72900,43868
412240,2014,29790,74435,44645
412240,2015,33200,84409,51209
412240,2016,34300,74132,39832
412240,2017,34450,73826,39376
412240,2018,35500,68022,32522
412240,2019,35160,66819,31659
412240,2020,35260,71180,35920
412240,2021,35260,70297,35037
412250,1988,6800,36987,30187
412250,1989,8000,34237,26237
412250,1990,7500,35701,28201
412250,1991,5000,40172,35172
412250,1992,3500,41582,38082
412250,1993,7000,43342,36342
412250,1994,8200,37406,29206
412250,1995,8200,31798,23598
412250,1996,10500,29988,19488
412250,1997,11090,31575,20485
412250,1998,13100,31362,18262
412250,1999,14130,30657,16527
412250,2000,16080,30105,14025
412250,2001,16380,36317,19937
412250,2002,16380,37749,21369
412250,2003,16450,36950,20500
412250,2004,16850,36811,19961
412250,2005,20000,36873,16873
412250,2006,19517,37579,18062
412250,2007,20120,34737,14617
412250,2008,20750,40908,20158
412250,2009,20350,45914,25564
412250,2010,21300,37877,16577
412250,2011,27200,47223,20023
412250,2012,26100,47318,21218
412250,2013,28715,49691,20976
412250,2014,31500,51377,19877
412250,2015,37000,62432,25432
412250,2016,37600,62371,24771
412250,2017,37000,63228,26228
412250,2018,40000,65471,25471
412250,2019,31000,56964,25964
412250,2020,36000,63825,27825
412250,2021,36000,60080,24080
412260,1988,100,12294,12194
412260,1989,170,9361,9191
412260,1990,70,10479,10409
412260,1991,70,7580,7510
412260,1992,70,10641,10571
412260,1993,45,11064,11019
412260,1994,50,9903,9853
412260,1995,0,12928,12928
412260,1996,0,12191,12191
412260,1997,50,14314,14264
412260,1998,40,12566,12526
412260,1999,90,16224,16134
412260,2000,350,13793,13443
412260,2001,620,13589,12969
412260,2002,600,15328,14728
412260,2003,750,15919,15169
412260,2004,900,16846,15946
412260,2005,800,18322,17522
412260,2006,800,18403,17603
412260,2007,250,20988,20738
412260,2008,100,21548,21448
412260,2009,225,18180,17955
412260,2010,240,21122,20882
412260,2011,205,21185,20980
412260,2012,250,23785,23535
412260,2013,300,23258,22958
412260,2014,110,23414,23304
412260,2015,120,19295,19175
412260,2016,95,24418,24323
412260,2017,250,20142,19892
412260,2018,657,23328,22671
412260,2019,600,22990,22390
412260,2020,600,21310,20710
412260,2021,600,22990,22390
412270,1988,3000,13628,10628
412270,1989,4000,12639,8639
412270,1990,3700,13306,9606
412270,1991,3100,12412,9312
412270,1992,2812,12660,9848
412270,1993,3800,10211,6411
412270,1994,4000,10767,6767
412270,1995,4000,9320,5320
412270,1996,4800,12365,7565
412270,1997,5170,15604,10434
412270,1998,6000,12203,6203
412270,1999,6000,12385,6385
412270,2000,6000,10026,4026
412270,2001,5500,12224,6724
412270,2002,6300,13792,7492
412270,2003,7200,15400,8200
412270,2004,7500,16304,8804
412270,2005,7500,14561,7061
412270,2006,7050,14089,7039
412270,2007,2270,9840,7570
412270,2008,7100,15951,8851
412270,2009,0,7943,7943
412270,2010,8100,15401,7301
412270,2011,8000,17123,9123
412270,2012,7800,16538,8738
412270,2013,8000,16672,8672
412270,2014,8550,17059,8509
412270,2015,8600,17261,8661
412270,2016,8850,17412,8562
412270,2017,8750,17908,9158
412270,2018,9200,17989,8789
412270,2019,9200,17697,8497
412270,2020,9200,17786,8586
412270,2021,9250,18042,8792
412290,1988,0,12742,12742
412290,1989,0,11550,11550
412290,1990,0,11621,11621
412290,1991,0,10609,10609
412290,1992,0,10612,10612
412290,1993,0,10098,10098
412290,1994,0,10094,10094
412290,1995,0,8259,8259
412290,1996,0,4473,4473
412290,1997,0,7942,7942
412290,1998,0,3586,3586
412290,1999,0,4314,4314
412290,2000,0,4133,4133
412290,2001,0,4629,4629
412290,2002,0,5048,5048
412290,2003,0,5138,5138
412290,2004,250,6706,6456
412290,2005,550,6367,5817
412290,2006,800,6897,6097
412290,2007,800,9216,8416
412290,2008,1500,10353,8853
412290,2009,2300,10608,8308
412290,2010,3300,11127,7827
412290,2011,4500,15209,10709
412290,2012,4100,16021,11921
412290,2013,5000,14948,9948
412290,2014,5000,14985,9985
412290,2015,5000,13269,8269
412290,2016,6500,13597,7097
412290,2017,6500,14952,8452
412290,2018,6800,12866,6066
412290,2019,3200,7192,3992
412290,2020,2900,6893,3993
412290,2021,2900,6752,3852
412300,1988,2700,60481,57781
412300,1989,3400,59437,56037
412300,1990,3400,56826,53426
412300,1991,1550,54424,52874
412300,1992,710,54277,53567
412300,1993,1240,53198,51958
412300,1994,2140,55542,53402
412300,1995,2130,55704,53574
412300,1996,3030,49229,46199
412300,1997,4100,43492,39392
412300,1998,5250,38601,33351
412300,1999,3750,38473,34723
412300,2000,3250,42374,39124
412300,2001,3580,37568,33988
412300,2002,7400,36096,28696
412300,2003,8200,41143,32943
412300,2004,11310,39082,27772
412300,2005,12500,40224,27724
412300,2006,7680,37252,29572
412300,2007,10080,35907,25827
412300,2008,8740,35565,26825
412300,2009,9940,35834,25894
412300,2010,12620,30953,18333
412300,2011,12600,27705,15105
412300,2012,12000,29067,17067
412300,2013,12850,29095,16245
412300,2014,14250,30396,16146
412300,2015,15070,30822,15752
412300,2016,16250,28617,12367
412300,2017,15650,29136,13486
412300,2018,15100,26941,11841
412300,2019,15700,27038,11338
412300,2020,16110,28193,12083
412300,2021,17750,31820,14070
412310,1988,400,7837,7437
412310,1989,700,8658,7958
412310,1990,500,8346,7846
412310,1991,400,7354,6954
412310,1992,270,7492,7222
412310,1993,500,6966,6466
412310,1994,900,7069,6169
412310,1995,850,6286,5436
412310,1996,1300,7477,6177
412310,1997,3000,8515,5515
412310,1998,3000,9606,6606
412310,1999,2500,9422,6922
412310,2000,3000,8976,5976
412310,2001,2000,8176,6176
412310,2002,3000,8396,5396
412310,2003,2500,7863,5363
412310,2004,2500,8145,5645
412310,2005,2500,7566,5066
412310,2006,3100,6613,3513
412310,2007,2400,5582,3182
412310,2008,3100,8723,5623
412310,2009,3135,8252,5117
412310,2010,4570,9852,5282
412310,2011,4810,8814,4004
412310,2012,4810,8819,4009
412310,2013,5000,8516,3516
412310,2014,5570,10203,4633
412310,2015,5220,9719,4499
412310,2016,5325,8907,3582
412310,2017,5320,10526,5206
412310,2018,5300,9267,3967
412310,2019,4020,8171,4151
412310,2020,3910,7471,3561
412310,2021,3910,7119,3209
412320,1988,2800,16372,13572
412320,1989,4500,15392,10892
412320,1990,3600,16708,13108
412320,1991,2500,15344,12844
412320,1992,2000,13674,11674
412320,1993,3600,15502,11902
412320,1994,4700,13039,8339
412320,1995,5300,14049,8749
412320,1996,8000,19422,11422
412320,1997,8300,19494,11194
412320,1998,8700,21244,12544
412320,1999,8500,20612,12112
412320,2000,9350,22154,12804
412320,2001,5500,15828,10328
412320,2002,10700,21427,10727
412320,2003,10100,21799,11699
412320,2004,10000,22592,12592
412320,2005,10500,21271,10771
412320,2006,9600,18686,9086
412320,2007,9900,22121,12221
412320,2008,10650,22861,12211
412320,2009,10760,22065,11305
412320,2010,10794,20304,9510
412320,2011,10790,20504,9714
412320,2012,10900,20561,9661
412320,2013,11500,21378,9878
412320,2014,11830,22736,10906
412320,2015,12100,23182,11082
412320,2016,12390,23314,10924
412320,2017,12300,24582,12282
412320,2018,12040,22715,10675
412320,2019,11320,22373,11053
412320,2020,10420,20323,9903
412320,2021,10420,20453,10033
412330,1988,0,5989,5989
412330,1989,0,5626,5626
412330,1990,100,5154,5054
412330,1991,169,5354,5185
412330,1992,150,6729,6579
412330,1993,0,4858,4858
412330,1994,73,5847,5774
412330,1995,0,5514,5514
412330,1996,0,3580,3580
412330,1997,290,4654,4364
412330,1998,450,5962,5512
412330,1999,0,4933,4933
412330,2000,250,5024,4774
412330,2001,530,6583,6053
412330,2002,882,5018,4136
412330,2003,2297,6756,4459
412330,2004,3500,11240,7740
412330,2005,5710,15302,9592
412330,2006,5000,13360,8360
412330,2007,3800,10173,6373
412330,2008,3666,12293,8627
412330,2009,3300,12836,9536
412330,2010,3445,12541,9096
412330,2011,3492,13140,9648
412330,2012,3900,13397,9497
412330,2013,4100,14010,9910
412330,2014,4100,13729,9629
412330,2015,4300,13993,9693
412330,2016,5150,15359,10209
412330,2017,5100,15161,10061
412330,2018,5100,15650,10550
412330,2019,6100,16444,10344
412330,2020,6100,13805,7705
412330,2021,6500,14098,7598
412340,1988,500,10346,9846
412340,1989,800,9434,8634
412340,1990,480,6634,6154
412340,1991,300,5647,5347
412340,1992,500,4703,4203
412340,1993,700,4303,3603
412340,1994,860,5120,4260
412340,1995,550,4171,3621
412340,1996,1050,4726,3676
412340,1997,1600,5188,3588
412340,1998,2736,6682,3946
412340,1999,2700,5864,3164
412340,2000,3250,7582,4332
412340,2001,3625,9002,5377
412340,2002,4850,10822,5972
412340,2003,7200,16241,9041
412340,2004,8000,15960,7960
412340,2005,9300,17574,8274
412340,2006,8200,11964,3764
412340,2007,7000,13859,6859
412340,2008,6300,16448,10148
412340,2009,6930,14879,7949
412340,2010,5600,12350,6750
412340,2011,5380,15823,10443
412340,2012,5260,14239,8979
412340,2013,6400,17914,11514
412340,2014,6950,17922,10972
412340,2015,6850,18197,11347
412340,2016,7580,19123,11543
412340,2017,7760,17705,9945
412340,2018,8100,19694,11594
412340,2019,8100,19498,11398
412340,2020,8200,19816,11616
412340,2021,8700,21159,12459
412350,1988,18000,48479,30479
412350,1989,20750,47366,26616
412350,1990,16800,51184,34384
412350,1991,13600,42500,28900
412350,1992,13400,52502,39102
412350,1993,16400,40909,24509
412350,1994,15780,48103,32323
412350,1995,15060,47533,32473
412350,1996,19620,47778,28158
412350,1997,21250,45778,24528
412350,1998,22150,47839,25689
412350,1999,25080,55149,30069
412350,2000,24000,53274,29274
412350,2001,22870,48626,25756
412350,2002,25580,52422,26842
412350,2003,26140,52093,25953
412350,2004,27050,48775,21725
412350,2005,26800,49150,22350
412350,2006,24950,47355,22405
412350,2007,26150,51603,25453
412350,2008,25700,49790,24090
412350,2009,26610,55189,28579
412350,2010,28450,56391,27941
412350,2011,26000,53514,27514
412350,2012,25225,54077,28852
412350,2013,26070,54185,28115
412350,2014,26600,54522,27922
412350,2015,27440,55366,27926
412350,2016,28060,55503,27443
412350,2017,27500,55460,27960
412350,2018,27500,54367,26867
412350,2019,27500,54287,26787
412350,2020,27800,54498,26698
412350,2021,27800,54319,26519
412360,1988,0,3912,3912
412360,1989,100,3415,3315
412360,1990,40,2987,2947
412360,1991,0,2797,2797
412360,1992,0,2852,2852
412360,1993,0,1804,1804
412360,1994,0,1304,1304
412360,1995,0,1634,1634
412360,1996,0,1244,1244
412360,1997,0,1311,1311
412360,1998,240,2755,2515
412360,1999,80,2993,2913
412360,2000,260,2196,1936
412360,2001,195,2413,2218
412360,2002,1020,3727,2707
412360,2003,1500,5735,4235
412360,2004,2770,6124,3354
412360,2005,3450,6242,2792
412360,2006,1337,2877,1540
412360,2007,553,3840,3287
412360,2008,435,4164,3729
412360,2009,480,4063,3583
412360,2010,340,4927,4587
412360,2011,451,5748,5297
412360,2012,460,4291,3831
412360,2013,670,6053,5383
412360,2014,725,6497,5772
412360,2015,672,4680,4008
412360,2016,730,5884,5154
412360,2017,910,7456,6546
412360,2018,950,5790,4840
412360,2019,962,7023,6061
412360,2020,1021,7606,6585
412360,2021,1000,5847,4847
412370,1988,0,10435,10435
412370,1989,30,9842,9812
412370,1990,0,9672,9672
412370,1991,0,9427,9427
412370,1992,0,7805,7805
412370,1993,7,6467,6460
412370,1994,0,6259,6259
412370,1995,0,4970,4970
412370,1996,0,5186,5186
412370,1997,0,5424,5424
412370,1998,300,5597,5297
412370,1999,442,7518,7076
412370,2000,1340,7445,6105
412370,2001,640,6747,6107
412370,2002,1924,8995,7071
412370,2003,3040,12475,9435
412370,2004,4100,15797,11697
412370,2005,3800,15350,11550
412370,2006,3400,15591,12191
412370,2007,2283,13954,11671
412370,2008,2283,16434,14151
412370,2009,2730,16211,13481
412370,2010,2814,17326,14512
412370,2011,1780,17572,15792
412370,2012,2197,15860,13663
412370,2013,2500,16422,13922
412370,2014,2450,16147,13697
412370,2015,2450,16608,14158
412370,2016,2660,17332,14672
412370,2017,3766,19394,15628
412370,2018,3826,20223,16397
412370,2019,4510,20598,16088
412370,2020,4925,19849,14924
412370,2021,7241,26485,19244
412380,1988,9500,34997,25497
412380,1989,9000,30504,21504
412380,1990,9000,29337,20337
412380,1991,7500,27588,20088
412380,1992,7500,27952,20452
412380,1993,9500,30083,20583
412380,1994,10500,29242,18742
412380,1995,10000,28987,18987
412380,1996,10500,29157,18657
412380,1997,9500,26823,17323
412380,1998,10500,24236,13736
412380,1999,10500,23346,12846
412380,2000,10503,23756,13253
412380,2001,9003,24196,15193
412380,2002,11550,23810,12260
412380,2003,12200,23089,10889
412380,2004,13150,24655,11505
412380,2005,13500,26922,13422
412380,2006,11400,22449,11049
412380,2007,12100,24581,12481
412380,2008,11500,25986,14486
412380,2009,11810,27892,16082
412380,2010,13300,25071,11771
412380,2011,13100,25133,12033
412380,2012,12120,24035,11915
412380,2013,12450,25453,13003
412380,2014,12850,24704,11854
412380,2015,13710,23638,9928
412380,2016,14060,22899,8839
412380,2017,14200,21683,7483
412380,2018,13500,21952,8452
412380,2019,13800,23761,9961
412380,2020,14200,24714,10514
412380,2021,15600,30635,15035
412390,1988,13500,41134,27634
412390,1989,15800,42773,26973
412390,1990,15000,43340,28340
412390,1991,14000,37903,23903
412390,1992,13400,36504,23104
412390,1993,16500,28319,11819
412390,1994,13940,36701,22761
412390,1995,16000,42738,26738
412390,1996,17000,47229,30229
412390,1997,17220,45989,28769
412390,1998,17040,47049,30009
412390,1999,16500,46512,30012
412390,2000,17500,54960,37460
412390,2001,18000,46536,28536
412390,2002,22000,49759,27759
412390,2003,20600,53508,32908
412390,2004,22000,54551,32551
412390,2005,24500,56631,32131
412390,2006,21500,50162,28662
412390,2007,19500,54189,34689
412390,2008,21000,54945,33945
412390,2009,21250,54092,32842
412390,2010,25620,56464,30844
412390,2011,25310,55846,30536
412390,2012,26000,58450,32450
412390,2013,27500,62001,34501
412390,2014,28610,59765,31155
412390,2015,30970,57076,26106
412390,2016,31805,59865,28060
412390,2017,31810,66632,34822
412390,2018,31820,63433,31613
412390,2019,29000,60373,31373
412390,2020,30140,61247,31107
412390,2021,30140,62015,31875
412400,1988,0,14205,14205
412400,1989,96,14597,14501
412400,1990,0,13108,13108
412400,1991,0,10824,10824
412400,1992,0,10551,10551
412400,1993,0,9586,9586
412400,1994,0,9708,9708
412400,1995,0,7056,7056
412400,1996,0,7963,7963
412400,1997,190,5348,5158
412400,1998,0,9264,9264
412400,1999,0,10743,10743
412400,2000,0,10506,10506
412400,2001,0,10565,10565
412400,2002,650,12158,11508
412400,2003,1200,14791,13591
412400,2004,2100,13392,11292
412400,2005,2800,12569,9769
412400,2006,1400,13493,12093
412400,2007,1000,12688,11688
412400,2008,1000,12758,11758
412400,2009,4000,15549,11549
412400,2010,6000,13927,7927
412400,2011,6500,18281,11781
412400,2012,4200,16357,12157
412400,2013,6500,18235,11735
412400,2014,7500,20660,13160
412400,2015,8000,17635,9635
412400,2016,9000,16944,7944
412400,2017,9000,20425,11425
412400,2018,10000,18342,8342
412400,2019,9800,15591,5791
412400,2020,9800,18006,8206
412400,2021,9800,18383,8583
412402,1988,0,0,0
412402,1989,0,0,0
412402,1990,0,14127,14127
412402,1991,9000,17861,8861
412402,1992,6500,18006,11506
412402,1993,8000,15972,7972
412402,1994,8100,19780,11680
412402,1995,8000,18244,10244
412402,1996,12000,23272,11272
412402,1997,14060,27516,13456
412402,1998,14000,24077,10077
412402,1999,14800,27226,12426
412402,2000,17100,29534,12434
412402,2001,15800,31550,15750
412402,2002,17350,35187,17837
412402,2003,19000,44917,25917
412402,2004,19870,40601,20731
412402,2005,19000,44032,25032
412402,2006,18100,35012,16912
412402,2007,15900,36600,20700
412402,2008,16400,34427,18027
412402,2009,16815,42301,25486
412402,2010,21450,43482,22032
412402,2011,19675,43528,23853
412402,2012,19180,43769,24589
412402,2013,19480,44235,24755
412402,2014,20470,43857,23387
412402,2015,20470,44084,23614
412402,2016,21700,45700,24000
412402,2017,19000,35536,16536
412402,2018,18737,36393,17656
412402,2019,16280,37176,20896
412402,2020,16360,38941,22581
412402,2021,18850,36479,17629
412405,1988,12000,28322,16322
412405,1989,13440,29215,15775
412405,1990,13400,29101,15701
412405,1991,13400,29427,16027
412405,1992,11500,26546,15046
412405,1993,12900,24565,11665
412405,1994,11100,23569,12469
412405,1995,11180,20836,9656
412405,1996,11800,24411,12611
412405,1997,13318,23260,9942
412405,1998,14000,28368,14368
412405,1999,14500,29486,14986
412405,2000,15600,26644,11044
412405,2001,13900,29114,15214
412405,2002,14300,30192,15892
412405,2003,15600,29885,14285
412405,2004,16100,27858,11758
412405,2005,16000,27932,11932
412405,2006,15930,28436,12506
412405,2007,15800,32366,16566
412405,2008,15850,32269,16419
412405,2009,15980,32497,16517
412405,2010,16000,32628,16628
412405,2011,16080,31893,15813
412405,2012,16080,30338,14258
412405,2013,16100,32124,16024
412405,2014,16450,32896,16446
412405,2015,16905,33530,16625
412405,2016,16510,33097,16587
412405,2017,15007,30013,15006
412405,2018,15950,31644,15694
412405,2019,18280,33795,15515
412405,2020,15410,31010,15600
412405,2021,16530,32821,16291
412410,1988,1925,32684,30759
412410,1989,2115,33013,30898
412410,1990,2100,29021,26921
412410,1991,2100,29688,27588
412410,1992,2100,30689,28589
412410,1993,1500,26673,25173
412410,1994,1500,25291,23791
412410,1995,1500,23749,22249
412410,1996,1500,19050,17550
412410,1997,4000,15874,11874
412410,1998,4600,18204,13604
412410,1999,4900,19219,14319
412410,2000,5100,19748,14648
412410,2001,5500,19386,13886
412410,2002,6000,19962,13962
412410,2003,6200,24196,17996
412410,2004,8050,26435,18385
412410,2005,8200,27324,19124
412410,2006,7500,25533,18033
412410,2007,7000,26765,19765
412410,2008,7500,30395,22895
412410,2009,8000,33104,25104
412410,2010,12000,28239,16239
412410,2011,13000,32925,19925
412410,2012,11500,31285,19785
412410,2013,12000,36306,24306
412410,2014,16000,44622,28622
412410,2015,16500,41710,25210
412410,2016,16200,38965,22765
412410,2017,16250,41847,25597
412410,2018,16500,31168,14668
412410,2019,16850,35390,18540
412410,2020,15800,35886,20086
412410,2021,16600,37968,21368
412420,1988,0,2827,2827
412420,1989,0,2232,2232
412420,1990,0,2733,2733
412420,1991,0,2718,2718
412420,1992,0,1898,1898
412420,1993,0,1772,1772
412420,1994,0,2707,2707
412420,1995,0,2078,2078
412420,1996,0,1565,1565
412420,1997,0,1740,1740
412420,1998,150,2275,2125
412420,1999,121,2083,1962
412420,2000,0,2225,2225
412420,2001,0,2046,2046
412420,2002,97,1382,1285
412420,2003,250,3076,2826
412420,2004,363,1952,1589
412420,2005,100,1882,1782
412420,2006,0,1513,1513
412420,2007,0,1226,1226
412420,2008,0,2337,2337
412420,2009,0,2258,2258
412420,2010,0,3449,3449
412420,2011,0,2755,2755
412420,2012,0,2231,2231
412420,2013,0,2339,2339
412420,2014,0,3186,3186
412420,2015,0,2098,2098
412420,2016,0,2582,2582
412420,2017,363,4233,3870
412420,2018,363,3059,2696
412420,2019,411,3679,3268
412420,2020,242,2417,2175
412420,2021,151,2892,2741
412430,1988,3500,10420,6920
412430,1989,4300,11031,6731
412430,1990,4000,10645,6645
412430,1991,3800,10011,6211
412430,1992,3500,9831,6331
412430,1993,4000,9627,5627
412430,1994,4000,8566,4566
412430,1995,5000,8892,3892
412430,1996,5500,11303,5803
412430,1997,6172,11982,5810
412430,1998,6500,13727,7227
412430,1999,6750,13623,6873
412430,2000,6800,12777,5977
412430,2001,7000,13463,6463
412430,2002,7500,14199,6699
412430,2003,9400,20011,10611
412430,2004,9000,19876,10876
412430,2005,9500,18357,8857
412430,2006,9000,15692,6692
412430,2007,8700,19124,10424
412430,2008,8700,17996,9296
412430,2009,8800,17681,8881
412430,2010,8883,15695,6812
412430,2011,8780,15086,6306
412430,2012,7560,16074,8514
412430,2013,8000,17017,9017
412430,2014,8385,15936,7551
412430,2015,8700,16414,7714
412430,2016,8640,15862,7222
412430,2017,8810,18183,9373
412430,2018,9180,17982,8802
412430,2019,8120,15567,7447
412430,2020,7160,15197,8037
412430,2021,7160,15368,8208
412440,1988,4200,29684,25484
412440,1989,4500,29586,25086
412440,1990,4000,29549,25549
412440,1991,2000,27701,25701
412440,1992,2000,31487,29487
412440,1993,3380,30394,27014
412440,1994,4100,32472,28372
412440,1995,1700,33847,32147
412440,1996,3220,35076,31856
412440,1997,3720,33156,29436
412440,1998,6350,28811,22461
412440,1999,5300,25915,20615
412440,2000,5812,26204,20392
412440,2001,5800,25704,19904
412440,2002,8200,23392,15192
412440,2003,10100,25546,15446
412440,2004,12050,26944,14894
412440,2005,13200,29270,16070
412440,2006,9550,29145,19595
412440,2007,10200,28349,18149
412440,2008,9700,28110,18410
412440,2009,10250,28055,17805
412440,2010,11700,26915,15215
412440,2011,12900,24919,12019
412440,2012,11700,24376,12676
412440,2013,12200,25939,13739
412440,2014,14350,27051,12701
412440,2015,14750,26202,11452
412440,2016,16800,28275,11475
412440,2017,17200,29002,11802
412440,2018,15300,23978,8678
412440,2019,13800,21926,8126
412440,2020,14120,25186,11066
412440,2021,14900,27707,12807
412450,1988,40,9559,9519
412450,1989,240,8083,7843
412450,1990,150,7791,7641
412450,1991,50,7048,6998
412450,1992,0,6678,6678
412450,1993,0,3090,3090
412450,1994,40,4776,4736
412450,1995,0,4058,4058
412450,1996,25,2727,2702
412450,1997,200,3150,2950
412450,1998,640,4681,4041
412450,1999,350,4237,3887
412450,2000,600,5008,4408
412450,2001,315,6060,5745
412450,2002,850,6001,5151
412450,2003,1500,6342,4842
412450,2004,3124,7599,4475
412450,2005,3750,8835,5085
412450,2006,2300,6094,3794
412450,2007,870,6589,5719
412450,2008,930,10449,9519
412450,2009,440,8640,8200
412450,2010,535,10495,9960
412450,2011,555,11547,10992
412450,2012,925,11079,10154
412450,2013,1270,11493,10223
412450,2014,1819,12648,10829
412450,2015,1869,12285,10416
412450,2016,2413,16186,13773
412450,2017,2800,15472,12672
412450,2018,2908,14691,11783
412450,2019,3800,16483,12683
412450,2020,3887,16210,12323
412450,2021,3887,17795,13908
412460,1988,3050,9914,6864
412460,1989,3200,10751,7551
412460,1990,3400,10479,7079
412460,1991,3000,8600,5600
412460,1992,2574,8876,6302
412460,1993,2650,8075,5425
412460,1994,2040,8011,5971
412460,1995,1600,8323,6723
412460,1996,1200,7691,6491
412460,1997,1500,10315,8815
412460,1998,1800,9857,8057
412460,1999,2380,10810,8430
412460,2000,3280,11820,8540
412460,2001,2700,11183,8483
412460,2002,3340,13074,9734
412460,2003,3350,14274,10924
412460,2004,3500,14150,10650
412460,2005,3500,14402,10902
412460,2006,3000,13615,10615
412460,2007,2500,13347,10847
412460,2008,2800,16353,13553
412460,2009,3000,15091,12091
412460,2010,2800,15971,13171
412460,2011,2800,14909,12109
412460,2012,3500,15796,12296
412460,2013,3500,14119,10619
412460,2014,3000,15816,12816
412460,2015,3000,14115,11115
412460,2016,3500,16473,12973
412460,2017,4000,16568,12568
412460,2018,4000,16553,12553
412460,2019,4500,17394,12894
412460,2020,5000,18048,13048
412460,2021,5500,19056,13556
412470,1988,2500,16497,13997
412470,1989,3600,16135,12535
412470,1990,3300,15796,12496
412470,1991,3000,14366,11366
412470,1992,2100,14451,12351
412470,1993,2200,14691,12491
412470,1994,2000,15804,13804
412470,1995,4000,16682,12682
412470,1996,3500,13636,10136
412470,1997,6500,16394,9894
412470,1998,6500,14236,7736
412470,1999,6500,14790,8290
412470,2000,7500,17504,10004
412470,2001,7500,17832,10332
412470,2002,8700,17942,9242
412470,2003,11000,26041,15041
412470,2004,13500,32584,19084
412470,2005,15500,32138,16638
412470,2006,14500,27808,13308
412470,2007,14600,24312,9712
412470,2008,14550,37020,22470
412470,2009,14720,34795,20075
412470,2010,1600,8602,7002
412470,2011,18480,31925,13445
412470,2012,18800,31300,12500
412470,2013,19750,33198,13448
412470,2014,20600,41341,20741
412470,2015,20180,41716,21536
412470,2016,20200,41805,21605
412470,2017,20540,41305,20765
412470,2018,20480,40785,20305
412470,2019,20110,40095,19985
412470,2020,24350,39875,15525
412470,2021,24350,40037,15687
412480,1988,7250,34794,27544
412480,1989,9350,36019,26669
412480,1990,11000,39048,28048
412480,1991,10000,33299,23299
412480,1992,7000,32376,25376
412480,1993,8000,30921,22921
412480,1994,8500,29805,21305
412480,1995,8500,29227,20727
412480,1996,12630,31227,18597
412480,1997,13900,29238,15338
412480,1998,15353,24641,9288
412480,1999,14150,21460,7310
412480,2000,13430,22153,8723
412480,2001,10900,28309,17409
412480,2002,14270,30566,16296
412480,2003,18800,32331,13531
412480,2004,19800,33332,13532
412480,2005,16300,30227,13927
412480,2006,17700,26544,8844
412480,2007,20000,32947,12947
412480,2008,18430,32223,13793
412480,2009,20320,31305,10985
412480,2010,21100,33252,12152
412480,2011,21380,35914,14534
412480,2012,19200,35567,16367
412480,2013,19400,40301,20901
412480,2014,21550,44865,23315
412480,2015,21600,38871,17271
412480,2016,22250,37355,15105
412480,2017,19200,45584,26384
412480,2018,21850,42299,20449
412480,2019,21500,45383,23883
412480,2020,22530,43302,20772
412480,2021,22500,44072,21572
412490,1988,0,4370,4370
412490,1989,0,3539,3539
412490,1990,0,3306,3306
412490,1991,0,1968,1968
412490,1992,0,1925,1925
412490,1993,0,1754,1754
412490,1994,0,2179,2179
412490,1995,0,3064,3064
412490,1996,0,2365,2365
412490,1997,0,1800,1800
412490,1998,24,2145,2121
412490,1999,145,2448,2303
412490,2000,0,2542,2542
412490,2001,0,2265,2265
412490,2002,165,2506,2341
412490,2003,121,1985,1864
412490,2004,300,2749,2449
412490,2005,300,2990,2690
412490,2006,0,3691,3691
412490,2007,0,5460,5460
412490,2008,0,4935,4935
412490,2009,0,2216,2216
412490,2010,0,4864,4864
412490,2011,0,6407,6407
412490,2012,0,5196,5196
412490,2013,0,6336,6336
412490,2014,17,5969,5952
412490,2015,47,3780,3733
412490,2016,100,5330,5230
412490,2017,0,5375,5375
412490,2018,32,4706,4674
412490,2019,193,6717,6524
412490,2020,145,4411,4266
412490,2021,0,5030,5030
412500,1988,3200,40846,37646
412500,1989,7000,38379,31379
412500,1990,6300,33363,27063
412500,1991,4160,26394,22234
412500,1992,3850,28605,24755
412500,1993,4820,25236,20416
412500,1994,5500,22706,17206
412500,1995,5000,24114,19114
412500,1996,5200,29122,23922
412500,1997,8000,28189,20189
412500,1998,9000,26586,17586
412500,1999,9500,28752,19252
412500,2000,11300,24946,13646
412500,2001,13012,31784,18772
412500,2002,14000,32433,18433
412500,2003,16000,33615,17615
412500,2004,17000,35323,18323
412500,2005,17100,35182,18082
412500,2006,22148,39141,16993
412500,2007,17000,34254,17254
412500,2008,17200,36904,19704
412500,2009,18000,35544,17544
412500,2010,19000,40425,21425
412500,2011,19000,38419,19419
412500,2012,19200,40679,21479
412500,2013,19200,40775,21575
412500,2014,19200,39414,20214
412500,2015,19300,39452,20152
412500,2016,19500,39498,19998
412500,2017,19500,38552,19052
412500,2018,19500,38580,19080
412500,2019,19500,38162,18662
412500,2020,19500,38252,18752
412500,2021,19500,38156,18656
412510,1988,700,14647,13947
412510,1989,770,14768,13998
412510,1990,770,15081,14311
412510,1991,650,14841,14191
412510,1992,500,15141,14641
412510,1993,500,15234,14734
412510,1994,800,16817,16017
412510,1995,800,17477,16677
412510,1996,800,14498,13698
412510,1997,1000,14657,13657
412510,1998,1000,11936,10936
412510,1999,1200,11345,10145
412510,2000,1400,11196,9796
412510,2001,1800,11098,9298
412510,2002,2500,12155,9655
412510,2003,3200,14126,10926
412510,2004,3845,14970,11125
412510,2005,4500,16171,11671
412510,2006,4200,17559,13359
412510,2007,4800,17768,12968
412510,2008,4700,17514,12814
412510,2009,4500,18070,13570
412510,2010,5000,17185,12185
412510,2011,5500,18070,12570
412510,2012,5000,16974,11974
412510,2013,5300,16441,11141
412510,2014,5500,18426,12926
412510,2015,5700,22064,16364
412510,2016,6100,18746,12646
412510,2017,5200,20552,15352
412510,2018,5500,20878,15378
412510,2019,6000,19087,13087
412510,2020,6000,19614,13614
412510,2021,6200,21419,15219
412520,1988,700,24638,23938
412520,1989,1400,26490,25090
412520,1990,2400,28529,26129
412520,1991,260,19679,19419
412520,1992,260,20329,20069
412520,1993,300,18603,18303
412520,1994,400,18497,18097
412520,1995,250,18924,18674
412520,1996,250,16489,16239
412520,1997,2200,16304,14104
412520,1998,4800,15848,11048
412520,1999,3600,16760,13160
412520,2000,3031,16489,13458
412520,2001,2232,15879,13647
412520,2002,5600,16079,10479
412520,2003,6900,17058,10158
412520,2004,8500,18214,9714
412520,2005,8600,18721,10121
412520,2006,5000,15470,10470
412520,2007,7700,16057,8357
412520,2008,8100,16207,8107
412520,2009,8650,18803,10153
412520,2010,10100,16612,6512
412520,2011,10000,16594,6594
412520,2012,7500,15835,8335
412520,2013,6600,17446,10846
412520,2014,8900,18139,9239
412520,2015,9900,15990,6090
412520,2016,11100,18564,7464
412520,2017,10300,17171,6871
412520,2018,11000,17098,6098
412520,2019,10800,19996,9196
412520,2020,10900,23794,12894
412520,2021,10050,24661,14611
412530,1988,23100,47391,24291
412530,1989,23500,48126,24626
412530,1990,23450,47574,24124
412530,1991,26350,44538,18188
412530,1992,23700,47018,23318
412530,1993,23520,38904,15384
412530,1994,24220,45755,21535
412530,1995,19900,39915,20015
412530,1996,21000,48786,27786
412530,1997,22500,50942,28442
412530,1998,24775,51052,26277
412530,1999,25000,52574,27574
412530,2000,26200,52698,26498
412530,2001,24929,53675,28746
412530,2002,26300,53814,27514
412530,2003,27000,54334,27334
412530,2004,27320,55563,28243
412530,2005,29440,57364,27924
412530,2006,26500,52020,25520
412530,2007,26250,52972,26722
412530,2008,26000,54600,28600
412530,2009,25500,54597,29097
412530,2010,26048,53196,27148
412530,2011,26475,54937,28462
412530,2012,26825,56328,29503
412530,2013,27070,56087,29017
412530,2014,27140,56028,28888
412530,2015,27274,56150,28876
412530,2016,27466,56123,28657
412530,2017,27780,56723,28943
412530,2018,26000,51873,25873
412530,2019,26050,51986,25936
412530,2020,26430,53069,26639
412530,2021,26530,52398,25868
412535,1988,0,14003,14003
412535,1989,0,11656,11656
412535,1990,0,11108,11108
412535,1991,0,12778,12778
412535,1992,0,11337,11337
412535,1993,0,10389,10389
412535,1994,5,8953,8948
412535,1995,0,9012,9012
412535,1996,0,7327,7327
412535,1997,0,7385,7385
412535,1998,278,6607,6329
412535,1999,0,4820,4820
412535,2000,0,4010,4010
412535,2001,0,4036,4036
412535,2002,110,4951,4841
412535,2003,350,5175,4825
412535,2004,900,6243,5343
412535,2005,760,5905,5145
412535,2006,600,5484,4884
412535,2007,600,4935,4335
412535,2008,600,3868,3268
412535,2009,500,3355,2855
412535,2010,240,5287,5047
412535,2011,200,4078,3878
412535,2012,52,3750,3698
412535,2013,230,3812,3582
412535,2014,230,3404,3174
412535,2015,126,2797,2671
412535,2016,240,2652,2412
412535,2017,214,2872,2658
412535,2018,215,2349,2134
412535,2019,215,2019,1804
412535,2020,250,2844,2594
412535,2021,250,2438,2188
412540,1988,0,20690,20690
412540,1989,0,19398,19398
412540,1990,0,16091,16091
412540,1991,0,16168,16168
412540,1992,0,14141,14141
412540,1993,0,12640,12640
412540,1994,0,13656,13656
412540,1995,0,9624,9624
412540,1996,40,10853,10813
412540,1997,40,10872,10832
412540,1998,100,11985,11885
412540,1999,160,13402,13242
412540,2000,200,13084,12884
412540,2001,500,13416,12916
412540,2002,1700,14747,13047
412540,2003,1700,15361,13661
412540,2004,2700,16249,13549
412540,2005,4500,21957,17457
412540,2006,4859,19591,14732
412540,2007,5000,18380,13380
412540,2008,7000,25761,18761
412540,2009,8000,23037,15037
412540,2010,11000,20978,9978
412540,2011,10500,25301,14801
412540,2012,10000,27551,17551
412540,2013,14400,29453,15053
412540,2014,15100,29307,14207
412540,2015,15500,32598,17098
412540,2016,17200,35127,17927
412540,2017,17150,29938,12788
412540,2018,17500,27757,10257
412540,2019,17100,26850,9750
412540,2020,17600,27053,9453
412540,2021,16500,31128,14628
412545,1988,300,14433,14133
412545,1989,400,11281,10881
412545,1990,250,12601,12351
412545,1991,650,11527,10877
412545,1992,150,9625,9475
412545,1993,1300,9519,8219
412545,1994,580,5577,4997
412545,1995,700,5501,4801
412545,1996,800,4478,3678
412545,1997,1470,4849,3379
412545,1998,1340,4920,3580
412545,1999,1500,5155,3655
412545,2000,1500,5820,4320
412545,2001,1500,6871,5371
412545,2002,1900,7357,5457
412545,2003,1900,6285,4385
412545,2004,1900,5346,3446
412545,2005,2600,5314,2714
412545,2006,2900,6195,3295
412545,2007,2300,6882,4582
412545,2008,2320,6644,4324
412545,2009,2320,6056,3736
412545,2010,2150,5983,3833
412545,2011,2150,5955,3805
412545,2012,1730,5801,4071
412545,2013,1750,5910,4160
412545,2014,1770,6014,4244
412545,2015,1860,5892,4032
412545,2016,2040,6303,4263
412545,2017,2350,6241,3891
412545,2018,2350,6085,3735
412545,2019,2300,6163,3863
412545,2020,2340,5930,3590
412545,2021,2340,5504,3164
412550,1988,50,9560,9510
412550,1989,50,9860,9810
412550,1990,50,9358,9308
412550,1991,70,8634,8564
412550,1992,0,5375,5375
412550,1993,0,8776,8776
412550,1994,0,8598,8598
412550,1995,70,8525,8455
412550,1996,50,8245,8195
412550,1997,70,8786,8716
412550,1998,70,8983,8913
412550,1999,80,8628,8548
412550,2000,70,9416,9346
412550,2001,90,9518,9428
412550,2002,50,9448,9398
412550,2003,50,12169,12119
412550,2004,50,9443,9393
412550,2005,80,8217,8137
412550,2006,50,8107,8057
412550,2007,50,7748,7698
412550,2008,40,7711,7671
412550,2009,60,7316,7256
412550,2010,100,6460,6360
412550,2011,100,6450,6350
412550,2012,115,6549,6434
412550,2013,540,8563,8023
412550,2014,800,6627,5827
412550,2015,1080,6263,5183
412550,2016,1360,6248,4888
412550,2017,1500,4512,3012
412550,2018,1500,4821,3321
412550,2019,1600,4864,3264
412550,2020,1637,4660,3023
412550,2021,1900,5354,3454
412560,1988,4000,28346,24346
412560,1989,4000,26284,22284
412560,1990,5000,27950,22950
412560,1991,3000,26534,23534
412560,1992,2476,25369,22893
412560,1993,3500,26399,22899
412560,1994,5800,29866,24066
412560,1995,5800,32303,26503
412560,1996,7000,36975,29975
412560,1997,8000,36345,28345
412560,1998,9450,41437,31987
412560,1999,8000,39916,31916
412560,2000,8000,45505,37505
412560,2001,8400,44942,36542
412560,2002,8600,46797,38197
412560,2003,9700,48115,38415
412560,2004,12500,47573,35073
412560,2005,11500,46191,34691
412560,2006,9500,46418,36918
412560,2007,17650,50966,33316
412560,2008,18300,55165,36865
412560,2009,20300,56189,35889
412560,2010,18560,50275,31715
412560,2011,21524,47655,26131
412560,2012,23250,49075,25825
412560,2013,27800,49976,22176
412560,2014,28700,52595,23895
412560,2015,32200,53920,21720
412560,2016,34500,57431,22931
412560,2017,30000,58529,28529
412560,2018,31800,54095,22295
412560,2019,32500,57213,24713
412560,2020,35000,60274,25274
412560,2021,35000,62272,27272
412570,1988,41000,91971,50971
412570,1989,42200,94863,52663
412570,1990,40000,84000,44000
412570,1991,40000,87131,47131
412570,1992,40400,93343,52943
412570,1993,40600,89879,49279
412570,1994,37600,84153,46553
412570,1995,35600,75379,39779
412570,1996,33950,80278,46328
412570,1997,40525,76033,35508
412570,1998,39250,87983,48733
412570,1999,39000,88119,49119
412570,2000,45500,85819,40319
412570,2001,43690,91713,48023
412570,2002,45050,90927,45877
412570,2003,49300,99819,50519
412570,2004,49420,96752,47332
412570,2005,50500,93678,43178
412570,2006,50625,93648,43023
412570,2007,53375,110512,57137
412570,2008,54700,109260,54560
412570,2009,56770,114327,57557
412570,2010,58875,115174,56299
412570,2011,56120,115057,58937
412570,2012,54723,112679,57956
412570,2013,55641,112589,56948
412570,2014,60830,115104,54274
412570,2015,58810,120144,61334
412570,2016,58715,120406,61691
412570,2017,55586,114630,59044
412570,2018,57000,112802,55802
412570,2019,55890,115417,59527
412570,2020,56200,113479,57279
412570,2021,56890,117048,60158
412580,1988,9350,32825,23475
412580,1989,10650,31412,20762
412580,1990,11900,30565,18665
412580,1991,7520,22167,14647
412580,1992,5560,22963,17403
412580,1993,6000,21814,15814
412580,1994,6200,21927,15727
412580,1995,5900,23723,17823
412580,1996,6000,16400,10400
412580,1997,7000,20254,13254
412580,1998,7200,20749,13549
412580,1999,6000,20150,14150
412580,2000,7500,20886,13386
412580,2001,7000,22833,15833
412580,2002,7000,24363,17363
412580,2003,7500,23597,16097
412580,2004,7600,22188,14588
412580,2005,8930,21459,12529
412580,2006,9000,22853,13853
412580,2007,7000,23565,16565
412580,2008,7500,24696,17196
412580,2009,7100,21792,14692
412580,2010,7400,21829,14429
412580,2011,7590,26563,18973
412580,2012,8000,26087,18087
412580,2013,7910,25465,17555
412580,2014,8000,25483,17483
412580,2015,8050,24105,16055
412580,2016,9000,25072,16072
412580,2017,9000,23469,14469
412580,2018,9500,24641,15141
412580,2019,9500,23524,14024
412580,2020,9500,23524,14024
412580,2021,12500,28978,16478
412590,1988,0,4624,4624
412590,1989,0,4071,4071
412590,1990,0,3928,3928
412590,1991,0,4059,4059
412590,1992,0,2935,2935
412590,1993,0,2652,2652
412590,1994,0,2738,2738
412590,1995,0,2551,2551
412590,1996,0,1953,1953
412590,1997,0,1699,1699
412590,1998,0,1318,1318
412590,1999,43,1790,1747
412590,2000,0,1539,1539
412590,2001,0,1302,1302
412590,2002,0,1340,1340
412590,2003,116,1406,1290
412590,2004,435,1931,1496
412590,2005,100,1279,1179
412590,2006,0,1455,1455
412590,2007,0,952,952
412590,2008,0,797,797
412590,2009,0,979,979
412590,2010,0,774,774
412590,2011,0,893,893
412590,2012,0,1025,1025
412590,2013,0,1191,1191
412590,2014,0,1485,1485
412590,2015,0,1446,1446
412590,2016,0,1318,1318
412590,2017,56,1001,945
412590,2018,50,1014,964
412590,2019,70,1674,1604
412590,2020,170,2973,2803
412590,2021,558,2910,2352
412600,1988,4500,15352,10852
412600,1989,5700,14538,8838
412600,1990,5500,14999,9499
412600,1991,4800,14618,9818
412600,1992,4400,14414,10014
412600,1993,5520,14060,8540
412600,1994,4460,10335,5875
412600,1995,7500,15501,8001
412600,1996,8500,21235,12735
412600,1997,9050,21162,12112
412600,1998,9020,21161,12141
412600,1999,9000,21145,12145
412600,2000,9700,25747,16047
412600,2001,9000,21456,12456
412600,2002,9900,21723,11823
412600,2003,12600,30823,18223
412600,2004,12500,30736,18236
412600,2005,13000,28687,15687
412600,2006,12500,26461,13961
412600,2007,11500,30006,18506
412600,2008,11050,28585,17535
412600,2009,11200,27430,16230
412600,2010,12602,25180,12578
412600,2011,12740,27561,14821
412600,2012,12500,29271,16771
412600,2013,13500,29615,16115
412600,2014,14260,30400,16140
412600,2015,13420,29152,15732
412600,2016,13160,27508,14348
412600,2017,12460,29924,17464
412600,2018,12860,26804,13944
412600,2019,14080,31796,17716
412600,2020,13450,28996,15546
412600,2021,13450,31313,17863
412610,1988,1550,11446,9896
412610,1989,1500,13091,11591
412610,1990,1400,11171,9771
412610,1991,1560,12775,11215
412610,1992,1600,11937,10337
412610,1993,1320,10989,9669
412610,1994,1120,11708,10588
412610,1995,1300,11605,10305
412610,1996,1300,12980,11680
412610,1997,1300,12450,11150
412610,1998,1400,11920,10520
412610,1999,1400,12975,11575
412610,2000,1245,12595,11350
412610,2001,1300,13577,12277
412610,2002,1800,12935,11135
412610,2003,2700,14878,12178
412610,2004,2900,15218,12318
412610,2005,2900,15117,12217
412610,2006,2500,15486,12986
412610,2007,1800,15768,13968
412610,2008,1700,14379,12679
412610,2009,1500,13919,12419
412610,2010,1200,12979,11779
412610,2011,1720,13309,11589
412610,2012,1720,12840,11120
412610,2013,1840,14644,12804
412610,2014,1600,14135,12535
412610,2015,1600,15076,13476
412610,2016,2300,14271,11971
412610,2017,2300,13977,11677
412610,2018,2300,14033,11733
412610,2019,2300,14038,11738
412610,2020,3500,15238,11738
412610,2021,2300,14039,11739
412620,1988,0,13608,13608
412620,1989,0,12474,12474
412620,1990,0,12756,12756
412620,1991,0,11853,11853
412620,1992,0,9348,9348
412620,1993,0,8602,8602
412620,1994,0,5881,5881
412620,1995,0,7863,7863
412620,1996,0,7104,7104
412620,1997,0,7065,7065
412620,1998,0,6288,6288
412620,1999,0,6119,6119
412620,2000,0,4676,4676
412620,2001,0,5300,5300
412620,2002,0,4495,4495
412620,2003,500,5776,5276
412620,2004,1800,7719,5919
412620,2005,3000,7758,4758
412620,2006,3000,10139,7139
412620,2007,4000,10566,6566
412620,2008,4550,10698,6148
412620,2009,4600,10849,6249
412620,2010,4600,11042,6442
412620,2011,2500,5852,3352
412620,2012,2200,3707,1507
412620,2013,2600,3980,1380
412620,2014,2635,3435,800
412620,2015,2860,6299,3439
412620,2016,2880,6312,3432
412620,2017,3000,6220,3220
412620,2018,2890,7911,5021
412620,2019,2890,7668,4778
412620,2020,4980,10063,5083
412620,2021,3000,7595,4595
412625,1988,5000,9781,4781
412625,1989,5500,11711,6211
412625,1990,5400,11655,6255
412625,1991,5450,10773,5323
412625,1992,5520,10308,4788
412625,1993,5510,8836,3326
412625,1994,6000,12862,6862
412625,1995,6000,12800,6800
412625,1996,6000,11296,5296
412625,1997,6100,10487,4387
412625,1998,6200,10815,4615
412625,1999,6200,10818,4618
412625,2000,6200,9656,3456
412625,2001,6100,11901,5801
412625,2002,6200,12268,6068
412625,2003,6370,12711,6341
412625,2004,6400,12523,6123
412625,2005,7000,13654,6654
412625,2006,6400,11401,5001
412625,2007,6300,12195,5895
412625,2008,6300,12854,6554
412625,2009,6300,12906,6606
412625,2010,6400,13606,7206
412625,2011,6350,12980,6630
412625,2012,6300,12119,5819
412625,2013,6250,12414,6164
412625,2014,6300,12584,6284
412625,2015,6300,12493,6193
412625,2016,6270,12712,6442
412625,2017,6250,12512,6262
412625,2018,6220,12282,6062
412625,2019,6250,12376,6126
412625,2020,6250,12462,6212
412625,2021,6250,12456,6206
412630,1988,138,11191,11053
412630,1989,170,8660,8490
412630,1990,125,9432,9307
412630,1991,100,11649,11549
412630,1992,100,11238,11138
412630,1993,300,12056,11756
412630,1994,600,12330,11730
412630,1995,800,12858,12058
412630,1996,850,10064,9214
412630,1997,2500,11447,8947
412630,1998,2500,9022,6522
412630,1999,2600,13389,10789
412630,2000,4500,15245,10745
412630,2001,4800,17680,12880
412630,2002,4800,18260,13460
412630,2003,6000,21025,15025
412630,2004,10000,23351,13351
412630,2005,11000,26681,15681
412630,2006,6000,23460,17460
412630,2007,6500,19910,13410
412630,2008,6800,22275,15475
412630,2009,3500,23339,19839
412630,2010,6800,23966,17166
412630,2011,8600,23758,15158
412630,2012,8500,22373,13873
412630,2013,13200,30400,17200
412630,2014,12500,26610,14110
412630,2015,13500,26247,12747
412630,2016,13850,24663,10813
412630,2017,13020,23625,10605
412630,2018,14000,21819,7819
412630,2019,17100,24918,7818
412630,2020,15300,23264,7964
412630,2021,14050,21292,7242
412640,1988,20500,45372,24872
412640,1989,21200,44151,22951
412640,1990,21000,46137,25137
412640,1991,19000,48296,29296
412640,1992,19080,40940,21860
412640,1993,19100,43372,24272
412640,1994,17600,39452,21852
412640,1995,22100,47564,25464
412640,1996,23000,49871,26871
412640,1997,23050,48380,25330
412640,1998,23530,48592,25062
412640,1999,20500,49054,28554
412640,2000,23000,61250,38250
412640,2001,23000,47276,24276
412640,2002,24000,43406,19406
412640,2003,26000,56077,30077
412640,2004,27000,58840,31840
412640,2005,27000,56056,29056
412640,2006,27000,49983,22983
412640,2007,27000,56456,29456
412640,2008,27200,58985,31785
412640,2009,27500,56050,28550
412640,2010,33623,68683,35060
412640,2011,33520,68805,35285
412640,2012,33000,66613,33613
412640,2013,35000,70443,35443
412640,2014,35300,69538,34238
412640,2015,35800,70727,34927
412640,2016,33140,65089,31949
412640,2017,32220,64055,31835
412640,2018,32270,64281,32011
412640,2019,33150,66359,33209
412640,2020,32100,61319,29219
412640,2021,32100,62096,29996
412650,1988,26200,52877,26677
412650,1989,20640,46411,25771
412650,1990,20500,45662,25162
412650,1991,24785,47260,22475
412650,1992,19000,48337,29337
412650,1993,21900,46712,24812
412650,1994,22700,47414,24714
412650,1995,23000,51961,28961
412650,1996,24120,52510,28390
412650,1997,26030,52455,26425
412650,1998,25000,52899,27899
412650,1999,24500,52734,28234
412650,2000,24900,39842,14942
412650,2001,24050,52821,28771
412650,2002,25000,49984,24984
412650,2003,26830,56997,30167
412650,2004,27450,53795,26345
412650,2005,26000,49128,23128
412650,2006,25800,42802,17002
412650,2007,24000,49316,25316
412650,2008,23500,48813,25313
412650,2009,25600,50592,24992
412650,2010,26000,50254,24254
412650,2011,26000,47544,21544
412650,2012,27500,54831,27331
412650,2013,29000,56556,27556
412650,2014,28300,57739,29439
412650,2015,29500,59207,29707
412650,2016,29200,58951,29751
412650,2017,29600,59167,29567
412650,2018,29600,59350,29750
412650,2019,29700,59482,29782
412650,2020,29700,59457,29757
412650,2021,29700,59366,29666
412660,1988,0,14542,14542
412660,1989,0,13510,13510
412660,1990,0,13484,13484
412660,1991,0,12637,12637
412660,1992,0,12656,12656
412660,1993,0,12647,12647
412660,1994,0,11429,11429
412660,1995,0,11519,11519
412660,1996,0,8257,8257
412660,1997,0,6413,6413
412660,1998,0,6515,6515
412660,1999,0,6691,6691
412660,2000,0,6635,6635
412660,2001,0,6243,6243
412660,2002,0,7702,7702
412660,2003,0,8270,8270
412660,2004,290,8212,7922
412660,2005,450,7537,7087
412660,2006,500,9655,9155
412660,2007,800,9068,8268
412660,2008,735,9467,8732
412660,2009,840,9079,8239
412660,2010,1000,9324,8324
412660,2011,1500,12133,10633
412660,2012,1500,12304,10804
412660,2013,1140,13136,11996
412660,2014,2200,12020,9820
412660,2015,2200,12204,10004
412660,2016,5000,13092,8092
412660,2017,2500,10132,7632
412660,2018,3000,8758,5758
412660,2019,5000,12042,7042
412660,2020,5600,11650,6050
412660,2021,5300,13048,7748
412665,1988,0,0,0
412665,1989,3650,12057,8407
412665,1990,3450,11956,8506
412665,1991,2300,10935,8635
412665,1992,1850,11687,9837
412665,1993,2300,11657,9357
412665,1994,2500,11560,9060
412665,1995,2500,11718,9218
412665,1996,3430,11798,8368
412665,1997,3050,9836,6786
412665,1998,2830,7855,5025
412665,1999,2530,7336,4806
412665,2000,2500,6571,4071
412665,2001,2500,7506,5006
412665,2002,3350,8037,4687
412665,2003,4300,8526,4226
412665,2004,4300,8682,4382
412665,2005,4250,8181,3931
412665,2006,4300,6941,2641
412665,2007,4500,6986,2486
412665,2008,4400,6498,2098
412665,2009,3750,6478,2728
412665,2010,4100,6374,2274
412665,2011,3700,5995,2295
412665,2012,3500,6937,3437
412665,2013,3500,7751,4251
412665,2014,4020,7766,3746
412665,2015,4150,6208,2058
412665,2016,4900,8458,3558
412665,2017,4400,7884,3484
412665,2018,4500,6232,1732
412665,2019,5000,11451,6451
412665,2020,5000,9225,4225
412665,2021,5350,8485,3135
412670,1988,500,4934,4434
412670,1989,1750,6622,4872
412670,1990,500,6008,5508
412670,1991,423,4510,4087
412670,1992,400,3040,2640
412670,1993,500,3623,3123
412670,1994,380,3298,2918
412670,1995,150,3625,3475
412670,1996,100,3112,3012
412670,1997,0,3208,3208
412670,1998,100,3439,3339
412670,1999,120,3899,3779
412670,2000,300,3875,3575
412670,2001,300,4313,4013
412670,2002,250,4560,4310
412670,2003,270,5668,5398
412670,2004,350,6556,6206
412670,2005,350,6093,5743
412670,2006,400,6235,5835
412670,2007,150,6067,5917
412670,2008,350,7918,7568
412670,2009,350,6786,6436
412670,2010,250,7973,7723
412670,2011,250,7526,7276
412670,2012,250,6972,6722
412670,2013,390,7423,7033
412670,2014,390,7608,7218
412670,2015,390,6443,6053
412670,2016,450,7460,7010
412670,2017,350,6702,6352
412670,2018,438,7238,6800
412670,2019,692,7406,6714
412670,2020,300,7023,6723
412670,2021,300,7341,7041
412680,1988,0,8693,8693
412680,1989,0,8595,8595
412680,1990,72,7829,7757
412680,1991,0,8788,8788
412680,1992,0,8782,8782
412680,1993,0,8487,8487
412680,1994,0,8282,8282
412680,1995,0,7843,7843
412680,1996,0,7874,7874
412680,1997,0,10023,10023
412680,1998,180,10109,9929
412680,1999,0,12047,12047
412680,2000,240,12676,12436
412680,2001,600,11736,11136
412680,2002,1000,12614,11614
412680,2003,1550,13206,11656
412680,2004,2000,16890,14890
412680,2005,1600,17785,16185
412680,2006,1200,17148,15948
412680,2007,700,21592,20892
412680,2008,660,23471,22811
412680,2009,700,24486,23786
412680,2010,450,24011,23561
412680,2011,200,23516,23316
412680,2012,100,23494,23394
412680,2013,77,24955,24878
412680,2014,48,23450,23402
412680,2015,0,27429,27429
412680,2016,0,22969,22969
412680,2017,200,23033,22833
412680,2018,0,21642,21642
412680,2019,0,22814,22814
412680,2020,525,23822,23297
412680,2021,0,22814,22814
412690,1988,36,10312,10276
412690,1989,0,7321,7321
412690,1990,10,7172,7162
412690,1991,10,5948,5938
412690,1992,0,7781,7781
412690,1993,0,6134,6134
412690,1994,0,5722,5722
412690,1995,0,5980,5980
412690,1996,0,4371,4371
412690,1997,0,3235,3235
412690,1998,0,4173,4173
412690,1999,240,5113,4873
412690,2000,150,4436,4286
412690,2001,120,4079,3959
412690,2002,170,5202,5032
412690,2003,490,7086,6596
412690,2004,1750,9127,7377
412690,2005,1750,7594,5844
412690,2006,1200,7146,5946
412690,2007,860,6214,5354
412690,2008,600,7221,6621
412690,2009,97,3762,3665
412690,2010,0,4800,4800
412690,2011,0,6204,6204
412690,2012,0,6374,6374
412690,2013,290,6618,6328
412690,2014,260,7742,7482
412690,2015,318,4987,4669
412690,2016,517,7047,6530
412690,2017,575,7424,6849
412690,2018,750,8611,7861
412690,2019,750,8549,7799
412690,2020,1350,8571,7221
412690,2021,1420,9590,8170
412700,1988,9500,31987,22487
412700,1989,10000,32026,22026
412700,1990,10000,34014,24014
412700,1991,10000,31661,21661
412700,1992,8500,29669,21169
412700,1993,8000,31681,23681
412700,1994,10200,37226,27026
412700,1995,12000,35563,23563
412700,1996,13300,40858,27558
412700,1997,14600,44295,29695
412700,1998,19145,51808,32663
412700,1999,19560,56022,36462
412700,2000,21210,62227,41017
412700,2001,20220,61157,40937
412700,2002,25100,68257,43157
412700,2003,25200,76985,51785
412700,2004,31795,76742,44947
412700,2005,25450,77075,51625
412700,2006,20400,70244,49844
412700,2007,22800,67275,44475
412700,2008,23675,68923,45248
412700,2009,25355,69078,43723
412700,2010,32460,68228,35768
412700,2011,37940,76201,38261
412700,2012,37900,71227,33327
412700,2013,42200,78458,36258
412700,2014,47020,81210,34190
412700,2015,51550,84184,32634
412700,2016,55700,87500,31800
412700,2017,50100,83680,33580
412700,2018,53700,82051,28351
412700,2019,55200,85953,30753
412700,2020,58850,95189,36339
412700,2021,54645,92170,37525
412720,1988,9000,29666,20666
412720,1989,10000,27188,17188
412720,1990,10000,26923,16923
412720,1991,10700,26873,16173
412720,1992,9900,23030,13130
412720,1993,10084,22636,12552
412720,1994,10126,25214,15088
412720,1995,8700,23710,15010
412720,1996,10000,23674,13674
412720,1997,10500,22681,12181
412720,1998,11050,19910,8860
412720,1999,11550,24273,12723
412720,2000,12500,22931,10431
412720,2001,12500,24921,12421
412720,2002,14000,33251,19251
412720,2003,16500,32692,16192
412720,2004,18000,37297,19297
412720,2005,18500,32676,14176
412720,2006,17500,33834,16334
412720,2007,15500,31022,15522
412720,2008,14500,27452,12952
412720,2009,14500,34140,19640
412720,2010,14300,31376,17076
412720,2011,14000,36336,22336
412720,2012,14700,36390,21690
412720,2013,15000,37121,22121
412720,2014,11500,31681,20181
412720,2015,11500,26171,14671
412720,2016,12000,28146,16146
412720,2017,12000,28132,16132
412720,2018,12000,28327,16327
412720,2019,12000,28319,16319
412720,2020,13000,29319,16319
412720,2021,12000,28319,16319
412730,1988,0,9285,9285
412730,1989,0,8903,8903
412730,1990,0,8184,8184
412730,1991,0,5671,5671
412730,1992,0,5983,5983
412730,1993,0,5335,5335
412730,1994,88,5565,5477
412730,1995,0,4546,4546
412730,1996,0,2907,2907
412730,1997,0,3181,3181
412730,1998,7,4052,4045
412730,1999,48,6314,6266
412730,2000,0,5952,5952
412730,2001,0,6341,6341
412730,2002,0,7371,7371
412730,2003,133,8245,8112
412730,2004,726,7869,7143
412730,2005,700,7335,6635
412730,2006,180,6451,6271
412730,2007,100,8503,8403
412730,2008,0,10015,10015
412730,2009,100,14487,14387
412730,2010,0,13781,13781
412730,2011,0,14931,14931
412730,2012,0,14026,14026
412730,2013,0,14243,14243
412730,2014,100,13525,13425
412730,2015,56,10899,10843
412730,2016,317,14273,13956
412730,2017,360,13387,13027
412730,2018,90,13689,13599
412730,2019,194,14811,14617
412730,2020,123,12605,12482
412730,2021,502,14378,13876
412740,1988,25000,79045,54045
412740,1989,29000,82977,53977
412740,1990,29000,72984,43984
412740,1991,27500,62732,35232
412740,1992,28500,62055,33555
412740,1993,41600,66170,24570
412740,1994,32000,60561,28561
412740,1995,25500,51203,25703
412740,1996,25000,53133,28133
412740,1997,32200,61864,29664
412740,1998,33470,63361,29891
412740,1999,25000,62212,37212
412740,2000,28640,55327,26687
412740,2001,30200,57671,27471
412740,2002,30600,58949,28349
412740,2003,35000,69663,34663
412740,2004,38000,75455,37455
412740,2005,41000,84559,43559
412740,2006,50900,77245,26345
412740,2007,59000,121809,62809
412740,2008,57500,114219,56719
412740,2009,48500,105829,57329
412740,2010,50700,101204,50504
412740,2011,52300,104529,52229
412740,2012,50600,105326,54726
412740,2013,51300,107203,55903
412740,2014,50800,104304,53504
412740,2015,51325,103543,52218
412740,2016,51000,102141,51141
412740,2017,52325,105326,53001
412740,2018,53180,106270,53090
412740,2019,53735,108005,54270
412740,2020,54000,108552,54552
412740,2021,55000,110592,55592
412750,1988,48000,108108,60108
412750,1989,52000,107532,55532
412750,1990,52000,105640,53640
412750,1991,46000,99466,53466
412750,1992,47000,107396,60396
412750,1993,50000,106722,56722
412750,1994,53000,107492,54492
412750,1995,53500,109824,56324
412750,1996,55000,121689,66689
412750,1997,57000,125085,68085
412750,1998,65140,137275,72135
412750,1999,61000,131812,70812
412750,2000,62500,140011,77511
412750,2001,60000,158566,98566
412750,2002,72000,167409,95409
412750,2003,74000,180152,106152
412750,2004,84700,186904,102204
412750,2005,109000,215336,106336
412750,2006,94000,184677,90677
412750,2007,98300,177503,79203
412750,2008,96500,197010,100510
412750,2009,98500,223142,124642
412750,2010,105000,198337,93337
412750,2011,110700,203347,92647
412750,2012,108300,201097,92797
412750,2013,124750,238098,113348
412750,2014,125600,232493,106893
412750,2015,129800,228893,99093
412750,2016,134900,225338,90438
412750,2017,126000,221105,95105
412750,2018,124500,205998,81498
412750,2019,118000,202773,84773
412750,2020,121900,212880,90980
412750,2021,119050,213285,94235
412760,1988,125,5947,5822
412760,1989,0,5962,5962
412760,1990,0,5792,5792
412760,1991,0,5450,5450
412760,1992,0,5866,5866
412760,1993,0,5859,5859
412760,1994,0,5939,5939
412760,1995,0,6014,6014
412760,1996,0,6145,6145
412760,1997,0,6657,6657
412760,1998,0,6371,6371
412760,1999,0,6393,6393
412760,2000,0,7188,7188
412760,2001,0,7287,7287
412760,2002,0,7342,7342
412760,2003,0,7725,7725
412760,2004,80,7722,7642
412760,2005,130,7904,7774
412760,2006,380,8580,8200
412760,2007,340,8660,8320
412760,2008,350,8499,8149
412760,2009,500,8468,7968
412760,2010,1000,8225,7225
412760,2011,1000,10657,9657
412760,2012,1150,11801,10651
412760,2013,2600,8509,5909
412760,2014,2830,8884,6054
412760,2015,3600,9191,5591
412760,2016,3675,8862,5187
412760,2017,4150,8893,4743
412760,2018,4150,8874,4724
412760,2019,4150,8954,4804
412760,2020,4450,9389,4939
412760,2021,4530,9053,4523
412770,1988,74000,190179,116179
412770,1989,85500,208563,123063
412770,1990,67000,153599,86599
412770,1991,56500,142625,86125
412770,1992,52500,147940,95440
412770,1993,60750,110735,49985
412770,1994,60150,135546,75396
412770,1995,65100,122744,57644
412770,1996,71220,127676,56456
412770,1997,69340,124674,55334
412770,1998,78480,134911,56431
412770,1999,76580,141789,65209
412770,2000,75850,139433,63583
412770,2001,73984,143966,69982
412770,2002,78650,148784,70134
412770,2003,80600,162339,81739
412770,2004,82550,147466,64916
412770,2005,83200,154769,71569
412770,2006,79750,148485,68735
412770,2007,79500,158048,78548
412770,2008,78300,166287,87987
412770,2009,77320,171324,94004
412770,2010,81502,162711,81209
412770,2011,79200,154523,75323
412770,2012,75326,158350,83024
412770,2013,76930,163326,86396
412770,2014,82260,163100,80840
412770,2015,84560,164859,80299
412770,2016,85680,165642,79962
412770,2017,83400,163918,80518
412770,2018,84500,158016,73516
412770,2019,84500,168470,83970
412770,2020,84550,168479,83929
412770,2021,84600,168800,84200
412780,1988,0,23110,23110
412780,1989,0,21395,21395
412780,1990,0,21493,21493
412780,1991,0,20342,20342
412780,1992,0,20375,20375
412780,1993,0,17379,17379
412780,1994,0,15939,15939
412780,1995,0,14318,14318
412780,1996,0,12887,12887
412780,1997,0,9056,9056
412780,1998,0,9446,9446
412780,1999,36,11134,11098
412780,2000,0,9429,9429
412780,2001,0,9778,9778
412780,2002,416,10401,9985
412780,2003,1936,13104,11168
412780,2004,3500,17888,14388
412780,2005,3500,14689,11189
412780,2006,2500,14052,11552
412780,2007,2500,14402,11902
412780,2008,2500,16017,13517
412780,2009,3500,14551,11051
412780,2010,3000,13919,10919
412780,2011,3200,13842,10642
412780,2012,3000,12612,9612
412780,2013,4000,14170,10170
412780,2014,4500,15454,10954
412780,2015,4500,12932,8432
412780,2016,5000,15549,10549
412780,2017,6500,18341,11841
412780,2018,6500,18425,11925
412780,2019,6000,14280,8280
412780,2020,12100,17419,5319
412780,2021,12100,18597,6497
412785,1988,4000,28828,24828
412785,1989,7000,26813,19813
412785,1990,6000,24043,18043
412785,1991,2000,24219,22219
412785,1992,1900,25890,23990
412785,1993,1950,26231,24281
412785,1994,1950,24567,22617
412785,1995,2000,30612,28612
412785,1996,2000,29252,27252
412785,1997,1200,25420,24220
412785,1998,3000,30978,27978
412785,1999,4500,29431,24931
412785,2000,4500,30490,25990
412785,2001,4505,28280,23775
412785,2002,6400,28081,21681
412785,2003,6300,28484,22184
412785,2004,6500,25981,19481
412785,2005,6500,24125,17625
412785,2006,7000,25720,18720
412785,2007,7500,26423,18923
412785,2008,8000,24779,16779
412785,2009,12000,26193,14193
412785,2010,14000,24388,10388
412785,2011,15230,25971,10741
412785,2012,14200,26417,12217
412785,2013,14700,27040,12340
412785,2014,15200,27972,12772
412785,2015,17180,26229,9049
412785,2016,17200,26160,8960
412785,2017,16800,27382,10582
412785,2018,17250,27482,10232
412785,2019,15600,28208,12608
412785,2020,15600,28479,12879
412785,2021,13350,23577,10227
412790,1988,360,13956,13596
412790,1989,560,10282,9722
412790,1990,400,11598,11198
412790,1991,90,13634,13544
412790,1992,50,12047,11997
412790,1993,50,14115,14065
412790,1994,110,12081,11971
412790,1995,110,10761,10651
412790,1996,50,10314,10264
412790,1997,200,13854,13654
412790,1998,1500,12644,11144
412790,1999,2180,15196,13016
412790,2000,3500,14228,10728
412790,2001,3800,15754,11954
412790,2002,7500,19036,11536
412790,2003,12500,23740,11240
412790,2004,15000,28781,13781
412790,2005,15000,29380,14380
412790,2006,14500,30261,15761
412790,2007,11000,31480,20480
412790,2008,10500,32165,21665
412790,2009,10500,34043,23543
412790,2010,11000,33324,22324
412790,2011,10000,30316,20316
412790,2012,10200,32075,21875
412790,2013,10200,28661,18461
412790,2014,10230,28633,18403
412790,2015,10210,32530,22320
412790,2016,10530,29405,18875
412790,2017,13000,33379,20379
412790,2018,10500,30880,20380
412790,2019,10500,30880,20380
412790,2020,15500,35880,20380
412790,2021,10500,30880,20380
412795,1988,17800,38276,20476
412795,1989,17800,39429,21629
412795,1990,17330,38496,21166
412795,1991,12840,37243,24403
412795,1992,10480,36174,25694
412795,1993,18800,32394,13594
412795,1994,20300,42923,22623
412795,1995,20600,39245,18645
412795,1996,21500,43735,22235
412795,1997,22080,45524,23444
412795,1998,23000,43818,20818
412795,1999,23100,44717,21617
412795,2000,23100,42841,19741
412795,2001,20700,43226,22526
412795,2002,21800,45752,23952
412795,2003,22200,47352,25152
412795,2004,22500,46063,23563
412795,2005,22500,41763,19263
412795,2006,22000,43126,21126
412795,2007,21700,45055,23355
412795,2008,21000,45771,24771
412795,2009,21100,46421,25321
412795,2010,22100,46424,24324
412795,2011,22150,47466,25316
412795,2012,22100,47475,25375
412795,2013,22050,47332,25282
412795,2014,22720,48035,25315
412795,2015,23300,48379,25079
412795,2016,24300,48695,24395
412795,2017,23300,48599,25299
412795,2018,23870,48497,24627
412795,2019,23010,48573,25563
412795,2020,23010,48974,25964
412795,2021,22900,48964,26064
412796,1988,2000,18969,16969
412796,1989,2000,17242,15242
412796,1990,1500,15457,13957
412796,1991,900,15896,14996
412796,1992,800,15653,14853
412796,1993,800,15148,14348
412796,1994,750,16173,15423
412796,1995,700,15021,14321
412796,1996,1100,14754,13654
412796,1997,1500,13154,11654
412796,1998,3300,13788,10488
412796,1999,3800,14462,10662
412796,2000,3900,13816,9916
412796,2001,3500,14120,10620
412796,2002,4400,14362,9962
412796,2003,4800,14968,10168
412796,2004,5100,15129,10029
412796,2005,6300,15592,9292
412796,2006,6900,16487,9587
412796,2007,7600,16042,8442
412796,2008,5900,15876,9976
412796,2009,6600,16314,9714
412796,2010,6800,15455,8655
412796,2011,7100,14613,7513
412796,2012,8400,15604,7204
412796,2013,9100,16875,7775
412796,2014,12670,19589,6919
412796,2015,13860,19891,6031
412796,2016,13650,19106,5456
412796,2017,14500,21295,6795
412796,2018,15700,20963,5263
412796,2019,15470,21016,5546
412796,2020,15980,21942,5962
412796,2021,16000,23103,7103
412800,1988,35000,86051,51051
412800,1989,38000,84403,46403
412800,1990,36000,84549,48549
412800,1991,30000,76581,46581
412800,1992,27000,77694,50694
412800,1993,35000,85465,50465
412800,1994,38200,83856,45656
412800,1995,38100,73007,34907
412800,1996,42800,89252,46452
412800,1997,46070,86707,40637
412800,1998,47250,87799,40549
412800,1999,47300,94810,47510
412800,2000,46150,101990,55840
412800,2001,42360,91427,49067
412800,2002,49360,98841,49481
412800,2003,51000,99178,48178
412800,2004,51210,98755,47545
412800,2005,51400,90775,39375
412800,2006,51300,85637,34337
412800,2007,51300,93635,42335
412800,2008,51800,101653,49853
412800,2009,51800,103002,51202
412800,2010,51200,90875,39675
412800,2011,53400,104848,51448
412800,2012,51750,105773,54023
412800,2013,52600,108552,55952
412800,2014,55500,112361,56861
412800,2015,65300,121556,56256
412800,2016,64360,124068,59708
412800,2017,53000,104664,51664
412800,2018,53400,106016,52616
412800,2019,53500,122279,68779
412800,2020,54000,111255,57255
412800,2021,54000,106443,52443
412810,1988,0,56696,56696
412810,1989,19,46755,46736
412810,1990,0,39063,39063
412810,1991,340,44515,44175
412810,1992,340,32437,32097
412810,1993,0,15338,15338
412810,1994,0,15289,15289
412810,1995,0,20899,20899
412810,1996,35,20425,20390
412810,1997,100,22623,22523
412810,1998,3103,29064,25961
412810,1999,3976,30434,26458
412810,2000,4160,29025,24865
412810,2001,4075,30536,26461
412810,2002,5466,34439,28973
412810,2003,12330,44478,32148
412810,2004,21810,51044,29234
412810,2005,29350,59335,29985
412810,2006,22500,51372,28872
412810,2007,13200,45560,32360
412810,2008,7600,46395,38795
412810,2009,10290,47741,37451
412810,2010,10998,49377,38379
412810,2011,7955,52513,44558
412810,2012,7707,55693,47986
412810,2013,7600,58568,50968
412810,2014,8220,60159,51939
412810,2015,10127,59727,49600
412810,2016,12355,59924,47569
412810,2017,16505,64758,48253
412810,2018,19270,60715,41445
412810,2019,19370,63374,44004
412810,2020,19672,61396,41724
412810,2021,20845,72686,51841
412820,1988,250,7767,7517
412820,1989,300,6915,6615
412820,1990,300,7097,6797
412820,1991,150,6992,6842
412820,1992,200,6305,6105
412820,1993,200,5795,5595
412820,1994,200,6465,6265
412820,1995,200,7039,6839
412820,1996,300,7044,6744
412820,1997,400,6783,6383
412820,1998,450,5756,5306
412820,1999,350,5767,5417
412820,2000,400,5958,5558
412820,2001,400,5816,5416
412820,2002,600,5692,5092
412820,2003,600,5874,5274
412820,2004,900,6801,5901
412820,2005,1000,6715,5715
412820,2006,1000,6870,5870
412820,2007,1400,6673,5273
412820,2008,1200,6460,5260
412820,2009,1500,6839,5339
412820,2010,2550,6345,3795
412820,2011,2500,6292,3792
412820,2012,2500,5923,3423
412820,2013,3500,6864,3364
412820,2014,3500,7323,3823
412820,2015,4100,6943,2843
412820,2016,4500,7111,2611
412820,2017,4000,6948,2948
412820,2018,4000,6898,2898
412820,2019,4000,6980,2980
412820,2020,4200,6649,2449
412820,2021,4500,6898,2398
412830,1988,300,2830,2530
412830,1989,500,2681,2181
412830,1990,400,3387,2987
412830,1991,350,2025,1675
412830,1992,370,2224,1854
412830,1993,400,2329,1929
412830,1994,400,2399,1999
412830,1995,400,2157,1757
412830,1996,350,2186,1836
412830,1997,520,2270,1750
412830,1998,600,2392,1792
412830,1999,750,2996,2246
412830,2000,800,3576,2776
412830,2001,1012,3947,2935
412830,2002,1100,4047,2947
412830,2003,1550,4772,3222
412830,2004,2400,5740,3340
412830,2005,2950,5953,3003
412830,2006,1130,3816,2686
412830,2007,510,4126,3616
412830,2008,820,4567,3747
412830,2009,500,2140,1640
412830,2010,1000,3817,2817
412830,2011,1000,4778,3778
412830,2012,1280,5570,4290
412830,2013,1535,5193,3658
412830,2014,1549,5863,4314
412830,2015,1580,5523,3943
412830,2016,2120,6563,4443
412830,2017,2566,7983,5417
412830,2018,2650,7576,4926
412830,2019,3365,7170,3805
412830,2020,3323,8248,4925
412830,2021,3410,8524,5114
412840,1988,3300,18122,14822
412840,1989,4400,18375,13975
412840,1990,4700,18255,13555
412840,1991,4500,17536,13036
412840,1992,4120,16611,12491
412840,1993,5610,17860,12250
412840,1994,5350,18051,12701
412840,1995,7100,19017,11917
412840,1996,7000,18722,11722
412840,1997,8000,21451,13451
412840,1998,9020,20763,11743
412840,1999,8000,20046,12046
412840,2000,8000,21831,13831
412840,2001,8500,20490,11990
412840,2002,9400,20761,11361
412840,2003,9100,22055,12955
412840,2004,9800,22654,12854
412840,2005,10500,22832,12332
412840,2006,11200,20412,9212
412840,2007,11200,23098,11898
412840,2008,11450,24201,12751
412840,2009,11580,23555,11975
412840,2010,11853,22619,10766
412840,2011,11240,22941,11701
412840,2012,11500,24527,13027
412840,2013,12550,25984,13434
412840,2014,12730,24522,11792
412840,2015,12590,22737,10147
412840,2016,12700,24554,11854
412840,2017,12560,25466,12906
412840,2018,12600,24764,12164
412840,2019,11860,23977,12117
412840,2020,11720,22529,10809
412840,2021,11720,23249,11529
412850,1988,0,23710,23710
412850,1989,0,22643,22643
412850,1990,0,19165,19165
412850,1991,0,18633,18633
412850,1992,0,15624,15624
412850,1993,0,14498,14498
412850,1994,0,15144,15144
412850,1995,0,11991,11991
412850,1996,0,13042,13042
412850,1997,0,13996,13996
412850,1998,0,14132,14132
412850,1999,0,16682,16682
412850,2000,0,15728,15728
412850,2001,410,19392,18982
412850,2002,757,17681,16924
412850,2003,780,16972,16192
412850,2004,2000,18212,16212
412850,2005,2600,19577,16977
412850,2006,1800,17315,15515
412850,2007,4000,19525,15525
412850,2008,5000,25974,20974
412850,2009,5500,21408,15908
412850,2010,8500,19236,10736
412850,2011,9000,22969,13969
412850,2012,8000,26453,18453
412850,2013,11000,27862,16862
412850,2014,14500,30774,16274
412850,2015,14500,33153,18653
412850,2016,15000,32479,17479
412850,2017,15000,31964,16964
412850,2018,16500,34314,17814
412850,2019,17800,29317,11517
412850,2020,18200,29675,11475
412850,2021,18700,35092,16392
412855,1988,7000,28070,21070
412855,1989,9500,29554,20054
412855,1990,8000,27633,19633
412855,1991,6000,25368,19368
412855,1992,4800,26226,21426
412855,1993,9200,29089,19889
412855,1994,9000,26342,17342
412855,1995,10200,25244,15044
412855,1996,13000,27017,14017
412855,1997,12000,23423,11423
412855,1998,12000,23304,11304
412855,1999,12800,23250,10450
412855,2000,10500,23069,12569
412855,2001,9500,26350,16850
412855,2002,11500,24068,12568
412855,2003,15000,33523,18523
412855,2004,15900,31185,15285
412855,2005,19000,33684,14684
412855,2006,18012,33328,15316
412855,2007,18500,30988,12488
412855,2008,18300,36604,18304
412855,2009,18520,36021,17501
412855,2010,19500,32146,12646
412855,2011,19475,34398,14923
412855,2012,17830,33823,15993
412855,2013,19590,35883,16293
412855,2014,19840,37575,17735
412855,2015,20380,39612,19232
412855,2016,20285,40081,19796
412855,2017,20335,40561,20226
412855,2018,20765,39772,19007
412855,2019,18795,38181,19386
412855,2020,18545,37840,19295
412855,2021,19200,35538,16338
412860,1988,6715,25982,19267
412860,1989,7800,29888,22088
412860,1990,5100,33054,27954
412860,1991,3500,23748,20248
412860,1992,2500,28714,26214
412860,1993,4000,29546,25546
412860,1994,5000,28073,23073
412860,1995,5000,27704,22704
412860,1996,5000,30150,25150
412860,1997,6000,30061,24061
412860,1998,9500,26719,17219
412860,1999,6000,20694,14694
412860,2000,6000,21077,15077
412860,2001,5913,21020,15107
412860,2002,8000,23788,15788
412860,2003,9200,28126,18926
412860,2004,12000,28185,16185
412860,2005,7000,25436,18436
412860,2006,9500,31322,21822
412860,2007,11500,30499,18999
412860,2008,8500,31048,22548
412860,2009,10070,31756,21686
412860,2010,15000,30016,15016
412860,2011,12700,28290,15590
412860,2012,11950,28615,16665
412860,2013,11100,28377,17277
412860,2014,14000,35986,21986
412860,2015,18000,36149,18149
412860,2016,19200,32454,13254
412860,2017,8750,30492,21742
412860,2018,12600,28613,16013
412860,2019,15400,34156,18756
412860,2020,16300,35204,18904
412860,2021,17800,38476,20676
412870,1988,8670,19124,10454
412870,1989,9660,19571,9911
412870,1990,9450,20861,11411
412870,1991,7560,19199,11639
412870,1992,6500,19901,13401
412870,1993,7200,20123,12923
412870,1994,8400,20516,12116
412870,1995,8400,22336,13936
412870,1996,10300,22097,11797
412870,1997,11800,21395,9595
412870,1998,11410,18771,7361
412870,1999,10938,18745,7807
412870,2000,9768,19677,9909
412870,2001,8912,19423,10511
412870,2002,11370,20742,9372
412870,2003,12320,23624,11304
412870,2004,12320,23728,11408
412870,2005,10820,22068,11248
412870,2006,9800,22547,12747
412870,2007,13700,24166,10466
412870,2008,11900,25567,13667
412870,2009,13800,36242,22442
412870,2010,18700,34385,15685
412870,2011,18750,36641,17891
412870,2012,17300,34719,17419
412870,2013,18900,38085,19185
412870,2014,18800,40224,21424
412870,2015,20750,39485,18735
412870,2016,25250,44799,19549
412870,2017,18600,41641,23041
412870,2018,21650,34326,12676
412870,2019,21550,38176,16626
412870,2020,21640,41075,19435
412870,2021,20500,44925,24425
412880,1988,0,9161,9161
412880,1989,0,7758,7758
412880,1990,0,7338,7338
412880,1991,0,8934,8934
412880,1992,0,5756,5756
412880,1993,0,4331,4331
412880,1994,0,3526,3526
412880,1995,0,4044,4044
412880,1996,0,2476,2476
412880,1997,0,1213,1213
412880,1998,381,2664,2283
412880,1999,340,1522,1182
412880,2000,48,1417,1369
412880,2001,48,1602,1554
412880,2002,180,1747,1567
412880,2003,810,3551,2741
412880,2004,2700,5811,3111
412880,2005,1960,5453,3493
412880,2006,1200,4092,2892
412880,2007,600,3643,3043
412880,2008,600,3632,3032
412880,2009,109,2673,2564
412880,2010,150,1936,1786
412880,2011,0,2151,2151
412880,2012,0,3234,3234
412880,2013,96,3232,3136
412880,2014,96,4312,4216
412880,2015,145,4000,3855
412880,2016,240,4253,4013
412880,2017,385,4271,3886
412880,2018,270,4597,4327
412880,2019,310,5625,5315
412880,2020,570,6381,5811
412880,2021,570,5800,5230
420005,1988,0,0,0
420005,1989,0,0,0
420005,1990,550,8760,8210
420005,1991,550,9780,9230
420005,1992,100,9190,9090
420005,1993,100,9190,9090
420005,1994,100,9084,8984
420005,1995,100,8643,8543
420005,1996,13,4319,4306
420005,1997,13,4254,4241
420005,1998,13,4254,4241
420005,1999,50,4344,4294
420005,2000,30,4330,4300
420005,2001,30,4271,4241
420005,2002,150,4122,3972
420005,2003,0,4271,4271
420005,2004,400,5844,5444
420005,2005,1100,6004,4904
420005,2006,1100,6023,4923
420005,2007,1300,6403,5103
420005,2008,2400,6429,4029
420005,2009,2450,6701,4251
420005,2010,2400,6446,4046
420005,2011,2400,6462,4062
420005,2012,2500,6015,3515
420005,2013,2600,5972,3372
420005,2014,2800,5972,3172
420005,2015,2900,5792,2892
420005,2016,3000,5642,2642
420005,2017,3000,5502,2502
420005,2018,2500,5011,2511
420005,2019,2000,3684,1684
420005,2020,2000,3682,1682
420005,2021,2000,3662,1662
420020,1988,0,6251,6251
420020,1989,15,5197,5182
420020,1990,15,5264,5249
420020,1991,15,5054,5039
420020,1992,15,4885,4870
420020,1993,15,4537,4522
420020,1994,15,4722,4707
420020,1995,15,4544,4529
420020,1996,0,3933,3933
420020,1997,0,4203,4203
420020,1998,0,4393,4393
420020,1999,0,4514,4514
420020,2000,0,4218,4218
420020,2001,0,4362,4362
420020,2002,0,4404,4404
420020,2003,0,4547,4547
420020,2004,0,4563,4563
420020,2005,0,4148,4148
420020,2006,0,4239,4239
420020,2007,0,4301,4301
420020,2008,0,3704,3704
420020,2009,9,3645,3636
420020,2010,0,3663,3663
420020,2011,0,3693,3693
420020,2012,21,3667,3646
420020,2013,0,3629,3629
420020,2014,100,3597,3497
420020,2015,200,3775,3575
420020,2016,300,3847,3547
420020,2017,320,3909,3589
420020,2018,600,2885,2285
420020,2019,600,2809,2209
420020,2020,800,3029,2229
420020,2021,800,3149,2349
420030,1988,0,6868,6868
420030,1989,0,6195,6195
420030,1990,0,6808,6808
420030,1991,0,5677,5677
420030,1992,0,6343,6343
420030,1993,0,6133,6133
420030,1994,0,5154,5154
420030,1995,0,5577,5577
420030,1996,0,3332,3332
420030,1997,0,5148,5148
420030,1998,0,5107,5107
420030,1999,0,4741,4741
420030,2000,0,4567,4567
420030,2001,0,4452,4452
420030,2002,0,4912,4912
420030,2003,0,5805,5805
420030,2004,0,5479,5479
420030,2005,15,3777,3762
420030,2006,5,4255,4250
420030,2007,0,4438,4438
420030,2008,0,4276,4276
420030,2009,20,4464,4444
420030,2010,150,4535,4385
420030,2011,40,4616,4576
420030,2012,0,4936,4936
420030,2013,60,5066,5006
420030,2014,150,5625,5475
420030,2015,650,6075,5425
420030,2016,1250,6195,4945
420030,2017,1000,5945,4945
420030,2018,1200,4864,3664
420030,2019,1200,4812,3612
420030,2020,1300,4652,3352
420030,2021,1300,5147,3847
420040,1988,150,7046,6896
420040,1989,300,6991,6691
420040,1990,300,7030,6730
420040,1991,150,7196,7046
420040,1992,100,7236,7136
420040,1993,100,7083,6983
420040,1994,100,6932,6832
420040,1995,150,6199,6049
420040,1996,217,6797,6580
420040,1997,217,6627,6410
420040,1998,217,6540,6323
420040,1999,510,6637,6127
420040,2000,510,6814,6304
420040,2001,650,7719,7069
420040,2002,2000,10485,8485
420040,2003,5929,14689,8760
420040,2004,9600,19272,9672
420040,2005,11250,21052,9802
420040,2006,11250,20168,8918
420040,2007,12750,20570,7820
420040,2008,13500,23342,9842
420040,2009,14000,26519,12519
420040,2010,15500,22616,7116
420040,2011,16500,23573,7073
420040,2012,16500,21855,5355
420040,2013,16500,22045,5545
420040,2014,16700,21845,5145
420040,2015,17000,21645,4645
420040,2016,17800,22335,4535
420040,2017,17800,22018,4218
420040,2018,18500,23141,4641
420040,2019,17100,24136,7036
420040,2020,17300,24304,7004
420040,2021,17600,24843,7243
420050,1988,70,11296,11226
420050,1989,70,11786,11716
420050,1990,300,13361,13061
420050,1991,30,10234,10204
420050,1992,0,9639,9639
420050,1993,0,8560,8560
420050,1994,0,8642,8642
420050,1995,100,9508,9408
420050,1996,195,8407,8212
420050,1997,350,7614,7264
420050,1998,250,7705,7455
420050,1999,200,6779,6579
420050,2000,200,7079,6879
420050,2001,500,6555,6055
420050,2002,800,5923,5123
420050,2003,800,6014,5214
420050,2004,800,5811,5011
420050,2005,1000,5424,4424
420050,2006,1000,4798,3798
420050,2007,1000,4683,3683
420050,2008,900,4550,3650
420050,2009,900,4710,3810
420050,2010,900,3975,3075
420050,2011,950,3666,2716
420050,2012,850,2703,1853
420050,2013,850,2912,2062
420050,2014,800,3206,2406
420050,2015,950,2953,2003
420050,2016,950,2787,1837
420050,2017,950,2944,1994
420050,2018,1200,3259,2059
420050,2019,1250,3197,1947
420050,2020,1300,3521,2221
420050,2021,1300,3145,1845
420060,1988,0,1679,1679
420060,1989,0,1693,1693
420060,1990,0,1689,1689
420060,1991,0,1822,1822
420060,1992,0,1876,1876
420060,1993,0,1839,1839
420060,1994,0,2017,2017
420060,1995,0,1876,1876
420060,1996,0,1998,1998
420060,1997,0,1764,1764
420060,1998,0,1843,1843
420060,1999,0,1849,1849
420060,2000,0,2046,2046
420060,2001,0,2072,2072
420060,2002,0,1894,1894
420060,2003,0,1926,1926
420060,2004,0,1926,1926
420060,2005,0,1886,1886
420060,2006,0,1882,1882
420060,2007,0,867,867
420060,2008,0,986,986
420060,2009,0,826,826
420060,2010,0,739,739
420060,2011,0,716,716
420060,2012,0,520,520
420060,2013,0,559,559
420060,2014,0,596,596
420060,2015,0,591,591
420060,2016,0,429,429
420060,2017,0,606,606
420060,2018,0,563,563
420060,2019,0,426,426
420060,2020,0,426,426
420060,2021,0,424,424
420070,1988,0,8643,8643
420070,1989,0,9055,9055
420070,1990,0,9725,9725
420070,1991,0,9501,9501
420070,1992,0,8867,8867
420070,1993,0,9069,9069
420070,1994,0,9592,9592
420070,1995,0,9453,9453
420070,1996,7,8477,8470
420070,1997,5,8288,8283
420070,1998,0,8833,8833
420070,1999,0,8307,8307
420070,2000,0,8199,8199
420070,2001,0,7784,7784
420070,2002,0,8395,8395
420070,2003,0,8528,8528
420070,2004,0,8357,8357
420070,2005,0,8159,8159
420070,2006,0,8248,8248
420070,2007,0,8156,8156
420070,2008,0,8041,8041
420070,2009,0,7704,7704
420070,2010,0,8733,8733
420070,2011,0,8353,8353
420070,2012,0,9136,9136
420070,2013,0,8673,8673
420070,2014,0,8368,8368
420070,2015,0,8368,8368
420070,2016,0,8053,8053
420070,2017,0,8092,8092
420070,2018,0,6784,6784
420070,2019,0,6852,6852
420070,2020,0,7662,7662
420070,2021,0,7857,7857
420090,1988,0,5381,5381
420090,1989,0,4803,4803
420090,1990,0,5359,5359
420090,1991,0,4772,4772
420090,1992,0,4953,4953
420090,1993,0,4866,4866
420090,1994,0,4290,4290
420090,1995,0,3970,3970
420090,1996,0,3379,3379
420090,1997,0,3136,3136
420090,1998,0,3471,3471
420090,1999,0,3447,3447
420090,2000,0,3385,3385
420090,2001,0,3482,3482
420090,2002,0,3587,3587
420090,2003,0,3694,3694
420090,2004,0,3807,3807
420090,2005,0,3702,3702
420090,2006,0,3611,3611
420090,2007,0,3408,3408
420090,2008,0,3408,3408
420090,2009,0,3388,3388
420090,2010,0,3309,3309
420090,2011,0,3062,3062
420090,2012,0,3363,3363
420090,2013,0,2518,2518
420090,2014,0,1940,1940
420090,2015,0,1920,1920
420090,2016,0,1849,1849
420090,2017,0,1909,1909
420090,2018,0,2014,2014
420090,2019,0,1952,1952
420090,2020,0,2034,2034
420090,2021,0,1989,1989
420110,1988,0,3377,3377
420110,1989,0,3077,3077
420110,1990,0,3417,3417
420110,1991,0,3385,3385
420110,1992,0,3450,3450
420110,1993,0,3360,3360
420110,1994,0,3469,3469
420110,1995,0,3436,3436
420110,1996,0,1938,1938
420110,1997,0,2769,2769
420110,1998,0,2447,2447
420110,1999,0,2529,2529
420110,2000,0,2797,2797
420110,2001,0,2672,2672
420110,2002,0,2676,2676
420110,2003,0,2920,2920
420110,2004,0,2969,2969
420110,2005,0,2966,2966
420110,2006,0,2933,2933
420110,2007,0,2756,2756
420110,2008,0,2738,2738
420110,2009,0,1698,1698
420110,2010,0,2887,2887
420110,2011,0,2847,2847
420110,2012,0,2382,2382
420110,2013,0,548,548
420110,2014,0,1240,1240
420110,2015,0,1240,1240
420110,2016,0,1240,1240
420110,2017,0,477,477
420110,2018,0,309,309
420110,2019,0,515,515
420110,2020,0,512,512
420110,2021,0,513,513
420120,1988,0,2464,2464
420120,1989,0,2316,2316
420120,1990,0,2166,2166
420120,1991,0,1948,1948
420120,1992,0,1917,1917
420120,1993,0,2035,2035
420120,1994,0,2043,2043
420120,1995,0,2598,2598
420120,1996,0,1615,1615
420120,1997,0,2575,2575
420120,1998,0,1941,1941
420120,1999,0,1939,1939
420120,2000,0,1855,1855
420120,2001,0,1846,1846
420120,2002,0,2150,2150
420120,2003,0,2094,2094
420120,2004,0,1794,1794
420120,2005,0,1794,1794
420120,2006,0,1789,1789
420120,2007,0,1894,1894
420120,2008,0,1888,1888
420120,2009,0,1671,1671
420120,2010,0,1871,1871
420120,2011,0,1576,1576
420120,2012,0,1626,1626
420120,2013,0,1505,1505
420120,2014,0,1505,1505
420120,2015,0,1532,1532
420120,2016,0,1529,1529
420120,2017,0,1458,1458
420120,2018,0,386,386
420120,2019,0,438,438
420120,2020,0,438,438
420120,2021,0,438,438
420125,1988,0,0,0
420125,1989,0,646,646
420125,1990,0,2844,2844
420125,1991,0,2843,2843
420125,1992,0,2548,2548
420125,1993,0,2351,2351
420125,1994,0,2126,2126
420125,1995,0,2083,2083
420125,1996,0,1936,1936
420125,1997,0,2104,2104
420125,1998,0,1996,1996
420125,1999,0,1653,1653
420125,2000,0,1620,1620
420125,2001,0,1771,1771
420125,2002,0,1256,1256
420125,2003,0,1328,1328
420125,2004,0,1428,1428
420125,2005,0,1476,1476
420125,2006,0,1396,1396
420125,2007,0,1159,1159
420125,2008,0,1136,1136
420125,2009,0,1782,1782
420125,2010,0,1131,1131
420125,2011,0,999,999
420125,2012,0,1010,1010
420125,2013,0,885,885
420125,2014,0,878,878
420125,2015,0,844,844
420125,2016,0,879,879
420125,2017,0,665,665
420125,2018,0,897,897
420125,2019,0,939,939
420125,2020,0,939,939
420125,2021,0,939,939
420140,1988,145,9403,9258
420140,1989,145,9465,9320
420140,1990,145,9084,8939
420140,1991,145,8822,8677
420140,1992,145,8514,8369
420140,1993,145,8500,8355
420140,1994,0,7959,7959
420140,1995,0,8201,8201
420140,1996,0,9251,9251
420140,1997,0,9128,9128
420140,1998,0,8966,8966
420140,1999,0,8671,8671
420140,2000,0,9049,9049
420140,2001,0,9200,9200
420140,2002,0,8879,8879
420140,2003,0,9150,9150
420140,2004,0,10310,10310
420140,2005,0,10310,10310
420140,2006,0,10160,10160
420140,2007,0,9629,9629
420140,2008,0,10027,10027
420140,2009,0,11326,11326
420140,2010,0,10144,10144
420140,2011,0,10607,10607
420140,2012,0,9469,9469
420140,2013,0,8362,8362
420140,2014,0,8429,8429
420140,2015,0,8229,8229
420140,2016,0,7550,7550
420140,2017,250,7970,7720
420140,2018,300,8365,8065
420140,2019,250,7569,7319
420140,2020,270,9026,8756
420140,2021,280,8956,8676
420150,1988,0,2951,2951
420150,1989,0,3146,3146
420150,1990,0,2752,2752
420150,1991,0,2753,2753
420150,1992,0,2624,2624
420150,1993,0,2404,2404
420150,1994,0,2233,2233
420150,1995,0,2138,2138
420150,1996,0,1994,1994
420150,1997,0,2178,2178
420150,1998,0,2042,2042
420150,1999,0,2170,2170
420150,2000,0,2337,2337
420150,2001,0,2148,2148
420150,2002,0,2036,2036
420150,2003,0,2107,2107
420150,2004,0,2226,2226
420150,2005,0,2242,2242
420150,2006,0,2188,2188
420150,2007,0,2114,2114
420150,2008,0,2046,2046
420150,2009,0,1974,1974
420150,2010,0,1951,1951
420150,2011,0,1551,1551
420150,2012,0,1751,1751
420150,2013,0,1381,1381
420150,2014,0,1514,1514
420150,2015,0,874,874
420150,2016,0,874,874
420150,2017,0,859,859
420150,2018,0,837,837
420150,2019,0,792,792
420150,2020,0,787,787
420150,2021,0,785,785
420160,1988,30,3919,3889
420160,1989,10,3123,3113
420160,1990,5,3668,3663
420160,1991,0,3821,3821
420160,1992,0,4051,4051
420160,1993,0,3623,3623
420160,1994,0,3845,3845
420160,1995,0,3721,3721
420160,1996,0,2564,2564
420160,1997,0,2423,2423
420160,1998,0,2427,2427
420160,1999,0,2324,2324
420160,2000,0,2317,2317
420160,2001,0,2432,2432
420160,2002,0,2422,2422
420160,2003,0,2405,2405
420160,2004,0,2445,2445
420160,2005,0,2435,2435
420160,2006,0,2379,2379
420160,2007,0,2332,2332
420160,2008,0,2169,2169
420160,2009,0,2323,2323
420160,2010,20,2336,2316
420160,2011,20,2437,2417
420160,2012,20,2443,2423
420160,2013,20,2428,2408
420160,2014,40,2328,2288
420160,2015,80,2337,2257
420160,2016,80,2186,2106
420160,2017,60,2199,2139
420160,2018,50,1761,1711
420160,2019,150,1930,1780
420160,2020,150,1879,1729
420160,2021,150,1927,1777
420170,1988,0,1244,1244
420170,1989,0,1249,1249
420170,1990,0,1213,1213
420170,1991,0,1305,1305
420170,1992,0,1094,1094
420170,1993,0,1194,1194
420170,1994,0,1195,1195
420170,1995,0,1222,1222
420170,1996,0,1108,1108
420170,1997,0,1099,1099
420170,1998,0,1044,1044
420170,1999,0,1043,1043
420170,2000,0,1052,1052
420170,2001,0,1027,1027
420170,2002,0,965,965
420170,2003,0,970,970
420170,2004,0,960,960
420170,2005,0,957,957
420170,2006,0,831,831
420170,2007,0,844,844
420170,2008,0,837,837
420170,2009,0,863,863
420170,2010,0,752,752
420170,2011,0,752,752
420170,2012,0,753,753
420170,2013,0,754,754
420170,2014,0,762,762
420170,2015,0,753,753
420170,2016,0,767,767
420170,2017,0,754,754
420170,2018,0,667,667
420170,2019,0,667,667
420170,2020,0,667,667
420170,2021,0,667,667
420180,1988,0,4044,4044
420180,1989,0,3853,3853
420180,1990,0,3864,3864
420180,1991,0,3260,3260
420180,1992,0,2791,2791
420180,1993,0,2755,2755
420180,1994,0,3049,3049
420180,1995,0,2608,2608
420180,1996,4,3464,3460
420180,1997,0,3163,3163
420180,1998,0,2988,2988
420180,1999,0,2994,2994
420180,2000,0,2848,2848
420180,2001,3,2859,2856
420180,2002,5,2617,2612
420180,2003,10,2843,2833
420180,2004,10,2769,2759
420180,2005,0,2838,2838
420180,2006,0,2689,2689
420180,2007,0,2608,2608
420180,2008,0,2712,2712
420180,2009,0,2155,2155
420180,2010,0,2187,2187
420180,2011,30,2440,2410
420180,2012,50,2754,2704
420180,2013,200,2799,2599
420180,2014,200,3009,2809
420180,2015,300,3369,3069
420180,2016,400,2877,2477
420180,2017,700,3456,2756
420180,2018,1100,3276,2176
420180,2019,1100,3273,2173
420180,2020,1100,2989,1889
420180,2021,1250,3476,2226
420190,1988,0,8618,8618
420190,1989,0,9832,9832
420190,1990,0,11799,11799
420190,1991,0,11364,11364
420190,1992,0,10491,10491
420190,1993,0,7907,7907
420190,1994,0,6520,6520
420190,1995,0,6340,6340
420190,1996,0,5738,5738
420190,1997,0,5698,5698
420190,1998,0,5745,5745
420190,1999,0,5616,5616
420190,2000,0,6055,6055
420190,2001,0,5950,5950
420190,2002,0,6144,6144
420190,2003,0,6029,6029
420190,2004,0,6181,6181
420190,2005,0,5230,5230
420190,2006,0,5555,5555
420190,2007,0,5204,5204
420190,2008,0,5306,5306
420190,2009,25,4729,4704
420190,2010,25,4260,4235
420190,2011,38,4678,4640
420190,2012,50,4637,4587
420190,2013,110,5019,4909
420190,2014,150,5250,5100
420190,2015,150,5604,5454
420190,2016,300,5144,4844
420190,2017,300,4527,4227
420190,2018,500,4810,4310
420190,2019,500,4932,4432
420190,2020,500,5016,4516
420190,2021,650,5649,4999
420200,1988,0,43,43
420200,1989,0,44,44
420200,1990,0,45,45
420200,1991,0,47,47
420200,1992,0,45,45
420200,1993,0,45,45
420200,1994,0,45,45
420200,1995,0,44,44
420200,1996,0,25,25
420200,1997,0,25,25
420200,1998,0,27,27
420200,1999,0,24,24
420200,2000,0,23,23
420200,2001,0,21,21
420200,2002,0,7,7
420200,2003,0,7,7
420200,2004,0,7,7
420200,2005,0,7,7
420200,2006,0,2,2
420200,2007,0,2,2
420200,2008,0,2,2
420200,2009,0,2,2
420200,2010,0,2,2
420200,2011,0,2,2
420200,2012,0,0,0
420200,2013,0,0,0
420200,2014,0,0,0
420200,2015,0,0,0
420200,2016,0,0,0
420200,2017,0,0,0
420200,2018,0,0,0
420200,2019,0,0,0
420200,2020,0,0,0
420200,2021,0,0,0
420210,1988,0,5127,5127
420210,1989,0,3696,3696
420210,1990,0,3640,3640
420210,1991,0,3474,3474
420210,1992,0,4039,4039
420210,1993,0,3955,3955
420210,1994,0,3765,3765
420210,1995,0,3830,3830
420210,1996,0,2826,2826
420210,1997,0,3481,3481
420210,1998,0,3483,3483
420210,1999,0,3537,3537
420210,2000,0,3554,3554
420210,2001,0,4322,4322
420210,2002,0,4317,4317
420210,2003,0,4334,4334
420210,2004,0,4441,4441
420210,2005,0,4920,4920
420210,2006,0,4614,4614
420210,2007,0,4825,4825
420210,2008,0,4869,4869
420210,2009,0,4891,4891
420210,2010,0,4579,4579
420210,2011,0,4128,4128
420210,2012,0,3969,3969
420210,2013,0,3956,3956
420210,2014,0,4012,4012
420210,2015,0,4021,4021
420210,2016,0,4245,4245
420210,2017,0,4314,4314
420210,2018,0,4230,4230
420210,2019,0,4058,4058
420210,2020,0,4623,4623
420210,2021,0,4863,4863
420220,1988,0,3574,3574
420220,1989,0,3808,3808
420220,1990,0,2472,2472
420220,1991,0,2406,2406
420220,1992,0,2289,2289
420220,1993,0,2289,2289
420220,1994,0,2178,2178
420220,1995,0,2144,2144
420220,1996,0,2267,2267
420220,1997,0,2265,2265
420220,1998,0,2125,2125
420220,1999,0,1936,1936
420220,2000,0,1920,1920
420220,2001,0,2002,2002
420220,2002,0,1707,1707
420220,2003,0,1780,1780
420220,2004,0,1780,1780
420220,2005,0,1755,1755
420220,2006,0,1753,1753
420220,2007,0,1753,1753
420220,2008,0,1755,1755
420220,2009,0,1518,1518
420220,2010,0,1732,1732
420220,2011,0,1656,1656
420220,2012,0,1148,1148
420220,2013,0,1128,1128
420220,2014,0,560,560
420220,2015,0,545,545
420220,2016,0,546,546
420220,2017,0,546,546
420220,2018,0,880,880
420220,2019,0,880,880
420220,2020,0,880,880
420220,2021,0,880,880
420230,1988,0,3415,3415
420230,1989,0,3441,3441
420230,1990,0,3442,3442
420230,1991,0,3412,3412
420230,1992,0,2756,2756
420230,1993,0,2821,2821
420230,1994,0,3042,3042
420230,1995,0,2933,2933
420230,1996,0,1980,1980
420230,1997,0,2438,2438
420230,1998,0,2089,2089
420230,1999,0,2047,2047
420230,2000,0,2277,2277
420230,2001,0,2202,2202
420230,2002,0,1902,1902
420230,2003,0,2047,2047
420230,2004,0,2137,2137
420230,2005,0,2137,2137
420230,2006,0,2287,2287
420230,2007,0,2245,2245
420230,2008,0,2315,2315
420230,2009,0,2115,2115
420230,2010,0,1805,1805
420230,2011,0,1805,1805
420230,2012,0,1655,1655
420230,2013,0,1621,1621
420230,2014,0,1421,1421
420230,2015,0,1605,1605
420230,2016,0,1691,1691
420230,2017,0,1203,1203
420230,2018,0,635,635
420230,2019,0,633,633
420230,2020,0,631,631
420230,2021,0,621,621
420240,1988,0,1674,1674
420240,1989,0,1812,1812
420240,1990,0,1827,1827
420240,1991,0,2149,2149
420240,1992,0,1835,1835
420240,1993,0,1835,1835
420240,1994,0,1783,1783
420240,1995,0,1778,1778
420240,1996,0,880,880
420240,1997,0,882,882
420240,1998,0,1393,1393
420240,1999,0,1118,1118
420240,2000,0,1365,1365
420240,2001,0,1174,1174
420240,2002,0,1270,1270
420240,2003,0,1252,1252
420240,2004,0,1251,1251
420240,2005,0,1252,1252
420240,2006,0,1252,1252
420240,2007,0,1258,1258
420240,2008,0,1286,1286
420240,2009,0,1263,1263
420240,2010,0,773,773
420240,2011,0,790,790
420240,2012,0,872,872
420240,2013,0,690,690
420240,2014,0,689,689
420240,2015,0,489,489
420240,2016,0,464,464
420240,2017,0,604,604
420240,2018,0,394,394
420240,2019,0,381,381
420240,2020,0,381,381
420240,2021,0,381,381
420250,1988,0,2187,2187
420250,1989,0,1943,1943
420250,1990,0,1984,1984
420250,1991,0,1570,1570
420250,1992,0,1837,1837
420250,1993,0,1683,1683
420250,1994,0,1687,1687
420250,1995,0,1157,1157
420250,1996,0,1664,1664
420250,1997,0,1143,1143
420250,1998,0,1170,1170
420250,1999,0,1230,1230
420250,2000,0,1533,1533
420250,2001,0,1374,1374
420250,2002,0,1559,1559
420250,2003,0,1649,1649
420250,2004,0,1454,1454
420250,2005,0,1659,1659
420250,2006,0,1759,1759
420250,2007,0,1970,1970
420250,2008,0,1970,1970
420250,2009,0,1950,1950
420250,2010,0,2000,2000
420250,2011,0,2228,2228
420250,2012,0,2120,2120
420250,2013,0,2185,2185
420250,2014,0,1900,1900
420250,2015,0,1873,1873
420250,2016,0,1863,1863
420250,2017,0,1933,1933
420250,2018,0,1933,1933
420250,2019,0,1854,1854
420250,2020,0,1744,1744
420250,2021,0,1774,1774
420260,1988,7,6673,6666
420260,1989,50,9427,9377
420260,1990,50,8360,8310
420260,1991,0,7450,7450
420260,1992,1,7825,7824
420260,1993,1,7825,7824
420260,1994,1,7978,7977
420260,1995,1,7473,7472
420260,1996,0,4704,4704
420260,1997,0,4641,4641
420260,1998,0,4639,4639
420260,1999,0,4651,4651
420260,2000,0,4792,4792
420260,2001,0,5292,5292
420260,2002,0,5370,5370
420260,2003,0,5950,5950
420260,2004,300,6062,5762
420260,2005,100,6199,6099
420260,2006,100,6208,6108
420260,2007,500,5969,5469
420260,2008,500,6144,5644
420260,2009,700,6404,5704
420260,2010,1000,6858,5858
420260,2011,3000,9453,6453
420260,2012,3000,9119,6119
420260,2013,6000,12807,6807
420260,2014,6500,13307,6807
420260,2015,8000,13437,5437
420260,2016,8000,12939,4939
420260,2017,8000,13342,5342
420260,2018,8000,12199,4199
420260,2019,8000,11952,3952
420260,2020,8500,12398,3898
420260,2021,8600,12550,3950
420270,1988,0,2132,2132
420270,1989,0,2001,2001
420270,1990,0,1859,1859
420270,1991,0,1847,1847
420270,1992,0,1696,1696
420270,1993,0,1836,1836
420270,1994,0,1368,1368
420270,1995,0,1350,1350
420270,1996,0,808,808
420270,1997,0,839,839
420270,1998,0,839,839
420270,1999,0,793,793
420270,2000,0,667,667
420270,2001,0,578,578
420270,2002,0,478,478
420270,2003,0,825,825
420270,2004,0,797,797
420270,2005,0,743,743
420270,2006,0,624,624
420270,2007,0,557,557
420270,2008,0,663,663
420270,2009,0,664,664
420270,2010,0,430,430
420270,2011,0,1248,1248
420270,2012,0,992,992
420270,2013,0,752,752
420270,2014,0,832,832
420270,2015,0,605,605
420270,2016,0,489,489
420270,2017,0,367,367
420270,2018,0,435,435
420270,2019,0,438,438
420270,2020,0,437,437
420270,2021,0,415,415
420280,1988,0,4473,4473
420280,1989,0,4580,4580
420280,1990,0,4404,4404
420280,1991,0,3905,3905
420280,1992,0,3979,3979
420280,1993,0,3959,3959
420280,1994,0,3561,3561
420280,1995,0,3523,3523
420280,1996,0,3269,3269
420280,1997,0,3850,3850
420280,1998,0,3625,3625
420280,1999,0,3914,3914
420280,2000,0,4069,4069
420280,2001,0,3717,3717
420280,2002,0,3885,3885
420280,2003,0,3709,3709
420280,2004,0,3497,3497
420280,2005,0,4129,4129
420280,2006,0,2632,2632
420280,2007,0,2135,2135
420280,2008,0,2233,2233
420280,2009,0,1838,1838
420280,2010,0,1539,1539
420280,2011,0,1583,1583
420280,2012,0,1449,1449
420280,2013,0,1420,1420
420280,2014,0,1165,1165
420280,2015,0,1075,1075
420280,2016,0,1067,1067
420280,2017,0,980,980
420280,2018,0,569,569
420280,2019,0,570,570
420280,2020,0,486,486
420280,2021,0,486,486
420290,1988,0,2160,2160
420290,1989,0,1502,1502
420290,1990,0,1365,1365
420290,1991,0,1448,1448
420290,1992,0,1414,1414
420290,1993,0,1409,1409
420290,1994,0,1274,1274
420290,1995,0,1176,1176
420290,1996,0,1258,1258
420290,1997,0,1218,1218
420290,1998,0,1222,1222
420290,1999,0,1375,1375
420290,2000,0,688,688
420290,2001,0,1205,1205
420290,2002,0,610,610
420290,2003,0,860,860
420290,2004,0,1110,1110
420290,2005,0,645,645
420290,2006,0,625,625
420290,2007,0,550,550
420290,2008,0,531,531
420290,2009,0,528,528
420290,2010,0,366,366
420290,2011,0,366,366
420290,2012,0,345,345
420290,2013,0,345,345
420290,2014,0,355,355
420290,2015,0,345,345
420290,2016,0,225,225
420290,2017,0,78,78
420290,2018,0,75,75
420290,2019,0,196,196
420290,2020,0,194,194
420290,2021,0,194,194
420300,1988,2,11203,11201
420300,1989,0,11702,11702
420300,1990,20,15069,15049
420300,1991,0,15881,15881
420300,1992,0,14892,14892
420300,1993,0,14627,14627
420300,1994,0,12679,12679
420300,1995,0,12678,12678
420300,1996,0,6488,6488
420300,1997,0,6516,6516
420300,1998,0,6481,6481
420300,1999,0,6252,6252
420300,2000,0,6623,6623
420300,2001,0,6934,6934
420300,2002,0,6946,6946
420300,2003,0,7506,7506
420300,2004,0,7619,7619
420300,2005,0,7654,7654
420300,2006,0,7421,7421
420300,2007,0,7647,7647
420300,2008,200,7654,7454
420300,2009,240,8254,8014
420300,2010,350,8699,8349
420300,2011,190,8662,8472
420300,2012,590,8595,8005
420300,2013,1050,9618,8568
420300,2014,2000,9778,7778
420300,2015,2400,9242,6842
420300,2016,2700,8817,6117
420300,2017,2400,8764,6364
420300,2018,2400,8574,6174
420300,2019,2600,9788,7188
420300,2020,2300,9810,7510
420300,2021,2300,10082,7782
420310,1988,2500,18472,15972
420310,1989,2500,19454,16954
420310,1990,2500,20204,17704
420310,1991,1000,17316,16316
420310,1992,500,17003,16503
420310,1993,550,17301,16751
420310,1994,500,18173,17673
420310,1995,250,18117,17867
420310,1996,334,11158,10824
420310,1997,500,12010,11510
420310,1998,650,13161,12511
420310,1999,650,13891,13241
420310,2000,650,14085,13435
420310,2001,1300,12428,11128
420310,2002,1500,12359,10859
420310,2003,1800,11275,9475
420310,2004,1800,9487,7687
420310,2005,1500,8483,6983
420310,2006,1500,8075,6575
420310,2007,1500,8079,6579
420310,2008,1600,6063,4463
420310,2009,1400,6006,4606
420310,2010,1660,5175,3515
420310,2011,1300,4299,2999
420310,2012,1300,3333,2033
420310,2013,1300,3179,1879
420310,2014,1100,3079,1979
420310,2015,1300,3180,1880
420310,2016,1300,3051,1751
420310,2017,1300,3366,2066
420310,2018,1600,3928,2328
420310,2019,1400,3401,2001
420310,2020,1300,2922,1622
420310,2021,1200,2922,1722
420320,1988,0,1302,1302
420320,1989,0,1511,1511
420320,1990,0,1536,1536
420320,1991,0,1794,1794
420320,1992,0,2073,2073
420320,1993,0,2127,2127
420320,1994,0,2097,2097
420320,1995,0,1582,1582
420320,1996,0,825,825
420320,1997,0,825,825
420320,1998,0,841,841
420320,1999,0,1153,1153
420320,2000,0,1143,1143
420320,2001,0,1002,1002
420320,2002,0,742,742
420320,2003,0,746,746
420320,2004,0,743,743
420320,2005,0,940,940
420320,2006,0,1260,1260
420320,2007,0,1265,1265
420320,2008,0,1028,1028
420320,2009,0,1019,1019
420320,2010,0,1002,1002
420320,2011,0,993,993
420320,2012,0,1003,1003
420320,2013,0,1002,1002
420320,2014,0,1011,1011
420320,2015,0,1006,1006
420320,2016,0,987,987
420320,2017,0,992,992
420320,2018,0,987,987
420320,2019,0,987,987
420320,2020,0,987,987
420320,2021,0,987,987
420330,1988,0,4713,4713
420330,1989,10,4713,4703
420330,1990,0,5259,5259
420330,1991,0,4954,4954
420330,1992,0,5023,5023
420330,1993,40,4923,4883
420330,1994,60,4931,4871
420330,1995,100,5020,4920
420330,1996,11,4909,4898
420330,1997,40,4404,4364
420330,1998,100,4469,4369
420330,1999,100,4336,4236
420330,2000,100,4913,4813
420330,2001,100,4994,4894
420330,2002,100,5385,5285
420330,2003,100,6156,6056
420330,2004,150,6244,6094
420330,2005,250,6180,5930
420330,2006,250,5843,5593
420330,2007,250,5730,5480
420330,2008,250,5761,5511
420330,2009,350,5730,5380
420330,2010,350,5800,5450
420330,2011,500,5964,5464
420330,2012,520,6089,5569
420330,2013,900,5237,4337
420330,2014,1100,5634,4534
420330,2015,2000,5053,3053
420330,2016,2500,5128,2628
420330,2017,2500,5421,2921
420330,2018,2500,5188,2688
420330,2019,2500,5188,2688
420330,2020,2500,5188,2688
420330,2021,2500,5188,2688
420340,1988,800,41242,40442
420340,1989,950,39184,38234
420340,1990,1250,40442,39192
420340,1991,1830,39230,37400
420340,1992,1630,39138,37508
420340,1993,1800,37408,35608
420340,1994,1780,38604,36824
420340,1995,1750,40057,38307
420340,1996,1366,25300,23934
420340,1997,1366,23946,22580
420340,1998,1366,23954,22588
420340,1999,1574,26306,24732
420340,2000,1660,25741,24081
420340,2001,1820,25642,23822
420340,2002,2120,25446,23326
420340,2003,1800,25629,23829
420340,2004,3250,27104,23854
420340,2005,6750,30725,23975
420340,2006,6750,30543,23793
420340,2007,7000,33006,26006
420340,2008,7000,32808,25808
420340,2009,6500,30552,24052
420340,2010,7500,29570,22070
420340,2011,7500,28261,20761
420340,2012,11050,28779,17729
420340,2013,12800,30352,17552
420340,2014,14800,31738,16938
420340,2015,17500,34012,16512
420340,2016,18600,34195,15595
420340,2017,19200,35396,16196
420340,2018,19200,36849,17649
420340,2019,16500,30750,14250
420340,2020,17250,30001,12751
420340,2021,19300,32156,12856
420360,1988,28000,75213,47213
420360,1989,28000,72581,44581
420360,1990,27450,68829,41379
420360,1991,24000,67907,43907
420360,1992,24000,76689,52689
420360,1993,25000,78702,53702
420360,1994,25000,77234,52234
420360,1995,22000,78841,56841
420360,1996,23876,82752,58876
420360,1997,24800,80503,55703
420360,1998,27300,78404,51104
420360,1999,27300,83857,56557
420360,2000,26500,89911,63411
420360,2001,27500,91851,64351
420360,2002,30580,94782,64202
420360,2003,31995,105499,73504
420360,2004,38000,107980,69980
420360,2005,43900,107928,64028
420360,2006,36880,107641,70761
420360,2007,43490,113984,70494
420360,2008,47050,117198,70148
420360,2009,45090,115970,70880
420360,2010,51470,110669,59199
420360,2011,56200,110824,54624
420360,2012,56800,108100,51300
420360,2013,61850,109560,47710
420360,2014,65400,110657,45257
420360,2015,69500,106678,37178
420360,2016,75700,109155,33455
420360,2017,78300,107323,29023
420360,2018,81700,113928,32228
420360,2019,74000,110552,36552
420360,2020,74200,105059,30859
420360,2021,76100,112172,36072
420370,1988,0,2132,2132
420370,1989,0,2553,2553
420370,1990,0,2397,2397
420370,1991,0,1813,1813
420370,1992,0,1895,1895
420370,1993,0,1458,1458
420370,1994,0,1144,1144
420370,1995,0,1627,1627
420370,1996,0,467,467
420370,1997,0,453,453
420370,1998,0,649,649
420370,1999,0,576,576
420370,2000,0,889,889
420370,2001,0,997,997
420370,2002,0,714,714
420370,2003,0,832,832
420370,2004,0,1062,1062
420370,2005,0,995,995
420370,2006,0,900,900
420370,2007,0,879,879
420370,2008,0,718,718
420370,2009,0,732,732
420370,2010,0,626,626
420370,2011,0,635,635
420370,2012,0,694,694
420370,2013,0,768,768
420370,2014,0,709,709
420370,2015,0,724,724
420370,2016,0,646,646
420370,2017,0,536,536
420370,2018,0,644,644
420370,2019,0,569,569
420370,2020,0,537,537
420370,2021,0,537,537
420380,1988,6700,30474,23774
420380,1989,6700,28173,21473
420380,1990,5500,27566,22066
420380,1991,4000,24174,20174
420380,1992,5520,28381,22861
420380,1993,6500,31260,24760
420380,1994,7000,31426,24426
420380,1995,7000,36648,29648
420380,1996,8400,35025,26625
420380,1997,9000,33579,24579
420380,1998,10000,36577,26577
420380,1999,9800,33133,23333
420380,2000,9500,32979,23479
420380,2001,9500,34479,24979
420380,2002,10000,35439,25439
420380,2003,11900,41067,29167
420380,2004,14400,43692,29292
420380,2005,16000,44052,28052
420380,2006,15300,44126,28826
420380,2007,18000,44876,26876
420380,2008,17900,47982,30082
420380,2009,17600,45176,27576
420380,2010,19000,44944,25944
420380,2011,19500,48591,29091
420380,2012,18200,47132,28932
420380,2013,21500,48949,27449
420380,2014,23200,52793,29593
420380,2015,25500,52242,26742
420380,2016,27100,52063,24963
420380,2017,26300,47955,21655
420380,2018,29000,50464,21464
420380,2019,29000,52564,23564
420380,2020,29000,52604,23604
420380,2021,32200,59510,27310
420390,1988,3500,8800,5300
420390,1989,4500,8245,3745
420390,1990,3500,8384,4884
420390,1991,2500,7533,5033
420390,1992,2500,7456,4956
420390,1993,2800,8732,5932
420390,1994,2700,7386,4686
420390,1995,2500,7680,5180
420390,1996,1572,5527,3955
420390,1997,2400,5641,3241
420390,1998,2500,6026,3526
420390,1999,2500,6704,4204
420390,2000,2450,6851,4401
420390,2001,3000,9952,6952
420390,2002,3500,9963,6463
420390,2003,3500,10446,6946
420390,2004,4000,9835,5835
420390,2005,3700,9674,5974
420390,2006,3200,7818,4618
420390,2007,3700,8241,4541
420390,2008,4100,8119,4019
420390,2009,3600,8869,5269
420390,2010,4200,7188,2988
420390,2011,4300,6423,2123
420390,2012,4400,7316,2916
420390,2013,4400,6924,2524
420390,2014,4500,6924,2424
420390,2015,4500,6524,2024
420390,2016,4900,7014,2114
420390,2017,5200,6614,1414
420390,2018,5200,6493,1293
420390,2019,4900,6431,1531
420390,2020,4700,6431,1731
420390,2021,4700,7431,2731
420400,1988,700,3887,3187
420400,1989,500,3376,2876
420400,1990,500,3431,2931
420400,1991,500,3474,2974
420400,1992,500,3551,3051
420400,1993,300,2937,2637
420400,1994,300,2529,2229
420400,1995,270,2618,2348
420400,1996,244,4921,4677
420400,1997,288,4765,4477
420400,1998,290,4650,4360
420400,1999,500,4496,3996
420400,2000,440,4415,3975
420400,2001,340,4358,4018
420400,2002,430,4513,4083
420400,2003,540,4713,4173
420400,2004,600,4770,4170
420400,2005,820,4695,3875
420400,2006,870,4471,3601
420400,2007,1250,4617,3367
420400,2008,950,4136,3186
420400,2009,840,3940,3100
420400,2010,700,3538,2838
420400,2011,800,3220,2420
420400,2012,750,2669,1919
420400,2013,345,2300,1955
420400,2014,750,2855,2105
420400,2015,750,2770,2020
420400,2016,1100,3120,2020
420400,2017,750,2731,1981
420400,2018,1300,3743,2443
420400,2019,1300,3892,2592
420400,2020,1400,3776,2376
420400,2021,1400,3776,2376
420410,1988,3500,24130,20630
420410,1989,4250,23158,18908
420410,1990,4200,25072,20872
420410,1991,4000,24123,20123
420410,1992,3700,22752,19052
420410,1993,3445,23110,19665
420410,1994,3445,21889,18444
420410,1995,3445,22896,19451
420410,1996,2275,16823,14548
420410,1997,3200,16085,12885
420410,1998,3300,14157,10857
420410,1999,3300,13666,10366
420410,2000,3200,14111,10911
420410,2001,2950,15074,12124
420410,2002,3450,13662,10212
420410,2003,3150,12565,9415
420410,2004,3350,12563,9213
420410,2005,4050,10864,6814
420410,2006,3350,10143,6793
420410,2007,3450,10022,6572
420410,2008,3630,10044,6414
420410,2009,2880,8686,5806
420410,2010,2900,7618,4718
420410,2011,2920,6609,3689
420410,2012,2220,6011,3791
420410,2013,2550,7214,4664
420410,2014,2250,6733,4483
420410,2015,3030,7017,3987
420410,2016,3330,7000,3670
420410,2017,3330,7698,4368
420410,2018,3400,7324,3924
420410,2019,3300,8004,4704
420410,2020,3600,8371,4771
420410,2021,3750,9143,5393
420415,1988,0,0,0
420415,1989,0,0,0
420415,1990,0,92,92
420415,1991,150,4189,4039
420415,1992,200,4260,4060
420415,1993,200,4260,4060
420415,1994,200,5640,5440
420415,1995,100,5641,5541
420415,1996,56,4702,4646
420415,1997,56,4702,4646
420415,1998,56,4656,4600
420415,1999,150,4991,4841
420415,2000,100,4954,4854
420415,2001,170,6128,5958
420415,2002,170,5733,5563
420415,2003,100,5715,5615
420415,2004,200,5841,5641
420415,2005,200,6545,6345
420415,2006,100,6384,6284
420415,2007,100,6444,6344
420415,2008,250,7108,6858
420415,2009,300,7343,7043
420415,2010,350,7133,6783
420415,2011,350,7130,6780
420415,2012,610,2213,1603
420415,2013,1200,3317,2117
420415,2014,1200,3306,2106
420415,2015,1600,3909,2309
420415,2016,1700,3860,2160
420415,2017,1700,3746,2046
420415,2018,800,2655,1855
420415,2019,900,2619,1719
420415,2020,900,2248,1348
420415,2021,900,2255,1355
420420,1988,5500,62118,56618
420420,1989,5500,55117,49617
420420,1990,5500,53191,47691
420420,1991,5000,53055,48055
420420,1992,4600,55561,50961
420420,1993,4800,55847,51047
420420,1994,5250,54222,48972
420420,1995,5400,55913,50513
420420,1996,4448,36533,32085
420420,1997,4985,37132,32147
420420,1998,5800,34386,28586
420420,1999,5720,37608,31888
420420,2000,5850,37286,31436
420420,2001,1750,35861,34111
420420,2002,5850,38518,32668
420420,2003,5920,39851,33931
420420,2004,8970,44961,35991
420420,2005,9950,43945,33995
420420,2006,8660,41524,32864
420420,2007,9740,41140,31400
420420,2008,10500,41726,31226
420420,2009,11380,41338,29958
420420,2010,13630,37524,23894
420420,2011,15200,35991,20791
420420,2012,15250,36016,20766
420420,2013,16820,35547,18727
420420,2014,16970,36350,19380
420420,2015,16690,33096,16406
420420,2016,14390,28701,14311
420420,2017,16120,28711,12591
420420,2018,16420,30329,13909
420420,2019,16420,30408,13988
420420,2020,15770,29815,14045
420420,2021,18540,35003,16463
420430,1988,16000,68408,52408
420430,1989,17000,66185,49185
420430,1990,10000,52007,42007
420430,1991,3000,43504,40504
420430,1992,1500,43405,41905
420430,1993,2500,43975,41475
420430,1994,2500,44460,41960
420430,1995,2000,44086,42086
420430,1996,484,35796,35312
420430,1997,494,34949,34455
420430,1998,384,34335,33951
420430,1999,40,34120,34080
420430,2000,0,33691,33691
420430,2001,0,32520,32520
420430,2002,10,30541,30531
420430,2003,30,32027,31997
420430,2004,70,25137,25067
420430,2005,400,24380,23980
420430,2006,400,23626,23226
420430,2007,520,21105,20585
420430,2008,330,20068,19738
420430,2009,380,19242,18862
420430,2010,438,16837,16399
420430,2011,425,16108,15683
420430,2012,400,17105,16705
420430,2013,456,16025,15569
420430,2014,620,13924,13304
420430,2015,1095,13793,12698
420430,2016,1695,13090,11395
420430,2017,1595,14430,12835
420430,2018,1545,13664,12119
420430,2019,1780,12894,11114
420430,2020,1950,12923,10973
420430,2021,1950,13133,11183
420440,1988,6000,56212,50212
420440,1989,12500,61084,48584
420440,1990,7500,51924,44424
420440,1991,5000,51008,46008
420440,1992,3000,38871,35871
420440,1993,3390,36103,32713
420440,1994,3150,37712,34562
420440,1995,2000,36801,34801
420440,1996,862,25814,24952
420440,1997,930,25402,24472
420440,1998,920,24525,23605
420440,1999,900,26403,25503
420440,2000,940,25145,24205
420440,2001,990,23045,22055
420440,2002,1250,20225,18975
420440,2003,1475,18871,17396
420440,2004,1910,20443,18533
420440,2005,2170,20264,18094
420440,2006,1900,15978,14078
420440,2007,2050,17835,15785
420440,2008,2200,16645,14445
420440,2009,2800,15690,12890
420440,2010,2810,13187,10377
420440,2011,2260,9071,6811
420440,2012,2260,8067,5807
420440,2013,2200,8523,6323
420440,2014,2550,9080,6530
420440,2015,2550,9291,6741
420440,2016,4100,9287,5187
420440,2017,4600,9296,4696
420440,2018,4850,8947,4097
420440,2019,4750,8652,3902
420440,2020,5020,9015,3995
420440,2021,4800,9152,4352
420450,1988,0,6271,6271
420450,1989,0,5701,5701
420450,1990,0,5491,5491
420450,1991,0,5672,5672
420450,1992,0,6652,6652
420450,1993,0,6714,6714
420450,1994,0,6689,6689
420450,1995,0,6682,6682
420450,1996,0,3765,3765
420450,1997,0,3740,3740
420450,1998,0,3857,3857
420450,1999,0,3825,3825
420450,2000,0,3810,3810
420450,2001,0,4412,4412
420450,2002,0,4410,4410
420450,2003,0,4438,4438
420450,2004,0,4833,4833
420450,2005,0,5737,5737
420450,2006,0,5737,5737
420450,2007,0,5760,5760
420450,2008,0,5739,5739
420450,2009,0,5675,5675
420450,2010,0,5666,5666
420450,2011,0,5654,5654
420450,2012,0,6051,6051
420450,2013,0,5614,5614
420450,2014,0,5623,5623
420450,2015,0,5610,5610
420450,2016,0,5614,5614
420450,2017,0,5607,5607
420450,2018,0,5614,5614
420450,2019,0,5589,5589
420450,2020,0,5549,5549
420450,2021,0,5549,5549
420455,1988,100,3521,3421
420455,1989,100,2975,2875
420455,1990,100,3361,3261
420455,1991,20,3442,3422
420455,1992,0,3312,3312
420455,1993,0,3297,3297
420455,1994,0,3575,3575
420455,1995,0,3781,3781
420455,1996,91,4777,4686
420455,1997,91,4776,4685
420455,1998,0,4680,4680
420455,1999,0,4608,4608
420455,2000,0,4611,4611
420455,2001,0,4611,4611
420455,2002,0,4598,4598
420455,2003,0,4736,4736
420455,2004,0,4716,4716
420455,2005,300,4989,4689
420455,2006,300,4971,4671
420455,2007,300,4077,3777
420455,2008,300,4088,3788
420455,2009,300,4077,3777
420455,2010,400,4281,3881
420455,2011,600,4637,4037
420455,2012,3000,6372,3372
420455,2013,5500,8305,2805
420455,2014,6000,8405,2405
420455,2015,6300,8687,2387
420455,2016,6300,8044,1744
420455,2017,6500,8414,1914
420455,2018,5000,6921,1921
420455,2019,3000,5607,2607
420455,2020,3540,6176,2636
420455,2021,3540,6126,2586
420460,1988,0,10443,10443
420460,1989,0,10110,10110
420460,1990,0,3154,3154
420460,1991,0,3405,3405
420460,1992,0,3622,3622
420460,1993,0,3492,3492
420460,1994,0,3214,3214
420460,1995,0,2898,2898
420460,1996,0,4337,4337
420460,1997,0,3400,3400
420460,1998,0,4235,4235
420460,1999,0,4134,4134
420460,2000,0,4138,4138
420460,2001,0,3756,3756
420460,2002,0,3808,3808
420460,2003,0,4347,4347
420460,2004,0,4333,4333
420460,2005,0,4256,4256
420460,2006,0,4275,4275
420460,2007,0,4174,4174
420460,2008,0,4306,4306
420460,2009,0,4515,4515
420460,2010,0,4376,4376
420460,2011,0,4380,4380
420460,2012,0,4506,4506
420460,2013,0,3741,3741
420460,2014,0,4259,4259
420460,2015,0,4339,4339
420460,2016,0,4191,4191
420460,2017,400,4462,4062
420460,2018,600,4151,3551
420460,2019,1000,4509,3509
420460,2020,1200,4629,3429
420460,2021,1300,4799,3499
420470,1988,8000,32105,24105
420470,1989,8000,31710,23710
420470,1990,3750,16848,13098
420470,1991,2550,16941,14391
420470,1992,200,16624,16424
420470,1993,600,15740,15140
420470,1994,400,15034,14634
420470,1995,200,14797,14597
420470,1996,1087,15299,14212
420470,1997,1000,13365,12365
420470,1998,1500,14006,12506
420470,1999,1600,14551,12951
420470,2000,1200,13681,12481
420470,2001,850,14496,13646
420470,2002,1000,12385,11385
420470,2003,800,11362,10562
420470,2004,1050,12101,11051
420470,2005,1500,9866,8366
420470,2006,2300,9279,6979
420470,2007,2000,8289,6289
420470,2008,2000,9927,7927
420470,2009,2700,7784,5084
420470,2010,2700,9267,6567
420470,2011,3000,8610,5610
420470,2012,2700,7466,4766
420470,2013,3000,8906,5906
420470,2014,3600,9066,5466
420470,2015,3600,8756,5156
420470,2016,3600,7676,4076
420470,2017,3700,8206,4506
420470,2018,4400,7816,3416
420470,2019,4400,7925,3525
420470,2020,4400,7795,3395
420470,2021,4400,8245,3845
420480,1988,2000,19335,17335
420480,1989,2000,19061,17061
420480,1990,2000,23742,21742
420480,1991,1000,24546,23546
420480,1992,500,24845,24345
420480,1993,500,25143,24643
420480,1994,700,26451,25751
420480,1995,700,25563,24863
420480,1996,1198,14802,13604
420480,1997,300,23359,23059
420480,1998,1710,21053,19343
420480,1999,2710,24800,22090
420480,2000,2710,25805,23095
420480,2001,3250,25493,22243
420480,2002,4046,23673,19627
420480,2003,4900,23372,18472
420480,2004,5178,24270,19092
420480,2005,5300,23935,18635
420480,2006,5800,27665,21865
420480,2007,5650,28422,22772
420480,2008,5200,29160,23960
420480,2009,7240,30584,23344
420480,2010,9360,29349,19989
420480,2011,9380,31354,21974
420480,2012,10535,30602,20067
420480,2013,13850,32529,18679
420480,2014,13850,30287,16437
420480,2015,19190,32700,13510
420480,2016,19240,33076,13836
420480,2017,19470,32052,12582
420480,2018,19000,27879,8879
420480,2019,19175,28009,8834
420480,2020,19475,28381,8906
420480,2021,19475,28431,8956
420500,1988,10500,36972,26472
420500,1989,10500,27488,16988
420500,1990,10500,27562,17062
420500,1991,7500,26547,19047
420500,1992,4000,22017,18017
420500,1993,2500,18781,16281
420500,1994,2500,19727,17227
420500,1995,2500,18646,16146
420500,1996,1500,12067,10567
420500,1997,1700,11193,9493
420500,1998,1700,10531,8831
420500,1999,1800,10503,8703
420500,2000,1800,10580,8780
420500,2001,2000,13158,11158
420500,2002,2000,13232,11232
420500,2003,2533,13051,10518
420500,2004,6000,13725,7725
420500,2005,6500,13837,7337
420500,2006,5000,11854,6854
420500,2007,5500,14025,8525
420500,2008,5000,14164,9164
420500,2009,5000,14319,9319
420500,2010,5000,14827,9827
420500,2011,5000,10605,5605
420500,2012,7200,12082,4882
420500,2013,8000,13657,5657
420500,2014,8000,13322,5322
420500,2015,8000,13412,5412
420500,2016,9000,13797,4797
420500,2017,9000,14535,5535
420500,2018,7000,10194,3194
420500,2019,6970,10523,3553
420500,2020,6970,10962,3992
420500,2021,7200,10638,3438
420510,1988,0,3599,3599
420510,1989,0,3462,3462
420510,1990,0,3430,3430
420510,1991,0,3116,3116
420510,1992,0,3250,3250
420510,1993,0,3325,3325
420510,1994,0,2756,2756
420510,1995,0,2731,2731
420510,1996,0,2362,2362
420510,1997,0,2444,2444
420510,1998,0,2321,2321
420510,1999,0,2330,2330
420510,2000,0,2148,2148
420510,2001,0,2274,2274
420510,2002,0,2376,2376
420510,2003,0,2635,2635
420510,2004,0,2504,2504
420510,2005,15,2354,2339
420510,2006,0,2358,2358
420510,2007,0,1915,1915
420510,2008,0,1830,1830
420510,2009,0,1807,1807
420510,2010,0,1992,1992
420510,2011,8,1741,1733
420510,2012,0,1891,1891
420510,2013,50,1831,1781
420510,2014,70,1763,1693
420510,2015,80,1853,1773
420510,2016,130,1903,1773
420510,2017,10,1879,1869
420510,2018,20,1329,1309
420510,2019,20,1326,1306
420510,2020,70,1466,1396
420510,2021,70,1465,1395
420515,1988,0,0,0
420515,1989,0,140,140
420515,1990,0,1631,1631
420515,1991,0,1696,1696
420515,1992,0,1704,1704
420515,1993,0,1604,1604
420515,1994,0,1596,1596
420515,1995,0,1573,1573
420515,1996,0,1254,1254
420515,1997,0,1265,1265
420515,1998,0,1296,1296
420515,1999,0,1240,1240
420515,2000,0,1238,1238
420515,2001,0,1258,1258
420515,2002,0,1165,1165
420515,2003,0,1165,1165
420515,2004,0,1212,1212
420515,2005,200,1420,1220
420515,2006,200,1421,1221
420515,2007,200,1417,1217
420515,2008,200,1417,1217
420515,2009,200,2227,2027
420515,2010,200,1082,882
420515,2011,200,1287,1087
420515,2012,0,1277,1277
420515,2013,0,1262,1262
420515,2014,0,1153,1153
420515,2015,0,1150,1150
420515,2016,0,1155,1155
420515,2017,0,1155,1155
420515,2018,88,1143,1055
420515,2019,88,1143,1055
420515,2020,88,1143,1055
420515,2021,88,1143,1055
420520,1988,1300,7355,6055
420520,1989,1500,6994,5494
420520,1990,700,7758,7058
420520,1991,500,7608,7108
420520,1992,300,7407,7107
420520,1993,400,8112,7712
420520,1994,300,8219,7919
420520,1995,300,7889,7589
420520,1996,260,4988,4728
420520,1997,300,5400,5100
420520,1998,300,5276,4976
420520,1999,500,5475,4975
420520,2000,500,5522,5022
420520,2001,500,5836,5336
420520,2002,600,5964,5364
420520,2003,600,6179,5579
420520,2004,600,6186,5586
420520,2005,600,6411,5811
420520,2006,500,6692,6192
420520,2007,500,6782,6282
420520,2008,500,6541,6041
420520,2009,500,6225,5725
420520,2010,500,6358,5858
420520,2011,500,6358,5858
420520,2012,1000,5743,4743
420520,2013,1200,5735,4535
420520,2014,1200,5743,4543
420520,2015,1600,5683,4083
420520,2016,2700,6183,3483
420520,2017,2100,5437,3337
420520,2018,1800,5298,3498
420520,2019,1800,3432,1632
420520,2020,1800,3429,1629
420520,2021,1800,3629,1829
420530,1988,9751,23597,13846
420530,1989,11000,22165,11165
420530,1990,9500,22896,13396
420530,1991,9000,23711,14711
420530,1992,8600,23586,14986
420530,1993,9400,24023,14623
420530,1994,9400,24005,14605
420530,1995,9400,23001,13601
420530,1996,7300,16638,9338
420530,1997,7200,16875,9675
420530,1998,8500,18890,10390
420530,1999,8300,18591,10291
420530,2000,8300,18387,10087
420530,2001,7100,18724,11624
420530,2002,8000,17051,9051
420530,2003,7800,17883,10083
420530,2004,8500,18084,9584
420530,2005,8500,17596,9096
420530,2006,8950,17301,8351
420530,2007,9000,18412,9412
420530,2008,9000,18150,9150
420530,2009,8550,17703,9153
420530,2010,10000,17458,7458
420530,2011,10000,15635,5635
420530,2012,8400,15044,6644
420530,2013,9000,15699,6699
420530,2014,9500,15615,6115
420530,2015,10000,15460,5460
420530,2016,11000,16908,5908
420530,2017,11700,14932,3232
420530,2018,11700,16306,4606
420530,2019,11700,14697,2997
420530,2020,11700,14997,3297
420530,2021,12100,18536,6436
420540,1988,0,591,591
420540,1989,0,565,565
420540,1990,0,498,498
420540,1991,0,424,424
420540,1992,0,463,463
420540,1993,0,482,482
420540,1994,0,592,592
420540,1995,0,470,470
420540,1996,0,240,240
420540,1997,0,469,469
420540,1998,0,242,242
420540,1999,0,242,242
420540,2000,0,255,255
420540,2001,0,301,301
420540,2002,0,297,297
420540,2003,0,220,220
420540,2004,0,190,190
420540,2005,0,190,190
420540,2006,0,196,196
420540,2007,0,214,214
420540,2008,0,222,222
420540,2009,0,222,222
420540,2010,0,129,129
420540,2011,0,129,129
420540,2012,0,107,107
420540,2013,0,64,64
420540,2014,0,82,82
420540,2015,0,82,82
420540,2016,0,82,82
420540,2017,0,42,42
420540,2018,0,30,30
420540,2019,0,32,32
420540,2020,0,32,32
420540,2021,0,29,29
420545,1988,0,0,0
420545,1989,0,0,0
420545,1990,0,6484,6484
420545,1991,0,6146,6146
420545,1992,0,6634,6634
420545,1993,0,6978,6978
420545,1994,0,6855,6855
420545,1995,0,7338,7338
420545,1996,0,8154,8154
420545,1997,0,8005,8005
420545,1998,0,7693,7693
420545,1999,0,8384,8384
420545,2000,0,8285,8285
420545,2001,0,8605,8605
420545,2002,0,8846,8846
420545,2003,0,9301,9301
420545,2004,0,11184,11184
420545,2005,0,11648,11648
420545,2006,0,11637,11637
420545,2007,0,11472,11472
420545,2008,0,11527,11527
420545,2009,0,12044,12044
420545,2010,0,11631,11631
420545,2011,0,11501,11501
420545,2012,0,11390,11390
420545,2013,150,11515,11365
420545,2014,50,11654,11604
420545,2015,60,11672,11612
420545,2016,120,11746,11626
420545,2017,400,11949,11549
420545,2018,1000,12384,11384
420545,2019,1400,13018,11618
420545,2020,1300,12896,11596
420545,2021,1200,12809,11609
420550,1988,80,10986,10906
420550,1989,40,10509,10469
420550,1990,0,11407,11407
420550,1991,0,12149,12149
420550,1992,0,11264,11264
420550,1993,0,11495,11495
420550,1994,0,12894,12894
420550,1995,0,14616,14616
420550,1996,0,12294,12294
420550,1997,0,12141,12141
420550,1998,0,11914,11914
420550,1999,0,11626,11626
420550,2000,0,12480,12480
420550,2001,0,12483,12483
420550,2002,0,12292,12292
420550,2003,0,12230,12230
420550,2004,0,12429,12429
420550,2005,0,12735,12735
420550,2006,0,12490,12490
420550,2007,0,12496,12496
420550,2008,0,12882,12882
420550,2009,300,12693,12393
420550,2010,300,19057,18757
420550,2011,2300,18238,15938
420550,2012,3000,18524,15524
420550,2013,3750,18123,14373
420550,2014,4000,16033,12033
420550,2015,5000,17288,12288
420550,2016,6000,18074,12074
420550,2017,6000,17907,11907
420550,2018,6000,16349,10349
420550,2019,5500,16775,11275
420550,2020,5500,16920,11420
420550,2021,5500,16739,11239
420560,1988,1600,21000,19400
420560,1989,600,19790,19190
420560,1990,800,18425,17625
420560,1991,400,17779,17379
420560,1992,250,13342,13092
420560,1993,250,11342,11092
420560,1994,250,11208,10958
420560,1995,250,11053,10803
420560,1996,261,9474,9213
420560,1997,275,9859,9584
420560,1998,550,9804,9254
420560,1999,550,10415,9865
420560,2000,1900,11823,9923
420560,2001,1370,11508,10138
420560,2002,2900,12405,9505
420560,2003,3300,14932,11632
420560,2004,3900,14987,11087
420560,2005,4000,12870,8870
420560,2006,3400,12405,9005
420560,2007,5700,12284,6584
420560,2008,5600,12982,7382
420560,2009,5300,11356,6056
420560,2010,6900,10336,3436
420560,2011,5450,9580,4130
420560,2012,4800,7664,2864
420560,2013,5800,9458,3658
420560,2014,6500,9938,3438
420560,2015,7500,10206,2706
420560,2016,7600,10042,2442
420560,2017,7400,10081,2681
420560,2018,6900,9792,2892
420560,2019,7050,9322,2272
420560,2020,6400,8999,2599
420560,2021,6400,9486,3086
420570,1988,0,1086,1086
420570,1989,0,1020,1020
420570,1990,0,978,978
420570,1991,0,911,911
420570,1992,0,728,728
420570,1993,0,721,721
420570,1994,0,713,713
420570,1995,0,722,722
420570,1996,1,373,372
420570,1997,0,574,574
420570,1998,0,438,438
420570,1999,0,368,368
420570,2000,0,420,420
420570,2001,0,456,456
420570,2002,0,272,272
420570,2003,0,267,267
420570,2004,0,299,299
420570,2005,0,284,284
420570,2006,0,296,296
420570,2007,0,310,310
420570,2008,0,280,280
420570,2009,0,278,278
420570,2010,0,278,278
420570,2011,0,270,270
420570,2012,0,230,230
420570,2013,0,175,175
420570,2014,0,173,173
420570,2015,0,173,173
420570,2016,0,183,183
420570,2017,0,183,183
420570,2018,0,232,232
420570,2019,0,358,358
420570,2020,0,358,358
420570,2021,0,316,316
420580,1988,0,4657,4657
420580,1989,0,4496,4496
420580,1990,0,3690,3690
420580,1991,0,3670,3670
420580,1992,0,3670,3670
420580,1993,0,3915,3915
420580,1994,0,4365,4365
420580,1995,0,4375,4375
420580,1996,0,1644,1644
420580,1997,0,1718,1718
420580,1998,0,1751,1751
420580,1999,0,1768,1768
420580,2000,0,1876,1876
420580,2001,0,2341,2341
420580,2002,0,2429,2429
420580,2003,0,2379,2379
420580,2004,0,2963,2963
420580,2005,0,3218,3218
420580,2006,0,2410,2410
420580,2007,0,3138,3138
420580,2008,0,3122,3122
420580,2009,0,3325,3325
420580,2010,0,3282,3282
420580,2011,0,3160,3160
420580,2012,0,2346,2346
420580,2013,0,2357,2357
420580,2014,0,2425,2425
420580,2015,0,2185,2185
420580,2016,0,2725,2725
420580,2017,0,2329,2329
420580,2018,0,2574,2574
420580,2019,0,2564,2564
420580,2020,0,2838,2838
420580,2021,0,2838,2838
420590,1988,0,3488,3488
420590,1989,0,3502,3502
420590,1990,0,3530,3530
420590,1991,0,3548,3548
420590,1992,0,3653,3653
420590,1993,0,3683,3683
420590,1994,0,3816,3816
420590,1995,0,4102,4102
420590,1996,0,2885,2885
420590,1997,0,2885,2885
420590,1998,0,3141,3141
420590,1999,0,3091,3091
420590,2000,0,4242,4242
420590,2001,0,4241,4241
420590,2002,0,3884,3884
420590,2003,0,3881,3881
420590,2004,0,3961,3961
420590,2005,0,3970,3970
420590,2006,0,4174,4174
420590,2007,0,4168,4168
420590,2008,0,4168,4168
420590,2009,0,4378,4378
420590,2010,0,3817,3817
420590,2011,0,3823,3823
420590,2012,0,4223,4223
420590,2013,0,4123,4123
420590,2014,0,4272,4272
420590,2015,0,4252,4252
420590,2016,0,4287,4287
420590,2017,0,4381,4381
420590,2018,0,2386,2386
420590,2019,0,2921,2921
420590,2020,0,2921,2921
420590,2021,0,2921,2921
420600,1988,0,654,654
420600,1989,0,1119,1119
420600,1990,0,1119,1119
420600,1991,0,1054,1054
420600,1992,0,1054,1054
420600,1993,0,925,925
420600,1994,0,988,988
420600,1995,0,1001,1001
420600,1996,0,67,67
420600,1997,0,80,80
420600,1998,0,62,62
420600,1999,0,63,63
420600,2000,0,78,78
420600,2001,0,73,73
420600,2002,0,50,50
420600,2003,0,49,49
420600,2004,0,65,65
420600,2005,0,60,60
420600,2006,0,62,62
420600,2007,0,150,150
420600,2008,0,151,151
420600,2009,0,153,153
420600,2010,0,153,153
420600,2011,0,156,156
420600,2012,0,142,142
420600,2013,0,135,135
420600,2014,0,125,125
420600,2015,0,125,125
420600,2016,0,125,125
420600,2017,0,125,125
420600,2018,0,5,5
420600,2019,0,1,1
420600,2020,0,0,0
420600,2021,0,0,0
420610,1988,0,4750,4750
420610,1989,0,4565,4565
420610,1990,0,4899,4899
420610,1991,0,4890,4890
420610,1992,0,4946,4946
420610,1993,0,4722,4722
420610,1994,0,4193,4193
420610,1995,0,4291,4291
420610,1996,0,4368,4368
420610,1997,0,4313,4313
420610,1998,0,4259,4259
420610,1999,0,3936,3936
420610,2000,0,3879,3879
420610,2001,0,3455,3455
420610,2002,0,3615,3615
420610,2003,0,3511,3511
420610,2004,0,3279,3279
420610,2005,0,3354,3354
420610,2006,0,3277,3277
420610,2007,0,2957,2957
420610,2008,0,2974,2974
420610,2009,0,3098,3098
420610,2010,0,2704,2704
420610,2011,0,2668,2668
420610,2012,0,2427,2427
420610,2013,0,2349,2349
420610,2014,0,2431,2431
420610,2015,0,2441,2441
420610,2016,0,2440,2440
420610,2017,0,2561,2561
420610,2018,0,1918,1918
420610,2019,0,1894,1894
420610,2020,0,1871,1871
420610,2021,0,1871,1871
420620,1988,0,4353,4353
420620,1989,0,4494,4494
420620,1990,0,4246,4246
420620,1991,0,3387,3387
420620,1992,0,2957,2957
420620,1993,0,2449,2449
420620,1994,0,2024,2024
420620,1995,0,1633,1633
420620,1996,0,1568,1568
420620,1997,0,1659,1659
420620,1998,0,1634,1634
420620,1999,0,1485,1485
420620,2000,0,1440,1440
420620,2001,0,1310,1310
420620,2002,0,1240,1240
420620,2003,0,1339,1339
420620,2004,0,1020,1020
420620,2005,0,1240,1240
420620,2006,0,1019,1019
420620,2007,0,1109,1109
420620,2008,0,774,774
420620,2009,0,728,728
420620,2010,0,829,829
420620,2011,0,911,911
420620,2012,0,831,831
420620,2013,0,719,719
420620,2014,0,844,844
420620,2015,0,585,585
420620,2016,0,567,567
420620,2017,0,561,561
420620,2018,50,601,551
420620,2019,50,566,516
420620,2020,70,519,449
420620,2021,70,519,449
420630,1988,0,1210,1210
420630,1989,0,1026,1026
420630,1990,0,1019,1019
420630,1991,0,993,993
420630,1992,0,865,865
420630,1993,0,668,668
420630,1994,0,664,664
420630,1995,0,632,632
420630,1996,0,284,284
420630,1997,0,289,289
420630,1998,0,296,296
420630,1999,0,298,298
420630,2000,0,295,295
420630,2001,0,308,308
420630,2002,0,288,288
420630,2003,0,374,374
420630,2004,0,447,447
420630,2005,0,425,425
420630,2006,0,423,423
420630,2007,0,420,420
420630,2008,0,328,328
420630,2009,0,318,318
420630,2010,0,228,228
420630,2011,0,228,228
420630,2012,0,226,226
420630,2013,0,296,296
420630,2014,0,296,296
420630,2015,0,296,296
420630,2016,0,296,296
420630,2017,0,187,187
420630,2018,0,285,285
420630,2019,0,309,309
420630,2020,0,309,309
420630,2021,0,309,309
420650,1988,0,8408,8408
420650,1989,0,8360,8360
420650,1990,0,6446,6446
420650,1991,0,6454,6454
420650,1992,0,6429,6429
420650,1993,0,6592,6592
420650,1994,0,8178,8178
420650,1995,0,8198,8198
420650,1996,0,7407,7407
420650,1997,0,7398,7398
420650,1998,0,7346,7346
420650,1999,0,6646,6646
420650,2000,0,6956,6956
420650,2001,0,6966,6966
420650,2002,0,6939,6939
420650,2003,0,7019,7019
420650,2004,0,7574,7574
420650,2005,0,7688,7688
420650,2006,0,7447,7447
420650,2007,0,7584,7584
420650,2008,0,7567,7567
420650,2009,0,7481,7481
420650,2010,0,7485,7485
420650,2011,0,7666,7666
420650,2012,0,7502,7502
420650,2013,0,7387,7387
420650,2014,0,7387,7387
420650,2015,0,7504,7504
420650,2016,0,7514,7514
420650,2017,0,7514,7514
420650,2018,0,7514,7514
420650,2019,0,7514,7514
420650,2020,0,5851,5851
420650,2021,0,5851,5851
420660,1988,2000,8406,6406
420660,1989,2000,7569,5569
420660,1990,1200,6721,5521
420660,1991,800,6831,6031
420660,1992,300,6464,6164
420660,1993,60,4702,4642
420660,1994,60,4500,4440
420660,1995,60,4557,4497
420660,1996,60,3620,3560
420660,1997,100,3590,3490
420660,1998,150,3386,3236
420660,1999,350,3521,3171
420660,2000,350,3516,3166
420660,2001,300,3447,3147
420660,2002,270,3832,3562
420660,2003,550,3887,3337
420660,2004,600,3860,3260
420660,2005,700,4379,3679
420660,2006,700,3814,3114
420660,2007,900,4073,3173
420660,2008,900,4019,3119
420660,2009,1000,3544,2544
420660,2010,1200,3966,2766
420660,2011,1200,2794,1594
420660,2012,1200,3306,2106
420660,2013,1300,3111,1811
420660,2014,1300,3036,1736
420660,2015,1300,3091,1791
420660,2016,1200,2426,1226
420660,2017,800,1972,1172
420660,2018,1377,2549,1172
420660,2019,1000,2212,1212
420660,2020,1040,2132,1092
420660,2021,1110,1947,837
420670,1988,100,7709,7609
420670,1989,30,6380,6350
420670,1990,10,6452,6442
420670,1991,0,6307,6307
420670,1992,0,6564,6564
420670,1993,0,6574,6574
420670,1994,0,6655,6655
420670,1995,0,6995,6995
420670,1996,53,4722,4669
420670,1997,0,4664,4664
420670,1998,0,4584,4584
420670,1999,0,4589,4589
420670,2000,0,4543,4543
420670,2001,0,4515,4515
420670,2002,0,4171,4171
420670,2003,0,4484,4484
420670,2004,9,4423,4414
420670,2005,40,4388,4348
420670,2006,30,3907,3877
420670,2007,20,3759,3739
420670,2008,30,3705,3675
420670,2009,15,3710,3695
420670,2010,30,3391,3361
420670,2011,30,2787,2757
420670,2012,40,2368,2328
420670,2013,40,2362,2322
420670,2014,50,2267,2217
420670,2015,200,2219,2019
420670,2016,200,2219,2019
420670,2017,400,2186,1786
420670,2018,400,2521,2121
420670,2019,380,2356,1976
420670,2020,400,2371,1971
420670,2021,400,2381,1981
420680,1988,100,6670,6570
420680,1989,300,6723,6423
420680,1990,300,7036,6736
420680,1991,300,7723,7423
420680,1992,300,7875,7575
420680,1993,300,7085,6785
420680,1994,300,6901,6601
420680,1995,100,7320,7220
420680,1996,5,4709,4704
420680,1997,5,4723,4718
420680,1998,7,4888,4881
420680,1999,7,4683,4676
420680,2000,15,4697,4682
420680,2001,15,4776,4761
420680,2002,15,4685,4670
420680,2003,15,4657,4642
420680,2004,15,4617,4602
420680,2005,30,4647,4617
420680,2006,50,4416,4366
420680,2007,20,4390,4370
420680,2008,10,4363,4353
420680,2009,15,4402,4387
420680,2010,30,4302,4272
420680,2011,30,4290,4260
420680,2012,30,3922,3892
420680,2013,30,3898,3868
420680,2014,50,3891,3841
420680,2015,100,3843,3743
420680,2016,300,3843,3543
420680,2017,100,3832,3732
420680,2018,190,3257,3067
420680,2019,200,3165,2965
420680,2020,200,3175,2975
420680,2021,200,3175,2975
420690,1988,0,11023,11023
420690,1989,0,11918,11918
420690,1990,0,2292,2292
420690,1991,0,2228,2228
420690,1992,0,2459,2459
420690,1993,0,2493,2493
420690,1994,0,2681,2681
420690,1995,0,2488,2488
420690,1996,0,1592,1592
420690,1997,0,1654,1654
420690,1998,0,1717,1717
420690,1999,0,1509,1509
420690,2000,0,1271,1271
420690,2001,0,1106,1106
420690,2002,0,1173,1173
420690,2003,0,1295,1295
420690,2004,0,1334,1334
420690,2005,0,1177,1177
420690,2006,0,1385,1385
420690,2007,0,930,930
420690,2008,0,1101,1101
420690,2009,0,1056,1056
420690,2010,1,1287,1286
420690,2011,1,1286,1285
420690,2012,0,1261,1261
420690,2013,0,1211,1211
420690,2014,0,986,986
420690,2015,0,997,997
420690,2016,0,1003,1003
420690,2017,0,1018,1018
420690,2018,0,889,889
420690,2019,0,840,840
420690,2020,0,901,901
420690,2021,0,901,901
420700,1988,0,11632,11632
420700,1989,0,13743,13743
420700,1990,0,12179,12179
420700,1991,0,12125,12125
420700,1992,0,12052,12052
420700,1993,0,12559,12559
420700,1994,0,10403,10403
420700,1995,0,11119,11119
420700,1996,0,12029,12029
420700,1997,0,11650,11650
420700,1998,0,13404,13404
420700,1999,0,14562,14562
420700,2000,0,13209,13209
420700,2001,0,12321,12321
420700,2002,0,13390,13390
420700,2003,0,13925,13925
420700,2004,0,14082,14082
420700,2005,0,12296,12296
420700,2006,0,13275,13275
420700,2007,0,12281,12281
420700,2008,0,12922,12922
420700,2009,0,13273,13273
420700,2010,0,12999,12999
420700,2011,0,11217,11217
420700,2012,0,10780,10780
420700,2013,100,11045,10945
420700,2014,100,11097,10997
420700,2015,100,10969,10869
420700,2016,120,11427,11307
420700,2017,120,10612,10492
420700,2018,400,9031,8631
420700,2019,1400,8554,7154
420700,2020,1000,9007,8007
420700,2021,1200,9608,8408
420710,1988,0,3960,3960
420710,1989,0,3469,3469
420710,1990,0,3485,3485
420710,1991,0,3138,3138
420710,1992,0,3478,3478
420710,1993,0,3485,3485
420710,1994,0,3243,3243
420710,1995,0,2219,2219
420710,1996,0,2446,2446
420710,1997,0,2404,2404
420710,1998,0,2434,2434
420710,1999,0,2488,2488
420710,2000,0,2779,2779
420710,2001,0,2773,2773
420710,2002,0,2423,2423
420710,2003,0,2723,2723
420710,2004,0,2772,2772
420710,2005,0,3490,3490
420710,2006,0,3486,3486
420710,2007,0,4061,4061
420710,2008,0,3806,3806
420710,2009,0,1933,1933
420710,2010,0,1845,1845
420710,2011,0,3705,3705
420710,2012,0,4029,4029
420710,2013,0,4028,4028
420710,2014,0,4048,4048
420710,2015,0,4234,4234
420710,2016,0,3767,3767
420710,2017,0,3817,3817
420710,2018,0,3966,3966
420710,2019,0,3966,3966
420710,2020,0,3966,3966
420710,2021,0,3966,3966
420720,1988,0,6388,6388
420720,1989,0,7140,7140
420720,1990,0,6779,6779
420720,1991,0,6354,6354
420720,1992,0,6049,6049
420720,1993,0,5756,5756
420720,1994,0,5068,5068
420720,1995,0,5056,5056
420720,1996,0,3227,3227
420720,1997,0,5150,5150
420720,1998,0,4777,4777
420720,1999,0,4788,4788
420720,2000,0,4919,4919
420720,2001,0,4792,4792
420720,2002,0,5438,5438
420720,2003,0,5563,5563
420720,2004,0,6961,6961
420720,2005,0,6884,6884
420720,2006,0,6997,6997
420720,2007,0,6877,6877
420720,2008,0,6668,6668
420720,2009,0,6631,6631
420720,2010,0,7058,7058
420720,2011,0,6619,6619
420720,2012,0,6399,6399
420720,2013,0,6469,6469
420720,2014,0,5619,5619
420720,2015,0,4699,4699
420720,2016,0,4702,4702
420720,2017,0,4903,4903
420720,2018,0,4843,4843
420720,2019,0,4820,4820
420720,2020,55,4065,4010
420720,2021,55,4127,4072
420730,1988,0,3303,3303
420730,1989,0,4225,4225
420730,1990,0,3299,3299
420730,1991,0,3031,3031
420730,1992,0,3204,3204
420730,1993,0,2895,2895
420730,1994,0,2883,2883
420730,1995,0,3205,3205
420730,1996,0,1595,1595
420730,1997,0,2317,2317
420730,1998,0,2428,2428
420730,1999,0,2473,2473
420730,2000,0,2683,2683
420730,2001,0,2614,2614
420730,2002,0,2640,2640
420730,2003,0,2594,2594
420730,2004,0,2900,2900
420730,2005,0,3255,3255
420730,2006,0,3275,3275
420730,2007,0,3275,3275
420730,2008,0,3275,3275
420730,2009,0,3275,3275
420730,2010,0,3275,3275
420730,2011,0,3476,3476
420730,2012,0,3466,3466
420730,2013,0,3436,3436
420730,2014,0,3251,3251
420730,2015,0,3076,3076
420730,2016,0,2782,2782
420730,2017,0,2784,2784
420730,2018,0,2793,2793
420730,2019,0,2767,2767
420730,2020,9,2423,2414
420730,2021,9,2422,2413
420740,1988,0,3772,3772
420740,1989,0,4127,4127
420740,1990,0,4795,4795
420740,1991,0,3880,3880
420740,1992,0,4418,4418
420740,1993,0,4045,4045
420740,1994,0,4321,4321
420740,1995,0,4291,4291
420740,1996,0,5653,5653
420740,1997,0,5122,5122
420740,1998,0,5033,5033
420740,1999,0,5100,5100
420740,2000,0,5053,5053
420740,2001,0,4801,4801
420740,2002,0,4714,4714
420740,2003,0,5281,5281
420740,2004,5,5435,5430
420740,2005,150,5520,5370
420740,2006,150,5542,5392
420740,2007,0,5018,5018
420740,2008,0,5197,5197
420740,2009,100,4895,4795
420740,2010,150,4359,4209
420740,2011,150,4752,4602
420740,2012,250,4464,4214
420740,2013,350,4674,4324
420740,2014,450,4864,4414
420740,2015,450,4927,4477
420740,2016,600,5075,4475
420740,2017,600,4886,4286
420740,2018,300,4873,4573
420740,2019,300,4984,4684
420740,2020,250,4989,4739
420740,2021,250,5299,5049
420750,1988,0,3460,3460
420750,1989,0,3640,3640
420750,1990,0,1481,1481
420750,1991,0,940,940
420750,1992,0,841,841
420750,1993,0,826,826
420750,1994,0,832,832
420750,1995,0,951,951
420750,1996,0,898,898
420750,1997,0,907,907
420750,1998,0,983,983
420750,1999,0,1105,1105
420750,2000,0,1241,1241
420750,2001,0,1211,1211
420750,2002,0,684,684
420750,2003,0,721,721
420750,2004,0,724,724
420750,2005,0,794,794
420750,2006,0,712,712
420750,2007,0,734,734
420750,2008,0,728,728
420750,2009,0,790,790
420750,2010,0,684,684
420750,2011,0,625,625
420750,2012,0,695,695
420750,2013,0,694,694
420750,2014,0,693,693
420750,2015,0,645,645
420750,2016,0,743,743
420750,2017,0,743,743
420750,2018,0,458,458
420750,2019,0,477,477
420750,2020,0,477,477
420750,2021,0,477,477
420760,1988,2100,8707,6607
420760,1989,2800,9591,6791
420760,1990,2500,9444,6944
420760,1991,2200,9173,6973
420760,1992,800,7786,6986
420760,1993,800,7774,6974
420760,1994,800,7806,7006
420760,1995,800,7793,6993
420760,1996,394,4876,4482
420760,1997,394,4374,3980
420760,1998,394,4182,3788
420760,1999,394,4649,4255
420760,2000,394,4877,4483
420760,2001,0,4488,4488
420760,2002,0,4274,4274
420760,2003,0,4112,4112
420760,2004,30,4204,4174
420760,2005,30,4135,4105
420760,2006,30,3609,3579
420760,2007,30,3309,3279
420760,2008,30,2948,2918
420760,2009,30,2937,2907
420760,2010,120,2815,2695
420760,2011,60,2740,2680
420760,2012,60,2641,2581
420760,2013,60,2368,2308
420760,2014,120,2503,2383
420760,2015,150,2466,2316
420760,2016,150,2004,1854
420760,2017,160,2083,1923
420760,2018,160,1790,1630
420760,2019,175,1688,1513
420760,2020,175,1773,1598
420760,2021,175,1510,1335
420765,1988,0,0,0
420765,1989,0,6601,6601
420765,1990,1800,12070,10270
420765,1991,1300,11926,10626
420765,1992,1000,12751,11751
420765,1993,500,11880,11380
420765,1994,200,12877,12677
420765,1995,70,11998,11928
420765,1996,80,9255,9175
420765,1997,200,8973,8773
420765,1998,150,9603,9453
420765,1999,180,9824,9644
420765,2000,180,9212,9032
420765,2001,180,9372,9192
420765,2002,125,14268,14143
420765,2003,125,13933,13808
420765,2004,220,12920,12700
420765,2005,500,14377,13877
420765,2006,250,12443,12193
420765,2007,300,11126,10826
420765,2008,300,11010,10710
420765,2009,350,11366,11016
420765,2010,450,11365,10915
420765,2011,450,9315,8865
420765,2012,550,10858,10308
420765,2013,1200,7690,6490
420765,2014,1200,7795,6595
420765,2015,1400,7325,5925
420765,2016,1450,6715,5265
420765,2017,2100,7910,5810
420765,2018,1230,4161,2931
420765,2019,1230,4386,3156
420765,2020,1240,3931,2691
420765,2021,1250,3792,2542
420770,1988,2500,13560,11060
420770,1989,2500,13552,11052
420770,1990,2000,14959,12959
420770,1991,1500,14692,13192
420770,1992,300,13360,13060
420770,1993,100,12239,12139
420770,1994,100,12268,12168
420770,1995,100,12192,12092
420770,1996,126,8062,7936
420770,1997,126,7836,7710
420770,1998,126,7923,7797
420770,1999,110,8326,8216
420770,2000,90,8249,8159
420770,2001,90,7312,7222
420770,2002,0,6985,6985
420770,2003,0,6810,6810
420770,2004,70,7010,6940
420770,2005,130,7009,6879
420770,2006,130,7009,6879
420770,2007,130,6517,6387
420770,2008,70,5896,5826
420770,2009,100,5841,5741
420770,2010,200,5298,5098
420770,2011,200,5033,4833
420770,2012,200,3714,3514
420770,2013,250,3792,3542
420770,2014,450,3395,2945
420770,2015,400,2932,2532
420770,2016,350,2879,2529
420770,2017,250,2245,1995
420770,2018,225,2177,1952
420770,2019,250,2076,1826
420770,2020,250,1765,1515
420770,2021,250,1965,1715
420775,1988,0,0,0
420775,1989,0,0,0
420775,1990,2100,13061,10961
420775,1991,550,13050,12500
420775,1992,300,15325,15025
420775,1993,400,13262,12862
420775,1994,450,13416,12966
420775,1995,50,12752,12702
420775,1996,344,9407,9063
420775,1997,250,10821,10571
420775,1998,400,10177,9777
420775,1999,500,10249,9749
420775,2000,550,10071,9521
420775,2001,600,9910,9310
420775,2002,700,9829,9129
420775,2003,850,10037,9187
420775,2004,1850,10175,8325
420775,2005,1850,8573,6723
420775,2006,2000,7083,5083
420775,2007,2000,6999,4999
420775,2008,2000,7210,5210
420775,2009,2200,7076,4876
420775,2010,2200,6346,4146
420775,2011,2450,6736,4286
420775,2012,2450,5905,3455
420775,2013,2450,6773,4323
420775,2014,2600,7167,4567
420775,2015,3000,6613,3613
420775,2016,3000,6089,3089
420775,2017,3000,5815,2815
420775,2018,3100,5831,2731
420775,2019,3100,4968,1868
420775,2020,3100,5105,2005
420775,2021,3100,5703,2603
420780,1988,2500,9704,7204
420780,1989,2500,8698,6198
420780,1990,2100,9356,7256
420780,1991,1000,8288,7288
420780,1992,250,7542,7292
420780,1993,800,7650,6850
420780,1994,800,7621,6821
420780,1995,300,7379,7079
420780,1996,212,5660,5448
420780,1997,212,6128,5916
420780,1998,792,6266,5474
420780,1999,992,7613,6621
420780,2000,1300,7932,6632
420780,2001,1300,7849,6549
420780,2002,1300,7919,6619
420780,2003,1450,7486,6036
420780,2004,1500,7835,6335
420780,2005,1700,8197,6497
420780,2006,1700,7995,6295
420780,2007,1600,7311,5711
420780,2008,1500,6275,4775
420780,2009,1500,5931,4431
420780,2010,1500,4763,3263
420780,2011,1000,4068,3068
420780,2012,1000,4057,3057
420780,2013,1300,4037,2737
420780,2014,1400,4109,2709
420780,2015,1800,3717,1917
420780,2016,1900,3825,1925
420780,2017,2000,4540,2540
420780,2018,2700,4890,2190
420780,2019,2600,4962,2362
420780,2020,2600,4847,2247
420780,2021,2600,5197,2597
420790,1988,6500,18995,12495
420790,1989,6000,17525,11525
420790,1990,6000,18292,12292
420790,1991,4800,16728,11928
420790,1992,3300,16661,13361
420790,1993,4500,15978,11478
420790,1994,5500,15914,10414
420790,1995,4500,15807,11307
420790,1996,4500,14635,10135
420790,1997,6000,14773,8773
420790,1998,6600,16110,9510
420790,1999,6000,15793,9793
420790,2000,6000,17398,11398
420790,2001,6000,18059,12059
420790,2002,6800,19475,12675
420790,2003,7400,20188,12788
420790,2004,8500,20850,12350
420790,2005,9500,22122,12622
420790,2006,7500,19766,12266
420790,2007,9000,20220,11220
420790,2008,7700,21413,13713
420790,2009,8500,20753,12253
420790,2010,9200,21245,12045
420790,2011,9500,22603,13103
420790,2012,8500,20572,12072
420790,2013,10000,22519,12519
420790,2014,11000,25520,14520
420790,2015,11400,25641,14241
420790,2016,11500,24705,13205
420790,2017,11200,21077,9877
420790,2018,11800,21577,9777
420790,2019,11000,21090,10090
420790,2020,11500,21877,10377
420790,2021,12500,24623,12123
420810,1988,3000,29597,26597
420810,1989,2500,34867,32367
420810,1990,2500,30399,27899
420810,1991,1500,28965,27465
420810,1992,1500,32325,30825
420810,1993,2050,36295,34245
420810,1994,4100,36580,32480
420810,1995,3300,36496,33196
420810,1996,2672,26203,23531
420810,1997,4100,27461,23361
420810,1998,4680,30157,25477
420810,1999,4700,30854,26154
420810,2000,4900,30910,26010
420810,2001,4900,30014,25114
420810,2002,5600,31703,26103
420810,2003,6400,34487,28087
420810,2004,8220,37286,29066
420810,2005,9220,39708,30488
420810,2006,15220,51759,36539
420810,2007,17200,49056,31856
420810,2008,12680,46852,34172
420810,2009,13300,46040,32740
420810,2010,15100,43450,28350
420810,2011,15350,45008,29658
420810,2012,15100,45201,30101
420810,2013,20000,49091,29091
420810,2014,24000,52489,28489
420810,2015,25000,51859,26859
420810,2016,26000,52304,26304
420810,2017,28000,52485,24485
420810,2018,22200,47457,25257
420810,2019,22200,47243,25043
420810,2020,22000,45506,23506
420810,2021,23500,49213,25713
420820,1988,0,3147,3147
420820,1989,0,3121,3121
420820,1990,0,3018,3018
420820,1991,0,2700,2700
420820,1992,0,3211,3211
420820,1993,0,3161,3161
420820,1994,0,2847,2847
420820,1995,0,2207,2207
420820,1996,0,1544,1544
420820,1997,0,1535,1535
420820,1998,0,2196,2196
420820,1999,0,2501,2501
420820,2000,0,2919,2919
420820,2001,0,3347,3347
420820,2002,0,2163,2163
420820,2003,0,2251,2251
420820,2004,0,2251,2251
420820,2005,0,2441,2441
420820,2006,0,2441,2441
420820,2007,0,2539,2539
420820,2008,0,2635,2635
420820,2009,0,2036,2036
420820,2010,0,2596,2596
420820,2011,0,2551,2551
420820,2012,0,2596,2596
420820,2013,0,2546,2546
420820,2014,0,2611,2611
420820,2015,0,2596,2596
420820,2016,0,2037,2037
420820,2017,0,2010,2010
420820,2018,0,2010,2010
420820,2019,0,2035,2035
420820,2020,0,2035,2035
420820,2021,0,2035,2035
420830,1988,0,468,468
420830,1989,0,481,481
420830,1990,0,482,482
420830,1991,0,482,482
420830,1992,0,476,476
420830,1993,0,474,474
420830,1994,0,470,470
420830,1995,0,472,472
420830,1996,0,168,168
420830,1997,0,168,168
420830,1998,0,172,172
420830,1999,0,187,187
420830,2000,0,392,392
420830,2001,0,330,330
420830,2002,0,280,280
420830,2003,0,280,280
420830,2004,0,280,280
420830,2005,0,310,310
420830,2006,0,310,310
420830,2007,0,314,314
420830,2008,0,308,308
420830,2009,0,305,305
420830,2010,0,390,390
420830,2011,0,378,378
420830,2012,0,392,392
420830,2013,0,392,392
420830,2014,0,402,402
420830,2015,0,382,382
420830,2016,0,350,350
420830,2017,0,352,352
420830,2018,0,357,357
420830,2019,0,357,357
420830,2020,0,357,357
420830,2021,0,357,357
420845,1988,0,0,0
420845,1989,0,0,0
420845,1990,0,795,795
420845,1991,0,795,795
420845,1992,0,795,795
420845,1993,0,795,795
420845,1994,0,795,795
420845,1995,0,680,680
420845,1996,0,128,128
420845,1997,0,133,133
420845,1998,0,133,133
420845,1999,0,133,133
420845,2000,0,133,133
420845,2001,0,151,151
420845,2002,0,299,299
420845,2003,0,243,243
420845,2004,0,247,247
420845,2005,0,246,246
420845,2006,0,242,242
420845,2007,0,237,237
420845,2008,0,233,233
420845,2009,0,235,235
420845,2010,0,229,229
420845,2011,0,217,217
420845,2012,0,209,209
420845,2013,0,216,216
420845,2014,0,216,216
420845,2015,0,345,345
420845,2016,0,345,345
420845,2017,0,370,370
420845,2018,0,378,378
420845,2019,0,435,435
420845,2020,0,435,435
420845,2021,0,435,435
420850,1988,75,19627,19552
420850,1989,75,18390,18315
420850,1990,76,20493,20417
420850,1991,0,19651,19651
420850,1992,0,19987,19987
420850,1993,75,18650,18575
420850,1994,0,19008,19008
420850,1995,0,18567,18567
420850,1996,14,18744,18730
420850,1997,10,18331,18321
420850,1998,75,18126,18051
420850,1999,0,18109,18109
420850,2000,0,18134,18134
420850,2001,70,18766,18696
420850,2002,0,18742,18742
420850,2003,10,21248,21238
420850,2004,400,20457,20057
420850,2005,250,19155,18905
420850,2006,210,19458,19248
420850,2007,400,17894,17494
420850,2008,400,17888,17488
420850,2009,1530,17317,15787
420850,2010,2050,17387,15337
420850,2011,1050,16777,15727
420850,2012,1030,16965,15935
420850,2013,2120,17575,15455
420850,2014,2920,19056,16136
420850,2015,2650,19022,16372
420850,2016,3420,19702,16282
420850,2017,3970,20251,16281
420850,2018,3670,19291,15621
420850,2019,4350,20191,15841
420850,2020,4250,19853,15603
420850,2021,4490,20436,15946
420860,1988,1800,8639,6839
420860,1989,1500,8121,6621
420860,1990,300,7531,7231
420860,1991,200,6956,6756
420860,1992,200,6959,6759
420860,1993,0,6649,6649
420860,1994,0,6457,6457
420860,1995,0,5318,5318
420860,1996,3,5675,5672
420860,1997,0,5314,5314
420860,1998,0,5369,5369
420860,1999,0,5229,5229
420860,2000,0,5239,5239
420860,2001,0,5638,5638
420860,2002,60,5830,5770
420860,2003,0,6005,6005
420860,2004,5,5782,5777
420860,2005,50,4807,4757
420860,2006,20,4424,4404
420860,2007,20,4648,4628
420860,2008,20,4735,4715
420860,2009,20,4377,4357
420860,2010,20,4610,4590
420860,2011,300,4660,4360
420860,2012,250,3688,3438
420860,2013,250,3648,3398
420860,2014,300,4198,3898
420860,2015,300,4198,3898
420860,2016,200,3898,3698
420860,2017,500,4159,3659
420860,2018,500,3391,2891
420860,2019,500,2690,2190
420860,2020,500,2704,2204
420860,2021,500,2704,2204
420870,1988,0,12963,12963
420870,1989,0,13475,13475
420870,1990,0,13381,13381
420870,1991,0,14129,14129
420870,1992,0,13330,13330
420870,1993,0,13742,13742
420870,1994,0,14238,14238
420870,1995,0,13882,13882
420870,1996,0,12208,12208
420870,1997,0,12170,12170
420870,1998,0,12190,12190
420870,1999,0,12042,12042
420870,2000,0,11874,11874
420870,2001,0,11576,11576
420870,2002,0,11957,11957
420870,2003,0,12570,12570
420870,2004,0,12758,12758
420870,2005,0,12911,12911
420870,2006,0,12724,12724
420870,2007,0,12403,12403
420870,2008,0,12536,12536
420870,2009,0,12702,12702
420870,2010,0,12557,12557
420870,2011,0,12595,12595
420870,2012,0,11825,11825
420870,2013,0,11860,11860
420870,2014,0,12010,12010
420870,2015,0,12010,12010
420870,2016,0,11790,11790
420870,2017,15,11835,11820
420870,2018,15,11315,11300
420870,2019,0,12155,12155
420870,2020,0,13235,13235
420870,2021,0,13035,13035
420880,1988,0,12600,12600
420880,1989,0,12717,12717
420880,1990,0,10222,10222
420880,1991,0,11425,11425
420880,1992,0,11922,11922
420880,1993,0,12324,12324
420880,1994,0,12556,12556
420880,1995,0,13321,13321
420880,1996,0,7864,7864
420880,1997,0,7603,7603
420880,1998,0,8902,8902
420880,1999,0,10055,10055
420880,2000,0,11392,11392
420880,2001,0,10762,10762
420880,2002,0,10134,10134
420880,2003,0,9895,9895
420880,2004,0,11012,11012
420880,2005,0,10867,10867
420880,2006,0,10788,10788
420880,2007,0,10758,10758
420880,2008,0,11316,11316
420880,2009,0,10943,10943
420880,2010,0,11200,11200
420880,2011,0,10773,10773
420880,2012,0,10689,10689
420880,2013,0,10809,10809
420880,2014,0,9243,9243
420880,2015,0,8921,8921
420880,2016,0,8532,8532
420880,2017,0,8837,8837
420880,2018,0,8721,8721
420880,2019,0,8557,8557
420880,2020,100,8096,7996
420880,2021,100,8096,7996
420890,1988,0,6319,6319
420890,1989,0,6356,6356
420890,1990,0,6346,6346
420890,1991,0,6372,6372
420890,1992,0,6593,6593
420890,1993,0,6193,6193
420890,1994,0,6035,6035
420890,1995,0,5818,5818
420890,1996,1,4502,4501
420890,1997,0,3807,3807
420890,1998,0,3741,3741
420890,1999,0,3723,3723
420890,2000,0,3728,3728
420890,2001,0,3730,3730
420890,2002,0,3702,3702
420890,2003,0,3725,3725
420890,2004,0,3713,3713
420890,2005,0,3741,3741
420890,2006,0,3748,3748
420890,2007,0,3756,3756
420890,2008,0,3753,3753
420890,2009,0,3752,3752
420890,2010,0,3755,3755
420890,2011,0,3756,3756
420890,2012,0,3878,3878
420890,2013,0,3711,3711
420890,2014,0,3711,3711
420890,2015,0,3761,3761
420890,2016,0,3431,3431
420890,2017,0,3431,3431
420890,2018,0,3434,3434
420890,2019,0,3394,3394
420890,2020,0,3434,3434
420890,2021,0,3434,3434
420900,1988,100,9204,9104
420900,1989,100,10377,10277
420900,1990,50,10427,10377
420900,1991,0,10555,10555
420900,1992,0,10570,10570
420900,1993,0,9149,9149
420900,1994,0,9575,9575
420900,1995,0,9331,9331
420900,1996,35,7562,7527
420900,1997,30,7486,7456
420900,1998,30,7501,7471
420900,1999,30,7149,7119
420900,2000,0,6406,6406
420900,2001,0,6209,6209
420900,2002,0,6245,6245
420900,2003,0,6256,6256
420900,2004,15,6959,6944
420900,2005,30,6846,6816
420900,2006,70,6801,6731
420900,2007,165,6890,6725
420900,2008,30,6881,6851
420900,2009,55,6921,6866
420900,2010,140,6978,6838
420900,2011,410,6852,6442
420900,2012,410,5937,5527
420900,2013,410,5882,5472
420900,2014,510,5892,5382
420900,2015,660,5836,5176
420900,2016,1160,5839,4679
420900,2017,1160,5769,4609
420900,2018,710,5574,4864
420900,2019,700,5569,4869
420900,2020,770,5402,4632
420900,2021,970,5507,4537
420910,1988,0,4984,4984
420910,1989,0,4821,4821
420910,1990,0,4810,4810
420910,1991,0,4781,4781
420910,1992,0,4877,4877
420910,1993,0,4797,4797
420910,1994,0,4875,4875
420910,1995,0,5976,5976
420910,1996,0,4715,4715
420910,1997,0,5284,5284
420910,1998,0,5245,5245
420910,1999,0,5224,5224
420910,2000,0,5186,5186
420910,2001,0,4880,4880
420910,2002,0,4902,4902
420910,2003,0,4787,4787
420910,2004,0,4883,4883
420910,2005,0,4766,4766
420910,2006,0,4797,4797
420910,2007,0,4970,4970
420910,2008,0,4962,4962
420910,2009,0,5726,5726
420910,2010,0,5111,5111
420910,2011,0,5490,5490
420910,2012,0,5760,5760
420910,2013,0,5760,5760
420910,2014,0,6092,6092
420910,2015,0,5970,5970
420910,2016,0,5970,5970
420910,2017,0,6290,6290
420910,2018,0,5740,5740
420910,2019,0,5605,5605
420910,2020,0,5882,5882
420910,2021,0,5675,5675
420915,1988,0,0,0
420915,1989,0,0,0
420915,1990,0,1902,1902
420915,1991,0,1718,1718
420915,1992,0,2430,2430
420915,1993,0,2509,2509
420915,1994,0,2717,2717
420915,1995,0,2714,2714
420915,1996,0,2185,2185
420915,1997,0,2332,2332
420915,1998,0,2459,2459
420915,1999,0,2482,2482
420915,2000,0,2173,2173
420915,2001,0,1847,1847
420915,2002,0,1900,1900
420915,2003,0,1887,1887
420915,2004,0,2522,2522
420915,2005,0,2380,2380
420915,2006,0,2612,2612
420915,2007,0,2485,2485
420915,2008,0,2077,2077
420915,2009,0,1971,1971
420915,2010,0,2557,2557
420915,2011,0,2546,2546
420915,2012,0,2496,2496
420915,2013,0,2309,2309
420915,2014,0,2179,2179
420915,2015,0,2204,2204
420915,2016,0,2017,2017
420915,2017,0,1934,1934
420915,2018,0,1655,1655
420915,2019,0,1614,1614
420915,2020,0,1660,1660
420915,2021,0,1664,1664
420920,1988,1100,4104,3004
420920,1989,1000,3853,2853
420920,1990,600,3721,3121
420920,1991,500,3031,2531
420920,1992,350,3209,2859
420920,1993,255,3244,2989
420920,1994,150,2968,2818
420920,1995,150,2846,2696
420920,1996,29,2816,2787
420920,1997,20,2756,2736
420920,1998,20,2712,2692
420920,1999,0,2467,2467
420920,2000,0,3167,3167
420920,2001,0,3156,3156
420920,2002,0,2646,2646
420920,2003,17,2911,2894
420920,2004,50,2863,2813
420920,2005,70,2581,2511
420920,2006,50,2536,2486
420920,2007,40,2525,2485
420920,2008,40,2660,2620
420920,2009,40,2645,2605
420920,2010,40,2470,2430
420920,2011,40,2423,2383
420920,2012,20,2095,2075
420920,2013,20,2066,2046
420920,2014,20,2066,2046
420920,2015,20,1966,1946
420920,2016,20,1966,1946
420920,2017,20,1966,1946
420920,2018,60,1724,1664
420920,2019,60,1840,1780
420920,2020,60,1830,1770
420920,2021,60,1850,1790
420930,1988,650,14648,13998
420930,1989,650,13670,13020
420930,1990,750,14578,13828
420930,1991,750,14595,13845
420930,1992,750,14602,13852
420930,1993,750,13642,12892
420930,1994,750,14637,13887
420930,1995,750,14568,13818
420930,1996,220,11463,11243
420930,1997,220,11385,11165
420930,1998,220,11386,11166
420930,1999,570,11729,11159
420930,2000,570,12483,11913
420930,2001,570,12481,11911
420930,2002,850,12648,11798
420930,2003,880,13630,12750
420930,2004,900,14177,13277
420930,2005,1950,15240,13290
420930,2006,2900,16489,13589
420930,2007,2900,17100,14200
420930,2008,2950,17741,14791
420930,2009,2950,17459,14509
420930,2010,4050,17653,13603
420930,2011,3100,16672,13572
420930,2012,3550,17174,13624
420930,2013,5590,19683,14093
420930,2014,6600,19028,12428
420930,2015,11250,22518,11268
420930,2016,12680,23178,10498
420930,2017,13300,24397,11097
420930,2018,15000,25119,10119
420930,2019,16800,27043,10243
420930,2020,18400,28978,10578
420930,2021,20400,31764,11364
420940,1988,0,1913,1913
420940,1989,0,1866,1866
420940,1990,0,1528,1528
420940,1991,0,1534,1534
420940,1992,0,1285,1285
420940,1993,0,1286,1286
420940,1994,0,1410,1410
420940,1995,0,1390,1390
420940,1996,0,282,282
420940,1997,0,843,843
420940,1998,0,776,776
420940,1999,0,1050,1050
420940,2000,0,1280,1280
420940,2001,0,1171,1171
420940,2002,0,1440,1440
420940,2003,0,1410,1410
420940,2004,0,1522,1522
420940,2005,0,1523,1523
420940,2006,0,1552,1552
420940,2007,0,1568,1568
420940,2008,0,1677,1677
420940,2009,0,1917,1917
420940,2010,0,2370,2370
420940,2011,0,1890,1890
420940,2012,0,1877,1877
420940,2013,0,1109,1109
420940,2014,0,1389,1389
420940,2015,0,1290,1290
420940,2016,0,1290,1290
420940,2017,0,1253,1253
420940,2018,0,614,614
420940,2019,0,618,618
420940,2020,0,1230,1230
420940,2021,0,1230,1230
420950,1988,0,5286,5286
420950,1989,0,4686,4686
420950,1990,0,5551,5551
420950,1991,0,4446,4446
420950,1992,0,4325,4325
420950,1993,0,4077,4077
420950,1994,0,3758,3758
420950,1995,0,3914,3914
420950,1996,0,1487,1487
420950,1997,0,2143,2143
420950,1998,0,2262,2262
420950,1999,0,1696,1696
420950,2000,0,2164,2164
420950,2001,0,2141,2141
420950,2002,0,2033,2033
420950,2003,0,1933,1933
420950,2004,0,1486,1486
420950,2005,0,1806,1806
420950,2006,0,1865,1865
420950,2007,0,1234,1234
420950,2008,0,1330,1330
420950,2009,0,1322,1322
420950,2010,0,1671,1671
420950,2011,0,1599,1599
420950,2012,0,1171,1171
420950,2013,0,1106,1106
420950,2014,9,1116,1107
420950,2015,9,1117,1108
420950,2016,10,1023,1013
420950,2017,10,1250,1240
420950,2018,5,749,744
420950,2019,5,755,750
420950,2020,5,697,692
420950,2021,31,552,521
420960,1988,0,2468,2468
420960,1989,0,3038,3038
420960,1990,0,2954,2954
420960,1991,0,2656,2656
420960,1992,0,2531,2531
420960,1993,0,2535,2535
420960,1994,0,1994,1994
420960,1995,0,2086,2086
420960,1996,0,2542,2542
420960,1997,0,2058,2058
420960,1998,0,2060,2060
420960,1999,0,2273,2273
420960,2000,0,2187,2187
420960,2001,0,2263,2263
420960,2002,0,2083,2083
420960,2003,0,2193,2193
420960,2004,0,2106,2106
420960,2005,0,1878,1878
420960,2006,0,1722,1722
420960,2007,0,1545,1545
420960,2008,0,1471,1471
420960,2009,0,1311,1311
420960,2010,0,1075,1075
420960,2011,0,1069,1069
420960,2012,0,836,836
420960,2013,0,801,801
420960,2014,0,811,811
420960,2015,0,759,759
420960,2016,0,756,756
420960,2017,0,823,823
420960,2018,0,572,572
420960,2019,0,546,546
420960,2020,0,544,544
420960,2021,0,474,474
420970,1988,30,4874,4844
420970,1989,0,5454,5454
420970,1990,0,6092,6092
420970,1991,0,5763,5763
420970,1992,0,5653,5653
420970,1993,0,5566,5566
420970,1994,0,6239,6239
420970,1995,0,6556,6556
420970,1996,0,7616,7616
420970,1997,0,7729,7729
420970,1998,0,7567,7567
420970,1999,0,7361,7361
420970,2000,0,7506,7506
420970,2001,0,7593,7593
420970,2002,0,7651,7651
420970,2003,0,7676,7676
420970,2004,0,8137,8137
420970,2005,0,8380,8380
420970,2006,0,8599,8599
420970,2007,0,8643,8643
420970,2008,90,9079,8989
420970,2009,700,8832,8132
420970,2010,1500,8500,7000
420970,2011,2100,8458,6358
420970,2012,2300,8495,6195
420970,2013,3000,8775,5775
420970,2014,3300,9225,5925
420970,2015,3500,8935,5435
420970,2016,3500,8785,5285
420970,2017,3300,8590,5290
420970,2018,3850,8140,4290
420970,2019,3300,8825,5525
420970,2020,3300,9005,5705
420970,2021,3300,9305,6005
420980,1988,0,4085,4085
420980,1989,0,4429,4429
420980,1990,0,4497,4497
420980,1991,0,4103,4103
420980,1992,0,3967,3967
420980,1993,0,3705,3705
420980,1994,0,3917,3917
420980,1995,0,3813,3813
420980,1996,7,3955,3948
420980,1997,5,3832,3827
420980,1998,0,4072,4072
420980,1999,0,3747,3747
420980,2000,0,3553,3553
420980,2001,0,3762,3762
420980,2002,0,4129,4129
420980,2003,0,4161,4161
420980,2004,0,3909,3909
420980,2005,0,3138,3138
420980,2006,0,3299,3299
420980,2007,0,2964,2964
420980,2008,0,2986,2986
420980,2009,0,3140,3140
420980,2010,0,3426,3426
420980,2011,0,3446,3446
420980,2012,0,2885,2885
420980,2013,0,2901,2901
420980,2014,0,3131,3131
420980,2015,48,3434,3386
420980,2016,48,3418,3370
420980,2017,65,3347,3282
420980,2018,15,2957,2942
420980,2019,21,3162,3141
420980,2020,0,3120,3120
420980,2021,0,3170,3170
420985,1988,0,0,0
420985,1989,0,0,0
420985,1990,1100,11736,10636
420985,1991,600,12349,11749
420985,1992,300,12027,11727
420985,1993,200,10676,10476
420985,1994,50,10167,10117
420985,1995,50,9908,9858
420985,1996,7,6827,6820
420985,1997,7,6292,6285
420985,1998,10,6389,6379
420985,1999,0,6193,6193
420985,2000,0,5915,5915
420985,2001,0,5650,5650
420985,2002,0,5338,5338
420985,2003,0,5336,5336
420985,2004,80,5832,5752
420985,2005,150,5787,5637
420985,2006,150,5446,5296
420985,2007,150,4661,4511
420985,2008,150,4114,3964
420985,2009,150,3810,3660
420985,2010,80,3484,3404
420985,2011,80,3453,3373
420985,2012,40,3331,3291
420985,2013,100,3153,3053
420985,2014,100,2822,2722
420985,2015,250,2392,2142
420985,2016,250,2386,2136
420985,2017,200,2185,1985
420985,2018,200,2312,2112
420985,2019,230,2012,1782
420985,2020,230,1906,1676
420985,2021,230,1721,1491
420990,1988,0,6779,6779
420990,1989,0,5770,5770
420990,1990,0,6907,6907
420990,1991,0,5687,5687
420990,1992,0,5800,5800
420990,1993,0,5047,5047
420990,1994,0,5059,5059
420990,1995,0,5206,5206
420990,1996,0,2129,2129
420990,1997,0,2474,2474
420990,1998,0,2606,2606
420990,1999,0,2779,2779
420990,2000,0,2672,2672
420990,2001,0,2662,2662
420990,2002,0,2989,2989
420990,2003,0,2904,2904
420990,2004,0,2419,2419
420990,2005,0,2139,2139
420990,2006,0,2589,2589
420990,2007,0,2497,2497
420990,2008,0,2518,2518
420990,2009,0,2462,2462
420990,2010,0,2757,2757
420990,2011,0,2817,2817
420990,2012,0,2687,2687
420990,2013,0,3039,3039
420990,2014,10,3070,3060
420990,2015,10,3070,3060
420990,2016,15,3082,3067
420990,2017,30,3097,3067
420990,2018,15,1593,1578
420990,2019,15,1635,1620
420990,2020,10,1610,1600
420990,2021,100,1727,1627
421000,1988,0,3243,3243
421000,1989,0,3071,3071
421000,1990,0,3252,3252
421000,1991,0,3300,3300
421000,1992,0,3158,3158
421000,1993,0,3408,3408
421000,1994,0,3295,3295
421000,1995,0,2835,2835
421000,1996,0,3600,3600
421000,1997,0,3596,3596
421000,1998,0,3573,3573
421000,1999,0,3566,3566
421000,2000,0,3802,3802
421000,2001,0,4579,4579
421000,2002,0,4866,4866
421000,2003,0,5124,5124
421000,2004,0,5215,5215
421000,2005,0,5235,5235
421000,2006,0,5228,5228
421000,2007,0,5255,5255
421000,2008,0,5305,5305
421000,2009,0,5488,5488
421000,2010,0,5137,5137
421000,2011,0,4935,4935
421000,2012,0,5042,5042
421000,2013,0,5242,5242
421000,2014,0,5242,5242
421000,2015,0,5442,5442
421000,2016,0,4812,4812
421000,2017,0,5042,5042
421000,2018,0,5095,5095
421000,2019,0,5092,5092
421000,2020,0,5092,5092
421000,2021,0,5092,5092
421010,1988,3100,22032,18932
421010,1989,4500,26687,22187
421010,1990,4000,31700,27700
421010,1991,3000,27734,24734
421010,1992,3000,30632,27632
421010,1993,4500,31814,27314
421010,1994,5000,30905,25905
421010,1995,5000,30727,25727
421010,1996,5800,24749,18949
421010,1997,6000,22391,16391
421010,1998,9000,27239,18239
421010,1999,11000,30939,19939
421010,2000,11000,30802,19802
421010,2001,10500,35100,24600
421010,2002,12500,36497,23997
421010,2003,15000,38378,23378
421010,2004,17000,39890,22890
421010,2005,17000,41059,24059
421010,2006,15000,40564,25564
421010,2007,17500,39821,22321
421010,2008,15300,40229,24929
421010,2009,17000,38367,21367
421010,2010,18000,38940,20940
421010,2011,18000,38827,20827
421010,2012,16500,37151,20651
421010,2013,19000,37586,18586
421010,2014,21000,38893,17893
421010,2015,22000,39020,17020
421010,2016,23500,39950,16450
421010,2017,23000,38070,15070
421010,2018,27000,41884,14884
421010,2019,27000,42686,15686
421010,2020,27000,42921,15921
421010,2021,30000,50171,20171
421020,1988,0,2392,2392
421020,1989,0,2350,2350
421020,1990,0,2217,2217
421020,1991,0,2145,2145
421020,1992,0,2145,2145
421020,1993,0,1941,1941
421020,1994,0,1973,1973
421020,1995,0,1931,1931
421020,1996,0,1698,1698
421020,1997,0,1119,1119
421020,1998,0,1814,1814
421020,1999,0,1781,1781
421020,2000,0,1763,1763
421020,2001,0,1698,1698
421020,2002,0,1520,1520
421020,2003,0,1764,1764
421020,2004,0,1749,1749
421020,2005,0,1826,1826
421020,2006,0,1730,1730
421020,2007,0,1701,1701
421020,2008,0,1591,1591
421020,2009,0,1499,1499
421020,2010,0,705,705
421020,2011,0,562,562
421020,2012,0,497,497
421020,2013,0,662,662
421020,2014,0,1125,1125
421020,2015,0,655,655
421020,2016,0,710,710
421020,2017,0,1014,1014
421020,2018,0,695,695
421020,2019,0,540,540
421020,2020,0,515,515
421020,2021,0,505,505
421030,1988,2300,11956,9656
421030,1989,2300,12705,10405
421030,1990,2300,12156,9856
421030,1991,600,10918,10318
421030,1992,400,11726,11326
421030,1993,550,11878,11328
421030,1994,1000,11777,10777
421030,1995,1600,12032,10432
421030,1996,1700,10305,8605
421030,1997,2500,10388,7888
421030,1998,2500,9995,7495
421030,1999,2500,9640,7140
421030,2000,3000,11507,8507
421030,2001,3000,11967,8967
421030,2002,4000,13670,9670
421030,2003,4800,15143,10343
421030,2004,6000,15420,9420
421030,2005,6900,16306,9406
421030,2006,6900,16276,9376
421030,2007,7800,16572,8772
421030,2008,8200,18133,9933
421030,2009,8000,17670,9670
421030,2010,9000,17643,8643
421030,2011,9000,17849,8849
421030,2012,8000,16600,8600
421030,2013,9200,17287,8087
421030,2014,9200,18284,9084
421030,2015,11000,18682,7682
421030,2016,12000,17368,5368
421030,2017,11800,15967,4167
421030,2018,11000,15670,4670
421030,2019,11000,16081,5081
421030,2020,11000,16210,5210
421030,2021,11800,17516,5716
421040,1988,0,3624,3624
421040,1989,0,3668,3668
421040,1990,0,3356,3356
421040,1991,0,3604,3604
421040,1992,0,3207,3207
421040,1993,0,3110,3110
421040,1994,0,2638,2638
421040,1995,0,2683,2683
421040,1996,0,1920,1920
421040,1997,0,1835,1835
421040,1998,0,1880,1880
421040,1999,0,1707,1707
421040,2000,0,1747,1747
421040,2001,0,1676,1676
421040,2002,0,1782,1782
421040,2003,0,2113,2113
421040,2004,0,2017,2017
421040,2005,0,2318,2318
421040,2006,0,2603,2603
421040,2007,0,2448,2448
421040,2008,0,2693,2693
421040,2009,0,3298,3298
421040,2010,0,3080,3080
421040,2011,0,3272,3272
421040,2012,0,3045,3045
421040,2013,0,2871,2871
421040,2014,0,2082,2082
421040,2015,0,1982,1982
421040,2016,0,2012,2012
421040,2017,8,2215,2207
421040,2018,8,2074,2066
421040,2019,40,2156,2116
421040,2020,10,2361,2351
421040,2021,0,2351,2351
421060,1988,0,11858,11858
421060,1989,0,11669,11669
421060,1990,0,13125,13125
421060,1991,0,13195,13195
421060,1992,0,13381,13381
421060,1993,0,13500,13500
421060,1994,0,13829,13829
421060,1995,0,12020,12020
421060,1996,0,8459,8459
421060,1997,0,8713,8713
421060,1998,0,8517,8517
421060,1999,0,10083,10083
421060,2000,0,8568,8568
421060,2001,0,7946,7946
421060,2002,0,7904,7904
421060,2003,0,8346,8346
421060,2004,0,8339,8339
421060,2005,0,8071,8071
421060,2006,0,8055,8055
421060,2007,0,8049,8049
421060,2008,0,8056,8056
421060,2009,0,8040,8040
421060,2010,0,8041,8041
421060,2011,0,8119,8119
421060,2012,0,9094,9094
421060,2013,0,8948,8948
421060,2014,0,8254,8254
421060,2015,0,8495,8495
421060,2016,0,8495,8495
421060,2017,0,8495,8495
421060,2018,0,8495,8495
421060,2019,0,8495,8495
421060,2020,0,7719,7719
421060,2021,0,7719,7719
421070,1988,0,4994,4994
421070,1989,0,8114,8114
421070,1990,0,8654,8654
421070,1991,0,8732,8732
421070,1992,0,8910,8910
421070,1993,0,8771,8771
421070,1994,0,9133,9133
421070,1995,0,9342,9342
421070,1996,0,1746,1746
421070,1997,0,1721,1721
421070,1998,0,1757,1757
421070,1999,0,1768,1768
421070,2000,0,1763,1763
421070,2001,0,1836,1836
421070,2002,0,1795,1795
421070,2003,0,1835,1835
421070,2004,0,2239,2239
421070,2005,480,2646,2166
421070,2006,550,2715,2165
421070,2007,600,2978,2378
421070,2008,530,2925,2395
421070,2009,500,2816,2316
421070,2010,400,2859,2459
421070,2011,500,3282,2782
421070,2012,706,3617,2911
421070,2013,1393,3848,2455
421070,2014,1280,3235,1955
421070,2015,1280,3270,1990
421070,2016,1280,3366,2086
421070,2017,1400,3809,2409
421070,2018,1400,4052,2652
421070,2019,1500,4018,2518
421070,2020,1400,4137,2737
421070,2021,1400,4181,2781
421080,1988,0,15613,15613
421080,1989,0,15995,15995
421080,1990,0,15640,15640
421080,1991,0,15577,15577
421080,1992,0,15111,15111
421080,1993,0,15595,15595
421080,1994,0,14679,14679
421080,1995,0,16309,16309
421080,1996,0,14874,14874
421080,1997,0,14710,14710
421080,1998,0,14590,14590
421080,1999,0,14953,14953
421080,2000,0,14686,14686
421080,2001,0,14840,14840
421080,2002,0,15107,15107
421080,2003,0,15489,15489
421080,2004,0,15795,15795
421080,2005,0,16244,16244
421080,2006,0,16337,16337
421080,2007,0,16277,16277
421080,2008,0,16085,16085
421080,2009,0,15739,15739
421080,2010,0,15663,15663
421080,2011,0,15755,15755
421080,2012,0,15515,15515
421080,2013,0,15345,15345
421080,2014,0,15365,15365
421080,2015,0,15105,15105
421080,2016,0,14936,14936
421080,2017,100,14931,14831
421080,2018,100,14867,14767
421080,2019,100,14770,14670
421080,2020,50,16332,16282
421080,2021,50,16332,16282
421100,1988,20000,80819,60819
421100,1989,24000,80768,56768
421100,1990,12000,67726,55726
421100,1991,3800,60723,56923
421100,1992,4350,64154,59804
421100,1993,2060,63143,61083
421100,1994,1240,62407,61167
421100,1995,1070,65938,64868
421100,1996,868,45087,44219
421100,1997,1060,44524,43464
421100,1998,904,44181,43277
421100,1999,930,48923,47993
421100,2000,940,46194,45254
421100,2001,950,45319,44369
421100,2002,960,44299,43339
421100,2003,1030,41052,40022
421100,2004,2020,35125,33105
421100,2005,2515,33194,30679
421100,2006,2540,33787,31247
421100,2007,2670,27969,25299
421100,2008,3200,26762,23562
421100,2009,3400,24046,20646
421100,2010,3450,22039,18589
421100,2011,3750,19831,16081
421100,2012,3770,19100,15330
421100,2013,3900,20891,16991
421100,2014,3700,19611,15911
421100,2015,3550,18798,15248
421100,2016,3750,16254,12504
421100,2017,3800,16150,12350
421100,2018,3164,13173,10009
421100,2019,3212,12853,9641
421100,2020,3135,12263,9128
421100,2021,2765,9955,7190
421110,1988,550,6434,5884
421110,1989,550,6256,5706
421110,1990,500,6374,5874
421110,1991,600,6319,5719
421110,1992,600,6368,5768
421110,1993,750,6615,5865
421110,1994,1000,6677,5677
421110,1995,500,5899,5399
421110,1996,200,3052,2852
421110,1997,800,4068,3268
421110,1998,1000,4098,3098
421110,1999,1000,3844,2844
421110,2000,1500,4588,3088
421110,2001,1500,4832,3332
421110,2002,2000,5494,3494
421110,2003,2000,5892,3892
421110,2004,2400,6023,3623
421110,2005,2400,6090,3690
421110,2006,2400,6313,3913
421110,2007,2800,6367,3567
421110,2008,3400,7430,4030
421110,2009,3200,7466,4266
421110,2010,3500,7401,3901
421110,2011,3500,7828,4328
421110,2012,3100,7630,4530
421110,2013,3800,7827,4027
421110,2014,4100,8345,4245
421110,2015,4200,7849,3649
421110,2016,4500,6970,2470
421110,2017,4500,6438,1938
421110,2018,5500,7322,1822
421110,2019,5000,6507,1507
421110,2020,4800,6510,1710
421110,2021,5150,7362,2212
421120,1988,0,2256,2256
421120,1989,0,2290,2290
421120,1990,0,2250,2250
421120,1991,0,2004,2004
421120,1992,0,2218,2218
421120,1993,0,2220,2220
421120,1994,0,2161,2161
421120,1995,0,1886,1886
421120,1996,0,1662,1662
421120,1997,0,1732,1732
421120,1998,0,1877,1877
421120,1999,0,1960,1960
421120,2000,0,1939,1939
421120,2001,0,1700,1700
421120,2002,0,1916,1916
421120,2003,0,1658,1658
421120,2004,0,1688,1688
421120,2005,0,1756,1756
421120,2006,0,1721,1721
421120,2007,0,1598,1598
421120,2008,0,1522,1522
421120,2009,0,1554,1554
421120,2010,0,1482,1482
421120,2011,0,1382,1382
421120,2012,0,1347,1347
421120,2013,2,1139,1137
421120,2014,30,1262,1232
421120,2015,40,1126,1086
421120,2016,50,1111,1061
421120,2017,70,1106,1036
421120,2018,140,1000,860
421120,2019,300,1250,950
421120,2020,380,1203,823
421120,2021,380,1255,875
421130,1988,0,1960,1960
421130,1989,0,1650,1650
421130,1990,0,1592,1592
421130,1991,0,1579,1579
421130,1992,0,1885,1885
421130,1993,0,1879,1879
421130,1994,0,1580,1580
421130,1995,0,672,672
421130,1996,0,369,369
421130,1997,0,372,372
421130,1998,0,479,479
421130,1999,0,670,670
421130,2000,0,850,850
421130,2001,0,1033,1033
421130,2002,0,901,901
421130,2003,0,1065,1065
421130,2004,0,1065,1065
421130,2005,0,1052,1052
421130,2006,0,1497,1497
421130,2007,0,1500,1500
421130,2008,0,1235,1235
421130,2009,0,1335,1335
421130,2010,0,1378,1378
421130,2011,0,1524,1524
421130,2012,0,1232,1232
421130,2013,0,1232,1232
421130,2014,0,1262,1262
421130,2015,0,1262,1262
421130,2016,0,1126,1126
421130,2017,0,1126,1126
421130,2018,0,1126,1126
421130,2019,0,1060,1060
421130,2020,0,1060,1060
421130,2021,0,1060,1060
421140,1988,800,9802,9002
421140,1989,900,9029,8129
421140,1990,900,9354,8454
421140,1991,600,9585,8985
421140,1992,600,8967,8367
421140,1993,600,8107,7507
421140,1994,500,7090,6590
421140,1995,430,6896,6466
421140,1996,450,4936,4486
421140,1997,450,4786,4336
421140,1998,1000,5455,4455
421140,1999,1000,6087,5087
421140,2000,1100,5426,4326
421140,2001,1000,4799,3799
421140,2002,1200,4614,3414
421140,2003,1200,4885,3685
421140,2004,1400,4712,3312
421140,2005,1500,4406,2906
421140,2006,1200,3799,2599
421140,2007,1000,4014,3014
421140,2008,800,3669,2869
421140,2009,800,3731,2931
421140,2010,800,2494,1694
421140,2011,800,2234,1434
421140,2012,800,1494,694
421140,2013,800,1392,592
421140,2014,900,1642,742
421140,2015,900,1530,630
421140,2016,900,1447,547
421140,2017,1000,1617,617
421140,2018,1000,1612,612
421140,2019,1000,1437,437
421140,2020,1200,1611,411
421140,2021,1100,1681,581
421150,1988,0,2812,2812
421150,1989,0,2967,2967
421150,1990,0,2548,2548
421150,1991,0,2543,2543
421150,1992,0,3017,3017
421150,1993,0,2781,2781
421150,1994,0,2531,2531
421150,1995,0,2048,2048
421150,1996,0,1796,1796
421150,1997,0,1199,1199
421150,1998,0,1888,1888
421150,1999,0,1707,1707
421150,2000,0,1732,1732
421150,2001,0,1658,1658
421150,2002,0,1434,1434
421150,2003,0,1957,1957
421150,2004,0,2349,2349
421150,2005,0,2419,2419
421150,2006,0,2408,2408
421150,2007,0,2214,2214
421150,2008,0,1954,1954
421150,2009,0,1739,1739
421150,2010,0,2613,2613
421150,2011,0,1678,1678
421150,2012,0,1528,1528
421150,2013,0,1654,1654
421150,2014,0,1600,1600
421150,2015,0,1600,1600
421150,2016,0,1596,1596
421150,2017,0,1678,1678
421150,2018,0,1680,1680
421150,2019,0,1660,1660
421150,2020,0,1445,1445
421150,2021,0,1425,1425
421160,1988,0,8703,8703
421160,1989,0,10033,10033
421160,1990,0,10481,10481
421160,1991,0,10572,10572
421160,1992,0,10821,10821
421160,1993,0,10834,10834
421160,1994,0,10627,10627
421160,1995,0,9920,9920
421160,1996,0,8198,8198
421160,1997,0,7967,7967
421160,1998,0,8069,8069
421160,1999,0,8844,8844
421160,2000,0,8674,8674
421160,2001,0,8738,8738
421160,2002,0,8819,8819
421160,2003,0,8811,8811
421160,2004,0,8786,8786
421160,2005,0,8982,8982
421160,2006,0,9153,9153
421160,2007,0,9108,9108
421160,2008,0,9059,9059
421160,2009,0,9012,9012
421160,2010,0,9048,9048
421160,2011,0,9102,9102
421160,2012,0,9133,9133
421160,2013,100,9260,9160
421160,2014,0,8905,8905
421160,2015,0,8910,8910
421160,2016,0,8807,8807
421160,2017,0,8925,8925
421160,2018,50,9040,8990
421160,2019,140,9120,8980
421160,2020,20,9880,9860
421160,2021,0,9860,9860
421170,1988,0,9995,9995
421170,1989,0,10112,10112
421170,1990,0,10300,10300
421170,1991,0,9903,9903
421170,1992,0,9549,9549
421170,1993,0,9373,9373
421170,1994,0,7979,7979
421170,1995,0,8265,8265
421170,1996,0,9225,9225
421170,1997,0,8400,8400
421170,1998,0,8558,8558
421170,1999,0,8709,8709
421170,2000,0,8777,8777
421170,2001,0,8144,8144
421170,2002,0,8127,8127
421170,2003,0,7788,7788
421170,2004,0,9086,9086
421170,2005,0,8992,8992
421170,2006,0,7863,7863
421170,2007,0,6604,6604
421170,2008,0,6610,6610
421170,2009,0,6347,6347
421170,2010,0,4887,4887
421170,2011,0,4568,4568
421170,2012,0,3904,3904
421170,2013,0,3904,3904
421170,2014,0,3784,3784
421170,2015,0,3884,3884
421170,2016,0,3784,3784
421170,2017,0,4028,4028
421170,2018,0,3032,3032
421170,2019,0,3128,3128
421170,2020,0,2927,2927
421170,2021,0,2878,2878
421175,1988,700,4771,4071
421175,1989,500,3764,3264
421175,1990,800,4375,3575
421175,1991,600,4008,3408
421175,1992,400,3377,2977
421175,1993,400,3347,2947
421175,1994,400,3336,2936
421175,1995,200,3246,3046
421175,1996,223,3912,3689
421175,1997,223,3903,3680
421175,1998,223,3902,3679
421175,1999,220,3646,3426
421175,2000,220,3641,3421
421175,2001,200,3762,3562
421175,2002,200,3745,3545
421175,2003,220,3750,3530
421175,2004,220,3752,3532
421175,2005,420,3953,3533
421175,2006,400,4110,3710
421175,2007,400,4086,3686
421175,2008,400,4086,3686
421175,2009,600,4955,4355
421175,2010,950,5177,4227
421175,2011,1020,4947,3927
421175,2012,2130,6497,4367
421175,2013,4300,8841,4541
421175,2014,4300,8681,4381
421175,2015,5200,9434,4234
421175,2016,5800,9735,3935
421175,2017,6900,11185,4285
421175,2018,6900,10912,4012
421175,2019,7400,10101,2701
421175,2020,8900,12147,3247
421175,2021,9640,13567,3927
421180,1988,3300,12011,8711
421180,1989,3500,12177,8677
421180,1990,3500,12378,8878
421180,1991,1500,11154,9654
421180,1992,200,10043,9843
421180,1993,200,10578,10378
421180,1994,200,10467,10267
421180,1995,200,10002,9802
421180,1996,100,8024,7924
421180,1997,100,7736,7636
421180,1998,150,7586,7436
421180,1999,100,8181,8081
421180,2000,130,8264,8134
421180,2001,100,8464,8364
421180,2002,100,8539,8439
421180,2003,50,9595,9545
421180,2004,50,10363,10313
421180,2005,100,9920,9820
421180,2006,100,9247,9147
421180,2007,200,7515,7315
421180,2008,500,6877,6377
421180,2009,400,6908,6508
421180,2010,200,5082,4882
421180,2011,200,4995,4795
421180,2012,200,3875,3675
421180,2013,200,3835,3635
421180,2014,200,3840,3640
421180,2015,300,3565,3265
421180,2016,500,3565,3065
421180,2017,300,3497,3197
421180,2018,300,3395,3095
421180,2019,570,3644,3074
421180,2020,550,2838,2288
421180,2021,550,2833,2283
421190,1988,0,1231,1231
421190,1989,0,1209,1209
421190,1990,0,1119,1119
421190,1991,0,927,927
421190,1992,0,888,888
421190,1993,0,1032,1032
421190,1994,0,1065,1065
421190,1995,0,1195,1195
421190,1996,0,1287,1287
421190,1997,0,1708,1708
421190,1998,0,1626,1626
421190,1999,0,1648,1648
421190,2000,0,1640,1640
421190,2001,0,1623,1623
421190,2002,0,1534,1534
421190,2003,0,1541,1541
421190,2004,0,1536,1536
421190,2005,0,1536,1536
421190,2006,0,1536,1536
421190,2007,0,1712,1712
421190,2008,0,1618,1618
421190,2009,0,2001,2001
421190,2010,0,1535,1535
421190,2011,0,1535,1535
421190,2012,0,1315,1315
421190,2013,0,1160,1160
421190,2014,0,1260,1260
421190,2015,0,1205,1205
421190,2016,0,975,975
421190,2017,0,1117,1117
421190,2018,0,658,658
421190,2019,0,643,643
421190,2020,0,653,653
421190,2021,0,661,661
421200,1988,9500,20183,10683
421200,1989,9500,20841,11341
421200,1990,6800,17533,10733
421200,1991,5000,17204,12204
421200,1992,3000,15592,12592
421200,1993,4800,17592,12792
421200,1994,4800,17540,12740
421200,1995,4800,17113,12313
421200,1996,4800,14594,9794
421200,1997,5350,15301,9951
421200,1998,5500,14665,9165
421200,1999,5500,14805,9305
421200,2000,5500,15063,9563
421200,2001,4000,14802,10802
421200,2002,5000,14778,9778
421200,2003,5100,15646,10546
421200,2004,5200,16645,11445
421200,2005,5400,16415,11015
421200,2006,5400,16930,11530
421200,2007,6300,16478,10178
421200,2008,5300,16342,11042
421200,2009,5500,16668,11168
421200,2010,7000,15883,8883
421200,2011,7000,16138,9138
421200,2012,7000,15822,8822
421200,2013,7000,15201,8201
421200,2014,7600,14925,7325
421200,2015,8100,14307,6207
421200,2016,9200,13656,4456
421200,2017,9400,13867,4467
421200,2018,9600,13730,4130
421200,2019,9600,13693,4093
421200,2020,9700,13891,4191
421200,2021,9700,13694,3994
421210,1988,3000,32239,29239
421210,1989,3500,34272,30772
421210,1990,3500,34461,30961
421210,1991,2500,34790,32290
421210,1992,1500,34717,33217
421210,1993,1600,32654,31054
421210,1994,800,35480,34680
421210,1995,500,35184,34684
421210,1996,732,24992,24260
421210,1997,1200,25835,24635
421210,1998,1200,25839,24639
421210,1999,1300,27591,26291
421210,2000,2000,28095,26095
421210,2001,3500,27813,24313
421210,2002,3500,25156,21656
421210,2003,3000,24513,21513
421210,2004,3000,24354,21354
421210,2005,3000,20499,17499
421210,2006,3000,18801,15801
421210,2007,4000,17569,13569
421210,2008,4000,16340,12340
421210,2009,3500,14042,10542
421210,2010,3500,13920,10420
421210,2011,4000,13294,9294
421210,2012,4000,12815,8815
421210,2013,5000,13645,8645
421210,2014,5000,13337,8337
421210,2015,5000,13602,8602
421210,2016,5000,13442,8442
421210,2017,5600,13931,8331
421210,2018,4500,11016,6516
421210,2019,4500,11406,6906
421210,2020,3800,10051,6251
421210,2021,3300,10356,7056
421220,1988,7000,23741,16741
421220,1989,7000,20817,13817
421220,1990,6000,22102,16102
421220,1991,5000,20216,15216
421220,1992,2500,19704,17204
421220,1993,3500,16600,13100
421220,1994,3500,16110,12610
421220,1995,3500,14869,11369
421220,1996,3500,15169,11669
421220,1997,4000,12723,8723
421220,1998,8000,16085,8085
421220,1999,6000,15690,9690
421220,2000,6000,16896,10896
421220,2001,6000,19129,13129
421220,2002,6600,19881,13281
421220,2003,7600,21354,13754
421220,2004,9500,21015,11515
421220,2005,10800,22405,11605
421220,2006,10000,22741,12741
421220,2007,11000,22728,11728
421220,2008,9000,23755,14755
421220,2009,9600,23211,13611
421220,2010,10500,23645,13145
421220,2011,11000,23145,12145
421220,2012,10000,22720,12720
421220,2013,12000,24348,12348
421220,2014,14000,27140,13140
421220,2015,14000,25228,11228
421220,2016,15100,25716,10616
421220,2017,15000,24106,9106
421220,2018,15200,24498,9298
421220,2019,15200,25203,10003
421220,2020,15000,25045,10045
421220,2021,16300,28480,12180
421230,1988,0,1659,1659
421230,1989,0,1123,1123
421230,1990,0,832,832
421230,1991,0,801,801
421230,1992,0,838,838
421230,1993,0,911,911
421230,1994,0,863,863
421230,1995,0,890,890
421230,1996,0,754,754
421230,1997,0,560,560
421230,1998,0,742,742
421230,1999,0,738,738
421230,2000,0,1227,1227
421230,2001,0,1206,1206
421230,2002,0,1239,1239
421230,2003,0,1259,1259
421230,2004,0,1309,1309
421230,2005,0,1313,1313
421230,2006,0,1508,1508
421230,2007,0,1489,1489
421230,2008,0,1487,1487
421230,2009,0,1582,1582
421230,2010,0,1632,1632
421230,2011,0,1787,1787
421230,2012,0,1712,1712
421230,2013,0,1626,1626
421230,2014,0,1621,1621
421230,2015,0,1621,1621
421230,2016,0,1621,1621
421230,2017,0,1617,1617
421230,2018,0,1381,1381
421230,2019,0,1381,1381
421230,2020,0,1406,1406
421230,2021,0,1402,1402
421240,1988,0,2358,2358
421240,1989,0,3083,3083
421240,1990,0,3182,3182
421240,1991,0,3355,3355
421240,1992,0,3431,3431
421240,1993,0,3533,3533
421240,1994,0,3779,3779
421240,1995,0,3619,3619
421240,1996,0,3516,3516
421240,1997,0,3164,3164
421240,1998,0,3454,3454
421240,1999,0,3786,3786
421240,2000,0,3698,3698
421240,2001,0,3622,3622
421240,2002,0,4270,4270
421240,2003,0,5275,5275
421240,2004,0,5207,5207
421240,2005,0,5081,5081
421240,2006,0,5896,5896
421240,2007,0,6604,6604
421240,2008,0,6169,6169
421240,2009,0,6282,6282
421240,2010,0,6355,6355
421240,2011,0,6297,6297
421240,2012,0,5497,5497
421240,2013,0,5842,5842
421240,2014,0,7059,7059
421240,2015,0,4982,4982
421240,2016,0,4997,4997
421240,2017,0,5264,5264
421240,2018,0,1894,1894
421240,2019,0,1462,1462
421240,2020,0,1379,1379
421240,2021,0,1379,1379
421250,1988,0,720,720
421250,1989,0,745,745
421250,1990,0,685,685
421250,1991,0,619,619
421250,1992,0,573,573
421250,1993,0,580,580
421250,1994,0,510,510
421250,1995,0,275,275
421250,1996,0,58,58
421250,1997,0,58,58
421250,1998,0,58,58
421250,1999,0,71,71
421250,2000,0,71,71
421250,2001,0,61,61
421250,2002,0,50,50
421250,2003,0,50,50
421250,2004,0,53,53
421250,2005,0,53,53
421250,2006,0,53,53
421250,2007,0,50,50
421250,2008,0,9,9
421250,2009,0,9,9
421250,2010,0,13,13
421250,2011,0,13,13
421250,2012,0,13,13
421250,2013,0,13,13
421250,2014,0,45,45
421250,2015,0,45,45
421250,2016,0,42,42
421250,2017,0,45,45
421250,2018,0,47,47
421250,2019,0,47,47
421250,2020,0,47,47
421250,2021,0,47,47
421260,1988,1800,6202,4402
421260,1989,2200,6510,4310
421260,1990,1800,6266,4466
421260,1991,1500,5962,4462
421260,1992,300,4884,4584
421260,1993,300,4844,4544
421260,1994,200,4882,4682
421260,1995,200,4938,4738
421260,1996,142,4151,4009
421260,1997,100,3985,3885
421260,1998,70,4245,4175
421260,1999,50,4109,4059
421260,2000,20,3904,3884
421260,2001,20,3810,3790
421260,2002,0,3124,3124
421260,2003,0,3311,3311
421260,2004,30,3378,3348
421260,2005,40,3290,3250
421260,2006,40,3300,3260
421260,2007,60,3051,2991
421260,2008,20,2902,2882
421260,2009,20,2510,2490
421260,2010,70,2421,2351
421260,2011,50,2374,2324
421260,2012,50,1343,1293
421260,2013,31,1610,1579
421260,2014,50,1437,1387
421260,2015,60,1352,1292
421260,2016,120,1315,1195
421260,2017,120,1594,1474
421260,2018,147,1608,1461
421260,2019,147,1556,1409
421260,2020,100,1479,1379
421260,2021,100,1289,1189
421270,1988,50,9416,9366
421270,1989,50,8600,8550
421270,1990,50,9363,9313
421270,1991,10,9703,9693
421270,1992,20,9856,9836
421270,1993,5,8937,8932
421270,1994,5,9042,9037
421270,1995,0,8701,8701
421270,1996,6,7411,7405
421270,1997,3,7179,7176
421270,1998,3,7990,7987
421270,1999,0,7749,7749
421270,2000,0,6885,6885
421270,2001,0,6821,6821
421270,2002,0,6736,6736
421270,2003,0,6543,6543
421270,2004,0,7078,7078
421270,2005,0,6845,6845
421270,2006,0,6703,6703
421270,2007,0,6051,6051
421270,2008,0,5997,5997
421270,2009,50,5179,5129
421270,2010,100,5214,5114
421270,2011,100,5481,5381
421270,2012,0,5684,5684
421270,2013,600,6163,5563
421270,2014,1350,6448,5098
421270,2015,1200,6341,5141
421270,2016,1200,6019,4819
421270,2017,1300,6644,5344
421270,2018,1000,5327,4327
421270,2019,1000,5584,4584
421270,2020,1000,5045,4045
421270,2021,1100,5432,4332
421280,1988,0,1969,1969
421280,1989,0,1519,1519
421280,1990,0,1528,1528
421280,1991,0,1263,1263
421280,1992,0,1436,1436
421280,1993,0,1433,1433
421280,1994,0,1197,1197
421280,1995,0,843,843
421280,1996,0,467,467
421280,1997,0,451,451
421280,1998,0,498,498
421280,1999,0,510,510
421280,2000,0,607,607
421280,2001,0,633,633
421280,2002,0,660,660
421280,2003,0,707,707
421280,2004,0,757,757
421280,2005,0,787,787
421280,2006,0,792,792
421280,2007,0,762,762
421280,2008,0,981,981
421280,2009,0,1267,1267
421280,2010,0,1290,1290
421280,2011,0,1159,1159
421280,2012,0,1289,1289
421280,2013,0,1289,1289
421280,2014,0,1640,1640
421280,2015,0,1640,1640
421280,2016,0,1395,1395
421280,2017,0,1395,1395
421280,2018,0,1375,1375
421280,2019,0,1425,1425
421280,2020,0,1425,1425
421280,2021,0,1425,1425
421290,1988,3500,20147,16647
421290,1989,5000,22036,17036
421290,1990,4000,20686,16686
421290,1991,3200,23126,19926
421290,1992,2000,20149,18149
421290,1993,2500,19920,17420
421290,1994,2500,16272,13772
421290,1995,2500,16002,13502
421290,1996,895,8123,7228
421290,1997,900,8109,7209
421290,1998,1800,9631,7831
421290,1999,1500,10382,8882
421290,2000,1500,10334,8834
421290,2001,1500,9178,7678
421290,2002,1600,9416,7816
421290,2003,1600,9945,8345
421290,2004,1900,9529,7629
421290,2005,2240,9161,6921
421290,2006,2000,7443,5443
421290,2007,2000,8556,6556
421290,2008,2000,8423,6423
421290,2009,2000,7077,5077
421290,2010,2000,6429,4429
421290,2011,2000,6592,4592
421290,2012,2000,6290,4290
421290,2013,2000,5961,3961
421290,2014,2000,6131,4131
421290,2015,2500,6331,3831
421290,2016,2550,6257,3707
421290,2017,2900,6146,3246
421290,2018,2900,5831,2931
421290,2019,2900,6251,3351
421290,2020,2800,7151,4351
421290,2021,2800,6261,3461
421300,1988,20,2678,2658
421300,1989,10,2441,2431
421300,1990,0,1953,1953
421300,1991,0,1713,1713
421300,1992,0,1904,1904
421300,1993,0,1929,1929
421300,1994,0,1983,1983
421300,1995,0,2021,2021
421300,1996,0,2068,2068
421300,1997,0,2061,2061
421300,1998,0,2057,2057
421300,1999,0,1849,1849
421300,2000,0,1840,1840
421300,2001,0,1840,1840
421300,2002,0,1810,1810
421300,2003,0,1837,1837
421300,2004,0,1841,1841
421300,2005,0,1895,1895
421300,2006,0,1827,1827
421300,2007,0,1841,1841
421300,2008,0,1825,1825
421300,2009,0,1584,1584
421300,2010,0,1848,1848
421300,2011,35,1728,1693
421300,2012,35,1702,1667
421300,2013,35,1666,1631
421300,2014,80,1611,1531
421300,2015,90,1679,1589
421300,2016,200,1667,1467
421300,2017,200,1625,1425
421300,2018,150,1653,1503
421300,2019,230,1707,1477
421300,2020,230,1713,1483
421300,2021,55,1568,1513
421310,1988,3200,9696,6496
421310,1989,3200,9678,6478
421310,1990,2800,9028,6228
421310,1991,2100,8128,6028
421310,1992,1300,7458,6158
421310,1993,2100,8269,6169
421310,1994,2100,8244,6144
421310,1995,2100,8192,6092
421310,1996,375,5620,5245
421310,1997,375,5503,5128
421310,1998,350,5327,4977
421310,1999,100,4596,4496
421310,2000,60,4217,4157
421310,2001,60,4440,4380
421310,2002,60,4317,4257
421310,2003,60,4124,4064
421310,2004,80,3689,3609
421310,2005,160,3326,3166
421310,2006,100,3199,3099
421310,2007,100,3255,3155
421310,2008,60,2509,2449
421310,2009,60,2581,2521
421310,2010,260,2526,2266
421310,2011,300,2456,2156
421310,2012,200,2430,2230
421310,2013,400,2641,2241
421310,2014,350,2554,2204
421310,2015,400,2193,1793
421310,2016,600,1907,1307
421310,2017,500,1765,1265
421310,2018,450,1616,1166
421310,2019,500,1649,1149
421310,2020,570,1089,519
421310,2021,570,1289,719
421320,1988,0,2981,2981
421320,1989,0,2331,2331
421320,1990,0,2407,2407
421320,1991,0,2379,2379
421320,1992,0,2254,2254
421320,1993,0,2254,2254
421320,1994,0,2198,2198
421320,1995,0,2199,2199
421320,1996,0,799,799
421320,1997,0,785,785
421320,1998,0,1145,1145
421320,1999,0,1839,1839
421320,2000,0,1961,1961
421320,2001,0,1730,1730
421320,2002,0,1683,1683
421320,2003,0,1731,1731
421320,2004,0,1732,1732
421320,2005,0,1741,1741
421320,2006,0,1724,1724
421320,2007,0,1727,1727
421320,2008,0,1725,1725
421320,2009,0,2014,2014
421320,2010,0,1624,1624
421320,2011,0,1173,1173
421320,2012,0,664,664
421320,2013,0,772,772
421320,2014,0,931,931
421320,2015,0,681,681
421320,2016,0,631,631
421320,2017,0,671,671
421320,2018,0,372,372
421320,2019,0,347,347
421320,2020,0,340,340
421320,2021,0,340,340
421330,1988,630,5934,5304
421330,1989,700,4741,4041
421330,1990,1000,5668,4668
421330,1991,1000,4266,3266
421330,1992,800,3852,3052
421330,1993,800,3797,2997
421330,1994,800,3747,2947
421330,1995,300,2875,2575
421330,1996,184,3045,2861
421330,1997,200,2091,1891
421330,1998,200,2726,2526
421330,1999,200,2827,2627
421330,2000,100,2637,2537
421330,2001,30,2849,2819
421330,2002,230,2355,2125
421330,2003,230,2358,2128
421330,2004,500,2368,1868
421330,2005,600,2479,1879
421330,2006,300,2265,1965
421330,2007,200,2183,1983
421330,2008,200,2151,1951
421330,2009,200,2149,1949
421330,2010,200,2139,1939
421330,2011,200,2442,2242
421330,2012,200,1967,1767
421330,2013,2500,4597,2097
421330,2014,2500,4687,2187
421330,2015,3500,5201,1701
421330,2016,4000,5643,1643
421330,2017,4000,5212,1212
421330,2018,3000,4170,1170
421330,2019,3000,4290,1290
421330,2020,3000,4290,1290
421330,2021,3000,4290,1290
421340,1988,6500,21792,15292
421340,1989,6500,19870,13370
421340,1990,5000,14282,9282
421340,1991,4000,18288,14288
421340,1992,2000,12004,10004
421340,1993,4800,14918,10118
421340,1994,3300,15460,12160
421340,1995,2700,14017,11317
421340,1996,1999,7661,5662
421340,1997,2399,8188,5789
421340,1998,3400,8269,4869
421340,1999,3513,9140,5627
421340,2000,3513,9307,5794
421340,2001,3510,9113,5603
421340,2002,4650,9669,5019
421340,2003,4800,10229,5429
421340,2004,4989,10623,5634
421340,2005,4925,11121,6196
421340,2006,5725,13569,7844
421340,2007,7725,13955,6230
421340,2008,7400,13562,6162
421340,2009,7600,14422,6822
421340,2010,8050,14605,6555
421340,2011,8600,13898,5298
421340,2012,7800,13858,6058
421340,2013,7800,13856,6056
421340,2014,7800,13822,6022
421340,2015,7800,13422,5622
421340,2016,9500,14090,4590
421340,2017,10000,14297,4297
421340,2018,10100,13385,3285
421340,2019,10480,13622,3142
421340,2020,10680,13819,3139
421340,2021,10680,14522,3842
421350,1988,0,507,507
421350,1989,0,467,467
421350,1990,0,487,487
421350,1991,0,485,485
421350,1992,0,485,485
421350,1993,0,487,487
421350,1994,0,424,424
421350,1995,0,254,254
421350,1996,0,243,243
421350,1997,0,243,243
421350,1998,0,245,245
421350,1999,0,255,255
421350,2000,0,190,190
421350,2001,0,148,148
421350,2002,0,95,95
421350,2003,0,95,95
421350,2004,0,95,95
421350,2005,0,95,95
421350,2006,0,95,95
421350,2007,0,95,95
421350,2008,0,296,296
421350,2009,0,141,141
421350,2010,0,111,111
421350,2011,0,111,111
421350,2012,0,101,101
421350,2013,0,101,101
421350,2014,0,111,111
421350,2015,0,112,112
421350,2016,0,95,95
421350,2017,0,85,85
421350,2018,0,105,105
421350,2019,0,85,85
421350,2020,0,85,85
421350,2021,0,85,85
421360,1988,6040,15184,9144
421360,1989,6040,15415,9375
421360,1990,5134,15348,10214
421360,1991,4000,13711,9711
421360,1992,4000,13864,9864
421360,1993,5000,12430,7430
421360,1994,4000,12345,8345
421360,1995,4000,11831,7831
421360,1996,2300,11102,8802
421360,1997,5500,13302,7802
421360,1998,4000,11630,7630
421360,1999,4000,11291,7291
421360,2000,4000,11960,7960
421360,2001,4000,12775,8775
421360,2002,4000,12925,8925
421360,2003,4600,14692,10092
421360,2004,6200,14911,8711
421360,2005,7000,15701,8701
421360,2006,7000,15846,8846
421360,2007,8750,15740,6990
421360,2008,7200,16069,8869
421360,2009,7800,15444,7644
421360,2010,8500,15548,7048
421360,2011,8000,14983,6983
421360,2012,7200,15117,7917
421360,2013,9000,15529,6529
421360,2014,7000,13377,6377
421360,2015,7500,12013,4513
421360,2016,7500,10071,2571
421360,2017,7000,9825,2825
421360,2018,7000,9509,2509
421360,2019,7300,9281,1981
421360,2020,7000,9426,2426
421360,2021,7100,10043,2943
421370,1988,0,7485,7485
421370,1989,0,7383,7383
421370,1990,0,8058,8058
421370,1991,0,9149,9149
421370,1992,0,7938,7938
421370,1993,0,7902,7902
421370,1994,0,7653,7653
421370,1995,0,7729,7729
421370,1996,1,7429,7428
421370,1997,0,7322,7322
421370,1998,0,6927,6927
421370,1999,0,7043,7043
421370,2000,0,7031,7031
421370,2001,0,6788,6788
421370,2002,0,7071,7071
421370,2003,55,7770,7715
421370,2004,60,8239,8179
421370,2005,180,6517,6337
421370,2006,0,6715,6715
421370,2007,60,5818,5758
421370,2008,80,5926,5846
421370,2009,212,4990,4778
421370,2010,120,4347,4227
421370,2011,120,4218,4098
421370,2012,190,5117,4927
421370,2013,250,5251,5001
421370,2014,150,5073,4923
421370,2015,120,5158,5038
421370,2016,300,4866,4566
421370,2017,250,5009,4759
421370,2018,250,4206,3956
421370,2019,250,4286,4036
421370,2020,250,4344,4094
421370,2021,250,4344,4094
421380,1988,0,6378,6378
421380,1989,0,6673,6673
421380,1990,0,6602,6602
421380,1991,0,6140,6140
421380,1992,0,6317,6317
421380,1993,0,6009,6009
421380,1994,0,5737,5737
421380,1995,0,5441,5441
421380,1996,0,4408,4408
421380,1997,0,4360,4360
421380,1998,0,4360,4360
421380,1999,0,4211,4211
421380,2000,0,4111,4111
421380,2001,0,4057,4057
421380,2002,0,3996,3996
421380,2003,0,4174,4174
421380,2004,0,4254,4254
421380,2005,0,4523,4523
421380,2006,0,4511,4511
421380,2007,0,4474,4474
421380,2008,0,4456,4456
421380,2009,0,4659,4659
421380,2010,0,4375,4375
421380,2011,0,4359,4359
421380,2012,0,4415,4415
421380,2013,0,4328,4328
421380,2014,0,4405,4405
421380,2015,0,4410,4410
421380,2016,0,4200,4200
421380,2017,0,4210,4210
421380,2018,0,4200,4200
421380,2019,0,4220,4220
421380,2020,0,5406,5406
421380,2021,0,5406,5406
421390,1988,800,3835,3035
421390,1989,800,3373,2573
421390,1990,500,3755,3255
421390,1991,250,3505,3255
421390,1992,140,3478,3338
421390,1993,80,3119,3039
421390,1994,65,3069,3004
421390,1995,30,2983,2953
421390,1996,30,2717,2687
421390,1997,30,2589,2559
421390,1998,15,2558,2543
421390,1999,0,2335,2335
421390,2000,0,2305,2305
421390,2001,0,2296,2296
421390,2002,0,2256,2256
421390,2003,0,2349,2349
421390,2004,0,2270,2270
421390,2005,0,1924,1924
421390,2006,0,1915,1915
421390,2007,0,1680,1680
421390,2008,0,1547,1547
421390,2009,0,1548,1548
421390,2010,0,1536,1536
421390,2011,0,1485,1485
421390,2012,0,1120,1120
421390,2013,0,924,924
421390,2014,9,923,914
421390,2015,9,765,756
421390,2016,15,617,602
421390,2017,12,844,832
421390,2018,20,850,830
421390,2019,30,858,828
421390,2020,30,867,837
421390,2021,30,872,842
421400,1988,0,6576,6576
421400,1989,0,6216,6216
421400,1990,0,5933,5933
421400,1991,0,5746,5746
421400,1992,0,5863,5863
421400,1993,0,5266,5266
421400,1994,0,5199,5199
421400,1995,0,5481,5481
421400,1996,0,4710,4710
421400,1997,0,4524,4524
421400,1998,0,4955,4955
421400,1999,0,3998,3998
421400,2000,0,4079,4079
421400,2001,0,3344,3344
421400,2002,0,3540,3540
421400,2003,0,4409,4409
421400,2004,0,4013,4013
421400,2005,100,4312,4212
421400,2006,0,4136,4136
421400,2007,0,3705,3705
421400,2008,0,3752,3752
421400,2009,0,3633,3633
421400,2010,5,3675,3670
421400,2011,5,3653,3648
421400,2012,0,3513,3513
421400,2013,0,3514,3514
421400,2014,100,3666,3566
421400,2015,150,3664,3514
421400,2016,500,3684,3184
421400,2017,450,3729,3279
421400,2018,280,3391,3111
421400,2019,280,3320,3040
421400,2020,350,3225,2875
421400,2021,350,3560,3210
421410,1988,0,2415,2415
421410,1989,0,2552,2552
421410,1990,0,2852,2852
421410,1991,0,2335,2335
421410,1992,0,2066,2066
421410,1993,0,2000,2000
421410,1994,0,2019,2019
421410,1995,0,1847,1847
421410,1996,0,2909,2909
421410,1997,0,2675,2675
421410,1998,0,3010,3010
421410,1999,0,2494,2494
421410,2000,0,2157,2157
421410,2001,0,2005,2005
421410,2002,0,2105,2105
421410,2003,0,1747,1747
421410,2004,0,2034,2034
421410,2005,0,2102,2102
421410,2006,0,1693,1693
421410,2007,0,1699,1699
421410,2008,0,1744,1744
421410,2009,0,1669,1669
421410,2010,0,1753,1753
421410,2011,0,1784,1784
421410,2012,0,1707,1707
421410,2013,0,1707,1707
421410,2014,0,1857,1857
421410,2015,0,1897,1897
421410,2016,0,1837,1837
421410,2017,0,2056,2056
421410,2018,0,1591,1591
421410,2019,0,1640,1640
421410,2020,0,1611,1611
421410,2021,0,1661,1661
421420,1988,9000,56216,47216
421420,1989,6000,50936,44936
421420,1990,6000,54358,48358
421420,1991,6000,58377,52377
421420,1992,8000,53514,45514
421420,1993,3900,45954,42054
421420,1994,3900,46602,42702
421420,1995,3780,49766,45986
421420,1996,600,27223,26623
421420,1997,600,27139,26539
421420,1998,740,30653,29913
421420,1999,1030,29994,28964
421420,2000,965,28785,27820
421420,2001,1020,27690,26670
421420,2002,3120,27567,24447
421420,2003,3370,28856,25486
421420,2004,4025,29434,25409
421420,2005,3630,28285,24655
421420,2006,1650,24034,22384
421420,2007,2180,21158,18978
421420,2008,3515,21966,18451
421420,2009,4050,20147,16097
421420,2010,6020,21172,15152
421420,2011,6350,20301,13951
421420,2012,5400,14715,9315
421420,2013,6600,15324,8724
421420,2014,6790,16107,9317
421420,2015,6540,15736,9196
421420,2016,8530,15532,7002
421420,2017,7330,14241,6911
421420,2018,7360,12792,5432
421420,2019,7410,13408,5998
421420,2020,7950,13397,5447
421420,2021,7960,14160,6200
421430,1988,0,2038,2038
421430,1989,0,1980,1980
421430,1990,0,2451,2451
421430,1991,0,1314,1314
421430,1992,0,1439,1439
421430,1993,0,1109,1109
421430,1994,0,1303,1303
421430,1995,0,1603,1603
421430,1996,0,1080,1080
421430,1997,0,1471,1471
421430,1998,0,1363,1363
421430,1999,0,1314,1314
421430,2000,0,1229,1229
421430,2001,0,1144,1144
421430,2002,0,1134,1134
421430,2003,0,1116,1116
421430,2004,0,1109,1109
421430,2005,0,1109,1109
421430,2006,0,1109,1109
421430,2007,0,665,665
421430,2008,0,652,652
421430,2009,0,534,534
421430,2010,0,539,539
421430,2011,0,629,629
421430,2012,0,389,389
421430,2013,0,309,309
421430,2014,0,393,393
421430,2015,0,393,393
421430,2016,0,388,388
421430,2017,0,390,390
421430,2018,0,420,420
421430,2019,0,367,367
421430,2020,0,434,434
421430,2021,0,362,362
421440,1988,200,4164,3964
421440,1989,0,6440,6440
421440,1990,200,6291,6091
421440,1991,0,6368,6368
421440,1992,0,6852,6852
421440,1993,0,6841,6841
421440,1994,0,7126,7126
421440,1995,0,7394,7394
421440,1996,27,4926,4899
421440,1997,0,4776,4776
421440,1998,0,4734,4734
421440,1999,0,4651,4651
421440,2000,0,4699,4699
421440,2001,0,4774,4774
421440,2002,0,4756,4756
421440,2003,0,4741,4741
421440,2004,0,4767,4767
421440,2005,500,4964,4464
421440,2006,500,5105,4605
421440,2007,500,5092,4592
421440,2008,500,5201,4701
421440,2009,500,7322,6822
421440,2010,350,6823,6473
421440,2011,300,5451,5151
421440,2012,200,6235,6035
421440,2013,1200,4981,3781
421440,2014,2400,5501,3101
421440,2015,2500,5346,2846
421440,2016,2500,5176,2676
421440,2017,2100,5077,2977
421440,2018,1900,5989,4089
421440,2019,1800,6080,4280
421440,2020,1800,6137,4337
421440,2021,1800,6596,4796
421450,1988,0,5287,5287
421450,1989,0,4452,4452
421450,1990,0,4589,4589
421450,1991,0,4392,4392
421450,1992,0,4891,4891
421450,1993,0,5010,5010
421450,1994,0,5030,5030
421450,1995,0,5346,5346
421450,1996,0,5042,5042
421450,1997,0,5410,5410
421450,1998,0,5322,5322
421450,1999,0,5596,5596
421450,2000,0,5614,5614
421450,2001,0,5688,5688
421450,2002,0,4706,4706
421450,2003,0,5209,5209
421450,2004,0,5638,5638
421450,2005,0,5868,5868
421450,2006,0,6046,6046
421450,2007,0,6002,6002
421450,2008,0,5904,5904
421450,2009,0,5538,5538
421450,2010,0,5518,5518
421450,2011,80,5516,5436
421450,2012,0,5739,5739
421450,2013,160,5899,5739
421450,2014,500,6329,5829
421450,2015,350,4996,4646
421450,2016,600,5236,4636
421450,2017,600,5241,4641
421450,2018,800,5587,4787
421450,2019,850,5644,4794
421450,2020,850,5604,4754
421450,2021,850,5604,4754
421460,1988,0,7761,7761
421460,1989,0,8571,8571
421460,1990,0,9647,9647
421460,1991,0,8365,8365
421460,1992,0,8818,8818
421460,1993,0,9092,9092
421460,1994,0,7106,7106
421460,1995,0,7025,7025
421460,1996,0,5204,5204
421460,1997,0,4702,4702
421460,1998,0,5332,5332
421460,1999,0,5155,5155
421460,2000,0,5212,5212
421460,2001,0,5150,5150
421460,2002,0,5294,5294
421460,2003,0,5645,5645
421460,2004,0,5068,5068
421460,2005,0,5353,5353
421460,2006,50,5400,5350
421460,2007,10,5289,5279
421460,2008,10,5130,5120
421460,2009,20,4972,4952
421460,2010,0,5147,5147
421460,2011,0,5142,5142
421460,2012,0,5092,5092
421460,2013,0,5195,5195
421460,2014,40,5232,5192
421460,2015,30,5112,5082
421460,2016,50,5142,5092
421460,2017,100,5237,5137
421460,2018,100,3907,3807
421460,2019,100,4258,4158
421460,2020,100,4290,4190
421460,2021,100,4292,4192
421470,1988,0,2732,2732
421470,1989,0,2875,2875
421470,1990,0,2897,2897
421470,1991,0,3059,3059
421470,1992,0,2883,2883
421470,1993,0,2883,2883
421470,1994,0,2919,2919
421470,1995,0,2892,2892
421470,1996,0,1986,1986
421470,1997,0,1973,1973
421470,1998,0,2045,2045
421470,1999,0,2044,2044
421470,2000,0,2246,2246
421470,2001,0,2456,2456
421470,2002,0,2091,2091
421470,2003,0,2099,2099
421470,2004,0,2098,2098
421470,2005,0,2120,2120
421470,2006,0,2108,2108
421470,2007,0,2114,2114
421470,2008,0,2146,2146
421470,2009,0,2112,2112
421470,2010,0,1982,1982
421470,2011,0,1949,1949
421470,2012,30,1920,1890
421470,2013,30,1884,1854
421470,2014,30,1687,1657
421470,2015,30,1587,1557
421470,2016,30,1577,1547
421470,2017,20,1587,1567
421470,2018,47,1764,1717
421470,2019,47,1764,1717
421470,2020,47,1764,1717
421470,2021,47,1764,1717
421480,1988,0,4132,4132
421480,1989,0,3805,3805
421480,1990,0,3969,3969
421480,1991,0,3832,3832
421480,1992,0,3874,3874
421480,1993,0,3946,3946
421480,1994,0,3735,3735
421480,1995,0,3694,3694
421480,1996,0,2149,2149
421480,1997,0,2134,2134
421480,1998,0,2303,2303
421480,1999,0,2218,2218
421480,2000,0,2098,2098
421480,2001,0,2242,2242
421480,2002,0,2249,2249
421480,2003,0,2272,2272
421480,2004,0,2073,2073
421480,2005,0,1968,1968
421480,2006,0,2104,2104
421480,2007,0,2021,2021
421480,2008,0,1980,1980
421480,2009,0,1842,1842
421480,2010,0,1788,1788
421480,2011,0,1766,1766
421480,2012,0,1819,1819
421480,2013,0,1914,1914
421480,2014,0,1931,1931
421480,2015,0,1896,1896
421480,2016,0,1875,1875
421480,2017,0,1858,1858
421480,2018,10,1349,1339
421480,2019,120,1480,1360
421480,2020,450,1452,1002
421480,2021,450,1507,1057
421490,1988,0,4038,4038
421490,1989,0,4136,4136
421490,1990,0,4178,4178
421490,1991,0,4156,4156
421490,1992,0,4556,4556
421490,1993,0,5612,5612
421490,1994,0,4134,4134
421490,1995,0,3839,3839
421490,1996,0,3791,3791
421490,1997,0,3056,3056
421490,1998,0,2523,2523
421490,1999,0,2472,2472
421490,2000,0,2255,2255
421490,2001,0,2085,2085
421490,2002,0,1928,1928
421490,2003,0,2010,2010
421490,2004,0,1901,1901
421490,2005,0,1780,1780
421490,2006,0,1731,1731
421490,2007,0,1603,1603
421490,2008,0,1618,1618
421490,2009,0,1649,1649
421490,2010,0,1179,1179
421490,2011,0,1524,1524
421490,2012,0,1189,1189
421490,2013,0,1189,1189
421490,2014,0,1189,1189
421490,2015,0,1006,1006
421490,2016,0,973,973
421490,2017,0,1033,1033
421490,2018,0,541,541
421490,2019,0,562,562
421490,2020,0,549,549
421490,2021,0,540,540
421500,1988,130,2981,2851
421500,1989,70,2994,2924
421500,1990,100,3330,3230
421500,1991,100,3197,3097
421500,1992,100,3108,3008
421500,1993,0,2862,2862
421500,1994,0,2854,2854
421500,1995,0,2742,2742
421500,1996,58,2417,2359
421500,1997,0,2024,2024
421500,1998,200,2307,2107
421500,1999,700,3216,2516
421500,2000,700,3220,2520
421500,2001,1100,3660,2560
421500,2002,1400,4108,2708
421500,2003,3000,5797,2797
421500,2004,3000,6109,3109
421500,2005,3500,6823,3323
421500,2006,3000,6408,3408
421500,2007,3000,7005,4005
421500,2008,3000,7755,4755
421500,2009,3150,7756,4606
421500,2010,3000,7622,4622
421500,2011,3250,7774,4524
421500,2012,4000,7707,3707
421500,2013,8000,10377,2377
421500,2014,8000,10572,2572
421500,2015,12000,14987,2987
421500,2016,12000,14932,2932
421500,2017,11500,14827,3327
421500,2018,12000,15127,3127
421500,2019,12000,15127,3127
421500,2020,12000,15127,3127
421500,2021,12000,15127,3127
421510,1988,0,1484,1484
421510,1989,0,1623,1623
421510,1990,0,1628,1628
421510,1991,0,1584,1584
421510,1992,0,1544,1544
421510,1993,0,1557,1557
421510,1994,0,1521,1521
421510,1995,0,1525,1525
421510,1996,0,1327,1327
421510,1997,0,1313,1313
421510,1998,0,1489,1489
421510,1999,0,1531,1531
421510,2000,0,1415,1415
421510,2001,0,1387,1387
421510,2002,0,1244,1244
421510,2003,0,1280,1280
421510,2004,0,1282,1282
421510,2005,0,1259,1259
421510,2006,0,1225,1225
421510,2007,0,1155,1155
421510,2008,0,1150,1150
421510,2009,0,1250,1250
421510,2010,0,1092,1092
421510,2011,0,1058,1058
421510,2012,0,1053,1053
421510,2013,0,1044,1044
421510,2014,0,944,944
421510,2015,0,944,944
421510,2016,0,944,944
421510,2017,0,994,994
421510,2018,0,1188,1188
421510,2019,0,1188,1188
421510,2020,0,1178,1178
421510,2021,0,1178,1178
421530,1988,0,3512,3512
421530,1989,0,3508,3508
421530,1990,0,3799,3799
421530,1991,0,4177,4177
421530,1992,0,3769,3769
421530,1993,0,4167,4167
421530,1994,0,3781,3781
421530,1995,0,3777,3777
421530,1996,0,2567,2567
421530,1997,0,2919,2919
421530,1998,0,3143,3143
421530,1999,0,2794,2794
421530,2000,0,2342,2342
421530,2001,0,2313,2313
421530,2002,0,2051,2051
421530,2003,0,2174,2174
421530,2004,0,2040,2040
421530,2005,0,2381,2381
421530,2006,0,2461,2461
421530,2007,0,1992,1992
421530,2008,0,2159,2159
421530,2009,0,2251,2251
421530,2010,0,2119,2119
421530,2011,0,2173,2173
421530,2012,32,1999,1967
421530,2013,32,1994,1962
421530,2014,0,1799,1799
421530,2015,30,1765,1735
421530,2016,100,1832,1732
421530,2017,100,1850,1750
421530,2018,150,1465,1315
421530,2019,250,1467,1217
421530,2020,250,1265,1015
421530,2021,250,1265,1015
421540,1988,20,2437,2417
421540,1989,10,2393,2383
421540,1990,7,2445,2438
421540,1991,0,1928,1928
421540,1992,0,1983,1983
421540,1993,0,2012,2012
421540,1994,0,2000,2000
421540,1995,0,1825,1825
421540,1996,0,2063,2063
421540,1997,0,2070,2070
421540,1998,0,2065,2065
421540,1999,0,2011,2011
421540,2000,0,2002,2002
421540,2001,0,1993,1993
421540,2002,0,1948,1948
421540,2003,0,1960,1960
421540,2004,0,1962,1962
421540,2005,0,1949,1949
421540,2006,0,1927,1927
421540,2007,0,1908,1908
421540,2008,0,1904,1904
421540,2009,0,2012,2012
421540,2010,0,1989,1989
421540,2011,0,1974,1974
421540,2012,0,1956,1956
421540,2013,0,2201,2201
421540,2014,20,2241,2221
421540,2015,45,1792,1747
421540,2016,45,1826,1781
421540,2017,50,1753,1703
421540,2018,16,1441,1425
421540,2019,60,1491,1431
421540,2020,50,1377,1327
421540,2021,50,497,447
421550,1988,0,1796,1796
421550,1989,0,1712,1712
421550,1990,0,1055,1055
421550,1991,0,1044,1044
421550,1992,0,1497,1497
421550,1993,0,1168,1168
421550,1994,0,1410,1410
421550,1995,0,1475,1475
421550,1996,12,2531,2519
421550,1997,0,1359,1359
421550,1998,0,1425,1425
421550,1999,0,1725,1725
421550,2000,0,1868,1868
421550,2001,0,3639,3639
421550,2002,0,3114,3114
421550,2003,150,3257,3107
421550,2004,800,3501,2701
421550,2005,800,3046,2246
421550,2006,1100,2663,1563
421550,2007,1100,2732,1632
421550,2008,1100,2459,1359
421550,2009,1100,2583,1483
421550,2010,1500,2540,1040
421550,2011,1500,2381,881
421550,2012,1500,2364,864
421550,2013,1500,2662,1162
421550,2014,1880,2944,1064
421550,2015,1880,2845,965
421550,2016,1481,2879,1398
421550,2017,2160,3061,901
421550,2018,2600,3635,1035
421550,2019,2600,3669,1069
421550,2020,2971,3401,430
421550,2021,2971,3401,430
421560,1988,0,1325,1325
421560,1989,0,1075,1075
421560,1990,0,1158,1158
421560,1991,0,1148,1148
421560,1992,0,1220,1220
421560,1993,0,1017,1017
421560,1994,0,958,958
421560,1995,0,911,911
421560,1996,0,976,976
421560,1997,0,1050,1050
421560,1998,0,914,914
421560,1999,0,970,970
421560,2000,0,885,885
421560,2001,0,859,859
421560,2002,0,866,866
421560,2003,0,837,837
421560,2004,0,875,875
421560,2005,0,588,588
421560,2006,0,480,480
421560,2007,0,472,472
421560,2008,0,454,454
421560,2009,0,470,470
421560,2010,0,375,375
421560,2011,0,468,468
421560,2012,0,466,466
421560,2013,0,412,412
421560,2014,0,368,368
421560,2015,0,348,348
421560,2016,0,145,145
421560,2017,0,158,158
421560,2018,0,249,249
421560,2019,0,228,228
421560,2020,0,217,217
421560,2021,0,217,217
421565,1988,0,0,0
421565,1989,0,1702,1702
421565,1990,0,2861,2861
421565,1991,0,3100,3100
421565,1992,0,3455,3455
421565,1993,0,3475,3475
421565,1994,0,2937,2937
421565,1995,0,3834,3834
421565,1996,0,4326,4326
421565,1997,0,4320,4320
421565,1998,0,4320,4320
421565,1999,0,4189,4189
421565,2000,0,3796,3796
421565,2001,0,4048,4048
421565,2002,0,4020,4020
421565,2003,0,4051,4051
421565,2004,0,4198,4198
421565,2005,0,4187,4187
421565,2006,0,3785,3785
421565,2007,0,3771,3771
421565,2008,0,3440,3440
421565,2009,0,4099,4099
421565,2010,0,3921,3921
421565,2011,0,4119,4119
421565,2012,0,3670,3670
421565,2013,0,3380,3380
421565,2014,0,3490,3490
421565,2015,0,3490,3490
421565,2016,0,3075,3075
421565,2017,0,3002,3002
421565,2018,0,3002,3002
421565,2019,0,2851,2851
421565,2020,0,2724,2724
421565,2021,0,2724,2724
421570,1988,0,2156,2156
421570,1989,0,2313,2313
421570,1990,0,2108,2108
421570,1991,0,1768,1768
421570,1992,0,1711,1711
421570,1993,0,1496,1496
421570,1994,0,1487,1487
421570,1995,0,1575,1575
421570,1996,0,1287,1287
421570,1997,0,1395,1395
421570,1998,0,1273,1273
421570,1999,0,1228,1228
421570,2000,0,1303,1303
421570,2001,0,1183,1183
421570,2002,0,1344,1344
421570,2003,0,1435,1435
421570,2004,0,1365,1365
421570,2005,0,1365,1365
421570,2006,0,1365,1365
421570,2007,0,942,942
421570,2008,0,616,616
421570,2009,0,1144,1144
421570,2010,0,1116,1116
421570,2011,0,1004,1004
421570,2012,0,874,874
421570,2013,0,434,434
421570,2014,0,398,398
421570,2015,0,398,398
421570,2016,0,398,398
421570,2017,0,240,240
421570,2018,0,296,296
421570,2019,0,303,303
421570,2020,0,286,286
421570,2021,0,276,276
421580,1988,0,2566,2566
421580,1989,0,2509,2509
421580,1990,0,2619,2619
421580,1991,0,2514,2514
421580,1992,0,2543,2543
421580,1993,0,2548,2548
421580,1994,0,2522,2522
421580,1995,0,2535,2535
421580,1996,0,2684,2684
421580,1997,0,2662,2662
421580,1998,0,2605,2605
421580,1999,0,2627,2627
421580,2000,0,2610,2610
421580,2001,0,2589,2589
421580,2002,0,2682,2682
421580,2003,0,2692,2692
421580,2004,0,2726,2726
421580,2005,0,2703,2703
421580,2006,0,2707,2707
421580,2007,0,2702,2702
421580,2008,50,2820,2770
421580,2009,50,2871,2821
421580,2010,50,2844,2794
421580,2011,50,2850,2800
421580,2012,50,2824,2774
421580,2013,200,2648,2448
421580,2014,200,2711,2511
421580,2015,300,2681,2381
421580,2016,1000,3156,2156
421580,2017,1000,2636,1636
421580,2018,1000,2784,1784
421580,2019,1000,2784,1784
421580,2020,1000,2784,1784
421580,2021,1000,2784,1784
421590,1988,0,2534,2534
421590,1989,0,2135,2135
421590,1990,0,2185,2185
421590,1991,0,2113,2113
421590,1992,0,1770,1770
421590,1993,0,1738,1738
421590,1994,0,1489,1489
421590,1995,0,988,988
421590,1996,0,1647,1647
421590,1997,0,980,980
421590,1998,0,1327,1327
421590,1999,0,1356,1356
421590,2000,0,1331,1331
421590,2001,0,1299,1299
421590,2002,0,1193,1193
421590,2003,0,1190,1190
421590,2004,0,1210,1210
421590,2005,0,1218,1218
421590,2006,0,1213,1213
421590,2007,0,1161,1161
421590,2008,0,1158,1158
421590,2009,0,1042,1042
421590,2010,0,1590,1590
421590,2011,0,1004,1004
421590,2012,0,982,982
421590,2013,0,558,558
421590,2014,0,638,638
421590,2015,0,673,673
421590,2016,0,459,459
421590,2017,0,454,454
421590,2018,0,431,431
421590,2019,0,326,326
421590,2020,0,342,342
421590,2021,0,326,326
421600,1988,6050,35363,29313
421600,1989,6500,41600,35100
421600,1990,6500,43618,37118
421600,1991,2600,40557,37957
421600,1992,2000,40646,38646
421600,1993,2250,39804,37554
421600,1994,2000,40424,38424
421600,1995,2000,40487,38487
421600,1996,621,29364,28743
421600,1997,1030,28337,27307
421600,1998,960,29289,28329
421600,1999,690,29297,28607
421600,2000,820,28065,27245
421600,2001,760,26476,25716
421600,2002,1050,26995,25945
421600,2003,1315,24640,23325
421600,2004,1410,25230,23820
421600,2005,2160,22875,20715
421600,2006,1710,19995,18285
421600,2007,2310,19352,17042
421600,2008,2510,18249,15739
421600,2009,2660,17914,15254
421600,2010,2660,16191,13531
421600,2011,3500,14713,11213
421600,2012,3400,14284,10884
421600,2013,3500,13850,10350
421600,2014,3400,13790,10390
421600,2015,2360,11630,9270
421600,2016,3385,11384,7999
421600,2017,3645,10346,6701
421600,2018,3750,10082,6332
421600,2019,4035,10529,6494
421600,2020,4340,10779,6439
421600,2021,4340,10528,6188
421610,1988,12500,34881,22381
421610,1989,13500,38131,24631
421610,1990,13000,38887,25887
421610,1991,11000,35602,24602
421610,1992,8500,34171,25671
421610,1993,8500,33939,25439
421610,1994,8600,30422,21822
421610,1995,8600,30231,21631
421610,1996,7164,25773,18609
421610,1997,7650,24645,16995
421610,1998,7700,24204,16504
421610,1999,7800,24316,16516
421610,2000,7400,24731,17331
421610,2001,7300,26886,19586
421610,2002,9400,26919,17519
421610,2003,8600,29677,21077
421610,2004,10850,32761,21911
421610,2005,13200,32354,19154
421610,2006,11600,30621,19021
421610,2007,15000,32461,17461
421610,2008,17200,31795,14595
421610,2009,17200,33030,15830
421610,2010,17900,31228,13328
421610,2011,17900,30528,12628
421610,2012,18000,29260,11260
421610,2013,18150,30803,12653
421610,2014,18750,32439,13689
421610,2015,19550,31003,11453
421610,2016,20500,31365,10865
421610,2017,26800,37885,11085
421610,2018,20800,32079,11279
421610,2019,21200,31327,10127
421610,2020,18550,27279,8729
421610,2021,22200,32858,10658
421620,1988,0,2645,2645
421620,1989,0,2703,2703
421620,1990,0,2403,2403
421620,1991,0,2473,2473
421620,1992,0,2568,2568
421620,1993,0,2781,2781
421620,1994,0,2762,2762
421620,1995,0,2820,2820
421620,1996,0,1675,1675
421620,1997,0,2030,2030
421620,1998,0,2050,2050
421620,1999,0,2276,2276
421620,2000,0,2339,2339
421620,2001,0,2573,2573
421620,2002,0,2549,2549
421620,2003,0,2713,2713
421620,2004,0,3048,3048
421620,2005,0,3112,3112
421620,2006,0,3144,3144
421620,2007,0,2920,2920
421620,2008,0,3155,3155
421620,2009,0,3250,3250
421620,2010,0,2925,2925
421620,2011,0,2938,2938
421620,2012,0,2763,2763
421620,2013,0,3080,3080
421620,2014,0,3068,3068
421620,2015,0,3050,3050
421620,2016,0,3079,3079
421620,2017,0,3085,3085
421620,2018,0,3197,3197
421620,2019,0,2784,2784
421620,2020,0,3007,3007
421620,2021,0,3042,3042
421630,1988,0,2083,2083
421630,1989,0,2418,2418
421630,1990,0,2300,2300
421630,1991,0,2274,2274
421630,1992,0,2375,2375
421630,1993,0,2246,2246
421630,1994,0,1492,1492
421630,1995,0,1484,1484
421630,1996,0,1413,1413
421630,1997,0,938,938
421630,1998,0,1331,1331
421630,1999,0,1460,1460
421630,2000,0,1400,1400
421630,2001,0,1213,1213
421630,2002,0,955,955
421630,2003,0,1015,1015
421630,2004,0,1072,1072
421630,2005,0,1042,1042
421630,2006,0,950,950
421630,2007,0,971,971
421630,2008,0,1028,1028
421630,2009,0,1036,1036
421630,2010,0,718,718
421630,2011,0,458,458
421630,2012,0,673,673
421630,2013,0,867,867
421630,2014,0,740,740
421630,2015,0,660,660
421630,2016,0,660,660
421630,2017,0,727,727
421630,2018,0,650,650
421630,2019,0,650,650
421630,2020,0,645,645
421630,2021,0,700,700
421640,1988,180,10965,10785
421640,1989,180,9151,8971
421640,1990,0,8968,8968
421640,1991,0,9075,9075
421640,1992,0,8890,8890
421640,1993,0,9020,9020
421640,1994,0,8185,8185
421640,1995,0,8456,8456
421640,1996,0,7189,7189
421640,1997,0,7152,7152
421640,1998,0,7146,7146
421640,1999,0,7272,7272
421640,2000,0,7269,7269
421640,2001,0,7410,7410
421640,2002,0,7585,7585
421640,2003,0,8063,8063
421640,2004,0,8315,8315
421640,2005,0,8301,8301
421640,2006,0,8537,8537
421640,2007,0,8088,8088
421640,2008,0,7794,7794
421640,2009,0,8212,8212
421640,2010,0,7840,7840
421640,2011,0,8430,8430
421640,2012,0,7480,7480
421640,2013,0,7120,7120
421640,2014,0,7522,7522
421640,2015,0,7587,7587
421640,2016,0,7073,7073
421640,2017,0,7625,7625
421640,2018,0,7655,7655
421640,2019,0,7070,7070
421640,2020,0,7509,7509
421640,2021,0,7509,7509
421650,1988,0,5428,5428
421650,1989,0,4851,4851
421650,1990,0,4461,4461
421650,1991,0,4440,4440
421650,1992,0,4805,4805
421650,1993,0,4608,4608
421650,1994,0,4935,4935
421650,1995,0,5120,5120
421650,1996,0,7439,7439
421650,1997,0,5918,5918
421650,1998,0,6369,6369
421650,1999,0,6207,6207
421650,2000,0,5788,5788
421650,2001,0,5871,5871
421650,2002,0,5681,5681
421650,2003,0,5736,5736
421650,2004,0,5997,5997
421650,2005,0,7222,7222
421650,2006,0,7400,7400
421650,2007,0,7490,7490
421650,2008,0,7490,7490
421650,2009,0,9446,9446
421650,2010,0,8964,8964
421650,2011,0,9636,9636
421650,2012,0,10286,10286
421650,2013,0,10118,10118
421650,2014,0,10063,10063
421650,2015,0,10066,10066
421650,2016,0,10064,10064
421650,2017,0,10066,10066
421650,2018,0,10390,10390
421650,2019,0,9370,9370
421650,2020,0,9452,9452
421650,2021,0,9472,9472
421660,1988,0,1668,1668
421660,1989,0,1560,1560
421660,1990,0,1578,1578
421660,1991,0,1488,1488
421660,1992,0,1505,1505
421660,1993,0,1549,1549
421660,1994,0,1562,1562
421660,1995,0,1608,1608
421660,1996,0,766,766
421660,1997,0,1303,1303
421660,1998,0,776,776
421660,1999,0,900,900
421660,2000,0,1183,1183
421660,2001,0,1138,1138
421660,2002,0,1493,1493
421660,2003,0,1474,1474
421660,2004,0,1469,1469
421660,2005,0,1469,1469
421660,2006,0,1441,1441
421660,2007,0,1329,1329
421660,2008,0,1260,1260
421660,2009,0,1144,1144
421660,2010,0,1347,1347
421660,2011,0,832,832
421660,2012,0,681,681
421660,2013,0,605,605
421660,2014,0,633,633
421660,2015,0,663,663
421660,2016,0,541,541
421660,2017,0,466,466
421660,2018,0,408,408
421660,2019,0,319,319
421660,2020,0,344,344
421660,2021,0,340,340
421670,1988,9000,30152,21152
421670,1989,6000,32396,26396
421670,1990,4500,30517,26017
421670,1991,1600,25699,24099
421670,1992,1600,25277,23677
421670,1993,200,22810,22610
421670,1994,200,22708,22508
421670,1995,100,22154,22054
421670,1996,178,18951,18773
421670,1997,300,18204,17904
421670,1998,290,17693,17403
421670,1999,420,18127,17707
421670,2000,330,17756,17426
421670,2001,280,17857,17577
421670,2002,220,16940,16720
421670,2003,270,16734,16464
421670,2004,480,16116,15636
421670,2005,1230,15382,14152
421670,2006,1270,15881,14611
421670,2007,2100,13137,11037
421670,2008,2300,12843,10543
421670,2009,2300,11882,9582
421670,2010,3550,11655,8105
421670,2011,4300,12012,7712
421670,2012,4300,12835,8535
421670,2013,4300,12390,8090
421670,2014,4800,12105,7305
421670,2015,4800,12470,7670
421670,2016,5600,12300,6700
421670,2017,5000,12467,7467
421670,2018,3695,10407,6712
421670,2019,3745,10702,6957
421670,2020,4250,11372,7122
421670,2021,3320,8901,5581
421680,1988,100,23599,23499
421680,1989,200,21516,21316
421680,1990,150,22513,22363
421680,1991,80,19998,19918
421680,1992,100,17772,17672
421680,1993,100,16772,16672
421680,1994,100,16721,16621
421680,1995,70,18951,18881
421680,1996,53,18107,18054
421680,1997,53,18087,18034
421680,1998,53,18086,18033
421680,1999,53,18046,17993
421680,2000,50,14523,14473
421680,2001,50,12648,12598
421680,2002,50,13951,13901
421680,2003,50,13279,13229
421680,2004,50,13240,13190
421680,2005,50,13297,13247
421680,2006,200,13555,13355
421680,2007,500,14863,14363
421680,2008,500,14844,14344
421680,2009,1000,15831,14831
421680,2010,1400,12799,11399
421680,2011,1500,11834,10334
421680,2012,1500,10634,9134
421680,2013,2000,10085,8085
421680,2014,2000,10807,8807
421680,2015,4000,11812,7812
421680,2016,5000,13062,8062
421680,2017,5000,13544,8544
421680,2018,5000,13162,8162
421680,2019,6000,13657,7657
421680,2020,6000,14637,8637
421680,2021,7500,15333,7833
421690,1988,40500,179266,138766
421690,1989,43400,177803,134403
421690,1990,35500,164861,129361
421690,1991,25500,153368,127868
421690,1992,15000,145354,130354
421690,1993,17110,137510,120400
421690,1994,18270,133596,115326
421690,1995,17192,135661,118469
421690,1996,8678,101341,92663
421690,1997,11832,95519,83687
421690,1998,16055,102639,86584
421690,1999,16060,102970,86910
421690,2000,15920,101648,85728
421690,2001,12570,101764,89194
421690,2002,17645,102713,85068
421690,2003,18265,105737,87472
421690,2004,21120,109241,88121
421690,2005,23612,102098,78486
421690,2006,20845,98079,77234
421690,2007,24975,94448,69473
421690,2008,20820,91971,71151
421690,2009,22152,86571,64419
421690,2010,28130,82812,54682
421690,2011,30880,81739,50859
421690,2012,28590,68565,39975
421690,2013,30710,65382,34672
421690,2014,34350,68676,34326
421690,2015,35485,66030,30545
421690,2016,40685,66405,25720
421690,2017,37580,66211,28631
421690,2018,39430,61793,22363
421690,2019,37750,60130,22380
421690,2020,39010,59990,20980
421690,2021,39430,64609,25179
421700,1988,0,2025,2025
421700,1989,0,2382,2382
421700,1990,0,2277,2277
421700,1991,0,1905,1905
421700,1992,0,1785,1785
421700,1993,0,1588,1588
421700,1994,0,1561,1561
421700,1995,0,1698,1698
421700,1996,0,1983,1983
421700,1997,0,1684,1684
421700,1998,0,1879,1879
421700,1999,0,1807,1807
421700,2000,0,1775,1775
421700,2001,0,1604,1604
421700,2002,0,1495,1495
421700,2003,0,1461,1461
421700,2004,0,1430,1430
421700,2005,0,1384,1384
421700,2006,0,1094,1094
421700,2007,0,959,959
421700,2008,0,966,966
421700,2009,0,948,948
421700,2010,0,685,685
421700,2011,0,763,763
421700,2012,0,373,373
421700,2013,0,355,355
421700,2014,0,323,323
421700,2015,0,383,383
421700,2016,0,313,313
421700,2017,0,211,211
421700,2018,0,215,215
421700,2019,0,234,234
421700,2020,0,232,232
421700,2021,0,232,232
421710,1988,0,3537,3537
421710,1989,0,4182,4182
421710,1990,0,3489,3489
421710,1991,0,2607,2607
421710,1992,0,2459,2459
421710,1993,0,2291,2291
421710,1994,0,1771,1771
421710,1995,0,1605,1605
421710,1996,0,2459,2459
421710,1997,0,2185,2185
421710,1998,0,2097,2097
421710,1999,0,1926,1926
421710,2000,0,1846,1846
421710,2001,0,1655,1655
421710,2002,0,2303,2303
421710,2003,0,2275,2275
421710,2004,0,2300,2300
421710,2005,0,2338,2338
421710,2006,0,1930,1930
421710,2007,0,1908,1908
421710,2008,0,1770,1770
421710,2009,0,1589,1589
421710,2010,0,1636,1636
421710,2011,0,1453,1453
421710,2012,0,1630,1630
421710,2013,0,1250,1250
421710,2014,0,1635,1635
421710,2015,0,715,715
421710,2016,0,680,680
421710,2017,0,680,680
421710,2018,0,680,680
421710,2019,0,680,680
421710,2020,0,680,680
421710,2021,0,680,680
421720,1988,50300,151712,101412
421720,1989,52200,160654,108454
421720,1990,37000,148449,111449
421720,1991,19950,119010,99060
421720,1992,9380,105055,95675
421720,1993,6380,95929,89549
421720,1994,5460,92814,87354
421720,1995,3605,87448,83843
421720,1996,3339,76411,73072
421720,1997,3160,69915,66755
421720,1998,3200,68515,65315
421720,1999,3495,68870,65375
421720,2000,3325,65861,62536
421720,2001,2555,67834,65279
421720,2002,3512,63816,60304
421720,2003,3362,65882,62520
421720,2004,5028,64243,59215
421720,2005,6340,69830,63490
421720,2006,4920,61208,56288
421720,2007,6170,54229,48059
421720,2008,6300,53375,47075
421720,2009,6820,50429,43609
421720,2010,8170,48467,40297
421720,2011,8300,42649,34349
421720,2012,6650,40940,34290
421720,2013,8140,44022,35882
421720,2014,8840,42416,33576
421720,2015,10050,41693,31643
421720,2016,14150,40833,26683
421720,2017,11490,41880,30390
421720,2018,12132,36142,24010
421720,2019,12197,35600,23403
421720,2020,13127,35884,22757
421720,2021,13751,32286,18535
421740,1988,0,3104,3104
421740,1989,0,2918,2918
421740,1990,0,3091,3091
421740,1991,0,3083,3083
421740,1992,0,2900,2900
421740,1993,0,2900,2900
421740,1994,0,2889,2889
421740,1995,0,2880,2880
421740,1996,0,1380,1380
421740,1997,0,1699,1699
421740,1998,0,1620,1620
421740,1999,0,1593,1593
421740,2000,0,1599,1599
421740,2001,0,1749,1749
421740,2002,0,1743,1743
421740,2003,0,1651,1651
421740,2004,0,1651,1651
421740,2005,0,1735,1735
421740,2006,0,1853,1853
421740,2007,0,1868,1868
421740,2008,0,1683,1683
421740,2009,0,1686,1686
421740,2010,0,1581,1581
421740,2011,0,1598,1598
421740,2012,0,1657,1657
421740,2013,0,1582,1582
421740,2014,0,1582,1582
421740,2015,0,1559,1559
421740,2016,0,1390,1390
421740,2017,0,1390,1390
421740,2018,0,1390,1390
421740,2019,0,1390,1390
421740,2020,0,1390,1390
421740,2021,0,1390,1390
421750,1988,10000,52198,42198
421750,1989,10000,49102,39102
421750,1990,10400,55475,45075
421750,1991,10400,55093,44693
421750,1992,7400,55045,47645
421750,1993,7400,50089,42689
421750,1994,6420,51926,45506
421750,1995,5860,51040,45180
421750,1996,291,24780,24489
421750,1997,303,24617,24314
421750,1998,244,24559,24315
421750,1999,15,24428,24413
421750,2000,15,23495,23480
421750,2001,15,22800,22785
421750,2002,37,23622,23585
421750,2003,100,20939,20839
421750,2004,220,20226,20006
421750,2005,550,19046,18496
421750,2006,368,18165,17797
421750,2007,326,16943,16617
421750,2008,230,14377,14147
421750,2009,270,14197,13927
421750,2010,420,13141,12721
421750,2011,280,11154,10874
421750,2012,285,11700,11415
421750,2013,270,11507,11237
421750,2014,380,10569,10189
421750,2015,495,10098,9603
421750,2016,665,9649,8984
421750,2017,690,7019,6329
421750,2018,830,6464,5634
421750,2019,758,6628,5870
421750,2020,765,6478,5713
421750,2021,795,5924,5129
421755,1988,0,0,0
421755,1989,0,0,0
421755,1990,2000,11217,9217
421755,1991,1300,10407,9107
421755,1992,1000,9697,8697
421755,1993,1500,9935,8435
421755,1994,1700,10144,8444
421755,1995,1700,10028,8328
421755,1996,320,5129,4809
421755,1997,400,5661,5261
421755,1998,500,5789,5289
421755,1999,500,5736,5236
421755,2000,575,5688,5113
421755,2001,600,5331,4731
421755,2002,700,5443,4743
421755,2003,880,5254,4374
421755,2004,1100,5170,4070
421755,2005,900,3589,2689
421755,2006,700,3975,3275
421755,2007,700,4141,3441
421755,2008,700,4013,3313
421755,2009,700,3680,2980
421755,2010,800,2903,2103
421755,2011,800,2528,1728
421755,2012,800,2077,1277
421755,2013,1100,2567,1467
421755,2014,1300,3042,1742
421755,2015,1200,2842,1642
421755,2016,1200,2717,1517
421755,2017,600,2022,1422
421755,2018,1400,2627,1227
421755,2019,1500,2597,1097
421755,2020,1500,2422,922
421755,2021,1500,3052,1552
421760,1988,0,4083,4083
421760,1989,0,4067,4067
421760,1990,0,3936,3936
421760,1991,0,4151,4151
421760,1992,0,4331,4331
421760,1993,0,4462,4462
421760,1994,0,4320,4320
421760,1995,0,3917,3917
421760,1996,0,2036,2036
421760,1997,0,2418,2418
421760,1998,0,3410,3410
421760,1999,0,3284,3284
421760,2000,0,3498,3498
421760,2001,0,3422,3422
421760,2002,0,3240,3240
421760,2003,0,3010,3010
421760,2004,0,2980,2980
421760,2005,0,2052,2052
421760,2006,0,2026,2026
421760,2007,0,2008,2008
421760,2008,0,1742,1742
421760,2009,0,1776,1776
421760,2010,0,1655,1655
421760,2011,0,1541,1541
421760,2012,0,1502,1502
421760,2013,0,1310,1310
421760,2014,0,1365,1365
421760,2015,0,1502,1502
421760,2016,0,1254,1254
421760,2017,0,975,975
421760,2018,0,980,980
421760,2019,0,989,989
421760,2020,0,1023,1023
421760,2021,0,1045,1045
421770,1988,400,9258,8858
421770,1989,400,7373,6973
421770,1990,400,5741,5341
421770,1991,400,4958,4558
421770,1992,400,5835,5435
421770,1993,400,5935,5535
421770,1994,300,4624,4324
421770,1995,300,4762,4462
421770,1996,110,4185,4075
421770,1997,0,3888,3888
421770,1998,0,4285,4285
421770,1999,0,4363,4363
421770,2000,0,4718,4718
421770,2001,0,4923,4923
421770,2002,0,5003,5003
421770,2003,0,5263,5263
421770,2004,0,5345,5345
421770,2005,0,5184,5184
421770,2006,0,5692,5692
421770,2007,0,5252,5252
421770,2008,0,5066,5066
421770,2009,0,6526,6526
421770,2010,0,5597,5597
421770,2011,0,6097,6097
421770,2012,0,5310,5310
421770,2013,0,5525,5525
421770,2014,0,5720,5720
421770,2015,0,5500,5500
421770,2016,0,5596,5596
421770,2017,0,5731,5731
421770,2018,0,5311,5311
421770,2019,80,4965,4885
421770,2020,0,4818,4818
421770,2021,25,5242,5217
421780,1988,0,9742,9742
421780,1989,0,10511,10511
421780,1990,0,9770,9770
421780,1991,0,9947,9947
421780,1992,0,11073,11073
421780,1993,0,11195,11195
421780,1994,0,11032,11032
421780,1995,0,11619,11619
421780,1996,6,9381,9375
421780,1997,0,10415,10415
421780,1998,0,9799,9799
421780,1999,0,9555,9555
421780,2000,0,10008,10008
421780,2001,0,10051,10051
421780,2002,0,10032,10032
421780,2003,0,10683,10683
421780,2004,10,9348,9338
421780,2005,10,9913,9903
421780,2006,0,11059,11059
421780,2007,0,10730,10730
421780,2008,0,10263,10263
421780,2009,0,10035,10035
421780,2010,0,10473,10473
421780,2011,0,8233,8233
421780,2012,0,9729,9729
421780,2013,0,9579,9579
421780,2014,0,8721,8721
421780,2015,30,8831,8801
421780,2016,300,9282,8982
421780,2017,450,9158,8708
421780,2018,650,7751,7101
421780,2019,800,7902,7102
421780,2020,800,7952,7152
421780,2021,800,7952,7152
421790,1988,200,17547,17347
421790,1989,100,16230,16130
421790,1990,0,16537,16537
421790,1991,0,17615,17615
421790,1992,0,16770,16770
421790,1993,0,14842,14842
421790,1994,0,14503,14503
421790,1995,0,17041,17041
421790,1996,60,12422,12362
421790,1997,70,12374,12304
421790,1998,60,11820,11760
421790,1999,50,11464,11414
421790,2000,50,11466,11416
421790,2001,25,11647,11622
421790,2002,0,11063,11063
421790,2003,0,11153,11153
421790,2004,0,11291,11291
421790,2005,80,11264,11184
421790,2006,200,11381,11181
421790,2007,200,11391,11191
421790,2008,280,12170,11890
421790,2009,600,13313,12713
421790,2010,550,12822,12272
421790,2011,495,11611,11116
421790,2012,910,11892,10982
421790,2013,1500,10739,9239
421790,2014,2230,11021,8791
421790,2015,2350,11388,9038
421790,2016,3250,12108,8858
421790,2017,3262,11639,8377
421790,2018,3204,11611,8407
421790,2019,3355,11618,8263
421790,2020,3355,11868,8513
421790,2021,3355,12218,8863
421800,1988,0,4161,4161
421800,1989,0,4172,4172
421800,1990,0,4072,4072
421800,1991,0,4108,4108
421800,1992,0,4154,4154
421800,1993,0,4154,4154
421800,1994,0,3919,3919
421800,1995,0,2162,2162
421800,1996,0,554,554
421800,1997,0,496,496
421800,1998,0,799,799
421800,1999,0,658,658
421800,2000,0,923,923
421800,2001,0,1012,1012
421800,2002,0,1396,1396
421800,2003,0,1835,1835
421800,2004,0,2735,2735
421800,2005,0,3322,3322
421800,2006,0,3339,3339
421800,2007,0,3337,3337
421800,2008,0,3113,3113
421800,2009,0,2877,2877
421800,2010,0,2770,2770
421800,2011,0,2866,2866
421800,2012,0,2900,2900
421800,2013,0,2868,2868
421800,2014,0,2793,2793
421800,2015,0,2770,2770
421800,2016,0,2735,2735
421800,2017,0,1885,1885
421800,2018,0,2775,2775
421800,2019,0,2401,2401
421800,2020,0,2341,2341
421800,2021,0,2387,2387
421810,1988,0,5346,5346
421810,1989,0,4982,4982
421810,1990,0,4949,4949
421810,1991,0,4929,4929
421810,1992,0,5084,5084
421810,1993,0,5214,5214
421810,1994,0,5134,5134
421810,1995,0,5183,5183
421810,1996,0,3904,3904
421810,1997,0,3840,3840
421810,1998,0,3881,3881
421810,1999,0,3993,3993
421810,2000,0,3731,3731
421810,2001,0,3898,3898
421810,2002,0,4041,4041
421810,2003,0,4153,4153
421810,2004,0,4352,4352
421810,2005,0,4626,4626
421810,2006,0,4819,4819
421810,2007,0,4793,4793
421810,2008,0,4793,4793
421810,2009,0,4782,4782
421810,2010,0,4652,4652
421810,2011,0,4508,4508
421810,2012,0,3878,3878
421810,2013,0,3790,3790
421810,2014,0,3890,3890
421810,2015,0,3820,3820
421810,2016,0,3985,3985
421810,2017,0,3980,3980
421810,2018,0,3730,3730
421810,2019,0,3705,3705
421810,2020,0,3974,3974
421810,2021,0,3924,3924
421820,1988,0,1614,1614
421820,1989,0,1853,1853
421820,1990,0,1953,1953
421820,1991,0,2073,2073
421820,1992,0,1933,1933
421820,1993,0,1951,1951
421820,1994,0,1658,1658
421820,1995,0,1641,1641
421820,1996,0,1232,1232
421820,1997,0,1226,1226
421820,1998,0,1380,1380
421820,1999,0,1473,1473
421820,2000,0,1656,1656
421820,2001,0,1831,1831
421820,2002,0,1516,1516
421820,2003,0,1511,1511
421820,2004,0,1516,1516
421820,2005,0,1506,1506
421820,2006,0,1506,1506
421820,2007,0,1506,1506
421820,2008,0,1496,1496
421820,2009,0,1611,1611
421820,2010,0,1528,1528
421820,2011,0,1557,1557
421820,2012,0,1289,1289
421820,2013,0,1290,1290
421820,2014,0,1290,1290
421820,2015,0,1130,1130
421820,2016,0,1120,1120
421820,2017,0,975,975
421820,2018,0,700,700
421820,2019,0,700,700
421820,2020,0,700,700
421820,2021,0,700,700
421825,1988,0,0,0
421825,1989,0,0,0
421825,1990,16,2022,2006
421825,1991,16,1735,1719
421825,1992,16,2433,2417
421825,1993,20,2264,2244
421825,1994,25,2563,2538
421825,1995,0,2492,2492
421825,1996,0,2079,2079
421825,1997,0,2084,2084
421825,1998,0,2155,2155
421825,1999,0,2342,2342
421825,2000,0,2838,2838
421825,2001,0,3238,3238
421825,2002,0,2539,2539
421825,2003,0,2529,2529
421825,2004,20,2577,2557
421825,2005,40,2605,2565
421825,2006,10,2735,2725
421825,2007,10,1650,1640
421825,2008,10,1695,1685
421825,2009,10,1852,1842
421825,2010,10,1874,1864
421825,2011,50,1579,1529
421825,2012,50,2199,2149
421825,2013,80,1856,1776
421825,2014,200,2070,1870
421825,2015,200,1800,1600
421825,2016,240,1476,1236
421825,2017,330,1270,940
421825,2018,350,1599,1249
421825,2019,500,1622,1122
421825,2020,500,1593,1093
421825,2021,500,1709,1209
421830,1988,2040,7355,5315
421830,1989,2000,6425,4425
421830,1990,1800,5962,4162
421830,1991,1000,5081,4081
421830,1992,800,5324,4524
421830,1993,1100,5302,4202
421830,1994,1200,5351,4151
421830,1995,2300,6362,4062
421830,1996,2000,5784,3784
421830,1997,2200,5162,2962
421830,1998,2600,5387,2787
421830,1999,2200,5589,3389
421830,2000,2500,6019,3519
421830,2001,2400,6488,4088
421830,2002,3000,7453,4453
421830,2003,3450,7675,4225
421830,2004,4200,7821,3621
421830,2005,3450,7719,4269
421830,2006,3700,8435,4735
421830,2007,4500,8137,3637
421830,2008,4000,10193,6193
421830,2009,4500,10360,5860
421830,2010,5100,9930,4830
421830,2011,5200,10210,5010
421830,2012,4800,9570,4770
421830,2013,5800,9597,3797
421830,2014,6300,10667,4367
421830,2015,6500,10130,3630
421830,2016,6800,9370,2570
421830,2017,6500,9490,2990
421830,2018,6500,9222,2722
421830,2019,6000,8550,2550
421830,2020,6000,8905,2905
421830,2021,7000,10055,3055
421840,1988,0,5139,5139
421840,1989,0,5550,5550
421840,1990,0,4678,4678
421840,1991,0,4833,4833
421840,1992,0,4602,4602
421840,1993,0,3879,3879
421840,1994,0,3710,3710
421840,1995,0,3927,3927
421840,1996,0,4139,4139
421840,1997,0,3919,3919
421840,1998,0,3911,3911
421840,1999,0,3911,3911
421840,2000,0,3474,3474
421840,2001,0,3563,3563
421840,2002,0,4040,4040
421840,2003,0,3585,3585
421840,2004,0,3450,3450
421840,2005,0,3530,3530
421840,2006,0,3512,3512
421840,2007,0,3455,3455
421840,2008,0,3554,3554
421840,2009,0,3031,3031
421840,2010,0,3079,3079
421840,2011,0,3028,3028
421840,2012,0,2519,2519
421840,2013,0,2554,2554
421840,2014,0,2622,2622
421840,2015,0,2535,2535
421840,2016,0,2833,2833
421840,2017,15,2999,2984
421840,2018,20,3067,3047
421840,2019,73,3076,3003
421840,2020,73,2708,2635
421840,2021,73,2708,2635
421850,1988,100,4493,4393
421850,1989,30,4276,4246
421850,1990,25,4502,4477
421850,1991,15,4457,4442
421850,1992,10,4638,4628
421850,1993,30,4643,4613
421850,1994,30,4643,4613
421850,1995,40,4528,4488
421850,1996,66,3344,3278
421850,1997,70,3329,3259
421850,1998,70,3350,3280
421850,1999,20,3141,3121
421850,2000,0,3143,3143
421850,2001,0,3131,3131
421850,2002,0,3114,3114
421850,2003,0,3118,3118
421850,2004,10,4060,4050
421850,2005,20,4073,4053
421850,2006,50,3852,3802
421850,2007,80,3766,3686
421850,2008,100,3560,3460
421850,2009,100,3578,3478
421850,2010,200,2537,2337
421850,2011,200,2517,2317
421850,2012,200,1697,1497
421850,2013,200,1697,1497
421850,2014,300,1687,1387
421850,2015,400,1577,1177
421850,2016,400,1577,1177
421850,2017,400,1557,1157
421850,2018,400,2297,1897
421850,2019,400,2282,1882
421850,2020,400,2282,1882
421850,2021,400,2332,1932
421860,1988,0,8778,8778
421860,1989,0,10619,10619
421860,1990,0,10508,10508
421860,1991,0,8215,8215
421860,1992,0,10277,10277
421860,1993,0,9780,9780
421860,1994,0,8852,8852
421860,1995,0,8240,8240
421860,1996,0,3112,3112
421860,1997,0,3414,3414
421860,1998,0,3204,3204
421860,1999,0,3601,3601
421860,2000,0,3541,3541
421860,2001,0,3902,3902
421860,2002,0,3852,3852
421860,2003,0,4121,4121
421860,2004,0,3985,3985
421860,2005,25,3335,3310
421860,2006,34,3230,3196
421860,2007,25,3747,3722
421860,2008,13,2729,2716
421860,2009,15,3198,3183
421860,2010,40,3023,2983
421860,2011,25,2959,2934
421860,2012,5,3026,3021
421860,2013,35,2907,2872
421860,2014,50,2858,2808
421860,2015,120,2968,2848
421860,2016,240,2902,2662
421860,2017,280,2791,2511
421860,2018,410,2526,2116
421860,2019,410,2558,2148
421860,2020,460,2661,2201
421860,2021,505,2734,2229
421870,1988,0,8602,8602
421870,1989,0,9012,9012
421870,1990,0,8541,8541
421870,1991,0,7909,7909
421870,1992,0,9167,9167
421870,1993,0,7981,7981
421870,1994,0,8355,8355
421870,1995,0,8381,8381
421870,1996,0,7513,7513
421870,1997,0,6785,6785
421870,1998,0,6617,6617
421870,1999,0,6718,6718
421870,2000,0,6796,6796
421870,2001,0,6855,6855
421870,2002,0,7079,7079
421870,2003,0,6847,6847
421870,2004,0,7951,7951
421870,2005,0,8065,8065
421870,2006,0,7700,7700
421870,2007,0,7699,7699
421870,2008,0,8485,8485
421870,2009,0,9558,9558
421870,2010,0,9527,9527
421870,2011,0,9215,9215
421870,2012,0,9297,9297
421870,2013,0,8517,8517
421870,2014,0,8672,8672
421870,2015,0,8107,8107
421870,2016,0,8163,8163
421870,2017,0,8168,8168
421870,2018,0,7186,7186
421870,2019,0,7253,7253
421870,2020,515,7824,7309
421870,2021,1045,7608,6563
421880,1988,0,16134,16134
421880,1989,200,16073,15873
421880,1990,200,16806,16606
421880,1991,50,17207,17157
421880,1992,50,17328,17278
421880,1993,50,18080,18030
421880,1994,40,16214,16174
421880,1995,40,15999,15959
421880,1996,8,14907,14899
421880,1997,0,14209,14209
421880,1998,0,14818,14818
421880,1999,0,16064,16064
421880,2000,0,15866,15866
421880,2001,0,15669,15669
421880,2002,0,16430,16430
421880,2003,0,16364,16364
421880,2004,0,16987,16987
421880,2005,0,16259,16259
421880,2006,0,17247,17247
421880,2007,0,17087,17087
421880,2008,0,16947,16947
421880,2009,0,16497,16497
421880,2010,0,16812,16812
421880,2011,0,16165,16165
421880,2012,0,15575,15575
421880,2013,0,16477,16477
421880,2014,0,16477,16477
421880,2015,0,16385,16385
421880,2016,0,16271,16271
421880,2017,40,16395,16355
421880,2018,170,16485,16315
421880,2019,100,16528,16428
421880,2020,120,18315,18195
421880,2021,120,18323,18203
421890,1988,0,3538,3538
421890,1989,0,3822,3822
421890,1990,0,3942,3942
421890,1991,0,3984,3984
421890,1992,0,4172,4172
421890,1993,0,4377,4377
421890,1994,0,4709,4709
421890,1995,0,4691,4691
421890,1996,0,4704,4704
421890,1997,0,4698,4698
421890,1998,0,4698,4698
421890,1999,0,4549,4549
421890,2000,0,3660,3660
421890,2001,0,3384,3384
421890,2002,0,3524,3524
421890,2003,0,3878,3878
421890,2004,0,3905,3905
421890,2005,0,3694,3694
421890,2006,0,4015,4015
421890,2007,0,4237,4237
421890,2008,0,4236,4236
421890,2009,0,3924,3924
421890,2010,0,4073,4073
421890,2011,0,4165,4165
421890,2012,0,3558,3558
421890,2013,50,2776,2726
421890,2014,50,2843,2793
421890,2015,50,2896,2846
421890,2016,200,2648,2448
421890,2017,170,2662,2492
421890,2018,170,2682,2512
421890,2019,100,3374,3274
421890,2020,100,3126,3026
421890,2021,200,3268,3068
421895,1988,0,0,0
421895,1989,0,10,10
421895,1990,0,1285,1285
421895,1991,0,1325,1325
421895,1992,0,1385,1385
421895,1993,0,1345,1345
421895,1994,0,1287,1287
421895,1995,0,1482,1482
421895,1996,0,1036,1036
421895,1997,0,1036,1036
421895,1998,0,972,972
421895,1999,0,1226,1226
421895,2000,0,1352,1352
421895,2001,0,1330,1330
421895,2002,0,1120,1120
421895,2003,0,1211,1211
421895,2004,0,1248,1248
421895,2005,0,1136,1136
421895,2006,0,1240,1240
421895,2007,0,1213,1213
421895,2008,0,1213,1213
421895,2009,0,1242,1242
421895,2010,0,1229,1229
421895,2011,0,960,960
421895,2012,0,889,889
421895,2013,0,789,789
421895,2014,0,859,859
421895,2015,0,865,865
421895,2016,0,775,775
421895,2017,0,855,855
421895,2018,0,795,795
421895,2019,0,741,741
421895,2020,0,736,736
421895,2021,0,826,826
421900,1988,0,4665,4665
421900,1989,0,3764,3764
421900,1990,0,3583,3583
421900,1991,0,3765,3765
421900,1992,0,3394,3394
421900,1993,0,3806,3806
421900,1994,0,3561,3561
421900,1995,0,3902,3902
421900,1996,0,3566,3566
421900,1997,0,3272,3272
421900,1998,0,3524,3524
421900,1999,0,3757,3757
421900,2000,0,3560,3560
421900,2001,0,3269,3269
421900,2002,0,3578,3578
421900,2003,0,3659,3659
421900,2004,0,4038,4038
421900,2005,0,3932,3932
421900,2006,0,3510,3510
421900,2007,0,3276,3276
421900,2008,0,3272,3272
421900,2009,0,2956,2956
421900,2010,0,2791,2791
421900,2011,0,2456,2456
421900,2012,0,2379,2379
421900,2013,0,2321,2321
421900,2014,0,2236,2236
421900,2015,0,2282,2282
421900,2016,0,2340,2340
421900,2017,0,2366,2366
421900,2018,60,2393,2333
421900,2019,80,2627,2547
421900,2020,80,2481,2401
421900,2021,90,2636,2546
421910,1988,2700,7536,4836
421910,1989,3500,6659,3159
421910,1990,3000,7352,4352
421910,1991,2800,7242,4442
421910,1992,2500,7255,4755
421910,1993,3800,9445,5645
421910,1994,3800,9725,5925
421910,1995,3800,9566,5766
421910,1996,1900,4980,3080
421910,1997,2100,6147,4047
421910,1998,3000,6940,3940
421910,1999,2500,7225,4725
421910,2000,2200,7500,5300
421910,2001,2200,7370,5170
421910,2002,2500,6948,4448
421910,2003,2500,7022,4522
421910,2004,3000,8113,5113
421910,2005,3800,8633,4833
421910,2006,3800,7885,4085
421910,2007,5200,8497,3297
421910,2008,5200,9129,3929
421910,2009,5200,8740,3540
421910,2010,5400,7326,1926
421910,2011,5400,8144,2744
421910,2012,5400,7146,1746
421910,2013,5750,7350,1600
421910,2014,5750,7420,1670
421910,2015,5750,7387,1637
421910,2016,5750,7166,1416
421910,2017,5750,7104,1354
421910,2018,6000,7365,1365
421910,2019,5750,7226,1476
421910,2020,5750,7176,1426
421910,2021,5750,7376,1626
421920,1988,0,7898,7898
421920,1989,0,8699,8699
421920,1990,0,8611,8611
421920,1991,0,7576,7576
421920,1992,0,6665,6665
421920,1993,0,6455,6455
421920,1994,0,6785,6785
421920,1995,0,6511,6511
421920,1996,0,6004,6004
421920,1997,0,5976,5976
421920,1998,0,6093,6093
421920,1999,0,6688,6688
421920,2000,0,6582,6582
421920,2001,0,6366,6366
421920,2002,0,6668,6668
421920,2003,0,6905,6905
421920,2004,0,6720,6720
421920,2005,0,6262,6262
421920,2006,0,6536,6536
421920,2007,0,6531,6531
421920,2008,0,6668,6668
421920,2009,200,6039,5839
421920,2010,200,5909,5709
421920,2011,100,5954,5854
421920,2012,100,5701,5601
421920,2013,450,5971,5521
421920,2014,600,6463,5863
421920,2015,1000,6897,5897
421920,2016,1200,6676,5476
421920,2017,1000,6575,5575
421920,2018,800,6225,5425
421920,2019,700,6152,5452
421920,2020,700,6216,5516
421920,2021,700,6206,5506
421930,1988,200,15562,15362
421930,1989,50,14285,14235
421930,1990,50,13231,13181
421930,1991,0,12887,12887
421930,1992,0,13242,13242
421930,1993,0,12297,12297
421930,1994,0,13093,13093
421930,1995,0,14932,14932
421930,1996,85,10917,10832
421930,1997,0,10830,10830
421930,1998,80,10962,10882
421930,1999,80,10816,10736
421930,2000,80,10851,10771
421930,2001,0,10690,10690
421930,2002,0,10625,10625
421930,2003,0,10648,10648
421930,2004,0,10668,10668
421930,2005,0,10576,10576
421930,2006,0,10460,10460
421930,2007,0,10549,10549
421930,2008,0,10263,10263
421930,2009,0,9936,9936
421930,2010,150,9996,9846
421930,2011,100,9518,9418
421930,2012,200,10402,10202
421930,2013,720,10170,9450
421930,2014,1550,10113,8563
421930,2015,2000,9989,7989
421930,2016,3560,11328,7768
421930,2017,3560,11003,7443
421930,2018,2122,9953,7831
421930,2019,2500,11017,8517
421930,2020,2500,10970,8470
421930,2021,2570,11013,8443
421935,1988,0,0,0
421935,1989,0,0,0
421935,1990,0,5220,5220
421935,1991,0,5216,5216
421935,1992,0,5864,5864
421935,1993,0,6005,6005
421935,1994,0,5361,5361
421935,1995,0,4166,4166
421935,1996,0,3780,3780
421935,1997,0,3912,3912
421935,1998,0,4030,4030
421935,1999,0,3990,3990
421935,2000,0,3928,3928
421935,2001,0,3860,3860
421935,2002,0,4174,4174
421935,2003,0,4596,4596
421935,2004,200,5153,4953
421935,2005,200,4881,4681
421935,2006,200,5398,5198
421935,2007,0,5150,5150
421935,2008,150,5240,5090
421935,2009,150,5001,4851
421935,2010,200,4989,4789
421935,2011,200,4364,4164
421935,2012,200,4216,4016
421935,2013,250,4436,4186
421935,2014,250,4086,3836
421935,2015,250,4284,4034
421935,2016,350,4079,3729
421935,2017,450,4084,3634
421935,2018,150,2750,2600
421935,2019,400,3899,3499
421935,2020,500,3930,3430
421935,2021,660,3930,3270
421940,1988,0,4243,4243
421940,1989,20,3741,3721
421940,1990,0,4401,4401
421940,1991,0,4219,4219
421940,1992,0,4427,4427
421940,1993,0,4265,4265
421940,1994,0,3475,3475
421940,1995,0,3326,3326
421940,1996,0,2477,2477
421940,1997,0,2764,2764
421940,1998,0,2749,2749
421940,1999,0,2284,2284
421940,2000,0,2521,2521
421940,2001,0,2392,2392
421940,2002,0,2502,2502
421940,2003,0,2585,2585
421940,2004,0,2861,2861
421940,2005,0,2879,2879
421940,2006,0,2894,2894
421940,2007,0,3105,3105
421940,2008,0,3077,3077
421940,2009,0,3013,3013
421940,2010,0,3172,3172
421940,2011,0,2855,2855
421940,2012,0,2767,2767
421940,2013,0,2774,2774
421940,2014,0,2944,2944
421940,2015,0,2430,2430
421940,2016,90,2471,2381
421940,2017,5,2391,2386
421940,2018,15,1899,1884
421940,2019,150,1728,1578
421940,2020,150,1755,1605
421940,2021,150,1897,1747
421950,1988,53000,124365,71365
421950,1989,58500,132298,73798
421950,1990,57000,133687,76687
421950,1991,47800,129582,81782
421950,1992,45000,122116,77116
421950,1993,49700,116982,67282
421950,1994,48000,113606,65606
421950,1995,49000,113904,64904
421950,1996,48878,105780,56902
421950,1997,52515,97878,45363
421950,1998,56380,102299,45919
421950,1999,57600,106993,49393
421950,2000,48850,106540,57690
421950,2001,43750,111163,67413
421950,2002,53550,116321,62771
421950,2003,49150,122503,73353
421950,2004,56800,126211,69411
421950,2005,61850,130467,68617
421950,2006,56850,129527,72677
421950,2007,67000,137353,70353
421950,2008,60800,128137,67337
421950,2009,61600,125135,63535
421950,2010,72530,118644,46114
421950,2011,73900,116921,43021
421950,2012,70700,115106,44406
421950,2013,72500,119183,46683
421950,2014,76580,125702,49122
421950,2015,79435,116655,37220
421950,2016,81900,115706,33806
421950,2017,80150,113946,33796
421950,2018,86440,124994,38554
421950,2019,87740,126744,39004
421950,2020,80650,128696,48046
421950,2021,75750,124001,48251
421960,1988,2100,12684,10584
421960,1989,2100,16790,14690
421960,1990,2000,19824,17824
421960,1991,2000,20057,18057
421960,1992,600,18900,18300
421960,1993,600,17370,16770
421960,1994,300,17421,17121
421960,1995,100,16602,16502
421960,1996,35,7821,7786
421960,1997,35,5965,5930
421960,1998,30,5877,5847
421960,1999,0,5822,5822
421960,2000,0,6017,6017
421960,2001,0,5930,5930
421960,2002,0,5857,5857
421960,2003,0,6318,6318
421960,2004,20,9060,9040
421960,2005,20,6195,6175
421960,2006,20,6183,6163
421960,2007,20,5967,5947
421960,2008,20,5406,5386
421960,2009,20,5574,5554
421960,2010,50,4091,4041
421960,2011,20,3718,3698
421960,2012,10,2290,2280
421960,2013,20,1649,1629
421960,2014,20,1274,1254
421960,2015,40,1307,1267
421960,2016,40,947,907
421960,2017,100,1586,1486
421960,2018,115,1527,1412
421960,2019,140,1510,1370
421960,2020,110,1180,1070
421960,2021,110,1258,1148
421970,1988,14000,43368,29368
421970,1989,14000,42623,28623
421970,1990,9500,29231,19731
421970,1991,7200,32796,25596
421970,1992,4200,29259,25059
421970,1993,6500,29187,22687
421970,1994,6600,29403,22803
421970,1995,5600,28281,22681
421970,1996,3750,18960,15210
421970,1997,3800,17844,14044
421970,1998,4860,19000,14140
421970,1999,5860,18291,12431
421970,2000,5160,18141,12981
421970,2001,4660,17747,13087
421970,2002,4700,17085,12385
421970,2003,4600,18062,13462
421970,2004,6070,18152,12082
421970,2005,6570,16718,10148
421970,2006,5970,16079,10109
421970,2007,6300,15444,9144
421970,2008,6500,15575,9075
421970,2009,6500,15931,9431
421970,2010,6700,14400,7700
421970,2011,6200,13747,7547
421970,2012,6200,11457,5257
421970,2013,6200,11149,4949
421970,2014,6700,12099,5399
421970,2015,6000,10556,4556
421970,2016,5900,10129,4229
421970,2017,6400,10398,3998
421970,2018,6400,9852,3452
421970,2019,6700,10132,3432
421970,2020,7000,10983,3983
421970,2021,7200,11922,4722
430010,1988,700,16680,15980
430010,1989,400,16835,16435
430010,1990,340,17089,16749
430010,1991,300,16443,16143
430010,1992,200,17601,17401
430010,1993,200,17650,17450
430010,1994,200,17933,17733
430010,1995,80,17835,17755
430010,1996,65,16064,15999
430010,1997,30,17468,17438
430010,1998,5,16642,16637
430010,1999,0,17954,17954
430010,2000,0,18193,18193
430010,2001,0,18292,18292
430010,2002,0,20760,20760
430010,2003,0,20935,20935
430010,2004,0,21877,21877
430010,2005,0,21077,21077
430010,2006,0,21064,21064
430010,2007,0,20956,20956
430010,2008,20,20573,20553
430010,2009,70,20821,20751
430010,2010,150,20714,20564
430010,2011,150,20090,19940
430010,2012,300,18526,18226
430010,2013,400,19519,19119
430010,2014,600,19716,19116
430010,2015,700,20346,19646
430010,2016,850,19798,18948
430010,2017,900,19914,19014
430010,2018,850,19752,18902
430010,2019,950,19830,18880
430010,2020,1000,19450,18450
430010,2021,1000,19684,18684
430020,1988,30000,51697,21697
430020,1989,33000,49898,16898
430020,1990,33000,50511,17511
430020,1991,30000,47986,17986
430020,1992,28000,47816,19816
430020,1993,32000,46439,14439
430020,1994,32000,46391,14391
430020,1995,30000,42753,12753
430020,1996,30000,47144,17144
430020,1997,31000,43708,12708
430020,1998,32500,43095,10595
430020,1999,31700,45024,13324
430020,2000,32200,46789,14589
430020,2001,30200,49657,19457
430020,2002,32000,52125,20125
430020,2003,33000,54472,21472
430020,2004,33700,55741,22041
430020,2005,34500,52490,17990
430020,2006,32700,49028,16328
430020,2007,32700,50893,18193
430020,2008,32200,50361,18161
430020,2009,32200,48199,15999
430020,2010,31200,45375,14175
430020,2011,30700,45577,14877
430020,2012,30600,48787,18187
430020,2013,31300,48978,17678
430020,2014,30600,54465,23865
430020,2015,31080,51867,20787
430020,2016,32000,49805,17805
430020,2017,32800,51186,18386
430020,2018,34240,54682,20442
430020,2019,35165,56280,21115
430020,2020,35080,58168,23088
430020,2021,35080,61349,26269
430040,1988,22000,105640,83640
430040,1989,29300,107333,78033
430040,1990,18500,91064,72564
430040,1991,14000,93968,79968
430040,1992,16000,100871,84871
430040,1993,18000,101634,83634
430040,1994,19500,103613,84113
430040,1995,19000,103921,84921
430040,1996,6090,83624,77534
430040,1997,14000,84543,70543
430040,1998,20000,96417,76417
430040,1999,22000,107121,85121
430040,2000,22500,106908,84408
430040,2001,27500,114048,86548
430040,2002,39500,122493,82993
430040,2003,48500,130197,81697
430040,2004,76000,160790,84790
430040,2005,87608,174755,87147
430040,2006,76000,163709,87709
430040,2007,64000,149349,85349
430040,2008,54000,140193,86193
430040,2009,55000,143300,88300
430040,2010,49000,146050,97050
430040,2011,48000,143556,95556
430040,2012,59308,149606,90298
430040,2013,76500,174061,97561
430040,2014,85000,179386,94386
430040,2015,98000,184257,86257
430040,2016,102000,181471,79471
430040,2017,110000,194665,84665
430040,2018,120000,205015,85015
430040,2019,130000,208312,78312
430040,2020,158000,249861,91861
430040,2021,162000,264286,102286
430045,1988,0,0,0
430045,1989,12000,22253,10253
430045,1990,12000,21899,9899
430045,1991,11500,19688,8188
430045,1992,10500,18826,8326
430045,1993,10500,18857,8357
430045,1994,10500,18706,8206
430045,1995,10000,17532,7532
430045,1996,7971,14041,6070
430045,1997,10500,19295,8795
430045,1998,9000,16132,7132
430045,1999,9000,16132,7132
430045,2000,9000,15482,6482
430045,2001,8500,15279,6779
430045,2002,9000,15232,6232
430045,2003,10000,18315,8315
430045,2004,10500,18921,8421
430045,2005,10500,18166,7666
430045,2006,10000,15081,5081
430045,2007,10000,14401,4401
430045,2008,8850,14545,5695
430045,2009,7950,13716,5766
430045,2010,8800,14343,5543
430045,2011,8800,14619,5819
430045,2012,8000,14375,6375
430045,2013,6800,12725,5925
430045,2014,6800,11255,4455
430045,2015,6800,10960,4160
430045,2016,7000,11810,4810
430045,2017,6087,11054,4967
430045,2018,7487,12721,5234
430045,2019,6787,12098,5311
430045,2020,7432,12599,5167
430045,2021,7432,12566,5134
430050,1988,2650,32019,29369
430050,1989,3900,28808,24908
430050,1990,2900,29688,26788
430050,1991,1900,29297,27397
430050,1992,2000,26107,24107
430050,1993,2500,26028,23528
430050,1994,2600,25524,22924
430050,1995,1700,25772,24072
430050,1996,1684,19652,17968
430050,1997,1800,24586,22786
430050,1998,2000,23552,21552
430050,1999,300,20101,19801
430050,2000,450,20388,19938
430050,2001,500,20864,20364
430050,2002,450,17548,17098
430050,2003,400,17896,17496
430050,2004,500,18720,18220
430050,2005,580,16946,16366
430050,2006,400,18501,18101
430050,2007,300,17391,17091
430050,2008,200,14055,13855
430050,2009,300,14515,14215
430050,2010,300,14236,13936
430050,2011,300,14236,13936
430050,2012,200,13016,12816
430050,2013,250,13768,13518
430050,2014,300,12153,11853
430050,2015,330,11701,11371
430050,2016,700,9075,8375
430050,2017,700,9206,8506
430050,2018,900,7263,6363
430050,2019,900,7493,6593
430050,2020,1200,7192,5992
430050,2021,1400,6744,5344
430055,1988,0,0,0
430055,1989,6000,11005,5005
430055,1990,6000,11605,5605
430055,1991,5500,9070,3570
430055,1992,5500,8488,2988
430055,1993,5900,8286,2386
430055,1994,5900,8158,2258
430055,1995,5250,7019,1769
430055,1996,5150,8207,3057
430055,1997,4800,7380,2580
430055,1998,5000,7067,2067
430055,1999,5000,6747,1747
430055,2000,5000,7739,2739
430055,2001,5000,7690,2690
430055,2002,5500,8455,2955
430055,2003,6000,9793,3793
430055,2004,6200,10066,3866
430055,2005,6200,8643,2443
430055,2006,5700,8180,2480
430055,2007,6000,8441,2441
430055,2008,5700,8597,2897
430055,2009,5500,8562,3062
430055,2010,6000,8137,2137
430055,2011,6000,8762,2762
430055,2012,6250,8699,2449
430055,2013,6250,8725,2475
430055,2014,6315,8490,2175
430055,2015,6045,7450,1405
430055,2016,6050,7906,1856
430055,2017,6080,7688,1608
430055,2018,6080,7658,1578
430055,2019,6000,7503,1503
430055,2020,6000,8223,2223
430055,2021,6000,8543,2543
430060,1988,80,409,329
430060,1989,80,249,169
430060,1990,0,132,132
430060,1991,0,130,130
430060,1992,0,118,118
430060,1993,0,113,113
430060,1994,0,106,106
430060,1995,0,173,173
430060,1996,0,268,268
430060,1997,0,135,135
430060,1998,0,41,41
430060,1999,0,130,130
430060,2000,0,174,174
430060,2001,0,135,135
430060,2002,0,131,131
430060,2003,0,139,139
430060,2004,0,96,96
430060,2005,0,73,73
430060,2006,0,116,116
430060,2007,0,96,96
430060,2008,0,121,121
430060,2009,0,186,186
430060,2010,0,186,186
430060,2011,0,192,192
430060,2012,0,136,136
430060,2013,0,181,181
430060,2014,0,183,183
430060,2015,0,146,146
430060,2016,0,116,116
430060,2017,0,102,102
430060,2018,0,83,83
430060,2019,35,86,51
430060,2020,35,41,6
430060,2021,0,47,47
430063,1988,0,0,0
430063,1989,300,4752,4452
430063,1990,400,5806,5406
430063,1991,0,6709,6709
430063,1992,0,6895,6895
430063,1993,0,6430,6430
430063,1994,0,5844,5844
430063,1995,0,6330,6330
430063,1996,6,6088,6082
430063,1997,0,5557,5557
430063,1998,0,5332,5332
430063,1999,0,5109,5109
430063,2000,0,5122,5122
430063,2001,0,5201,5201
430063,2002,0,5334,5334
430063,2003,600,6751,6151
430063,2004,600,7284,6684
430063,2005,200,6688,6488
430063,2006,600,7226,6626
430063,2007,850,6853,6003
430063,2008,600,6293,5693
430063,2009,600,6677,6077
430063,2010,600,7379,6779
430063,2011,600,6929,6329
430063,2012,600,6449,5849
430063,2013,690,7139,6449
430063,2014,700,6849,6149
430063,2015,1300,6706,5406
430063,2016,1600,6801,5201
430063,2017,1600,6992,5392
430063,2018,1500,6851,5351
430063,2019,2000,7014,5014
430063,2020,2000,6833,4833
430063,2021,2000,6899,4899
430066,1988,0,0,0
430066,1989,1000,4074,3074
430066,1990,2800,6574,3774
430066,1991,2500,4774,2274
430066,1992,1350,3432,2082
430066,1993,1350,3398,2048
430066,1994,1500,3513,2013
430066,1995,1500,3255,1755
430066,1996,1000,2760,1760
430066,1997,1300,3394,2094
430066,1998,2000,3903,1903
430066,1999,2300,4174,1874
430066,2000,2300,4183,1883
430066,2001,2500,6034,3534
430066,2002,3500,7237,3737
430066,2003,4500,9266,4766
430066,2004,8000,12567,4567
430066,2005,7700,11569,3869
430066,2006,8000,12499,4499
430066,2007,8000,12599,4599
430066,2008,8500,13882,5382
430066,2009,9000,14177,5177
430066,2010,10000,14896,4896
430066,2011,10000,15373,5373
430066,2012,11000,16696,5696
430066,2013,12000,16968,4968
430066,2014,13000,18203,5203
430066,2015,14300,20332,6032
430066,2016,14355,18531,4176
430066,2017,16700,21974,5274
430066,2018,18000,21598,3598
430066,2019,15000,21646,6646
430066,2020,16000,21332,5332
430066,2021,18000,22642,4642
430080,1988,0,9439,9439
430080,1989,0,5717,5717
430080,1990,0,5836,5836
430080,1991,0,5889,5889
430080,1992,0,5941,5941
430080,1993,0,5881,5881
430080,1994,0,5691,5691
430080,1995,0,6004,6004
430080,1996,0,4350,4350
430080,1997,0,5507,5507
430080,1998,0,5620,5620
430080,1999,0,4607,4607
430080,2000,0,4671,4671
430080,2001,0,4632,4632
430080,2002,0,4503,4503
430080,2003,0,4615,4615
430080,2004,0,4617,4617
430080,2005,0,4692,4692
430080,2006,0,4790,4790
430080,2007,0,4913,4913
430080,2008,0,5315,5315
430080,2009,0,5034,5034
430080,2010,0,5031,5031
430080,2011,0,5519,5519
430080,2012,0,4682,4682
430080,2013,0,4684,4684
430080,2014,0,4503,4503
430080,2015,0,4678,4678
430080,2016,0,4728,4728
430080,2017,100,4818,4718
430080,2018,0,4312,4312
430080,2019,0,4633,4633
430080,2020,0,4643,4643
430080,2021,0,4728,4728
430090,1988,10000,28724,18724
430090,1989,9500,27662,18162
430090,1990,9000,28487,19487
430090,1991,7000,28161,21161
430090,1992,8500,32086,23586
430090,1993,7000,31174,24174
430090,1994,6200,31191,24991
430090,1995,5500,30668,25168
430090,1996,1950,17567,15617
430090,1997,2100,19061,16961
430090,1998,3800,25774,21974
430090,1999,650,18797,18147
430090,2000,500,15179,14679
430090,2001,450,15534,15084
430090,2002,670,16253,15583
430090,2003,350,19039,18689
430090,2004,600,19234,18634
430090,2005,580,16649,16069
430090,2006,248,14653,14405
430090,2007,248,13951,13703
430090,2008,600,12425,11825
430090,2009,450,11907,11457
430090,2010,850,9254,8404
430090,2011,860,8233,7373
430090,2012,765,8269,7504
430090,2013,770,8325,7555
430090,2014,1030,8422,7392
430090,2015,1130,8456,7326
430090,2016,1325,7945,6620
430090,2017,1420,7828,6408
430090,2018,2070,7165,5095
430090,2019,2140,7380,5240
430090,2020,2300,7985,5685
430090,2021,2500,9110,6610
430100,1988,8000,30206,22206
430100,1989,9703,27504,17801
430100,1990,7800,23828,16028
430100,1991,7200,22754,15554
430100,1992,5150,20571,15421
430100,1993,6080,20077,13997
430100,1994,5360,18318,12958
430100,1995,5270,18324,13054
430100,1996,1790,13953,12163
430100,1997,3985,16625,12640
430100,1998,3968,16349,12381
430100,1999,1918,12217,10299
430100,2000,1768,11932,10164
430100,2001,1719,11999,10280
430100,2002,1770,12120,10350
430100,2003,1770,12072,10302
430100,2004,1784,12247,10463
430100,2005,1833,11924,10091
430100,2006,1770,11568,9798
430100,2007,1175,8868,7693
430100,2008,1145,7524,6379
430100,2009,1240,7329,6089
430100,2010,1260,6526,5266
430100,2011,1260,6416,5156
430100,2012,1120,6844,5724
430100,2013,1140,5703,4563
430100,2014,1140,5461,4321
430100,2015,1140,5221,4081
430100,2016,1160,4194,3034
430100,2017,1150,4622,3472
430100,2018,1238,4566,3328
430100,2019,1395,4800,3405
430100,2020,1203,4524,3321
430100,2021,1353,4529,3176
430105,1988,0,0,0
430105,1989,0,95,95
430105,1990,0,99,99
430105,1991,0,100,100
430105,1992,0,100,100
430105,1993,0,100,100
430105,1994,0,100,100
430105,1995,0,50,50
430105,1996,0,270,270
430105,1997,0,165,165
430105,1998,0,70,70
430105,1999,0,45,45
430105,2000,0,45,45
430105,2001,0,45,45
430105,2002,0,45,45
430105,2003,0,45,45
430105,2004,0,45,45
430105,2005,0,45,45
430105,2006,0,45,45
430105,2007,0,45,45
430105,2008,0,45,45
430105,2009,0,45,45
430105,2010,0,45,45
430105,2011,0,52,52
430105,2012,0,219,219
430105,2013,0,199,199
430105,2014,0,127,127
430105,2015,0,125,125
430105,2016,0,126,126
430105,2017,0,127,127
430105,2018,0,127,127
430105,2019,0,116,116
430105,2020,0,118,118
430105,2021,0,22,22
430110,1988,0,3320,3320
430110,1989,20,2624,2604
430110,1990,0,2572,2572
430110,1991,0,2856,2856
430110,1992,0,2978,2978
430110,1993,0,3001,3001
430110,1994,0,3086,3086
430110,1995,0,3053,3053
430110,1996,0,1085,1085
430110,1997,0,2658,2658
430110,1998,0,2705,2705
430110,1999,0,2986,2986
430110,2000,0,2851,2851
430110,2001,0,3022,3022
430110,2002,0,1970,1970
430110,2003,0,2142,2142
430110,2004,300,2770,2470
430110,2005,600,3054,2454
430110,2006,800,2901,2101
430110,2007,1000,3503,2503
430110,2008,1000,3200,2200
430110,2009,700,2359,1659
430110,2010,500,2028,1528
430110,2011,750,2528,1778
430110,2012,750,2507,1757
430110,2013,850,2803,1953
430110,2014,1500,3475,1975
430110,2015,1800,4054,2254
430110,2016,2318,3919,1601
430110,2017,2800,4182,1382
430110,2018,3500,4712,1212
430110,2019,3500,4312,812
430110,2020,4000,5134,1134
430110,2021,3800,5651,1851
430120,1988,12000,36749,24749
430120,1989,14000,43103,29103
430120,1990,14000,45701,31701
430120,1991,12500,44901,32401
430120,1992,10000,40564,30564
430120,1993,12000,38781,26781
430120,1994,12700,41017,28317
430120,1995,12000,38991,26991
430120,1996,11000,33588,22588
430120,1997,12000,32324,20324
430120,1998,12700,35715,23015
430120,1999,12300,37353,25053
430120,2000,12000,37832,25832
430120,2001,12300,36431,24131
430120,2002,13100,39331,26231
430120,2003,13400,43244,29844
430120,2004,14800,41815,27015
430120,2005,15400,37617,22217
430120,2006,15200,39891,24691
430120,2007,15200,40491,25291
430120,2008,15200,41780,26580
430120,2009,16000,43030,27030
430120,2010,16700,39735,23035
430120,2011,16950,40083,23133
430120,2012,18000,40068,22068
430120,2013,18500,41938,23438
430120,2014,19170,42401,23231
430120,2015,19800,39574,19774
430120,2016,20900,41374,20474
430120,2017,21050,39615,18565
430120,2018,21500,38927,17427
430120,2019,22100,38450,16350
430120,2020,21750,41511,19761
430120,2021,22050,42340,20290
430130,1988,5000,32657,27657
430130,1989,9000,40362,31362
430130,1990,7000,27970,20970
430130,1991,5000,39606,34606
430130,1992,3500,42793,39293
430130,1993,3400,43570,40170
430130,1994,4200,44902,40702
430130,1995,4000,45716,41716
430130,1996,846,36395,35549
430130,1997,1500,38067,36567
430130,1998,2300,39349,37049
430130,1999,2195,45035,42840
430130,2000,800,40722,39922
430130,2001,1900,39403,37503
430130,2002,5500,43316,37816
430130,2003,10000,46575,36575
430130,2004,10908,50718,39810
430130,2005,16850,56160,39310
430130,2006,7889,49690,41801
430130,2007,8000,49573,41573
430130,2008,8000,52897,44897
430130,2009,11671,62146,50475
430130,2010,15000,61934,46934
430130,2011,18000,64452,46452
430130,2012,22000,62042,40042
430130,2013,40000,79902,39902
430130,2014,40000,83080,43080
430130,2015,40000,83810,43810
430130,2016,40000,84183,44183
430130,2017,39500,86358,46858
430130,2018,42500,86901,44401
430130,2019,42500,76710,34210
430130,2020,44530,76800,32270
430130,2021,47120,84281,37161
430140,1988,5500,21994,16494
430140,1989,2700,15720,13020
430140,1990,1700,14386,12686
430140,1991,800,13556,12756
430140,1992,800,13809,13009
430140,1993,400,13028,12628
430140,1994,400,13883,13483
430140,1995,320,13853,13533
430140,1996,226,12001,11775
430140,1997,220,14855,14635
430140,1998,220,15079,14859
430140,1999,185,15466,15281
430140,2000,130,15311,15181
430140,2001,170,15538,15368
430140,2002,290,17613,17323
430140,2003,430,18528,18098
430140,2004,1800,14877,13077
430140,2005,2200,19263,17063
430140,2006,2080,18992,16912
430140,2007,2100,18519,16419
430140,2008,1940,18240,16300
430140,2009,2900,19502,16602
430140,2010,3200,17381,14181
430140,2011,3500,17255,13755
430140,2012,3500,19341,15841
430140,2013,4000,19277,15277
430140,2014,4400,19796,15396
430140,2015,4520,19473,14953
430140,2016,4720,19497,14777
430140,2017,4850,18845,13995
430140,2018,5300,17981,12681
430140,2019,6150,16802,10652
430140,2020,6700,17274,10574
430140,2021,6750,17503,10753
430155,1988,0,0,0
430155,1989,10500,25881,15381
430155,1990,9500,26974,17474
430155,1991,7000,25571,18571
430155,1992,7600,25895,18295
430155,1993,9800,27249,17449
430155,1994,10300,27683,17383
430155,1995,9800,28301,18501
430155,1996,5500,20010,14510
430155,1997,6500,20169,13669
430155,1998,8800,23236,14436
430155,1999,7100,20469,13369
430155,2000,7100,21380,14280
430155,2001,7050,21906,14856
430155,2002,8000,24512,16512
430155,2003,9150,27314,18164
430155,2004,10800,26563,15763
430155,2005,12400,25190,12790
430155,2006,11100,23962,12862
430155,2007,11800,23015,11215
430155,2008,11200,24486,13286
430155,2009,11800,25520,13720
430155,2010,11409,21044,9635
430155,2011,12000,20684,8684
430155,2012,11600,21803,10203
430155,2013,11900,21182,9282
430155,2014,12500,20689,8189
430155,2015,13000,19328,6328
430155,2016,13600,19505,5905
430155,2017,13100,20534,7434
430155,2018,13450,19223,5773
430155,2019,12800,18532,5732
430155,2020,12800,19449,6649
430155,2021,12800,20437,7637
430160,1988,5800,61870,56070
430160,1989,6800,57926,51126
430160,1990,6800,54757,47957
430160,1991,3600,55077,51477
430160,1992,3120,55416,52296
430160,1993,4100,62009,57909
430160,1994,3200,52973,49773
430160,1995,2400,47400,45000
430160,1996,583,42217,41634
430160,1997,1850,44552,42702
430160,1998,2200,46557,44357
430160,1999,2320,49026,46706
430160,2000,1490,46691,45201
430160,2001,1120,50403,49283
430160,2002,1820,59248,57428
430160,2003,6970,63382,56412
430160,2004,12970,69820,56850
430160,2005,20616,75865,55249
430160,2006,13800,62215,48415
430160,2007,13800,55270,41470
430160,2008,13800,61179,47379
430160,2009,14100,72403,58303
430160,2010,14100,70703,56603
430160,2011,19100,76295,57195
430160,2012,30755,77504,46749
430160,2013,65100,113584,48484
430160,2014,61000,109120,48120
430160,2015,112100,150047,37947
430160,2016,127445,161362,33917
430160,2017,121500,157978,36478
430160,2018,128945,164376,35431
430160,2019,139800,169669,29869
430160,2020,144300,174854,30554
430160,2021,150500,185821,35321
430180,1988,7500,14516,7016
430180,1989,8500,14809,6309
430180,1990,9500,16821,7321
430180,1991,9000,17290,8290
430180,1992,9000,17289,8289
430180,1993,7600,14896,7296
430180,1994,10500,20522,10022
430180,1995,10500,17486,6986
430180,1996,7756,15658,7902
430180,1997,11000,18687,7687
430180,1998,11200,18833,7633
430180,1999,12000,19727,7727
430180,2000,12000,20616,8616
430180,2001,12000,20171,8171
430180,2002,13000,20894,7894
430180,2003,14000,21350,7350
430180,2004,15000,22147,7147
430180,2005,16000,23155,7155
430180,2006,16500,25125,8625
430180,2007,18000,24341,6341
430180,2008,18000,24175,6175
430180,2009,18500,25758,7258
430180,2010,20500,26962,6462
430180,2011,22700,27230,4530
430180,2012,21300,27317,6017
430180,2013,21500,27209,5709
430180,2014,22000,28321,6321
430180,2015,23500,27672,4172
430180,2016,25200,27628,2428
430180,2017,25200,27950,2750
430180,2018,25900,28760,2860
430180,2019,26000,29280,3280
430180,2020,25200,30605,5405
430180,2021,26000,32680,6680
430230,1988,0,5779,5779
430230,1989,0,5768,5768
430230,1990,0,6236,6236
430230,1991,0,6485,6485
430230,1992,0,5353,5353
430230,1993,0,6005,6005
430230,1994,0,5572,5572
430230,1995,0,5207,5207
430230,1996,5,6799,6794
430230,1997,100,5793,5693
430230,1998,200,5288,5088
430230,1999,300,6093,5793
430230,2000,1500,7466,5966
430230,2001,1500,7982,6482
430230,2002,1500,9304,7804
430230,2003,2000,10354,8354
430230,2004,2500,11887,9387
430230,2005,2000,11767,9767
430230,2006,3000,15707,12707
430230,2007,4000,17707,13707
430230,2008,4000,18003,14003
430230,2009,9000,23748,14748
430230,2010,11000,27718,16718
430230,2011,9000,25993,16993
430230,2012,9000,28178,19178
430230,2013,9000,25418,16418
430230,2014,9000,27258,18258
430230,2015,9000,27015,18015
430230,2016,9000,26399,17399
430230,2017,8400,27209,18809
430230,2018,9000,28459,19459
430230,2019,10095,37323,27228
430230,2020,9120,30495,21375
430230,2021,9110,30886,21776
430235,1988,80,4747,4667
430235,1989,28,1828,1800
430235,1990,50,2569,2519
430235,1991,50,2573,2523
430235,1992,50,2577,2527
430235,1993,30,2621,2591
430235,1994,10,2665,2655
430235,1995,10,2597,2587
430235,1996,15,1579,1564
430235,1997,10,2509,2499
430235,1998,10,2478,2468
430235,1999,15,2471,2456
430235,2000,15,2451,2436
430235,2001,15,2463,2448
430235,2002,15,2478,2463
430235,2003,15,2483,2468
430235,2004,15,2495,2480
430235,2005,15,2472,2457
430235,2006,15,2472,2457
430235,2007,0,2457,2457
430235,2008,0,2303,2303
430235,2009,0,2313,2313
430235,2010,0,2326,2326
430235,2011,0,2326,2326
430235,2012,0,2343,2343
430235,2013,0,1436,1436
430235,2014,0,1516,1516
430235,2015,0,1546,1546
430235,2016,0,1374,1374
430235,2017,0,1146,1146
430235,2018,0,1136,1136
430235,2019,0,1163,1163
430235,2020,0,1305,1305
430235,2021,0,1281,1281
430240,1988,300,4186,3886
430240,1989,300,3383,3083
430240,1990,300,3433,3133
430240,1991,300,3201,2901
430240,1992,300,2871,2571
430240,1993,300,3019,2719
430240,1994,300,3031,2731
430240,1995,300,2957,2657
430240,1996,300,2168,1868
430240,1997,300,2296,1996
430240,1998,300,2172,1872
430240,1999,300,2107,1807
430240,2000,300,2687,2387
430240,2001,150,2749,2599
430240,2002,300,2346,2046
430240,2003,540,2419,1879
430240,2004,460,3145,2685
430240,2005,440,2405,1965
430240,2006,405,2470,2065
430240,2007,410,2434,2024
430240,2008,442,2027,1585
430240,2009,600,2161,1561
430240,2010,580,2146,1566
430240,2011,444,1929,1485
430240,2012,282,1598,1316
430240,2013,418,1594,1176
430240,2014,620,1681,1061
430240,2015,590,1643,1053
430240,2016,620,2263,1643
430240,2017,650,1680,1030
430240,2018,850,1677,827
430240,2019,850,1740,890
430240,2020,1000,1910,910
430240,2021,1020,2039,1019
430245,1988,0,0,0
430245,1989,70,6517,6447
430245,1990,70,6941,6871
430245,1991,30,6766,6736
430245,1992,15,6589,6574
430245,1993,15,6717,6702
430245,1994,15,6694,6679
430245,1995,15,6670,6655
430245,1996,8,6314,6306
430245,1997,8,5636,5628
430245,1998,8,5899,5891
430245,1999,0,6594,6594
430245,2000,0,6495,6495
430245,2001,0,6552,6552
430245,2002,0,6793,6793
430245,2003,0,7437,7437
430245,2004,1,7994,7993
430245,2005,27,6795,6768
430245,2006,120,6578,6458
430245,2007,0,6560,6560
430245,2008,60,6811,6751
430245,2009,60,6901,6841
430245,2010,60,6465,6405
430245,2011,10,6491,6481
430245,2012,10,5543,5533
430245,2013,10,5151,5141
430245,2014,80,4990,4910
430245,2015,150,5027,4877
430245,2016,160,5028,4868
430245,2017,480,5847,5367
430245,2018,580,5744,5164
430245,2019,600,5864,5264
430245,2020,700,5964,5264
430245,2021,1100,6463,5363
430250,1988,36000,52367,16367
430250,1989,39200,51768,12568
430250,1990,39200,54663,15463
430250,1991,35000,45765,10765
430250,1992,30000,42735,12735
430250,1993,35000,48326,13326
430250,1994,36000,48764,12764
430250,1995,35000,42345,7345
430250,1996,26000,40691,14691
430250,1997,30000,39665,9665
430250,1998,30000,39689,9689
430250,1999,30000,40971,10971
430250,2000,28000,42349,14349
430250,2001,28000,40984,12984
430250,2002,29400,41164,11764
430250,2003,30000,42332,12332
430250,2004,35000,46190,11190
430250,2005,35000,43826,8826
430250,2006,35000,42705,7705
430250,2007,35000,43175,8175
430250,2008,35000,44675,9675
430250,2009,35000,46403,11403
430250,2010,33000,43783,10783
430250,2011,37000,45974,8974
430250,2012,40000,50083,10083
430250,2013,40370,55595,15225
430250,2014,43000,57616,14616
430250,2015,45000,54061,9061
430250,2016,45000,51611,6611
430250,2017,46000,56474,10474
430250,2018,45000,53870,8870
430250,2019,45800,56240,10440
430250,2020,50000,60490,10490
430250,2021,50000,65848,15848
430260,1988,8000,18104,10104
430260,1989,8000,15498,7498
430260,1990,11200,18878,7678
430260,1991,10500,18238,7738
430260,1992,8000,16557,8557
430260,1993,10600,16438,5838
430260,1994,10600,16067,5467
430260,1995,10600,15767,5167
430260,1996,6800,11640,4840
430260,1997,10000,16184,6184
430260,1998,8000,13733,5733
430260,1999,8000,14448,6448
430260,2000,7800,14225,6425
430260,2001,7000,13336,6336
430260,2002,7000,13908,6908
430260,2003,6500,13268,6768
430260,2004,7000,13631,6631
430260,2005,8000,13199,5199
430260,2006,7500,13707,6207
430260,2007,7200,14355,7155
430260,2008,7000,13677,6677
430260,2009,7000,13491,6491
430260,2010,7500,12585,5085
430260,2011,7000,12126,5126
430260,2012,7000,12215,5215
430260,2013,7200,12425,5225
430260,2014,7200,12355,5155
430260,2015,7200,11539,4339
430260,2016,7830,11184,3354
430260,2017,7600,11572,3972
430260,2018,7820,12672,4852
430260,2019,7820,12655,4835
430260,2020,7820,13146,5326
430260,2021,7800,13326,5526
430270,1988,1000,9194,8194
430270,1989,1500,10266,8766
430270,1990,1500,9479,7979
430270,1991,500,8785,8285
430270,1992,500,7231,6731
430270,1993,500,7699,7199
430270,1994,585,7318,6733
430270,1995,620,8003,7383
430270,1996,300,6099,5799
430270,1997,500,6877,6377
430270,1998,500,5411,4911
430270,1999,100,6823,6723
430270,2000,0,6717,6717
430270,2001,0,8012,8012
430270,2002,1000,8919,7919
430270,2003,2400,11726,9326
430270,2004,7800,16366,8566
430270,2005,8631,17765,9134
430270,2006,8500,18197,9697
430270,2007,8500,20196,11696
430270,2008,6810,17586,10776
430270,2009,6500,15472,8972
430270,2010,7000,14956,7956
430270,2011,7000,15452,8452
430270,2012,8800,15699,6899
430270,2013,12000,18601,6601
430270,2014,12700,19571,6871
430270,2015,14000,20290,6290
430270,2016,18100,23230,5130
430270,2017,17600,21567,3967
430270,2018,18500,23900,5400
430270,2019,20000,24168,4168
430270,2020,21000,24972,3972
430270,2021,21000,25721,4721
430280,1988,5000,19824,14824
430280,1989,6000,21298,15298
430280,1990,5000,21187,16187
430280,1991,3000,19105,16105
430280,1992,3000,19185,16185
430280,1993,3000,19715,16715
430280,1994,3000,18798,15798
430280,1995,2000,17976,15976
430280,1996,1831,13498,11667
430280,1997,800,14896,14096
430280,1998,1000,14700,13700
430280,1999,800,15224,14424
430280,2000,800,10374,9574
430280,2001,1500,16354,14854
430280,2002,2000,16306,14306
430280,2003,3500,17801,14301
430280,2004,7000,19620,12620
430280,2005,9000,17620,8620
430280,2006,7000,16000,9000
430280,2007,5500,14540,9040
430280,2008,6500,14540,8040
430280,2009,7000,15300,8300
430280,2010,7000,15240,8240
430280,2011,7000,14257,7257
430280,2012,10000,15196,5196
430280,2013,15000,22178,7178
430280,2014,15000,22000,7000
430280,2015,15000,21730,6730
430280,2016,15000,22461,7461
430280,2017,21000,28566,7566
430280,2018,22000,29364,7364
430280,2019,22000,29213,7213
430280,2020,24000,34687,10687
430280,2021,24000,37931,13931
430290,1988,2000,16957,14957
430290,1989,2620,21523,18903
430290,1990,1500,20386,18886
430290,1991,1000,20618,19618
430290,1992,100,20240,20140
430290,1993,100,20310,20210
430290,1994,1000,21684,20684
430290,1995,600,20190,19590
430290,1996,600,16535,15935
430290,1997,300,14480,14180
430290,1998,500,16407,15907
430290,1999,1000,21705,20705
430290,2000,1000,21986,20986
430290,2001,1500,19955,18455
430290,2002,3000,21793,18793
430290,2003,7500,27798,20298
430290,2004,12500,33305,20805
430290,2005,17500,38043,20543
430290,2006,17000,37212,20212
430290,2007,15000,38978,23978
430290,2008,12000,35636,23636
430290,2009,12000,32877,20877
430290,2010,10000,30176,20176
430290,2011,10000,31144,21144
430290,2012,14000,35278,21278
430290,2013,18000,36895,18895
430290,2014,20000,39483,19483
430290,2015,20000,38683,18683
430290,2016,17500,33782,16282
430290,2017,19000,34926,15926
430290,2018,23600,40287,16687
430290,2019,31000,44058,13058
430290,2020,33600,51128,17528
430290,2021,38000,57019,19019
430300,1988,40000,88784,48784
430300,1989,38500,81683,43183
430300,1990,30050,75331,45281
430300,1991,25040,74741,49701
430300,1992,20020,69586,49566
430300,1993,20000,70785,50785
430300,1994,20000,70837,50837
430300,1995,20010,64818,44808
430300,1996,15006,61469,46463
430300,1997,15200,60699,45499
430300,1998,16700,63445,46745
430300,1999,18200,67503,49303
430300,2000,20000,70762,50762
430300,2001,22000,79156,57156
430300,2002,29130,86162,57032
430300,2003,39730,101003,61273
430300,2004,49580,118269,68689
430300,2005,52600,118976,66376
430300,2006,50520,115892,65372
430300,2007,50520,117065,66545
430300,2008,50650,118063,67413
430300,2009,54650,120353,65703
430300,2010,53150,113583,60433
430300,2011,58300,124170,65870
430300,2012,99120,155142,56022
430300,2013,130900,192090,61190
430300,2014,135605,198054,62449
430300,2015,143750,202559,58809
430300,2016,146250,198355,52105
430300,2017,150250,201639,51389
430300,2018,150000,196908,46908
430300,2019,110670,157517,46847
430300,2020,113200,161578,48378
430300,2021,113600,171141,57541
430310,1988,0,94,94
430310,1989,0,57,57
430310,1990,0,57,57
430310,1991,0,49,49
430310,1992,0,46,46
430310,1993,0,53,53
430310,1994,0,47,47
430310,1995,0,135,135
430310,1996,0,124,124
430310,1997,0,78,78
430310,1998,0,59,59
430310,1999,0,31,31
430310,2000,0,24,24
430310,2001,0,24,24
430310,2002,0,14,14
430310,2003,0,16,16
430310,2004,0,6,6
430310,2005,0,5,5
430310,2006,0,5,5
430310,2007,0,4,4
430310,2008,0,4,4
430310,2009,0,2,2
430310,2010,0,2,2
430310,2011,0,3,3
430310,2012,0,1,1
430310,2013,0,1,1
430310,2014,0,0,0
430310,2015,0,0,0
430310,2016,0,0,0
430310,2017,0,0,0
430310,2018,0,0,0
430310,2019,0,0,0
430310,2020,0,0,0
430310,2021,0,0,0
430330,1988,20000,33049,13049
430330,1989,19800,32165,12365
430330,1990,19800,33676,13876
430330,1991,16000,29471,13471
430330,1992,14500,27722,13222
430330,1993,19000,29801,10801
430330,1994,19500,28996,9496
430330,1995,17500,25138,7638
430330,1996,13000,29228,16228
430330,1997,17000,27449,10449
430330,1998,18000,24271,6271
430330,1999,18000,25660,7660
430330,2000,18000,25870,7870
430330,2001,18000,25978,7978
430330,2002,19000,26413,7413
430330,2003,19500,27855,8355
430330,2004,19500,30064,10564
430330,2005,19800,28573,8773
430330,2006,17000,27950,10950
430330,2007,16500,28033,11533
430330,2008,15650,28718,13068
430330,2009,15150,28594,13444
430330,2010,16800,27206,10406
430330,2011,17300,33106,15806
430330,2012,17120,34841,17721
430330,2013,18250,35502,17252
430330,2014,19428,35494,16066
430330,2015,19330,32054,12724
430330,2016,20210,31152,10942
430330,2017,21500,32180,10680
430330,2018,21460,32615,11155
430330,2019,21395,32866,11471
430330,2020,21395,33231,11836
430330,2021,22395,35783,13388
430340,1988,2700,13101,10401
430340,1989,2750,13131,10381
430340,1990,2750,13151,10401
430340,1991,2400,12995,10595
430340,1992,2300,13076,10776
430340,1993,2300,13372,11072
430340,1994,2400,13174,10774
430340,1995,2400,13133,10733
430340,1996,1645,9293,7648
430340,1997,2400,12831,10431
430340,1998,2400,15665,13265
430340,1999,2400,12389,9989
430340,2000,2400,12191,9791
430340,2001,2400,11887,9487
430340,2002,2500,12417,9917
430340,2003,2600,12691,10091
430340,2004,2600,12847,10247
430340,2005,2600,13184,10584
430340,2006,2500,12851,10351
430340,2007,2500,12693,10193
430340,2008,2500,13071,10571
430340,2009,2500,13553,11053
430340,2010,2000,13027,11027
430340,2011,1800,12263,10463
430340,2012,1800,11965,10165
430340,2013,2500,10962,8462
430340,2014,2500,10477,7977
430340,2015,2600,10426,7826
430340,2016,3000,8436,5436
430340,2017,3000,9038,6038
430340,2018,3000,8377,5377
430340,2019,3200,8612,5412
430340,2020,3200,8877,5677
430340,2021,3500,8612,5112
430355,1988,0,0,0
430355,1989,6348,9435,3087
430355,1990,6117,11322,5205
430355,1991,4100,7753,3653
430355,1992,3500,7520,4020
430355,1993,3500,7488,3988
430355,1994,3500,7675,4175
430355,1995,3300,7341,4041
430355,1996,3000,6975,3975
430355,1997,3200,7682,4482
430355,1998,3500,7948,4448
430355,1999,3500,7364,3864
430355,2000,3200,7560,4360
430355,2001,3200,7610,4410
430355,2002,3500,7907,4407
430355,2003,4000,8009,4009
430355,2004,4200,8000,3800
430355,2005,4400,8207,3807
430355,2006,4000,7953,3953
430355,2007,4000,8164,4164
430355,2008,4200,8154,3954
430355,2009,4200,7940,3740
430355,2010,5600,7886,2286
430355,2011,5600,7824,2224
430355,2012,5100,7462,2362
430355,2013,5400,6826,1426
430355,2014,5900,7034,1134
430355,2015,6000,7067,1067
430355,2016,6350,7216,866
430355,2017,6150,7394,1244
430355,2018,6150,7140,990
430355,2019,6150,7017,867
430355,2020,6250,7388,1138
430355,2021,6000,7598,1598
430360,1988,0,976,976
430360,1989,0,1029,1029
430360,1990,0,1032,1032
430360,1991,0,1079,1079
430360,1992,0,1164,1164
430360,1993,0,1157,1157
430360,1994,0,1153,1153
430360,1995,0,974,974
430360,1996,0,616,616
430360,1997,0,1035,1035
430360,1998,0,1051,1051
430360,1999,0,1148,1148
430360,2000,0,1118,1118
430360,2001,0,798,798
430360,2002,0,896,896
430360,2003,0,737,737
430360,2004,0,454,454
430360,2005,0,158,158
430360,2006,0,139,139
430360,2007,0,295,295
430360,2008,0,442,442
430360,2009,0,456,456
430360,2010,0,566,566
430360,2011,0,540,540
430360,2012,0,920,920
430360,2013,0,970,970
430360,2014,0,970,970
430360,2015,0,1000,1000
430360,2016,0,950,950
430360,2017,200,1126,926
430360,2018,450,1380,930
430360,2019,550,1466,916
430360,2020,550,1506,956
430360,2021,550,1530,980
430380,1988,22000,36263,14263
430380,1989,26000,34903,8903
430380,1990,24800,36614,11814
430380,1991,22700,35280,12580
430380,1992,21400,34392,12992
430380,1993,21000,32348,11348
430380,1994,22000,32553,10553
430380,1995,20000,30567,10567
430380,1996,17000,27974,10974
430380,1997,20500,32003,11503
430380,1998,22000,31713,9713
430380,1999,21000,30986,9986
430380,2000,18500,29831,11331
430380,2001,18000,30634,12634
430380,2002,19480,33781,14301
430380,2003,19700,34600,14900
430380,2004,21500,33140,11640
430380,2005,20300,30571,10271
430380,2006,19380,29302,9922
430380,2007,20300,31479,11179
430380,2008,17050,29814,12764
430380,2009,20750,31526,10776
430380,2010,22300,31557,9257
430380,2011,23050,32642,9592
430380,2012,22300,32893,10593
430380,2013,22450,31595,9145
430380,2014,22050,33643,11593
430380,2015,22550,31120,8570
430380,2016,23550,30785,7235
430380,2017,23650,30946,7296
430380,2018,23640,32474,8834
430380,2019,23340,32389,9049
430380,2020,23350,33829,10479
430380,2021,23150,37902,14752
430390,1988,0,252,252
430390,1989,0,205,205
430390,1990,0,246,246
430390,1991,0,246,246
430390,1992,0,315,315
430390,1993,0,244,244
430390,1994,0,261,261
430390,1995,0,261,261
430390,1996,0,92,92
430390,1997,0,80,80
430390,1998,0,80,80
430390,1999,0,260,260
430390,2000,0,269,269
430390,2001,0,285,285
430390,2002,0,248,248
430390,2003,0,151,151
430390,2004,0,351,351
430390,2005,0,331,331
430390,2006,0,326,326
430390,2007,0,287,287
430390,2008,0,287,287
430390,2009,0,287,287
430390,2010,0,274,274
430390,2011,0,196,196
430390,2012,0,197,197
430390,2013,0,207,207
430390,2014,0,212,212
430390,2015,0,223,223
430390,2016,0,182,182
430390,2017,0,188,188
430390,2018,0,182,182
430390,2019,0,153,153
430390,2020,0,153,153
430390,2021,0,153,153
430410,1988,0,0,0
430410,1989,14000,20203,6203
430410,1990,13000,21062,8062
430410,1991,11000,14488,3488
430410,1992,10000,13831,3831
430410,1993,10300,12639,2339
430410,1994,10300,12812,2512
430410,1995,8000,9915,1915
430410,1996,8000,11740,3740
430410,1997,6200,8967,2767
430410,1998,6200,8308,2108
430410,1999,6200,8239,2039
430410,2000,6200,9242,3042
430410,2001,6200,9218,3018
430410,2002,6500,9888,3388
430410,2003,7000,11284,4284
430410,2004,8000,11878,3878
430410,2005,8200,11566,3366
430410,2006,7850,10117,2267
430410,2007,7900,10775,2875
430410,2008,7900,11060,3160
430410,2009,7900,10162,2262
430410,2010,8000,9134,1134
430410,2011,8300,9737,1437
430410,2012,8500,10535,2035
430410,2013,8500,11371,2871
430410,2014,8532,12023,3491
430410,2015,8570,12060,3490
430410,2016,8652,10763,2111
430410,2017,8722,10711,1989
430410,2018,8775,10631,1856
430410,2019,8775,10462,1687
430410,2020,9075,11208,2133
430410,2021,9100,11209,2109
430430,1988,14500,27735,13235
430430,1989,15000,28482,13482
430430,1990,14000,27459,13459
430430,1991,13000,27482,14482
430430,1992,11000,24356,13356
430430,1993,14000,27116,13116
430430,1994,15000,27536,12536
430430,1995,14000,25721,11721
430430,1996,10600,20448,9848
430430,1997,13000,23622,10622
430430,1998,13500,22903,9403
430430,1999,12000,22517,10517
430430,2000,12000,21559,9559
430430,2001,11500,21356,9856
430430,2002,12000,21692,9692
430430,2003,12500,24544,12044
430430,2004,12650,23808,11158
430430,2005,12000,23150,11150
430430,2006,11000,22568,11568
430430,2007,10500,23190,12690
430430,2008,10000,23389,13389
430430,2009,9600,22867,13267
430430,2010,9000,20890,11890
430430,2011,9000,21372,12372
430430,2012,9000,21361,12361
430430,2013,9500,21216,11716
430430,2014,9500,16724,7224
430430,2015,9830,16679,6849
430430,2016,10200,16139,5939
430430,2017,9600,15928,6328
430430,2018,10250,17321,7071
430430,2019,8800,15552,6752
430430,2020,8800,15807,7007
430430,2021,8800,15664,6864
430440,1988,0,1012,1012
430440,1989,0,974,974
430440,1990,0,997,997
430440,1991,0,1036,1036
430440,1992,0,1075,1075
430440,1993,0,1187,1187
430440,1994,0,1237,1237
430440,1995,0,1304,1304
430440,1996,0,484,484
430440,1997,0,1301,1301
430440,1998,0,1287,1287
430440,1999,0,1236,1236
430440,2000,0,1263,1263
430440,2001,0,1262,1262
430440,2002,0,1006,1006
430440,2003,0,928,928
430440,2004,0,931,931
430440,2005,0,908,908
430440,2006,0,901,901
430440,2007,0,886,886
430440,2008,0,731,731
430440,2009,0,669,669
430440,2010,0,621,621
430440,2011,0,632,632
430440,2012,0,605,605
430440,2013,0,394,394
430440,2014,0,493,493
430440,2015,0,469,469
430440,2016,0,411,411
430440,2017,0,404,404
430440,2018,0,367,367
430440,2019,0,364,364
430440,2020,0,362,362
430440,2021,0,361,361
430450,1988,30000,124791,94791
430450,1989,28400,120074,91674
430450,1990,25000,105062,80062
430450,1991,17000,102844,85844
430450,1992,12000,96363,84363
430450,1993,12000,89123,77123
430450,1994,15000,85943,70943
430450,1995,15000,85583,70583
430450,1996,8000,73748,65748
430450,1997,9000,82496,73496
430450,1998,8000,77403,69403
430450,1999,8000,76314,68314
430450,2000,8000,76881,68881
430450,2001,8000,78141,70141
430450,2002,9000,80271,71271
430450,2003,9000,82441,73441
430450,2004,10000,80466,70466
430450,2005,15000,72982,57982
430450,2006,7500,56811,49311
430450,2007,15000,75467,60467
430450,2008,10000,55879,45879
430450,2009,10000,59758,49758
430450,2010,15000,66358,51358
430450,2011,15000,64840,49840
430450,2012,15000,57735,42735
430450,2013,20000,63074,43074
430450,2014,32000,70678,38678
430450,2015,34000,71548,37548
430450,2016,36000,69049,33049
430450,2017,38000,70225,32225
430450,2018,40000,71851,31851
430450,2019,43000,75175,32175
430450,2020,43000,68575,25575
430450,2021,45000,72611,27611
430460,1988,0,2367,2367
430460,1989,0,1995,1995
430460,1990,0,1436,1436
430460,1991,0,1325,1325
430460,1992,0,1068,1068
430460,1993,0,2940,2940
430460,1994,0,4114,4114
430460,1995,0,4362,4362
430460,1996,0,4394,4394
430460,1997,0,4206,4206
430460,1998,0,3629,3629
430460,1999,0,3324,3324
430460,2000,0,3427,3427
430460,2001,0,3429,3429
430460,2002,0,2959,2959
430460,2003,0,3039,3039
430460,2004,0,3019,3019
430460,2005,0,2910,2910
430460,2006,0,3398,3398
430460,2007,0,3996,3996
430460,2008,0,3998,3998
430460,2009,0,4836,4836
430460,2010,0,4141,4141
430460,2011,0,4216,4216
430460,2012,0,5125,5125
430460,2013,0,4672,4672
430460,2014,0,4554,4554
430460,2015,0,4500,4500
430460,2016,0,4646,4646
430460,2017,120,4888,4768
430460,2018,108,5054,4946
430460,2019,108,5054,4946
430460,2020,80,4983,4903
430460,2021,80,4983,4903
430463,1988,0,572,572
430463,1989,0,571,571
430463,1990,0,561,561
430463,1991,0,551,551
430463,1992,0,545,545
430463,1993,0,550,550
430463,1994,0,570,570
430463,1995,0,570,570
430463,1996,0,668,668
430463,1997,0,555,555
430463,1998,0,567,567
430463,1999,0,377,377
430463,2000,0,377,377
430463,2001,0,377,377
430463,2002,0,377,377
430463,2003,0,377,377
430463,2004,0,934,934
430463,2005,0,934,934
430463,2006,0,934,934
430463,2007,0,934,934
430463,2008,0,627,627
430463,2009,0,625,625
430463,2010,0,625,625
430463,2011,0,492,492
430463,2012,0,327,327
430463,2013,0,273,273
430463,2014,0,249,249
430463,2015,0,226,226
430463,2016,0,197,197
430463,2017,0,114,114
430463,2018,0,286,286
430463,2019,0,321,321
430463,2020,0,237,237
430463,2021,0,386,386
430466,1988,1800,12591,10791
430466,1989,2500,12367,9867
430466,1990,2200,11986,9786
430466,1991,1500,11995,10495
430466,1992,1500,15536,14036
430466,1993,2000,14974,12974
430466,1994,2500,15484,12984
430466,1995,2500,15276,12776
430466,1996,626,10044,9418
430466,1997,2000,15957,13957
430466,1998,4000,17114,13114
430466,1999,4000,17744,13744
430466,2000,5000,19180,14180
430466,2001,4000,18373,14373
430466,2002,4800,19173,14373
430466,2003,4800,18649,13849
430466,2004,4800,18551,13751
430466,2005,5200,17170,11970
430466,2006,5000,16480,11480
430466,2007,5000,16540,11540
430466,2008,5000,17504,12504
430466,2009,5000,17468,12468
430466,2010,5000,14783,9783
430466,2011,5000,14859,9859
430466,2012,5500,12728,7228
430466,2013,6050,14036,7986
430466,2014,7260,15067,7807
430466,2015,7623,15338,7715
430466,2016,8004,14934,6930
430466,2017,8004,15728,7724
430466,2018,8250,15331,7081
430466,2019,9075,15757,6682
430466,2020,9150,15734,6584
430466,2021,9610,16740,7130
430468,1988,0,0,0
430468,1989,0,2192,2192
430468,1990,0,2916,2916
430468,1991,0,2781,2781
430468,1992,0,2781,2781
430468,1993,0,2781,2781
430468,1994,0,2826,2826
430468,1995,0,2790,2790
430468,1996,0,1786,1786
430468,1997,0,2770,2770
430468,1998,0,2448,2448
430468,1999,0,1733,1733
430468,2000,0,1728,1728
430468,2001,0,1713,1713
430468,2002,0,1718,1718
430468,2003,0,1713,1713
430468,2004,0,1725,1725
430468,2005,0,1730,1730
430468,2006,0,1930,1930
430468,2007,0,1930,1930
430468,2008,0,1930,1930
430468,2009,0,1930,1930
430468,2010,0,1930,1930
430468,2011,0,1930,1930
430468,2012,0,2784,2784
430468,2013,0,2603,2603
430468,2014,0,2568,2568
430468,2015,0,2573,2573
430468,2016,0,2363,2363
430468,2017,0,2218,2218
430468,2018,100,2097,1997
430468,2019,0,2074,2074
430468,2020,200,2249,2049
430468,2021,200,2248,2048
430480,1988,10,8035,8025
430480,1989,6,5882,5876
430480,1990,6,5903,5897
430480,1991,6,5819,5813
430480,1992,4,5909,5905
430480,1993,4,5708,5704
430480,1994,0,5743,5743
430480,1995,0,5841,5841
430480,1996,0,3376,3376
430480,1997,0,2850,2850
430480,1998,0,2784,2784
430480,1999,0,1730,1730
430480,2000,0,1793,1793
430480,2001,0,2293,2293
430480,2002,0,1821,1821
430480,2003,0,1691,1691
430480,2004,0,1672,1672
430480,2005,0,1370,1370
430480,2006,0,1629,1629
430480,2007,0,1808,1808
430480,2008,0,1635,1635
430480,2009,0,1632,1632
430480,2010,0,1632,1632
430480,2011,0,1632,1632
430480,2012,0,1590,1590
430480,2013,0,1525,1525
430480,2014,0,1430,1430
430480,2015,0,1368,1368
430480,2016,0,1316,1316
430480,2017,0,1163,1163
430480,2018,0,1158,1158
430480,2019,0,1410,1410
430480,2020,0,1405,1405
430480,2021,0,1348,1348
430490,1988,5200,23911,18711
430490,1989,4507,17983,13476
430490,1990,5000,19109,14109
430490,1991,4000,19375,15375
430490,1992,3500,19108,15608
430490,1993,4000,20756,16756
430490,1994,4030,18044,14014
430490,1995,3650,17579,13929
430490,1996,4199,18705,14506
430490,1997,4200,17868,13668
430490,1998,4800,17904,13104
430490,1999,4800,18290,13490
430490,2000,3800,17307,13507
430490,2001,3800,17258,13458
430490,2002,4500,18043,13543
430490,2003,5000,20047,15047
430490,2004,8200,19017,10817
430490,2005,8450,18800,10350
430490,2006,7000,17902,10902
430490,2007,7500,18743,11243
430490,2008,8500,20105,11605
430490,2009,9000,20181,11181
430490,2010,10300,18956,8656
430490,2011,9800,19035,9235
430490,2012,9800,18599,8799
430490,2013,10300,16906,6606
430490,2014,10300,17203,6903
430490,2015,12200,17618,5418
430490,2016,11700,15736,4036
430490,2017,10700,15570,4870
430490,2018,11700,15976,4276
430490,2019,12400,18021,5621
430490,2020,12700,18504,5804
430490,2021,12700,20300,7600
430495,1988,0,0,0
430495,1989,1620,4561,2941
430495,1990,9620,14347,4727
430495,1991,7120,14524,7404
430495,1992,7120,15089,7969
430495,1993,6000,12974,6974
430495,1994,6300,12479,6179
430495,1995,6300,12429,6129
430495,1996,4000,7055,3055
430495,1997,5753,13450,7697
430495,1998,6000,11286,5286
430495,1999,5000,8597,3597
430495,2000,5000,8736,3736
430495,2001,4500,7760,3260
430495,2002,5000,8335,3335
430495,2003,5300,8724,3424
430495,2004,6000,9655,3655
430495,2005,6800,10615,3815
430495,2006,6000,10441,4441
430495,2007,6000,10413,4413
430495,2008,6500,10817,4317
430495,2009,6500,11429,4929
430495,2010,8000,12288,4288
430495,2011,7000,11215,4215
430495,2012,6500,10827,4327
430495,2013,6000,9047,3047
430495,2014,6700,9903,3203
430495,2015,6700,9722,3022
430495,2016,7000,9848,2848
430495,2017,10447,12506,2059
430495,2018,8000,10463,2463
430495,2019,8000,10511,2511
430495,2020,8000,10622,2622
430495,2021,8000,10527,2527
430500,1988,65000,100596,35596
430500,1989,70000,94139,24139
430500,1990,65000,93659,28659
430500,1991,62000,84643,22643
430500,1992,61500,82250,20750
430500,1993,62000,87748,25748
430500,1994,70000,96550,26550
430500,1995,66500,89518,23018
430500,1996,62800,94940,32140
430500,1997,62500,89059,26559
430500,1998,65200,87000,21800
430500,1999,64600,89746,25146
430500,2000,64800,91494,26694
430500,2001,63003,91062,28059
430500,2002,66200,94189,27989
430500,2003,67000,92490,25490
430500,2004,69500,95928,26428
430500,2005,70000,97667,27667
430500,2006,66500,93916,27416
430500,2007,65500,94867,29367
430500,2008,65000,97293,32293
430500,2009,65000,96534,31534
430500,2010,66000,98267,32267
430500,2011,64000,101569,37569
430500,2012,64300,101933,37633
430500,2013,65370,100993,35623
430500,2014,65360,104964,39604
430500,2015,68030,101484,33454
430500,2016,65760,92659,26899
430500,2017,68150,98629,30479
430500,2018,67200,97947,30747
430500,2019,67570,97165,29595
430500,2020,66000,98517,32517
430500,2021,66400,109319,42919
430510,1988,210,38457,38247
430510,1989,72,39293,39221
430510,1990,47,38432,38385
430510,1991,40,33563,33523
430510,1992,10,34889,34879
430510,1993,5,34034,34029
430510,1994,5,34682,34677
430510,1995,5,33983,33978
430510,1996,38,25547,25509
430510,1997,2,27272,27270
430510,1998,2,28155,28153
430510,1999,17,25176,25159
430510,2000,17,25557,25540
430510,2001,17,25545,25528
430510,2002,17,24788,24771
430510,2003,1,24818,24817
430510,2004,1,25378,25377
430510,2005,1,24082,24081
430510,2006,1,23728,23727
430510,2007,1,24132,24131
430510,2008,1,25484,25483
430510,2009,1,25448,25447
430510,2010,1,25348,25347
430510,2011,1,24978,24977
430510,2012,2,23039,23037
430510,2013,4,24344,24340
430510,2014,3,23899,23896
430510,2015,3,23249,23246
430510,2016,13,23172,23159
430510,2017,159,23771,23612
430510,2018,363,26423,26060
430510,2019,363,26396,26033
430510,2020,362,26015,25653
430510,2021,365,26034,25669
430520,1988,18000,34029,16029
430520,1989,19000,34396,15396
430520,1990,18000,36109,18109
430520,1991,18000,32730,14730
430520,1992,16000,32792,16792
430520,1993,19500,35290,15790
430520,1994,21300,36103,14803
430520,1995,20600,33270,12670
430520,1996,13200,29031,15831
430520,1997,18250,32434,14184
430520,1998,18750,31069,12319
430520,1999,14800,28694,13894
430520,2000,15700,30900,15200
430520,2001,14300,30301,16001
430520,2002,15400,29245,13845
430520,2003,15700,32009,16309
430520,2004,16300,30938,14638
430520,2005,15550,27148,11598
430520,2006,12700,26877,14177
430520,2007,11700,27324,15624
430520,2008,10900,27742,16842
430520,2009,10050,27489,17439
430520,2010,11100,27316,16216
430520,2011,11600,27489,15889
430520,2012,11600,27845,16245
430520,2013,12000,28205,16205
430520,2014,12200,24475,12275
430520,2015,12700,23162,10462
430520,2016,13100,23653,10553
430520,2017,12700,24000,11300
430520,2018,13100,24615,11515
430520,2019,11900,23144,11244
430520,2020,12100,23402,11302
430520,2021,12400,24188,11788
430535,1988,0,729,729
430535,1989,0,1023,1023
430535,1990,0,914,914
430535,1991,0,702,702
430535,1992,0,829,829
430535,1993,0,727,727
430535,1994,0,867,867
430535,1995,0,693,693
430535,1996,0,3116,3116
430535,1997,193,3235,3042
430535,1998,193,3205,3012
430535,1999,200,3713,3513
430535,2000,200,4433,4233
430535,2001,200,3466,3266
430535,2002,150,668,518
430535,2003,250,4219,3969
430535,2004,250,3833,3583
430535,2005,250,4193,3943
430535,2006,250,4025,3775
430535,2007,250,3991,3741
430535,2008,30,3597,3567
430535,2009,90,4265,4175
430535,2010,110,4348,4238
430535,2011,105,4665,4560
430535,2012,600,4994,4394
430535,2013,1045,5737,4692
430535,2014,1330,6237,4907
430535,2015,1500,6409,4909
430535,2016,1436,6703,5267
430535,2017,1400,6371,4971
430535,2018,2300,7414,5114
430535,2019,3230,7241,4011
430535,2020,4682,8479,3797
430535,2021,4750,8773,4023
430560,1988,18000,27136,9136
430560,1989,17650,24687,7037
430560,1990,17500,27334,9834
430560,1991,16000,25161,9161
430560,1992,16850,24433,7583
430560,1993,17900,25974,8074
430560,1994,17200,25543,8343
430560,1995,16100,24128,8028
430560,1996,15600,26931,11331
430560,1997,15100,25797,10697
430560,1998,16600,25727,9127
430560,1999,16400,24806,8406
430560,2000,15100,28771,13671
430560,2001,15100,29285,14185
430560,2002,16000,29081,13081
430560,2003,15900,32240,16340
430560,2004,17000,30400,13400
430560,2005,17000,27486,10486
430560,2006,17000,24271,7271
430560,2007,17200,25611,8411
430560,2008,17000,25772,8772
430560,2009,15000,24228,9228
430560,2010,15500,25271,9771
430560,2011,16000,25437,9437
430560,2012,15300,26653,11353
430560,2013,16900,26759,9859
430560,2014,16600,28469,11869
430560,2015,17350,25589,8239
430560,2016,17350,25989,8639
430560,2017,17350,24817,7467
430560,2018,18100,25255,7155
430560,2019,18100,27464,9364
430560,2020,17820,29172,11352
430560,2021,17600,30432,12832
430570,1988,31000,43598,12598
430570,1989,31000,43317,12317
430570,1990,31000,43931,12931
430570,1991,30000,41223,11223
430570,1992,29000,40592,11592
430570,1993,30000,40590,10590
430570,1994,30000,39593,9593
430570,1995,28000,37115,9115
430570,1996,30225,43497,13272
430570,1997,29000,41384,12384
430570,1998,31550,40598,9048
430570,1999,28300,36866,8566
430570,2000,27500,39467,11967
430570,2001,26100,40347,14247
430570,2002,27100,42126,15026
430570,2003,28000,42459,14459
430570,2004,29740,44493,14753
430570,2005,30000,41466,11466
430570,2006,28000,41651,13651
430570,2007,28000,41847,13847
430570,2008,28000,43471,15471
430570,2009,28000,43622,15622
430570,2010,29000,43551,14551
430570,2011,29000,43510,14510
430570,2012,29000,43669,14669
430570,2013,29000,43619,14619
430570,2014,29000,43469,14469
430570,2015,29000,41362,12362
430570,2016,29400,42536,13136
430570,2017,29100,41636,12536
430570,2018,29700,41671,11971
430570,2019,29400,42986,13586
430570,2020,29400,45591,16191
430570,2021,29400,46214,16814
430580,1988,23000,58123,35123
430580,1989,21200,40641,19441
430580,1990,19200,45656,26456
430580,1991,17500,43294,25794
430580,1992,14500,41014,26514
430580,1993,16100,38233,22133
430580,1994,18100,36243,18143
430580,1995,17300,31273,13973
430580,1996,14200,36106,21906
430580,1997,17700,31620,13920
430580,1998,16070,28281,12211
430580,1999,16640,28991,12351
430580,2000,16400,30577,14177
430580,2001,14500,28635,14135
430580,2002,17000,30471,13471
430580,2003,17500,30520,13020
430580,2004,17100,30740,13640
430580,2005,17000,28514,11514
430580,2006,15500,25362,9862
430580,2007,17450,26524,9074
430580,2008,14875,27684,12809
430580,2009,15100,27605,12505
430580,2010,18150,30156,12006
430580,2011,16920,28632,11712
430580,2012,17600,30574,12974
430580,2013,20300,34217,13917
430580,2014,19800,33269,13469
430580,2015,18700,29042,10342
430580,2016,19100,27637,8537
430580,2017,19102,28132,9030
430580,2018,19480,27188,7708
430580,2019,19400,26842,7442
430580,2020,21200,30239,9039
430580,2021,21600,32070,10470
430590,1988,30000,47781,17781
430590,1989,32000,44820,12820
430590,1990,32000,44567,12567
430590,1991,33000,47485,14485
430590,1992,28000,42952,14952
430590,1993,33000,46263,13263
430590,1994,33000,47922,14922
430590,1995,33000,42543,9543
430590,1996,33875,46981,13106
430590,1997,30000,40156,10156
430590,1998,30000,40165,10165
430590,1999,30000,40165,10165
430590,2000,30000,44165,14165
430590,2001,30000,41886,11886
430590,2002,32000,49603,17603
430590,2003,32000,47372,15372
430590,2004,33000,46117,13117
430590,2005,33000,44021,11021
430590,2006,33000,45616,12616
430590,2007,33000,46756,13756
430590,2008,32000,45756,13756
430590,2009,32000,45956,13956
430590,2010,33000,45739,12739
430590,2011,33000,44985,11985
430590,2012,33000,48780,15780
430590,2013,34600,50617,16017
430590,2014,34600,47784,13184
430590,2015,34600,47929,13329
430590,2016,35000,51620,16620
430590,2017,35000,49621,14621
430590,2018,35010,49819,14809
430590,2019,34500,50682,16182
430590,2020,34500,50514,16014
430590,2021,36000,50034,14034
430595,1988,800,5385,4585
430595,1989,600,5209,4609
430595,1990,300,5083,4783
430595,1991,300,4753,4453
430595,1992,300,4545,4245
430595,1993,150,4248,4098
430595,1994,150,4246,4096
430595,1995,70,4152,4082
430595,1996,50,4071,4021
430595,1997,20,3959,3939
430595,1998,10,3743,3733
430595,1999,10,3822,3812
430595,2000,10,3783,3773
430595,2001,10,3784,3774
430595,2002,20,3853,3833
430595,2003,30,3452,3422
430595,2004,40,3468,3428
430595,2005,60,3655,3595
430595,2006,60,3637,3577
430595,2007,60,3637,3577
430595,2008,60,3767,3707
430595,2009,60,3762,3702
430595,2010,60,3750,3690
430595,2011,40,3776,3736
430595,2012,75,2516,2441
430595,2013,75,2830,2755
430595,2014,80,2859,2779
430595,2015,160,2851,2691
430595,2016,150,2778,2628
430595,2017,210,2741,2531
430595,2018,210,2751,2541
430595,2019,270,2983,2713
430595,2020,270,2802,2532
430595,2021,240,2887,2647
430600,1988,35620,80503,44883
430600,1989,36000,79149,43149
430600,1990,37000,80473,43473
430600,1991,35800,77527,41727
430600,1992,35500,75702,40202
430600,1993,36000,78377,42377
430600,1994,35500,77966,42466
430600,1995,36000,74649,38649
430600,1996,22400,50983,28583
430600,1997,37250,76492,39242
430600,1998,35700,69744,34044
430600,1999,30040,59365,29325
430600,2000,30600,56249,25649
430600,2001,23100,48059,24959
430600,2002,24700,51981,27281
430600,2003,22800,46839,24039
430600,2004,25100,46549,21449
430600,2005,18400,37340,18940
430600,2006,17400,35522,18122
430600,2007,15500,33533,18033
430600,2008,15300,31322,16022
430600,2009,14600,35262,20662
430600,2010,15600,31700,16100
430600,2011,14600,30949,16349
430600,2012,14025,30339,16314
430600,2013,14700,30618,15918
430600,2014,14700,26882,12182
430600,2015,15300,26750,11450
430600,2016,15900,27527,11627
430600,2017,15600,28067,12467
430600,2018,16200,28109,11909
430600,2019,16350,28979,12629
430600,2020,15950,29762,13812
430600,2021,17250,31393,14143
430605,1988,0,0,0
430605,1989,4000,8774,4774
430605,1990,3000,8062,5062
430605,1991,2000,7542,5542
430605,1992,500,7521,7021
430605,1993,1300,9461,8161
430605,1994,3000,12286,9286
430605,1995,2100,12159,10059
430605,1996,1000,10404,9404
430605,1997,1300,10305,9005
430605,1998,1300,10184,8884
430605,1999,1250,11016,9766
430605,2000,1250,10611,9361
430605,2001,1500,11349,9849
430605,2002,1500,10333,8833
430605,2003,1500,10322,8822
430605,2004,1800,10802,9002
430605,2005,2000,11033,9033
430605,2006,2000,12331,10331
430605,2007,2000,11741,9741
430605,2008,2000,11754,9754
430605,2009,2000,14160,12160
430605,2010,3350,14877,11527
430605,2011,3500,15234,11734
430605,2012,4500,14460,9960
430605,2013,6000,15548,9548
430605,2014,7000,16787,9787
430605,2015,7500,16629,9129
430605,2016,8000,15670,7670
430605,2017,8500,16778,8278
430605,2018,8500,15766,7266
430605,2019,9500,16610,7110
430605,2020,10000,17136,7136
430605,2021,12000,19628,7628
430610,1988,90000,123744,33744
430610,1989,88600,124570,35970
430610,1990,88600,128573,39973
430610,1991,80000,118004,38004
430610,1992,73000,119804,46804
430610,1993,78000,120377,42377
430610,1994,81000,124789,43789
430610,1995,65000,102582,37582
430610,1996,103300,158542,55242
430610,1997,103300,142014,38714
430610,1998,105000,136310,31310
430610,1999,105000,137803,32803
430610,2000,110000,152128,42128
430610,2001,113080,161420,48340
430610,2002,127500,175305,47805
430610,2003,139050,193426,54376
430610,2004,148000,201909,53909
430610,2005,150000,188200,38200
430610,2006,141100,187948,46848
430610,2007,143800,194792,50992
430610,2008,141900,200373,58473
430610,2009,141900,191030,49130
430610,2010,147740,189514,41774
430610,2011,151440,209532,58092
430610,2012,150750,228155,77405
430610,2013,154040,233356,79316
430610,2014,158690,237265,78575
430610,2015,160750,221441,60691
430610,2016,164250,219510,55260
430610,2017,157100,209038,51938
430610,2018,162620,205982,43362
430610,2019,162300,208253,45953
430610,2020,165900,220801,54901
430610,2021,165400,231341,65941
430635,1988,0,0,0
430635,1989,6500,13855,7355
430635,1990,4500,10776,6276
430635,1991,4000,10277,6277
430635,1992,3500,6862,3362
430635,1993,3500,7462,3962
430635,1994,3500,7462,3962
430635,1995,3500,7213,3713
430635,1996,2200,6791,4591
430635,1997,3500,6994,3494
430635,1998,3500,6798,3298
430635,1999,2100,4954,2854
430635,2000,1780,4709,2929
430635,2001,900,3909,3009
430635,2002,900,3319,2419
430635,2003,900,3355,2455
430635,2004,1000,3345,2345
430635,2005,1000,3335,2335
430635,2006,800,3161,2361
430635,2007,800,2996,2196
430635,2008,800,2991,2191
430635,2009,1000,3465,2465
430635,2010,1000,2839,1839
430635,2011,800,2477,1677
430635,2012,850,2180,1330
430635,2013,850,2052,1202
430635,2014,980,2424,1444
430635,2015,985,2206,1221
430635,2016,1020,2064,1044
430635,2017,1020,2065,1045
430635,2018,1070,2050,980
430635,2019,1180,2134,954
430635,2020,1150,2124,974
430635,2021,1270,2373,1103
430645,1988,0,0,0
430645,1989,1100,8119,7019
430645,1990,950,8108,7158
430645,1991,650,7958,7308
430645,1992,300,7689,7389
430645,1993,140,7659,7519
430645,1994,140,7761,7621
430645,1995,130,7664,7534
430645,1996,107,6470,6363
430645,1997,72,7523,7451
430645,1998,115,7651,7536
430645,1999,125,7728,7603
430645,2000,150,7791,7641
430645,2001,162,7602,7440
430645,2002,75,7568,7493
430645,2003,160,7362,7202
430645,2004,280,7604,7324
430645,2005,350,7883,7533
430645,2006,250,7755,7505
430645,2007,380,7764,7384
430645,2008,380,7766,7386
430645,2009,380,7728,7348
430645,2010,450,7037,6587
430645,2011,520,6754,6234
430645,2012,800,6378,5578
430645,2013,930,5160,4230
430645,2014,1200,5032,3832
430645,2015,1400,4667,3267
430645,2016,1800,4537,2737
430645,2017,1680,4558,2878
430645,2018,1900,4490,2590
430645,2019,2050,5024,2974
430645,2020,2000,5032,3032
430645,2021,2130,5664,3534
430660,1988,12000,43022,31022
430660,1989,20100,45934,25834
430660,1990,22000,37996,15996
430660,1991,6700,39035,32335
430660,1992,3500,36978,33478
430660,1993,5000,46386,41386
430660,1994,7000,46555,39555
430660,1995,4000,43555,39555
430660,1996,2000,41632,39632
430660,1997,7500,40862,33362
430660,1998,8500,49804,41304
430660,1999,4000,47369,43369
430660,2000,2000,39494,37494
430660,2001,8000,57169,49169
430660,2002,12000,59614,47614
430660,2003,20000,67786,47786
430660,2004,28250,79108,50858
430660,2005,25000,74560,49560
430660,2006,12000,61186,49186
430660,2007,28000,63240,35240
430660,2008,20000,75450,55450
430660,2009,21492,72409,50917
430660,2010,26000,70719,44719
430660,2011,20000,71466,51466
430660,2012,47500,81674,34174
430660,2013,67000,110469,43469
430660,2014,76000,124223,48223
430660,2015,76000,124463,48463
430660,2016,75000,122427,47427
430660,2017,80383,129712,49329
430660,2018,100000,147625,47625
430660,2019,120000,160158,40158
430660,2020,120000,158043,38043
430660,2021,130000,161658,31658
430670,1988,1000,4752,3752
430670,1989,1000,5016,4016
430670,1990,350,4225,3875
430670,1991,100,3963,3863
430670,1992,50,3660,3610
430670,1993,100,3374,3274
430670,1994,150,3774,3624
430670,1995,150,3834,3684
430670,1996,50,3761,3711
430670,1997,30,3670,3640
430670,1998,30,3665,3635
430670,1999,30,3751,3721
430670,2000,30,3889,3859
430670,2001,30,3864,3834
430670,2002,60,4035,3975
430670,2003,80,4065,3985
430670,2004,90,3998,3908
430670,2005,110,3965,3855
430670,2006,90,4047,3957
430670,2007,90,4131,4041
430670,2008,130,4108,3978
430670,2009,130,4157,4027
430670,2010,140,4152,4012
430670,2011,150,4121,3971
430670,2012,140,4129,3989
430670,2013,220,4109,3889
430670,2014,260,4108,3848
430670,2015,260,4049,3789
430670,2016,440,4082,3642
430670,2017,440,4036,3596
430670,2018,480,4065,3585
430670,2019,520,4058,3538
430670,2020,520,3801,3281
430670,2021,520,3793,3273
430673,1988,0,0,0
430673,1989,12057,25464,13407
430673,1990,14000,25414,11414
430673,1991,13000,22865,9865
430673,1992,12000,22990,10990
430673,1993,12600,24385,11785
430673,1994,12800,25025,12225
430673,1995,12500,24176,11676
430673,1996,12624,22254,9630
430673,1997,12600,25680,13080
430673,1998,13300,23203,9903
430673,1999,13300,23203,9903
430673,2000,12600,23325,10725
430673,2001,12300,25280,12980
430673,2002,12700,25600,12900
430673,2003,14700,29601,14901
430673,2004,14000,28614,14614
430673,2005,14000,27553,13553
430673,2006,12200,26815,14615
430673,2007,12000,26075,14075
430673,2008,13000,28690,15690
430673,2009,13000,27648,14648
430673,2010,13000,27210,14210
430673,2011,13000,26482,13482
430673,2012,12500,25882,13382
430673,2013,12500,26884,14384
430673,2014,12000,25719,13719
430673,2015,12750,26379,13629
430673,2016,13750,25829,12079
430673,2017,13750,26349,12599
430673,2018,13780,26889,13109
430673,2019,13330,26169,12839
430673,2020,13750,27042,13292
430673,2021,13750,26450,12700
430676,1988,0,0,0
430676,1989,40,8617,8577
430676,1990,0,8756,8756
430676,1991,0,7599,7599
430676,1992,0,7522,7522
430676,1993,0,7526,7526
430676,1994,0,7725,7725
430676,1995,0,7725,7725
430676,1996,0,5877,5877
430676,1997,0,6833,6833
430676,1998,250,6640,6390
430676,1999,0,6448,6448
430676,2000,100,5369,5269
430676,2001,100,5369,5269
430676,2002,450,7568,7118
430676,2003,450,7623,7173
430676,2004,200,8704,8504
430676,2005,200,9632,9432
430676,2006,200,9571,9371
430676,2007,0,9625,9625
430676,2008,0,9115,9115
430676,2009,0,10043,10043
430676,2010,382,10584,10202
430676,2011,190,11830,11640
430676,2012,430,11351,10921
430676,2013,920,12206,11286
430676,2014,1100,13489,12389
430676,2015,1189,13949,12760
430676,2016,1959,14169,12210
430676,2017,2000,14310,12310
430676,2018,1959,14154,12195
430676,2019,1959,14027,12068
430676,2020,2000,13816,11816
430676,2021,2000,13816,11816
430680,1988,9700,33839,24139
430680,1989,9300,29319,20019
430680,1990,8600,28550,19950
430680,1991,6400,26463,20063
430680,1992,6100,26663,20563
430680,1993,5550,25767,20217
430680,1994,4500,24581,20081
430680,1995,2700,22997,20297
430680,1996,748,16956,16208
430680,1997,1085,20008,18923
430680,1998,1085,19128,18043
430680,1999,811,16824,16013
430680,2000,641,16097,15456
430680,2001,632,16497,15865
430680,2002,540,16447,15907
430680,2003,540,16543,16003
430680,2004,600,16516,15916
430680,2005,600,16303,15703
430680,2006,500,15808,15308
430680,2007,495,15899,15404
430680,2008,470,15470,15000
430680,2009,445,15385,14940
430680,2010,578,15210,14632
430680,2011,568,15032,14464
430680,2012,510,15192,14682
430680,2013,575,15105,14530
430680,2014,540,15297,14757
430680,2015,590,14933,14343
430680,2016,670,14243,13573
430680,2017,700,14001,13301
430680,2018,680,12738,12058
430680,2019,810,10657,9847
430680,2020,910,10696,9786
430680,2021,1010,10872,9862
430690,1988,5500,26357,20857
430690,1989,3800,15038,11238
430690,1990,3000,16050,13050
430690,1991,1500,14880,13380
430690,1992,600,15174,14574
430690,1993,400,10123,9723
430690,1994,600,10399,9799
430690,1995,600,10610,10010
430690,1996,400,9718,9318
430690,1997,352,9312,8960
430690,1998,525,10707,10182
430690,1999,600,19190,18590
430690,2000,550,18687,18137
430690,2001,550,19379,18829
430690,2002,1100,20016,18916
430690,2003,4000,23956,19956
430690,2004,6000,24478,18478
430690,2005,4000,18198,14198
430690,2006,3500,17652,14152
430690,2007,3000,16492,13492
430690,2008,1600,13110,11510
430690,2009,3600,12890,9290
430690,2010,3600,12914,9314
430690,2011,3600,11716,8116
430690,2012,5000,13552,8552
430690,2013,12000,21903,9903
430690,2014,20000,30434,10434
430690,2015,25000,35063,10063
430690,2016,30000,39240,9240
430690,2017,33000,41794,8794
430690,2018,36000,46155,10155
430690,2019,37000,47097,10097
430690,2020,42000,51815,9815
430690,2021,44100,61956,17856
430693,1988,0,0,0
430693,1989,35000,53702,18702
430693,1990,33000,55570,22570
430693,1991,31000,53919,22919
430693,1992,30000,51919,21919
430693,1993,34000,52381,18381
430693,1994,34500,50653,16153
430693,1995,33500,44120,10620
430693,1996,30000,46264,16264
430693,1997,34000,46910,12910
430693,1998,36000,45979,9979
430693,1999,30000,40725,10725
430693,2000,30000,41054,11054
430693,2001,29000,41226,12226
430693,2002,30000,42476,12476
430693,2003,30000,42771,12771
430693,2004,31000,43348,12348
430693,2005,31000,41503,10503
430693,2006,30000,40481,10481
430693,2007,30000,39431,9431
430693,2008,30000,40631,10631
430693,2009,30000,42469,12469
430693,2010,32000,43873,11873
430693,2011,32000,48643,16643
430693,2012,32000,47116,15116
430693,2013,32730,54114,21384
430693,2014,32730,55227,22497
430693,2015,32730,52501,19771
430693,2016,33000,50531,17531
430693,2017,32700,50405,17705
430693,2018,32700,49382,16682
430693,2019,32800,49382,16582
430693,2020,32800,49634,16834
430693,2021,32800,52367,19567
430695,1988,0,0,0
430695,1989,5000,11096,6096
430695,1990,5000,11487,6487
430695,1991,4000,10515,6515
430695,1992,3800,8932,5132
430695,1993,4300,9036,4736
430695,1994,4600,8940,4340
430695,1995,4350,8676,4326
430695,1996,2200,5129,2929
430695,1997,2500,5128,2628
430695,1998,4700,8960,4260
430695,1999,4700,9249,4549
430695,2000,4900,8968,4068
430695,2001,4711,8843,4132
430695,2002,5185,9366,4181
430695,2003,4985,9323,4338
430695,2004,5225,9497,4272
430695,2005,5185,9039,3854
430695,2006,5185,8863,3678
430695,2007,5085,8829,3744
430695,2008,5385,8583,3198
430695,2009,5585,8633,3048
430695,2010,5985,8633,2648
430695,2011,6295,8564,2269
430695,2012,6295,8738,2443
430695,2013,6295,8602,2307
430695,2014,6635,8629,1994
430695,2015,7000,8419,1419
430695,2016,7400,8807,1407
430695,2017,7400,8757,1357
430695,2018,7500,8916,1416
430695,2019,5400,6925,1525
430695,2020,5400,7181,1781
430695,2021,5400,8601,3201
430697,1988,0,0,0
430697,1989,7000,11127,4127
430697,1990,5500,10867,5367
430697,1991,4500,10212,5712
430697,1992,4200,9598,5398
430697,1993,5000,10020,5020
430697,1994,5000,10095,5095
430697,1995,5000,9652,4652
430697,1996,6450,13672,7222
430697,1997,5700,11781,6081
430697,1998,6000,11587,5587
430697,1999,6500,12250,5750
430697,2000,6500,12677,6177
430697,2001,5500,12361,6861
430697,2002,6500,13191,6691
430697,2003,6600,13080,6480
430697,2004,7000,13350,6350
430697,2005,7000,12826,5826
430697,2006,6800,11926,5126
430697,2007,7200,12026,4826
430697,2008,7200,11925,4725
430697,2009,6950,11728,4778
430697,2010,7200,11724,4524
430697,2011,7200,12164,4964
430697,2012,7200,12363,5163
430697,2013,7700,12863,5163
430697,2014,8000,13222,5222
430697,2015,8100,13056,4956
430697,2016,9600,13731,4131
430697,2017,9400,13540,4140
430697,2018,10000,13649,3649
430697,2019,10000,13711,3711
430697,2020,10200,14480,4280
430697,2021,10500,15878,5378
430700,1988,21000,55526,34526
430700,1989,21310,46717,25407
430700,1990,20000,47901,27901
430700,1991,17500,45133,27633
430700,1992,16500,44634,28134
430700,1993,18500,46481,27981
430700,1994,18500,48681,30181
430700,1995,18500,44630,26130
430700,1996,17200,42444,25244
430700,1997,21000,45716,24716
430700,1998,22400,43976,21576
430700,1999,19500,38908,19408
430700,2000,19500,38964,19464
430700,2001,19585,46776,27191
430700,2002,22010,49151,27141
430700,2003,24966,51844,26878
430700,2004,27520,51875,24355
430700,2005,28700,49835,21135
430700,2006,27420,47527,20107
430700,2007,29910,49364,19454
430700,2008,29600,49169,19569
430700,2009,29600,48889,19289
430700,2010,31220,44736,13516
430700,2011,31600,45464,13864
430700,2012,31300,45461,14161
430700,2013,32700,46557,13857
430700,2014,33300,47630,14330
430700,2015,34200,46487,12287
430700,2016,35350,47309,11959
430700,2017,34250,46099,11849
430700,2018,35200,43656,8456
430700,2019,29960,39215,9255
430700,2020,29150,38194,9044
430700,2021,29200,40714,11514
430705,1988,0,0,0
430705,1989,17372,25377,8005
430705,1990,17372,26005,8633
430705,1991,16000,22749,6749
430705,1992,15500,21988,6488
430705,1993,16000,23408,7408
430705,1994,16000,23811,7811
430705,1995,15200,23288,8088
430705,1996,13062,20492,7430
430705,1997,16000,24073,8073
430705,1998,17000,23974,6974
430705,1999,18000,23960,5960
430705,2000,17000,24427,7427
430705,2001,14256,21285,7029
430705,2002,15500,20554,5054
430705,2003,16500,22360,5860
430705,2004,17500,23329,5829
430705,2005,17500,21833,4333
430705,2006,16500,20024,3524
430705,2007,17000,20167,3167
430705,2008,17000,20765,3765
430705,2009,16500,19765,3265
430705,2010,17500,20605,3105
430705,2011,17500,20952,3452
430705,2012,17000,20737,3737
430705,2013,17100,19259,2159
430705,2014,17100,20161,3061
430705,2015,17100,19568,2468
430705,2016,17100,19568,2468
430705,2017,17200,21137,3937
430705,2018,17100,20958,3858
430705,2019,17100,21278,4178
430705,2020,17100,21228,4128
430705,2021,17100,21278,4178
430710,1988,2000,9589,7589
430710,1989,2500,8775,6275
430710,1990,110,4668,4558
430710,1991,100,4966,4866
430710,1992,0,4861,4861
430710,1993,600,7731,7131
430710,1994,600,8611,8011
430710,1995,300,9401,9101
430710,1996,93,5545,5452
430710,1997,0,7382,7382
430710,1998,320,7070,6750
430710,1999,60,7994,7934
430710,2000,260,7378,7118
430710,2001,400,3708,3308
430710,2002,400,3232,2832
430710,2003,600,3995,3395
430710,2004,600,4625,4025
430710,2005,1000,5722,4722
430710,2006,800,5697,4897
430710,2007,800,5870,5070
430710,2008,1000,5058,4058
430710,2009,2000,6100,4100
430710,2010,2000,5602,3602
430710,2011,2000,5691,3691
430710,2012,2000,5945,3945
430710,2013,3500,7022,3522
430710,2014,7000,8931,1931
430710,2015,7000,10294,3294
430710,2016,12000,15539,3539
430710,2017,12000,15694,3694
430710,2018,13000,15590,2590
430710,2019,13000,15370,2370
430710,2020,13000,15156,2156
430710,2021,13000,15676,2676
430720,1988,5800,25701,19901
430720,1989,6300,25006,18706
430720,1990,5700,21764,16064
430720,1991,4700,22366,17666
430720,1992,4000,20530,16530
430720,1993,3000,17715,14715
430720,1994,3000,12628,9628
430720,1995,2500,12991,10491
430720,1996,1730,10862,9132
430720,1997,2000,11158,9158
430720,1998,2500,12219,9719
430720,1999,2000,9345,7345
430720,2000,2000,9187,7187
430720,2001,2000,10093,8093
430720,2002,2000,10380,8380
430720,2003,2200,10560,8360
430720,2004,2200,10048,7848
430720,2005,2550,9855,7305
430720,2006,2550,7401,4851
430720,2007,2550,7339,4789
430720,2008,2550,6524,3974
430720,2009,3350,5852,2502
430720,2010,3000,5611,2611
430720,2011,3000,5571,2571
430720,2012,2000,4266,2266
430720,2013,2030,4485,2455
430720,2014,2130,4689,2559
430720,2015,2330,4524,2194
430720,2016,2430,4635,2205
430720,2017,2430,4893,2463
430720,2018,2500,4602,2102
430720,2019,2500,4534,2034
430720,2020,2600,4899,2299
430720,2021,3000,4932,1932
430730,1988,37000,63195,26195
430730,1989,38000,61154,23154
430730,1990,37000,59898,22898
430730,1991,33000,58170,25170
430730,1992,36000,57915,21915
430730,1993,38500,55627,17127
430730,1994,35000,53089,18089
430730,1995,34000,51695,17695
430730,1996,33500,55028,21528
430730,1997,33200,49967,16767
430730,1998,33000,50109,17109
430730,1999,33200,49519,16319
430730,2000,29700,48061,18361
430730,2001,28700,47765,19065
430730,2002,29500,49534,20034
430730,2003,29500,49189,19689
430730,2004,31000,48509,17509
430730,2005,31000,47534,16534
430730,2006,28000,43896,15896
430730,2007,28500,45271,16771
430730,2008,27500,46991,19491
430730,2009,27300,45489,18189
430730,2010,28000,43847,15847
430730,2011,28000,44615,16615
430730,2012,27000,44905,17905
430730,2013,27800,45825,18025
430730,2014,27800,44364,16564
430730,2015,28500,42598,14098
430730,2016,29300,43886,14586
430730,2017,28700,44092,15392
430730,2018,30230,44255,14025
430730,2019,30230,45310,15080
430730,2020,29500,46251,16751
430730,2021,29500,50411,20911
430750,1988,50000,72049,22049
430750,1989,35000,49058,14058
430750,1990,35000,53747,18747
430750,1991,34500,47005,12505
430750,1992,34000,46940,12940
430750,1993,35500,48070,12570
430750,1994,35700,47388,11688
430750,1995,32000,40771,8771
430750,1996,24233,43027,18794
430750,1997,32800,47051,14251
430750,1998,34000,43217,9217
430750,1999,34000,42935,8935
430750,2000,36500,49017,12517
430750,2001,44000,58822,14822
430750,2002,48400,67310,18910
430750,2003,51500,75306,23806
430750,2004,55000,79154,24154
430750,2005,55200,77331,22131
430750,2006,53500,73595,20095
430750,2007,55000,80766,25766
430750,2008,55000,82483,27483
430750,2009,56000,81191,25191
430750,2010,56500,77255,20755
430750,2011,60000,82997,22997
430750,2012,61400,89080,27680
430750,2013,63675,92002,28327
430750,2014,64425,94291,29866
430750,2015,65200,88825,23625
430750,2016,66560,88682,22122
430750,2017,67130,90461,23331
430750,2018,69000,92178,23178
430750,2019,69550,96816,27266
430750,2020,69930,101648,31718
430750,2021,69930,107448,37518
430755,1988,0,0,0
430755,1989,4500,7177,2677
430755,1990,4500,7454,2954
430755,1991,4500,7221,2721
430755,1992,4300,6770,2470
430755,1993,4400,7294,2894
430755,1994,4400,7317,2917
430755,1995,4200,6689,2489
430755,1996,4100,7957,3857
430755,1997,4500,6926,2426
430755,1998,4610,7023,2413
430755,1999,4610,7011,2401
430755,2000,4400,7146,2746
430755,2001,3800,7346,3546
430755,2002,4400,7810,3410
430755,2003,4700,8850,4150
430755,2004,4950,9710,4760
430755,2005,5120,9685,4565
430755,2006,4940,7780,2840
430755,2007,5390,7421,2031
430755,2008,5340,7471,2131
430755,2009,5340,7338,1998
430755,2010,5440,7166,1726
430755,2011,5500,6661,1161
430755,2012,5500,6862,1362
430755,2013,5500,7407,1907
430755,2014,5500,7352,1852
430755,2015,5800,7405,1605
430755,2016,5800,7373,1573
430755,2017,5800,7312,1512
430755,2018,5800,7402,1602
430755,2019,5850,7448,1598
430755,2020,5750,7555,1805
430755,2021,5750,7972,2222
430760,1988,0,274,274
430760,1989,0,242,242
430760,1990,0,204,204
430760,1991,0,368,368
430760,1992,0,385,385
430760,1993,0,419,419
430760,1994,0,419,419
430760,1995,0,409,409
430760,1996,0,409,409
430760,1997,0,386,386
430760,1998,0,385,385
430760,1999,0,394,394
430760,2000,0,378,378
430760,2001,0,375,375
430760,2002,0,357,357
430760,2003,0,364,364
430760,2004,0,365,365
430760,2005,0,229,229
430760,2006,0,329,329
430760,2007,0,322,322
430760,2008,0,279,279
430760,2009,0,209,209
430760,2010,0,227,227
430760,2011,0,282,282
430760,2012,0,190,190
430760,2013,0,205,205
430760,2014,0,178,178
430760,2015,0,133,133
430760,2016,0,122,122
430760,2017,0,100,100
430760,2018,0,250,250
430760,2019,0,137,137
430760,2020,0,136,136
430760,2021,0,136,136
430770,1988,0,74,74
430770,1989,0,230,230
430770,1990,0,220,220
430770,1991,0,89,89
430770,1992,0,87,87
430770,1993,0,86,86
430770,1994,0,87,87
430770,1995,0,87,87
430770,1996,0,155,155
430770,1997,0,149,149
430770,1998,0,83,83
430770,1999,0,81,81
430770,2000,0,288,288
430770,2001,0,280,280
430770,2002,0,346,346
430770,2003,0,476,476
430770,2004,0,476,476
430770,2005,0,462,462
430770,2006,0,352,352
430770,2007,0,351,351
430770,2008,0,351,351
430770,2009,0,350,350
430770,2010,0,300,300
430770,2011,0,350,350
430770,2012,0,400,400
430770,2013,0,400,400
430770,2014,0,200,200
430770,2015,0,200,200
430770,2016,0,200,200
430770,2017,0,200,200
430770,2018,0,450,450
430770,2019,0,450,450
430770,2020,0,450,450
430770,2021,0,450,450
430780,1988,14760,64577,49817
430780,1989,14215,66147,51932
430780,1990,12867,66554,53687
430780,1991,9266,63171,53905
430780,1992,5664,57696,52032
430780,1993,5080,54010,48930
430780,1994,4660,53281,48621
430780,1995,4375,52288,47913
430780,1996,2561,39858,37297
430780,1997,3550,45400,41850
430780,1998,3385,45769,42384
430780,1999,3305,41606,38301
430780,2000,2705,39587,36882
430780,2001,2383,37373,34990
430780,2002,2836,40088,37252
430780,2003,3232,41084,37852
430780,2004,3465,40558,37093
430780,2005,3718,37596,33878
430780,2006,3365,39580,36215
430780,2007,3365,39357,35992
430780,2008,3323,39040,35717
430780,2009,3868,37913,34045
430780,2010,3603,37714,34111
430780,2011,3610,36721,33111
430780,2012,3675,35575,31900
430780,2013,3825,32863,29038
430780,2014,4425,34295,29870
430780,2015,4480,31613,27133
430780,2016,4455,30766,26311
430780,2017,4280,28886,24606
430780,2018,4380,28225,23845
430780,2019,4475,26885,22410
430780,2020,4700,26886,22186
430780,2021,4850,27180,22330
430783,1988,0,0,0
430783,1989,21000,27825,6825
430783,1990,21000,29958,8958
430783,1991,19000,27446,8446
430783,1992,17000,26815,9815
430783,1993,21000,28973,7973
430783,1994,21000,29388,8388
430783,1995,20000,25343,5343
430783,1996,20000,28916,8916
430783,1997,20000,27280,7280
430783,1998,21000,28666,7666
430783,1999,21000,28498,7498
430783,2000,21000,29460,8460
430783,2001,21000,30670,9670
430783,2002,22000,31041,9041
430783,2003,22000,30866,8866
430783,2004,23000,31347,8347
430783,2005,23000,30477,7477
430783,2006,21500,28010,6510
430783,2007,21000,27723,6723
430783,2008,25000,36608,11608
430783,2009,25000,36654,11654
430783,2010,25000,37096,12096
430783,2011,25000,41969,16969
430783,2012,26300,41802,15502
430783,2013,27000,43815,16815
430783,2014,26945,44734,17789
430783,2015,27150,42073,14923
430783,2016,28200,43752,15552
430783,2017,29300,45726,16426
430783,2018,28870,43478,14608
430783,2019,27415,40457,13042
430783,2020,27620,41545,13925
430783,2021,28100,50294,22194
430786,1988,0,0,0
430786,1989,530,3992,3462
430786,1990,200,3493,3293
430786,1991,200,2811,2611
430786,1992,200,2752,2552
430786,1993,200,2677,2477
430786,1994,50,2468,2418
430786,1995,25,2429,2404
430786,1996,0,2389,2389
430786,1997,0,2663,2663
430786,1998,20,2877,2857
430786,1999,20,2878,2858
430786,2000,20,2872,2852
430786,2001,40,2923,2883
430786,2002,30,2983,2953
430786,2003,50,3033,2983
430786,2004,80,3046,2966
430786,2005,100,3031,2931
430786,2006,100,3002,2902
430786,2007,100,3002,2902
430786,2008,250,3239,2989
430786,2009,250,3153,2903
430786,2010,300,3101,2801
430786,2011,350,3288,2938
430786,2012,350,2892,2542
430786,2013,400,2937,2537
430786,2014,400,2989,2589
430786,2015,400,2956,2556
430786,2016,600,2946,2346
430786,2017,700,2799,2099
430786,2018,800,2703,1903
430786,2019,1000,3312,2312
430786,2020,1000,3321,2321
430786,2021,1100,3570,2470
430790,1988,0,7297,7297
430790,1989,0,7343,7343
430790,1990,0,7444,7444
430790,1991,0,7507,7507
430790,1992,0,6734,6734
430790,1993,0,6216,6216
430790,1994,0,5951,5951
430790,1995,0,5891,5891
430790,1996,0,5706,5706
430790,1997,0,5569,5569
430790,1998,0,5603,5603
430790,1999,0,5783,5783
430790,2000,0,5795,5795
430790,2001,0,5861,5861
430790,2002,0,5746,5746
430790,2003,0,6148,6148
430790,2004,0,6046,6046
430790,2005,0,6303,6303
430790,2006,0,6691,6691
430790,2007,0,6622,6622
430790,2008,0,6797,6797
430790,2009,0,6664,6664
430790,2010,0,6840,6840
430790,2011,0,6873,6873
430790,2012,0,6278,6278
430790,2013,0,5881,5881
430790,2014,0,5861,5861
430790,2015,0,5915,5915
430790,2016,0,5931,5931
430790,2017,0,5929,5929
430790,2018,0,6746,6746
430790,2019,0,6737,6737
430790,2020,0,6719,6719
430790,2021,0,6787,6787
430800,1988,3500,9291,5791
430800,1989,3500,9970,6470
430800,1990,3500,10598,7098
430800,1991,3000,10684,7684
430800,1992,2500,10534,8034
430800,1993,2000,9460,7460
430800,1994,1800,8616,6816
430800,1995,1300,8281,6981
430800,1996,700,6616,5916
430800,1997,850,7638,6788
430800,1998,950,7791,6841
430800,1999,750,7867,7117
430800,2000,750,8446,7696
430800,2001,700,8539,7839
430800,2002,950,8428,7478
430800,2003,1050,8568,7518
430800,2004,1050,8789,7739
430800,2005,1100,8680,7580
430800,2006,1200,8765,7565
430800,2007,1050,8637,7587
430800,2008,1050,8672,7622
430800,2009,1050,8752,7702
430800,2010,1050,8420,7370
430800,2011,1200,8773,7573
430800,2012,1200,8941,7741
430800,2013,1350,7775,6425
430800,2014,1450,7594,6144
430800,2015,1400,7255,5855
430800,2016,1700,6829,5129
430800,2017,1700,6785,5085
430800,2018,1750,6871,5121
430800,2019,2500,7476,4976
430800,2020,2500,7538,5038
430800,2021,2500,7488,4988
430805,1988,0,0,0
430805,1989,5650,11021,5371
430805,1990,5350,10707,5357
430805,1991,4500,9408,4908
430805,1992,3200,8132,4932
430805,1993,3700,7694,3994
430805,1994,3700,7471,3771
430805,1995,3500,7067,3567
430805,1996,3700,7675,3975
430805,1997,4000,7339,3339
430805,1998,5000,7744,2744
430805,1999,5000,7933,2933
430805,2000,4500,7453,2953
430805,2001,4000,8134,4134
430805,2002,4800,8292,3492
430805,2003,4800,8008,3208
430805,2004,5000,7864,2864
430805,2005,5500,7420,1920
430805,2006,5100,7427,2327
430805,2007,5100,7661,2561
430805,2008,5100,8025,2925
430805,2009,5100,7792,2692
430805,2010,5100,6521,1421
430805,2011,5300,6947,1647
430805,2012,5000,6792,1792
430805,2013,5100,6866,1766
430805,2014,5000,6805,1805
430805,2015,5200,6290,1090
430805,2016,5500,6324,824
430805,2017,5200,6577,1377
430805,2018,5500,6532,1032
430805,2019,5000,6172,1172
430805,2020,5500,6931,1431
430805,2021,5500,7431,1931
430820,1988,0,8400,8400
430820,1989,0,8308,8308
430820,1990,0,8804,8804
430820,1991,0,8909,8909
430820,1992,0,8837,8837
430820,1993,0,8798,8798
430820,1994,0,8103,8103
430820,1995,0,8249,8249
430820,1996,5,6845,6840
430820,1997,0,8341,8341
430820,1998,0,8202,8202
430820,1999,0,7030,7030
430820,2000,0,7368,7368
430820,2001,0,7501,7501
430820,2002,0,7718,7718
430820,2003,0,7533,7533
430820,2004,0,7618,7618
430820,2005,0,8292,8292
430820,2006,0,8242,8242
430820,2007,0,8517,8517
430820,2008,0,8524,8524
430820,2009,0,8598,8598
430820,2010,0,8429,8429
430820,2011,0,8677,8677
430820,2012,0,8749,8749
430820,2013,0,8745,8745
430820,2014,0,8693,8693
430820,2015,0,8667,8667
430820,2016,0,8687,8687
430820,2017,0,8651,8651
430820,2018,0,8089,8089
430820,2019,0,7946,7946
430820,2020,0,7998,7998
430820,2021,0,8025,8025
430830,1988,1500,7555,6055
430830,1989,1320,5931,4611
430830,1990,1320,5810,4490
430830,1991,1100,5589,4489
430830,1992,700,5621,4921
430830,1993,300,5465,5165
430830,1994,300,5258,4958
430830,1995,300,5179,4879
430830,1996,120,6451,6331
430830,1997,150,7726,7576
430830,1998,100,7455,7355
430830,1999,150,7555,7405
430830,2000,130,7277,7147
430830,2001,150,6935,6785
430830,2002,250,6610,6360
430830,2003,500,7699,7199
430830,2004,900,8170,7270
430830,2005,1000,8412,7412
430830,2006,700,6612,5912
430830,2007,1200,7108,5908
430830,2008,1500,7450,5950
430830,2009,1500,7358,5858
430830,2010,1700,7525,5825
430830,2011,1700,7578,5878
430830,2012,2000,6530,4530
430830,2013,2500,7147,4647
430830,2014,2500,7147,4647
430830,2015,3000,7467,4467
430830,2016,3000,7684,4684
430830,2017,5000,9887,4887
430830,2018,5000,8934,3934
430830,2019,5000,9134,4134
430830,2020,5000,8934,3934
430830,2021,5000,8934,3934
430840,1988,4500,13794,9294
430840,1989,5000,14096,9096
430840,1990,4000,11238,7238
430840,1991,1000,8852,7852
430840,1992,800,9640,8840
430840,1993,800,8636,7836
430840,1994,1500,9249,7749
430840,1995,1000,10369,9369
430840,1996,170,9059,8889
430840,1997,500,9451,8951
430840,1998,700,9661,8961
430840,1999,150,9104,8954
430840,2000,300,9258,8958
430840,2001,400,11616,11216
430840,2002,1200,12421,11221
430840,2003,2000,13292,11292
430840,2004,2500,13304,10804
430840,2005,3000,13049,10049
430840,2006,2500,13149,10649
430840,2007,2000,12654,10654
430840,2008,1500,12646,11146
430840,2009,2000,12569,10569
430840,2010,2000,12277,10277
430840,2011,2500,12845,10345
430840,2012,2800,12283,9483
430840,2013,5500,15023,9523
430840,2014,6000,16577,10577
430840,2015,7000,17107,10107
430840,2016,7500,16948,9448
430840,2017,7700,17870,10170
430840,2018,8100,18189,10089
430840,2019,9000,19032,10032
430840,2020,9500,18162,8662
430840,2021,12000,20101,8101
430845,1988,39000,52071,13071
430845,1989,44000,56818,12818
430845,1990,44000,59210,15210
430845,1991,43500,54415,10915
430845,1992,38000,51855,13855
430845,1993,40000,53359,13359
430845,1994,35000,48342,13342
430845,1995,31000,43993,12993
430845,1996,23156,46735,23579
430845,1997,27000,38796,11796
430845,1998,27000,35695,8695
430845,1999,27000,36225,9225
430845,2000,27000,39925,12925
430845,2001,27000,40836,13836
430845,2002,31070,43160,12090
430845,2003,32500,44741,12241
430845,2004,33850,45655,11805
430845,2005,33850,41917,8067
430845,2006,32850,43072,10222
430845,2007,32850,43046,10196
430845,2008,31200,43101,11901
430845,2009,32050,41905,9855
430845,2010,33050,40343,7293
430845,2011,33350,42256,8906
430845,2012,33450,42842,9392
430845,2013,35020,44057,9037
430845,2014,34820,47683,12863
430845,2015,35760,45595,9835
430845,2016,36140,43355,7215
430845,2017,36640,42515,5875
430845,2018,36840,41279,4439
430845,2019,36840,42506,5666
430845,2020,36840,44956,8116
430845,2021,36840,46066,9226
430850,1988,12000,36969,24969
430850,1989,7160,20743,13583
430850,1990,7160,21219,14059
430850,1991,6000,19562,13562
430850,1992,6000,20042,14042
430850,1993,7200,20446,13246
430850,1994,8100,21346,13246
430850,1995,8100,21612,13512
430850,1996,3657,16019,12362
430850,1997,7500,25281,17781
430850,1998,7500,23561,16061
430850,1999,7500,21994,14494
430850,2000,7500,22575,15075
430850,2001,3500,17471,13971
430850,2002,5500,18847,13347
430850,2003,6000,18434,12434
430850,2004,8500,20316,11816
430850,2005,8500,20306,11806
430850,2006,7000,19746,12746
430850,2007,7000,17284,10284
430850,2008,7000,17284,10284
430850,2009,7000,17194,10194
430850,2010,7000,16724,9724
430850,2011,7500,17244,9744
430850,2012,7000,14481,7481
430850,2013,7000,14112,7112
430850,2014,7000,13564,6564
430850,2015,6500,12595,6095
430850,2016,6700,12292,5592
430850,2017,6700,12865,6165
430850,2018,7300,12197,4897
430850,2019,6700,12270,5570
430850,2020,6900,12520,5620
430850,2021,7200,12937,5737
430870,1988,18500,46594,28094
430870,1989,7500,16519,9019
430870,1990,7000,16613,9613
430870,1991,6300,16066,9766
430870,1992,5500,16128,10628
430870,1993,3400,13125,9725
430870,1994,3600,13097,9497
430870,1995,3300,12935,9635
430870,1996,2000,10798,8798
430870,1997,2000,10096,8096
430870,1998,3360,11141,7781
430870,1999,3000,12175,9175
430870,2000,3000,11829,8829
430870,2001,2500,13110,10610
430870,2002,3000,14092,11092
430870,2003,3600,14449,10849
430870,2004,4300,13233,8933
430870,2005,5070,12977,7907
430870,2006,4800,12752,7952
430870,2007,5700,13066,7366
430870,2008,6000,13036,7036
430870,2009,6400,13055,6655
430870,2010,6900,11645,4745
430870,2011,7500,11573,4073
430870,2012,7300,11824,4524
430870,2013,8050,12567,4517
430870,2014,8600,13403,4803
430870,2015,8800,12118,3318
430870,2016,9000,11639,2639
430870,2017,8700,11171,2471
430870,2018,8200,10462,2262
430870,2019,8200,10322,2122
430870,2020,8200,10429,2229
430870,2021,8200,12020,3820
430890,1988,76000,143222,67222
430890,1989,49000,79457,30457
430890,1990,43500,79068,35568
430890,1991,39000,75863,36863
430890,1992,39200,75079,35879
430890,1993,40200,74409,34209
430890,1994,40700,77014,36314
430890,1995,37700,69587,31887
430890,1996,35000,71259,36259
430890,1997,45250,77944,32694
430890,1998,45550,78093,32543
430890,1999,36550,71458,34908
430890,2000,35650,74563,38913
430890,2001,37860,81967,44107
430890,2002,43450,86007,42557
430890,2003,47430,86296,38866
430890,2004,49800,90428,40628
430890,2005,50910,88901,37991
430890,2006,47050,83388,36338
430890,2007,48950,84443,35493
430890,2008,49050,82430,33380
430890,2009,48750,82736,33986
430890,2010,54825,81380,26555
430890,2011,56975,80740,23765
430890,2012,54830,81850,27020
430890,2013,56880,79866,22986
430890,2014,57750,80775,23025
430890,2015,59400,80018,20618
430890,2016,60850,81647,20797
430890,2017,60250,84327,24077
430890,2018,63110,81651,18541
430890,2019,63060,86300,23240
430890,2020,62110,91046,28936
430890,2021,60770,97159,36389
430900,1988,113500,190439,76939
430900,1989,113800,179541,65741
430900,1990,113800,191607,77807
430900,1991,107000,181119,74119
430900,1992,94500,163725,69225
430900,1993,104000,165177,61177
430900,1994,107000,166067,59067
430900,1995,104500,150952,46452
430900,1996,82500,148703,66203
430900,1997,99635,149127,49492
430900,1998,104000,145049,41049
430900,1999,103000,151253,48253
430900,2000,104500,154150,49650
430900,2001,102000,156720,54720
430900,2002,102000,156555,54555
430900,2003,103000,171365,68365
430900,2004,104800,180318,75518
430900,2005,106720,173851,67131
430900,2006,102200,174437,72237
430900,2007,102800,169760,66960
430900,2008,102300,172794,70494
430900,2009,99300,168772,69472
430900,2010,100300,167423,67123
430900,2011,100800,173180,72380
430900,2012,101100,175456,74356
430900,2013,101300,182977,81677
430900,2014,103500,178476,74976
430900,2015,108020,168180,60160
430900,2016,108450,166461,58011
430900,2017,108614,167331,58717
430900,2018,108694,166028,57334
430900,2019,99208,158490,59282
430900,2020,98639,161343,62704
430900,2021,101939,168916,66977
430905,1988,0,0,0
430905,1989,700,3135,2435
430905,1990,400,2747,2347
430905,1991,400,2690,2290
430905,1992,380,2522,2142
430905,1993,400,2664,2264
430905,1994,0,2801,2801
430905,1995,0,2831,2831
430905,1996,0,2633,2633
430905,1997,0,2644,2644
430905,1998,0,2218,2218
430905,1999,0,2031,2031
430905,2000,0,1931,1931
430905,2001,0,1931,1931
430905,2002,0,1942,1942
430905,2003,0,1927,1927
430905,2004,0,1699,1699
430905,2005,0,1699,1699
430905,2006,150,1849,1699
430905,2007,150,1845,1695
430905,2008,160,1568,1408
430905,2009,160,1560,1400
430905,2010,160,2010,1850
430905,2011,430,2891,2461
430905,2012,450,2911,2461
430905,2013,650,3069,2419
430905,2014,750,3041,2291
430905,2015,750,3212,2462
430905,2016,750,2977,2227
430905,2017,750,2988,2238
430905,2018,750,3005,2255
430905,2019,1000,3295,2295
430905,2020,1200,3447,2247
430905,2021,1500,3265,1765
430910,1988,15,3266,3251
430910,1989,0,3328,3328
430910,1990,0,3326,3326
430910,1991,0,3306,3306
430910,1992,0,2607,2607
430910,1993,0,2364,2364
430910,1994,0,2342,2342
430910,1995,0,1666,1666
430910,1996,0,2172,2172
430910,1997,0,1756,1756
430910,1998,0,1722,1722
430910,1999,0,1720,1720
430910,2000,0,1754,1754
430910,2001,0,1720,1720
430910,2002,0,1629,1629
430910,2003,0,1534,1534
430910,2004,0,1501,1501
430910,2005,0,1103,1103
430910,2006,0,1409,1409
430910,2007,0,1362,1362
430910,2008,0,1365,1365
430910,2009,0,1365,1365
430910,2010,0,1255,1255
430910,2011,0,1244,1244
430910,2012,0,1074,1074
430910,2013,0,729,729
430910,2014,0,1033,1033
430910,2015,0,979,979
430910,2016,0,986,986
430910,2017,0,1008,1008
430910,2018,0,1080,1080
430910,2019,0,1087,1087
430910,2020,0,1081,1081
430910,2021,0,886,886
430920,1988,500,7005,6505
430920,1989,50,1681,1631
430920,1990,30,2000,1970
430920,1991,30,2061,2031
430920,1992,30,1885,1855
430920,1993,40,2133,2093
430920,1994,40,2298,2258
430920,1995,40,1493,1453
430920,1996,0,1233,1233
430920,1997,0,1010,1010
430920,1998,0,1014,1014
430920,1999,0,899,899
430920,2000,30,1089,1059
430920,2001,30,1089,1059
430920,2002,0,1169,1169
430920,2003,0,1232,1232
430920,2004,0,1162,1162
430920,2005,0,1192,1192
430920,2006,0,1201,1201
430920,2007,0,984,984
430920,2008,0,984,984
430920,2009,0,1256,1256
430920,2010,0,1059,1059
430920,2011,0,1249,1249
430920,2012,0,854,854
430920,2013,0,660,660
430920,2014,0,650,650
430920,2015,0,621,621
430920,2016,0,609,609
430920,2017,0,608,608
430920,2018,149,1108,959
430920,2019,150,1108,958
430920,2020,500,1409,909
430920,2021,500,1409,909
430925,1988,0,0,0
430925,1989,280,2796,2516
430925,1990,280,2799,2519
430925,1991,280,2875,2595
430925,1992,150,2955,2805
430925,1993,300,2883,2583
430925,1994,300,2891,2591
430925,1995,150,2934,2784
430925,1996,150,2844,2694
430925,1997,150,2734,2584
430925,1998,450,3132,2682
430925,1999,450,3013,2563
430925,2000,450,3185,2735
430925,2001,600,3207,2607
430925,2002,600,3221,2621
430925,2003,1100,3349,2249
430925,2004,1400,3269,1869
430925,2005,1600,3487,1887
430925,2006,1400,3785,2385
430925,2007,1600,4013,2413
430925,2008,2000,4881,2881
430925,2009,2350,5277,2927
430925,2010,2350,4852,2502
430925,2011,3500,4650,1150
430925,2012,4500,5960,1460
430925,2013,5500,6770,1270
430925,2014,5700,7280,1580
430925,2015,5700,7086,1386
430925,2016,6000,7045,1045
430925,2017,5700,7131,1431
430925,2018,6000,6987,987
430925,2019,5100,7157,2057
430925,2020,5000,6437,1437
430925,2021,6000,7095,1095
430940,1988,4500,28664,24164
430940,1989,3150,18598,15448
430940,1990,3150,18609,15459
430940,1991,1260,16815,15555
430940,1992,400,13977,13577
430940,1993,530,11758,11228
430940,1994,560,11965,11405
430940,1995,630,11838,11208
430940,1996,360,10159,9799
430940,1997,410,10686,10276
430940,1998,600,10365,9765
430940,1999,600,10451,9851
430940,2000,600,10521,9921
430940,2001,600,10835,10235
430940,2002,460,10794,10334
430940,2003,460,10861,10401
430940,2004,600,11391,10791
430940,2005,800,11990,11190
430940,2006,700,11656,10956
430940,2007,600,11607,11007
430940,2008,600,11687,11087
430940,2009,800,11843,11043
430940,2010,1450,11146,9696
430940,2011,2200,11775,9575
430940,2012,2000,12156,10156
430940,2013,3200,11183,7983
430940,2014,4500,12046,7546
430940,2015,5300,12026,6726
430940,2016,7130,12065,4935
430940,2017,6250,11575,5325
430940,2018,7200,11810,4610
430940,2019,6600,12226,5626
430940,2020,6600,11580,4980
430940,2021,7500,14690,7190
430955,1988,0,0,0
430955,1989,500,5191,4691
430955,1990,400,5171,4771
430955,1991,60,4893,4833
430955,1992,60,4893,4833
430955,1993,10,3723,3713
430955,1994,10,3733,3723
430955,1995,10,3710,3700
430955,1996,2,2308,2306
430955,1997,10,2885,2875
430955,1998,5,2657,2652
430955,1999,3,2851,2848
430955,2000,3,2815,2812
430955,2001,3,2424,2421
430955,2002,3,2174,2171
430955,2003,3,2107,2104
430955,2004,3,2147,2144
430955,2005,0,2144,2144
430955,2006,0,2153,2153
430955,2007,0,1667,1667
430955,2008,0,1672,1672
430955,2009,0,1622,1622
430955,2010,0,1620,1620
430955,2011,0,1629,1629
430955,2012,0,1657,1657
430955,2013,0,1512,1512
430955,2014,0,1650,1650
430955,2015,0,1500,1500
430955,2016,0,1468,1468
430955,2017,0,1446,1446
430955,2018,0,1394,1394
430955,2019,0,1342,1342
430955,2020,0,1312,1312
430955,2021,0,1517,1517
430960,1988,22425,49545,27120
430960,1989,10693,23881,13188
430960,1990,11800,24328,12528
430960,1991,11250,22764,11514
430960,1992,11000,22387,11387
430960,1993,12000,23798,11798
430960,1994,12000,23742,11742
430960,1995,12000,22050,10050
430960,1996,9855,18921,9066
430960,1997,12300,23416,11116
430960,1998,12170,23443,11273
430960,1999,12170,23443,11273
430960,2000,13000,23905,10905
430960,2001,12150,23277,11127
430960,2002,13800,22727,8927
430960,2003,13800,23170,9370
430960,2004,13800,24260,10460
430960,2005,13150,22631,9481
430960,2006,12250,23217,10967
430960,2007,12350,22771,10421
430960,2008,12200,22823,10623
430960,2009,12000,22929,10929
430960,2010,13000,22619,9619
430960,2011,11040,20245,9205
430960,2012,10500,20047,9547
430960,2013,10500,18850,8350
430960,2014,10000,16925,6925
430960,2015,10000,17490,7490
430960,2016,10500,17097,6597
430960,2017,11500,19117,7617
430960,2018,11000,17998,6998
430960,2019,12000,20448,8448
430960,2020,12000,20710,8710
430960,2021,12000,20908,8908
430975,1988,0,0,0
430975,1989,80,10942,10862
430975,1990,80,11114,11034
430975,1991,100,11719,11619
430975,1992,100,11330,11230
430975,1993,20,6850,6830
430975,1994,20,6889,6869
430975,1995,20,5917,5897
430975,1996,3,4801,4798
430975,1997,10,5231,5221
430975,1998,0,6724,6724
430975,1999,0,7235,7235
430975,2000,0,6779,6779
430975,2001,0,6497,6497
430975,2002,0,6804,6804
430975,2003,0,7217,7217
430975,2004,20,7052,7032
430975,2005,80,7245,7165
430975,2006,80,7147,7067
430975,2007,80,6847,6767
430975,2008,80,6844,6764
430975,2009,80,6889,6809
430975,2010,80,6819,6739
430975,2011,80,6666,6586
430975,2012,180,5901,5721
430975,2013,280,7114,6834
430975,2014,400,7232,6832
430975,2015,400,7236,6836
430975,2016,900,7750,6850
430975,2017,900,7890,6990
430975,2018,900,7719,6819
430975,2019,900,7109,6209
430975,2020,950,7609,6659
430975,2021,950,7729,6779
430980,1988,33000,52643,19643
430980,1989,31000,43370,12370
430980,1990,22400,34859,12459
430980,1991,22400,34052,11652
430980,1992,21500,32678,11178
430980,1993,22400,30967,8567
430980,1994,23000,32708,9708
430980,1995,22100,28950,6850
430980,1996,16500,25545,9045
430980,1997,23200,29686,6486
430980,1998,23500,29437,5937
430980,1999,17000,23122,6122
430980,2000,16000,23726,7726
430980,2001,13800,21278,7478
430980,2002,14700,22413,7713
430980,2003,15700,23217,7517
430980,2004,16400,23702,7302
430980,2005,16500,24232,7732
430980,2006,15800,23982,8182
430980,2007,16300,24116,7816
430980,2008,16300,24018,7718
430980,2009,15800,24921,9121
430980,2010,16300,23203,6903
430980,2011,16800,23383,6583
430980,2012,15900,23096,7196
430980,2013,16100,23791,7691
430980,2014,16100,22816,6716
430980,2015,16000,21506,5506
430980,2016,16800,20714,3914
430980,2017,16800,21104,4304
430980,2018,17000,21435,4435
430980,2019,21500,28313,6813
430980,2020,21200,28545,7345
430980,2021,20500,30625,10125
430995,1988,0,0,0
430995,1989,9500,12283,2783
430995,1990,9000,13441,4441
430995,1991,7500,11686,4186
430995,1992,7500,11164,3664
430995,1993,7500,12474,4974
430995,1994,7700,12447,4747
430995,1995,6600,10579,3979
430995,1996,6600,11409,4809
430995,1997,6000,9548,3548
430995,1998,7000,10364,3364
430995,1999,7000,10469,3469
430995,2000,7300,10788,3488
430995,2001,12466,19925,7459
430995,2002,15550,22734,7184
430995,2003,16800,23221,6421
430995,2004,18660,24003,5343
430995,2005,19300,24169,4869
430995,2006,19500,24315,4815
430995,2007,19800,24818,5018
430995,2008,19600,24152,4552
430995,2009,19450,23494,4044
430995,2010,19800,23108,3308
430995,2011,19700,23097,3397
430995,2012,19700,23416,3716
430995,2013,20100,23801,3701
430995,2014,20500,24402,3902
430995,2015,20580,23241,2661
430995,2016,20780,22955,2175
430995,2017,20780,25868,5088
430995,2018,20800,28597,7797
430995,2019,23800,31397,7597
430995,2020,23800,31495,7695
430995,2021,23800,31673,7873
431000,1988,41500,64025,22525
431000,1989,35500,47727,12227
431000,1990,36000,55905,19905
431000,1991,40000,57630,17630
431000,1992,38000,55649,17649
431000,1993,40800,57584,16784
431000,1994,41500,58361,16861
431000,1995,37000,51870,14870
431000,1996,31113,56416,25303
431000,1997,37000,56353,19353
431000,1998,40000,56501,16501
431000,1999,37000,52488,15488
431000,2000,36500,54401,17901
431000,2001,36250,54028,17778
431000,2002,38700,58253,19553
431000,2003,39750,65481,25731
431000,2004,40000,69265,29265
431000,2005,40000,64578,24578
431000,2006,38000,58128,20128
431000,2007,39000,58100,19100
431000,2008,39000,60616,21616
431000,2009,39000,59763,20763
431000,2010,41500,58630,17130
431000,2011,41500,60577,19077
431000,2012,39500,61859,22359
431000,2013,41000,61550,20550
431000,2014,41000,63134,22134
431000,2015,41500,56080,14580
431000,2016,41400,57560,16160
431000,2017,41400,57225,15825
431000,2018,42400,62892,20492
431000,2019,43000,60145,17145
431000,2020,42300,62855,20555
431000,2021,42300,63965,21665
431010,1988,0,761,761
431010,1989,0,978,978
431010,1990,0,869,869
431010,1991,0,872,872
431010,1992,0,975,975
431010,1993,0,1031,1031
431010,1994,0,789,789
431010,1995,0,649,649
431010,1996,0,839,839
431010,1997,0,800,800
431010,1998,0,932,932
431010,1999,0,944,944
431010,2000,0,1049,1049
431010,2001,0,1038,1038
431010,2002,0,911,911
431010,2003,0,885,885
431010,2004,10,900,890
431010,2005,20,888,868
431010,2006,20,891,871
431010,2007,20,891,871
431010,2008,8,866,858
431010,2009,4,821,817
431010,2010,2,771,769
431010,2011,4,776,772
431010,2012,8,568,560
431010,2013,13,648,635
431010,2014,20,503,483
431010,2015,15,433,418
431010,2016,15,363,348
431010,2017,9,322,313
431010,2018,9,327,318
431010,2019,7,302,295
431010,2020,7,247,240
431010,2021,7,238,231
431020,1988,81500,136898,55398
431020,1989,81000,131340,50340
431020,1990,78000,129244,51244
431020,1991,73000,119514,46514
431020,1992,71000,118285,47285
431020,1993,76000,117089,41089
431020,1994,85800,123479,37679
431020,1995,82300,115470,33170
431020,1996,82500,131935,49435
431020,1997,84000,120651,36651
431020,1998,87000,117751,30751
431020,1999,87000,122893,35893
431020,2000,87000,129513,42513
431020,2001,82200,122325,40125
431020,2002,86350,126865,40515
431020,2003,90200,130271,40071
431020,2004,92200,132318,40118
431020,2005,91200,125524,34324
431020,2006,88200,115876,27676
431020,2007,87800,120629,32829
431020,2008,86000,122985,36985
431020,2009,86000,122909,36909
431020,2010,86800,120454,33654
431020,2011,87500,127697,40197
431020,2012,87300,134339,47039
431020,2013,87800,130803,43003
431020,2014,89000,135893,46893
431020,2015,89579,128060,38481
431020,2016,90000,125449,35449
431020,2017,89950,123786,33836
431020,2018,83620,124285,40665
431020,2019,84380,124698,40318
431020,2020,84160,127693,43533
431020,2021,84390,132180,47790
431030,1988,280,3865,3585
431030,1989,300,4000,3700
431030,1990,240,4028,3788
431030,1991,10,3910,3900
431030,1992,10,3973,3963
431030,1993,10,3831,3821
431030,1994,10,4450,4440
431030,1995,10,4534,4524
431030,1996,7,4110,4103
431030,1997,0,5192,5192
431030,1998,4,5056,5052
431030,1999,0,5586,5586
431030,2000,0,4868,4868
431030,2001,0,4868,4868
431030,2002,6,9772,9766
431030,2003,15,9966,9951
431030,2004,30,5887,5857
431030,2005,60,10171,10111
431030,2006,50,9964,9914
431030,2007,50,9986,9936
431030,2008,30,9603,9573
431030,2009,0,8478,8478
431030,2010,0,8401,8401
431030,2011,20,8470,8450
431030,2012,0,9651,9651
431030,2013,0,9521,9521
431030,2014,0,9379,9379
431030,2015,40,8987,8947
431030,2016,55,8950,8895
431030,2017,55,8095,8040
431030,2018,60,6427,6367
431030,2019,60,5986,5926
431030,2020,60,6309,6249
431030,2021,100,6369,6269
431033,1988,0,0,0
431033,1989,0,135,135
431033,1990,0,130,130
431033,1991,0,131,131
431033,1992,0,131,131
431033,1993,0,131,131
431033,1994,0,111,111
431033,1995,0,111,111
431033,1996,0,123,123
431033,1997,0,123,123
431033,1998,0,143,143
431033,1999,0,123,123
431033,2000,0,123,123
431033,2001,0,123,123
431033,2002,0,123,123
431033,2003,0,123,123
431033,2004,0,123,123
431033,2005,0,123,123
431033,2006,0,123,123
431033,2007,0,123,123
431033,2008,0,3,3
431033,2009,0,2,2
431033,2010,0,2,2
431033,2011,0,3,3
431033,2012,0,3,3
431033,2013,0,3,3
431033,2014,0,3,3
431033,2015,0,2,2
431033,2016,0,2,2
431033,2017,0,2,2
431033,2018,0,2,2
431033,2019,0,2,2
431033,2020,0,0,0
431033,2021,0,2,2
431036,1988,0,0,0
431036,1989,717,3961,3244
431036,1990,538,3760,3222
431036,1991,300,3515,3215
431036,1992,250,3314,3064
431036,1993,200,3329,3129
431036,1994,180,3325,3145
431036,1995,100,2359,2259
431036,1996,100,2489,2389
431036,1997,75,2305,2230
431036,1998,50,2274,2224
431036,1999,50,2139,2089
431036,2000,50,2151,2101
431036,2001,31,1674,1643
431036,2002,31,1566,1535
431036,2003,31,1666,1635
431036,2004,31,1669,1638
431036,2005,31,1674,1643
431036,2006,25,1662,1637
431036,2007,20,1657,1637
431036,2008,20,1722,1702
431036,2009,20,1722,1702
431036,2010,20,1277,1257
431036,2011,20,948,928
431036,2012,20,646,626
431036,2013,25,638,613
431036,2014,25,577,552
431036,2015,60,593,533
431036,2016,60,444,384
431036,2017,60,532,472
431036,2018,60,528,468
431036,2019,90,539,449
431036,2020,120,469,349
431036,2021,120,564,444
431040,1988,23000,46843,23843
431040,1989,26000,46176,20176
431040,1990,25500,45432,19932
431040,1991,24500,44123,19623
431040,1992,24000,41010,17010
431040,1993,25000,41612,16612
431040,1994,26000,41051,15051
431040,1995,25000,36763,11763
431040,1996,18668,30335,11667
431040,1997,25000,37356,12356
431040,1998,26000,29439,3439
431040,1999,26000,37429,11429
431040,2000,26000,36229,10229
431040,2001,25000,39929,14929
431040,2002,26000,46947,20947
431040,2003,22000,45796,23796
431040,2004,22500,45916,23416
431040,2005,23000,45349,22349
431040,2006,20000,38262,18262
431040,2007,20000,40859,20859
431040,2008,20000,38601,18601
431040,2009,20000,34929,14929
431040,2010,20000,34324,14324
431040,2011,21000,37929,16929
431040,2012,20000,35831,15831
431040,2013,20000,34846,14846
431040,2014,20000,33846,13846
431040,2015,20000,32049,12049
431040,2016,21700,33494,11794
431040,2017,21000,33466,12466
431040,2018,22000,34344,12344
431040,2019,19500,33606,14106
431040,2020,21500,35882,14382
431040,2021,21500,36851,15351
431043,1988,0,0,0
431043,1989,630,6146,5516
431043,1990,400,5976,5576
431043,1991,350,5851,5501
431043,1992,200,5104,4904
431043,1993,200,6334,6134
431043,1994,300,6647,6347
431043,1995,300,6747,6447
431043,1996,300,3565,3265
431043,1997,500,5297,4797
431043,1998,1200,6146,4946
431043,1999,1200,5480,4280
431043,2000,1200,5420,4220
431043,2001,1200,5450,4250
431043,2002,1200,5758,4558
431043,2003,1200,6277,5077
431043,2004,7000,14465,7465
431043,2005,5000,12911,7911
431043,2006,5000,13682,8682
431043,2007,5000,13677,8677
431043,2008,5000,13332,8332
431043,2009,5000,12932,7932
431043,2010,5000,12933,7933
431043,2011,5000,12714,7714
431043,2012,5000,12880,7880
431043,2013,6000,13246,7246
431043,2014,5500,13001,7501
431043,2015,5500,13071,7571
431043,2016,6000,12482,6482
431043,2017,6200,12772,6572
431043,2018,8500,13129,4629
431043,2019,8500,13435,4935
431043,2020,7000,12132,5132
431043,2021,8500,12633,4133
431046,1988,0,0,0
431046,1989,9500,14495,4995
431046,1990,9000,14586,5586
431046,1991,7700,14179,6479
431046,1992,7500,13725,6225
431046,1993,8000,13689,5689
431046,1994,8000,14120,6120
431046,1995,7500,12863,5363
431046,1996,7500,14786,7286
431046,1997,8000,13534,5534
431046,1998,8400,13555,5155
431046,1999,7800,13322,5522
431046,2000,7100,13852,6752
431046,2001,6800,14144,7344
431046,2002,7830,15461,7631
431046,2003,8080,15819,7739
431046,2004,8080,16119,8039
431046,2005,8080,16466,8386
431046,2006,7400,14829,7429
431046,2007,8400,14837,6437
431046,2008,8400,14813,6413
431046,2009,7400,14813,7413
431046,2010,8600,14103,5503
431046,2011,8900,14319,5419
431046,2012,7900,14024,6124
431046,2013,8900,13819,4919
431046,2014,8900,14106,5206
431046,2015,9200,13795,4595
431046,2016,10000,13780,3780
431046,2017,10000,13479,3479
431046,2018,10100,13478,3378
431046,2019,10500,13530,3030
431046,2020,10500,14580,4080
431046,2021,10500,14595,4095
431055,1988,0,0,0
431055,1989,9200,15306,6106
431055,1990,9200,13834,4634
431055,1991,9200,13834,4634
431055,1992,3500,8533,5033
431055,1993,4100,10208,6108
431055,1994,5200,12923,7723
431055,1995,6000,13164,7164
431055,1996,3300,9443,6143
431055,1997,3500,10203,6703
431055,1998,2500,8048,5548
431055,1999,3500,9636,6136
431055,2000,3000,10658,7658
431055,2001,3000,10212,7212
431055,2002,4000,9750,5750
431055,2003,5000,12007,7007
431055,2004,6500,12959,6459
431055,2005,6100,13223,7123
431055,2006,5000,10524,5524
431055,2007,4000,10077,6077
431055,2008,4000,11577,7577
431055,2009,3500,8715,5215
431055,2010,4500,10449,5949
431055,2011,4500,9587,5087
431055,2012,5000,10305,5305
431055,2013,6500,12460,5960
431055,2014,7500,12679,5179
431055,2015,10000,15019,5019
431055,2016,10000,14571,4571
431055,2017,10000,14469,4469
431055,2018,10500,13636,3136
431055,2019,12000,15736,3736
431055,2020,14000,17611,3611
431055,2021,21500,28634,7134
431060,1988,12000,71673,59673
431060,1989,15000,74872,59872
431060,1990,12000,72580,60580
431060,1991,8000,71297,63297
431060,1992,6000,74597,68597
431060,1993,4000,78078,74078
431060,1994,8000,88588,80588
431060,1995,8000,88600,80600
431060,1996,8300,82272,73972
431060,1997,14500,82582,68082
431060,1998,20000,90926,70926
431060,1999,25972,109648,83676
431060,2000,37842,125517,87675
431060,2001,33985,118609,84624
431060,2002,36370,126567,90197
431060,2003,39900,123596,83696
431060,2004,46000,140078,94078
431060,2005,46000,134167,88167
431060,2006,37600,134496,96896
431060,2007,35600,118511,82911
431060,2008,34000,130373,96373
431060,2009,34000,132152,98152
431060,2010,35000,132850,97850
431060,2011,33000,137855,104855
431060,2012,34000,133763,99763
431060,2013,40840,153259,112419
431060,2014,42500,155083,112583
431060,2015,45700,163664,117964
431060,2016,45700,158504,112804
431060,2017,49000,168058,119058
431060,2018,51250,168819,117569
431060,2019,60500,179620,119120
431060,2020,83375,208184,124809
431060,2021,83360,208377,125017
431070,1988,3400,16162,12762
431070,1989,3400,16414,13014
431070,1990,3150,15951,12801
431070,1991,3200,16868,13668
431070,1992,2980,17794,14814
431070,1993,1500,14830,13330
431070,1994,1800,13521,11721
431070,1995,1800,12710,10910
431070,1996,1200,7974,6774
431070,1997,1300,8193,6893
431070,1998,1650,11137,9487
431070,1999,500,9724,9224
431070,2000,400,9688,9288
431070,2001,400,7345,6945
431070,2002,400,7547,7147
431070,2003,300,7107,6807
431070,2004,200,6650,6450
431070,2005,400,5363,4963
431070,2006,400,6032,5632
431070,2007,430,6393,5963
431070,2008,430,6206,5776
431070,2009,200,6237,6037
431070,2010,300,4203,3903
431070,2011,400,4361,3961
431070,2012,450,3790,3340
431070,2013,480,3641,3161
431070,2014,480,3828,3348
431070,2015,520,3878,3358
431070,2016,600,3818,3218
431070,2017,680,3959,3279
431070,2018,680,3875,3195
431070,2019,680,4296,3616
431070,2020,780,4334,3554
431070,2021,1000,4753,3753
431075,1988,0,0,0
431075,1989,1600,4208,2608
431075,1990,1600,4544,2944
431075,1991,800,3859,3059
431075,1992,600,3921,3321
431075,1993,600,3905,3305
431075,1994,600,3945,3345
431075,1995,600,3986,3386
431075,1996,500,3339,2839
431075,1997,600,4047,3447
431075,1998,600,4070,3470
431075,1999,650,4216,3566
431075,2000,650,4178,3528
431075,2001,650,4226,3576
431075,2002,650,4283,3633
431075,2003,650,4384,3734
431075,2004,650,4386,3736
431075,2005,670,4225,3555
431075,2006,650,4061,3411
431075,2007,650,4166,3516
431075,2008,1800,5301,3501
431075,2009,1800,5351,3551
431075,2010,1800,5356,3556
431075,2011,1800,5069,3269
431075,2012,2000,5299,3299
431075,2013,2000,5603,3603
431075,2014,2400,5734,3334
431075,2015,2500,5747,3247
431075,2016,3000,4883,1883
431075,2017,3500,5330,1830
431075,2018,3500,5312,1812
431075,2019,3500,5217,1717
431075,2020,3550,5634,2084
431075,2021,3650,5817,2167
431090,1988,20000,56227,36227
431090,1989,22200,53589,31389
431090,1990,20750,55039,34289
431090,1991,17400,41788,24388
431090,1992,16000,53580,37580
431090,1993,17900,53947,36047
431090,1994,17900,51497,33597
431090,1995,16900,49112,32212
431090,1996,14020,37781,23761
431090,1997,15900,39880,23980
431090,1998,19300,50464,31164
431090,1999,18300,48332,30032
431090,2000,18250,47727,29477
431090,2001,14965,42356,27391
431090,2002,16250,45397,29147
431090,2003,17700,45803,28103
431090,2004,19300,46205,26905
431090,2005,22000,45468,23468
431090,2006,21000,43308,22308
431090,2007,23300,43994,20694
431090,2008,23800,44660,20860
431090,2009,21500,44677,23177
431090,2010,22100,40819,18719
431090,2011,22300,38617,16317
431090,2012,21400,38938,17538
431090,2013,21800,38908,17108
431090,2014,22400,39497,17097
431090,2015,24600,37631,13031
431090,2016,28580,39371,10791
431090,2017,28000,39904,11904
431090,2018,25013,36689,11676
431090,2019,23713,35112,11399
431090,2020,23913,35850,11937
431090,2021,23613,36510,12897
431100,1988,5000,21280,16280
431100,1989,5000,22336,17336
431100,1990,5000,21371,16371
431100,1991,580,20967,20387
431100,1992,60,24614,24554
431100,1993,40,25300,25260
431100,1994,220,25427,25207
431100,1995,220,25023,24803
431100,1996,170,24053,23883
431100,1997,165,23953,23788
431100,1998,2000,26911,24911
431100,1999,2000,27980,25980
431100,2000,2000,26505,24505
431100,2001,2300,23611,21311
431100,2002,6000,26607,20607
431100,2003,5000,25290,20290
431100,2004,6000,25977,19977
431100,2005,10000,33226,23226
431100,2006,7000,29255,22255
431100,2007,7000,29577,22577
431100,2008,7300,32482,25182
431100,2009,8000,36887,28887
431100,2010,16000,40857,24857
431100,2011,18000,44892,26892
431100,2012,20000,45387,25387
431100,2013,35000,61874,26874
431100,2014,42000,70449,28449
431100,2015,45000,71351,26351
431100,2016,45000,71661,26661
431100,2017,45000,69993,24993
431100,2018,45000,67557,22557
431100,2019,45000,66130,21130
431100,2020,45000,65280,20280
431100,2021,45000,67380,22380
431110,1988,15000,25093,10093
431110,1989,11300,19578,8278
431110,1990,10000,19520,9520
431110,1991,8500,19221,10721
431110,1992,5000,16820,11820
431110,1993,5000,15333,10333
431110,1994,5500,15113,9613
431110,1995,5500,15639,10139
431110,1996,1800,13419,11619
431110,1997,2000,11807,9807
431110,1998,3000,13105,10105
431110,1999,2500,12268,9768
431110,2000,1800,11610,9810
431110,2001,2500,11907,9407
431110,2002,3000,13788,10788
431110,2003,3600,13624,10024
431110,2004,4500,14364,9864
431110,2005,4900,13853,8953
431110,2006,4900,14663,9763
431110,2007,4500,14241,9741
431110,2008,4900,14068,9168
431110,2009,5500,14598,9098
431110,2010,4500,14118,9618
431110,2011,4700,13921,9221
431110,2012,5000,14021,9021
431110,2013,5000,14748,9748
431110,2014,5000,13278,8278
431110,2015,5500,14580,9080
431110,2016,5500,14723,9223
431110,2017,5800,15224,9424
431110,2018,8500,15852,7352
431110,2019,9000,15496,6496
431110,2020,10000,16008,6008
431110,2021,10700,16621,5921
431112,1988,0,0,0
431112,1989,0,1711,1711
431112,1990,0,2769,2769
431112,1991,0,3342,3342
431112,1992,0,3930,3930
431112,1993,3,4430,4427
431112,1994,3,3523,3520
431112,1995,3,4520,4517
431112,1996,0,2005,2005
431112,1997,1,1469,1468
431112,1998,1,1482,1481
431112,1999,1,1469,1468
431112,2000,1,1365,1364
431112,2001,1,1389,1388
431112,2002,1,1732,1731
431112,2003,0,1413,1413
431112,2004,0,1318,1318
431112,2005,0,1443,1443
431112,2006,0,1531,1531
431112,2007,0,1524,1524
431112,2008,0,1529,1529
431112,2009,0,1542,1542
431112,2010,0,1547,1547
431112,2011,0,1531,1531
431112,2012,0,1623,1623
431112,2013,0,1135,1135
431112,2014,0,1330,1330
431112,2015,10,1216,1206
431112,2016,10,1232,1222
431112,2017,50,1172,1122
431112,2018,200,1326,1126
431112,2019,500,911,411
431112,2020,580,1016,436
431112,2021,580,1067,487
431115,1988,32400,45630,13230
431115,1989,37000,47844,10844
431115,1990,42000,56874,14874
431115,1991,40000,54727,14727
431115,1992,38000,55554,17554
431115,1993,42000,59082,17082
431115,1994,45000,60257,15257
431115,1995,45000,57143,12143
431115,1996,42000,58490,16490
431115,1997,47000,61400,14400
431115,1998,50000,61520,11520
431115,1999,51000,65287,14287
431115,2000,53000,70257,17257
431115,2001,55000,77434,22434
431115,2002,59000,76259,17259
431115,2003,64000,83257,19257
431115,2004,66000,84993,18993
431115,2005,75000,89577,14577
431115,2006,73000,86287,13287
431115,2007,74000,92694,18694
431115,2008,73000,99133,26133
431115,2009,75000,97750,22750
431115,2010,76000,102405,26405
431115,2011,78000,102673,24673
431115,2012,77500,112209,34709
431115,2013,80000,111907,31907
431115,2014,80000,117864,37864
431115,2015,80800,110260,29460
431115,2016,80800,112053,31253
431115,2017,81000,106710,25710
431115,2018,81000,106777,25777
431115,2019,81000,115282,34282
431115,2020,81000,120701,39701
431115,2021,81000,122509,41509
431120,1988,53000,78593,25593
431120,1989,56900,80838,23938
431120,1990,57000,86338,29338
431120,1991,49800,77244,27444
431120,1992,47500,78713,31213
431120,1993,54800,89743,34943
431120,1994,57800,89043,31243
431120,1995,56100,83637,27537
431120,1996,44900,70135,25235
431120,1997,54600,82791,28191
431120,1998,68500,94475,25975
431120,1999,70700,99191,28491
431120,2000,71000,105156,34156
431120,2001,77500,118740,41240
431120,2002,84700,124222,39522
431120,2003,94800,135576,40776
431120,2004,103500,139857,36357
431120,2005,111200,141056,29856
431120,2006,108800,148228,39428
431120,2007,108300,148968,40668
431120,2008,112000,157636,45636
431120,2009,114000,161241,47241
431120,2010,120700,156017,35317
431120,2011,120200,160186,39986
431120,2012,121585,161816,40231
431120,2013,128000,161918,33918
431120,2014,132350,168935,36585
431120,2015,137550,161592,24042
431120,2016,139100,158539,19439
431120,2017,141800,161620,19820
431120,2018,143750,160479,16729
431120,2019,154100,171658,17558
431120,2020,157200,177844,20644
431120,2021,158400,185463,27063
431125,1988,0,0,0
431125,1989,100,6103,6003
431125,1990,80,6792,6712
431125,1991,0,7120,7120
431125,1992,0,4701,4701
431125,1993,0,4691,4691
431125,1994,70,4648,4578
431125,1995,140,4442,4302
431125,1996,0,4107,4107
431125,1997,0,4197,4197
431125,1998,0,4536,4536
431125,1999,0,4329,4329
431125,2000,0,4490,4490
431125,2001,0,4522,4522
431125,2002,0,4574,4574
431125,2003,200,5852,5652
431125,2004,700,6772,6072
431125,2005,1500,7742,6242
431125,2006,1500,8007,6507
431125,2007,1500,8207,6707
431125,2008,1600,8311,6711
431125,2009,2000,8902,6902
431125,2010,2200,9267,7067
431125,2011,3000,10056,7056
431125,2012,3300,9742,6442
431125,2013,4000,10741,6741
431125,2014,4500,11502,7002
431125,2015,5000,12012,7012
431125,2016,6000,13207,7207
431125,2017,7000,13287,6287
431125,2018,7500,14510,7010
431125,2019,8000,14630,6630
431125,2020,8200,15060,6860
431125,2021,8200,16660,8460
431150,1988,1500,11689,10189
431150,1989,1500,10140,8640
431150,1990,1500,9449,7949
431150,1991,1000,7387,6387
431150,1992,665,7500,6835
431150,1993,500,6971,6471
431150,1994,170,6859,6689
431150,1995,500,5562,5062
431150,1996,40,3623,3583
431150,1997,600,4703,4103
431150,1998,600,4991,4391
431150,1999,600,5312,4712
431150,2000,600,5482,4882
431150,2001,600,5482,4882
431150,2002,2500,10448,7948
431150,2003,3000,10230,7230
431150,2004,6000,13261,7261
431150,2005,8000,13922,5922
431150,2006,8500,16082,7582
431150,2007,8500,15863,7363
431150,2008,8500,15863,7363
431150,2009,8500,16094,7594
431150,2010,8500,15563,7063
431150,2011,6500,13298,6798
431150,2012,8000,13718,5718
431150,2013,10000,14768,4768
431150,2014,12000,18140,6140
431150,2015,18000,24167,6167
431150,2016,20000,26120,6120
431150,2017,20000,23906,3906
431150,2018,20000,24895,4895
431150,2019,25000,29773,4773
431150,2020,25000,37566,12566
431150,2021,35000,48504,13504
431160,1988,5000,20216,15216
431160,1989,10500,23253,12753
431160,1990,9000,22669,13669
431160,1991,8200,22736,14536
431160,1992,6500,22521,16021
431160,1993,8000,23686,15686
431160,1994,9000,24514,15514
431160,1995,9000,23847,14847
431160,1996,6000,17955,11955
431160,1997,6000,17133,11133
431160,1998,6000,14745,8745
431160,1999,6000,14409,8409
431160,2000,6000,13972,7972
431160,2001,5000,13394,8394
431160,2002,5500,12734,7234
431160,2003,5500,11959,6459
431160,2004,5500,12581,7081
431160,2005,5500,12444,6944
431160,2006,5000,12146,7146
431160,2007,5000,12186,7186
431160,2008,5000,12886,7886
431160,2009,4500,12736,8236
431160,2010,3500,10586,7086
431160,2011,4500,11197,6697
431160,2012,5000,11632,6632
431160,2013,5000,11702,6702
431160,2014,5000,12100,7100
431160,2015,5000,12315,7315
431160,2016,6000,11310,5310
431160,2017,5500,11905,6405
431160,2018,6300,12370,6070
431160,2019,6600,13260,6660
431160,2020,6800,13009,6209
431160,2021,6800,15509,8709
431170,1988,6050,15554,9504
431170,1989,6500,14084,7584
431170,1990,6500,15755,9255
431170,1991,6000,15425,9425
431170,1992,6000,15631,9631
431170,1993,5000,13741,8741
431170,1994,6500,14881,8381
431170,1995,5000,14060,9060
431170,1996,5000,12132,7132
431170,1997,5000,11108,6108
431170,1998,5500,11999,6499
431170,1999,5000,12264,7264
431170,2000,5000,12374,7374
431170,2001,5000,12586,7586
431170,2002,6000,13375,7375
431170,2003,6500,14285,7785
431170,2004,8500,13996,5496
431170,2005,9300,14027,4727
431170,2006,9500,14545,5045
431170,2007,10000,16183,6183
431170,2008,9800,14204,4404
431170,2009,10000,14373,4373
431170,2010,10800,13597,2797
431170,2011,11000,13997,2997
431170,2012,10800,14380,3580
431170,2013,11000,13972,2972
431170,2014,11200,14170,2970
431170,2015,11500,13772,2272
431170,2016,11700,13430,1730
431170,2017,11700,13844,2144
431170,2018,11800,14023,2223
431170,2019,12000,14275,2275
431170,2020,12000,14729,2729
431170,2021,12000,15926,3926
431190,1988,7000,16250,9250
431190,1989,7000,16086,9086
431190,1990,7000,16543,9543
431190,1991,6000,15398,9398
431190,1992,3500,13137,9637
431190,1993,3500,12964,9464
431190,1994,3500,12941,9441
431190,1995,3500,13093,9593
431190,1996,1260,10339,9079
431190,1997,1260,10933,9673
431190,1998,3500,12989,9489
431190,1999,1500,8151,6651
431190,2000,1500,8302,6802
431190,2001,1500,8061,6561
431190,2002,1500,8532,7032
431190,2003,1500,8560,7060
431190,2004,2000,8584,6584
431190,2005,2000,8898,6898
431190,2006,2000,9254,7254
431190,2007,2000,9198,7198
431190,2008,2000,8913,6913
431190,2009,2000,8103,6103
431190,2010,2000,6507,4507
431190,2011,1800,6135,4335
431190,2012,1800,6333,4533
431190,2013,2100,6333,4233
431190,2014,2000,5920,3920
431190,2015,2300,6073,3773
431190,2016,2700,5601,2901
431190,2017,2750,6109,3359
431190,2018,2750,5744,2994
431190,2019,3100,6815,3715
431190,2020,3100,6833,3733
431190,2021,3100,7636,4536
431200,1988,3500,9289,5789
431200,1989,3440,8721,5281
431200,1990,3440,8782,5342
431200,1991,2800,8237,5437
431200,1992,2500,8033,5533
431200,1993,2800,8543,5743
431200,1994,2800,8627,5827
431200,1995,2400,8061,5661
431200,1996,842,3531,2689
431200,1997,700,3407,2707
431200,1998,500,6088,5588
431200,1999,240,7695,7455
431200,2000,5,5614,5609
431200,2001,10,4297,4287
431200,2002,15,4419,4404
431200,2003,15,4383,4368
431200,2004,150,4589,4439
431200,2005,200,4787,4587
431200,2006,150,4695,4545
431200,2007,30,4563,4533
431200,2008,50,3226,3176
431200,2009,120,3419,3299
431200,2010,150,2932,2782
431200,2011,100,2765,2665
431200,2012,60,2671,2611
431200,2013,50,2751,2701
431200,2014,70,2711,2641
431200,2015,150,2434,2284
431200,2016,800,2206,1406
431200,2017,800,2552,1752
431200,2018,1380,2870,1490
431200,2019,1380,3033,1653
431200,2020,1380,3081,1701
431200,2021,1450,3501,2051
431210,1988,4000,9240,5240
431210,1989,4000,9135,5135
431210,1990,4000,8692,4692
431210,1991,3300,7867,4567
431210,1992,2500,7374,4874
431210,1993,2500,7474,4974
431210,1994,2500,7646,5146
431210,1995,1500,7256,5756
431210,1996,650,6178,5528
431210,1997,580,6238,5658
431210,1998,600,6357,5757
431210,1999,600,6033,5433
431210,2000,600,6023,5423
431210,2001,600,6141,5541
431210,2002,600,6275,5675
431210,2003,600,6595,5995
431210,2004,600,6961,6361
431210,2005,600,4861,4261
431210,2006,900,6866,5966
431210,2007,900,6867,5967
431210,2008,900,6462,5562
431210,2009,900,6679,5779
431210,2010,700,6179,5479
431210,2011,700,7150,6450
431210,2012,1200,5943,4743
431210,2013,1500,6533,5033
431210,2014,2000,7023,5023
431210,2015,2000,6573,4573
431210,2016,2200,6663,4463
431210,2017,2400,7094,4694
431210,2018,3000,7134,4134
431210,2019,2650,6494,3844
431210,2020,3000,6647,3647
431210,2021,3102,7279,4177
431220,1988,6000,17288,11288
431220,1989,6000,16355,10355
431220,1990,7200,19014,11814
431220,1991,6300,17978,11678
431220,1992,4000,15475,11475
431220,1993,5000,15380,10380
431220,1994,5000,14875,9875
431220,1995,2500,12881,10381
431220,1996,2000,13105,11105
431220,1997,2000,11437,9437
431220,1998,3000,10882,7882
431220,1999,2000,9825,7825
431220,2000,1500,9522,8022
431220,2001,1000,9475,8475
431220,2002,1000,10520,9520
431220,2003,1600,11240,9640
431220,2004,2500,10565,8065
431220,2005,3000,9906,6906
431220,2006,2000,9949,7949
431220,2007,2800,10418,7618
431220,2008,2850,10830,7980
431220,2009,3950,10820,6870
431220,2010,4500,9273,4773
431220,2011,4500,7850,3350
431220,2012,4300,8109,3809
431220,2013,5200,8508,3308
431220,2014,5500,10674,5174
431220,2015,6300,10270,3970
431220,2016,6800,10679,3879
431220,2017,6800,10287,3487
431220,2018,7600,10364,2764
431220,2019,6800,9140,2340
431220,2020,6800,9749,2949
431220,2021,7250,12628,5378
431230,1988,8500,17999,9499
431230,1989,8500,17230,8730
431230,1990,8000,17168,9168
431230,1991,8000,16339,8339
431230,1992,5500,12926,7426
431230,1993,4500,10763,6263
431230,1994,4500,9862,5362
431230,1995,4000,9326,5326
431230,1996,4000,9813,5813
431230,1997,4000,9629,5629
431230,1998,4000,8803,4803
431230,1999,5200,9751,4551
431230,2000,4300,9243,4943
431230,2001,3500,7838,4338
431230,2002,3500,7312,3812
431230,2003,3500,7569,4069
431230,2004,4000,8717,4717
431230,2005,4000,8940,4940
431230,2006,4200,8600,4400
431230,2007,4200,8840,4640
431230,2008,4000,9390,5390
431230,2009,4200,9288,5088
431230,2010,4200,9092,4892
431230,2011,4200,8767,4567
431230,2012,4000,8511,4511
431230,2013,4500,9003,4503
431230,2014,4500,10278,5778
431230,2015,5200,9657,4457
431230,2016,5200,9159,3959
431230,2017,5200,8564,3364
431230,2018,5400,8632,3232
431230,2019,5400,8531,3131
431230,2020,5400,8507,3107
431230,2021,5400,8806,3406
431235,1988,0,0,0
431235,1989,2850,6180,3330
431235,1990,2380,6017,3637
431235,1991,2140,5874,3734
431235,1992,810,4559,3749
431235,1993,920,4685,3765
431235,1994,1260,4729,3469
431235,1995,1260,4654,3394
431235,1996,800,4271,3471
431235,1997,1260,4689,3429
431235,1998,850,3960,3110
431235,1999,850,3916,3066
431235,2000,450,3202,2752
431235,2001,400,3205,2805
431235,2002,500,3335,2835
431235,2003,500,3434,2934
431235,2004,500,3457,2957
431235,2005,2400,4834,2434
431235,2006,2100,4817,2717
431235,2007,2100,4723,2623
431235,2008,2200,5113,2913
431235,2009,2200,5051,2851
431235,2010,2300,4988,2688
431235,2011,2300,4907,2607
431235,2012,2000,4880,2880
431235,2013,2200,4755,2555
431235,2014,2300,4903,2603
431235,2015,2600,4727,2127
431235,2016,3000,4632,1632
431235,2017,2800,4427,1627
431235,2018,2900,4520,1620
431235,2019,3300,5207,1907
431235,2020,3300,4848,1548
431235,2021,3300,5346,2046
431240,1988,2450,25391,22941
431240,1989,1950,22163,20213
431240,1990,900,23047,22147
431240,1991,130,17082,16952
431240,1992,120,17567,17447
431240,1993,125,20167,20042
431240,1994,85,20312,20227
431240,1995,45,17604,17559
431240,1996,83,12164,12081
431240,1997,45,17344,17299
431240,1998,35,14877,14842
431240,1999,56,13806,13750
431240,2000,56,12118,12062
431240,2001,22,12981,12959
431240,2002,22,13283,13261
431240,2003,22,12997,12975
431240,2004,22,13065,13043
431240,2005,22,12883,12861
431240,2006,22,13039,13017
431240,2007,6,13018,13012
431240,2008,6,12596,12590
431240,2009,6,12526,12520
431240,2010,6,12526,12520
431240,2011,6,12536,12530
431240,2012,6,12607,12601
431240,2013,6,10202,10196
431240,2014,6,10193,10187
431240,2015,6,10220,10214
431240,2016,2,7749,7747
431240,2017,0,7962,7962
431240,2018,0,7668,7668
431240,2019,0,7064,7064
431240,2020,0,8709,8709
431240,2021,0,8820,8820
431245,1988,0,0,0
431245,1989,20,4409,4389
431245,1990,20,4598,4578
431245,1991,20,4182,4162
431245,1992,0,4052,4052
431245,1993,0,3592,3592
431245,1994,0,3723,3723
431245,1995,40,3791,3751
431245,1996,2,3263,3261
431245,1997,0,3465,3465
431245,1998,0,3971,3971
431245,1999,0,4024,4024
431245,2000,0,3731,3731
431245,2001,0,3502,3502
431245,2002,0,3538,3538
431245,2003,0,3799,3799
431245,2004,0,3924,3924
431245,2005,40,3870,3830
431245,2006,20,3866,3846
431245,2007,20,2929,2909
431245,2008,20,3757,3737
431245,2009,50,3690,3640
431245,2010,250,3770,3520
431245,2011,250,3722,3472
431245,2012,400,3382,2982
431245,2013,400,3336,2936
431245,2014,600,3377,2777
431245,2015,600,3327,2727
431245,2016,1000,3265,2265
431245,2017,1000,3265,2265
431245,2018,1200,3155,1955
431245,2019,1500,3067,1567
431245,2020,2000,3744,1744
431245,2021,2000,3344,1344
431250,1988,0,21433,21433
431250,1989,0,20600,20600
431250,1990,0,28939,28939
431250,1991,0,25653,25653
431250,1992,0,28921,28921
431250,1993,0,35354,35354
431250,1994,0,34012,34012
431250,1995,0,35216,35216
431250,1996,0,31810,31810
431250,1997,0,31766,31766
431250,1998,0,31761,31761
431250,1999,0,36428,36428
431250,2000,0,36658,36658
431250,2001,0,35056,35056
431250,2002,0,34903,34903
431250,2003,0,33464,33464
431250,2004,90,35345,35255
431250,2005,90,38456,38366
431250,2006,0,34474,34474
431250,2007,0,34633,34633
431250,2008,0,36766,36766
431250,2009,0,37486,37486
431250,2010,0,38444,38444
431250,2011,0,39325,39325
431250,2012,0,38916,38916
431250,2013,0,38936,38936
431250,2014,5000,43969,38969
431250,2015,4600,44587,39987
431250,2016,6700,47407,40707
431250,2017,5103,45672,40569
431250,2018,5455,45114,39659
431250,2019,8145,42361,34216
431250,2020,7051,38103,31052
431250,2021,7064,39239,32175
431260,1988,2200,7427,5227
431260,1989,2500,7524,5024
431260,1990,2500,7625,5125
431260,1991,2100,7759,5659
431260,1992,1900,8072,6172
431260,1993,1750,8018,6268
431260,1994,1300,7363,6063
431260,1995,1300,7291,5991
431260,1996,800,5465,4665
431260,1997,815,6142,5327
431260,1998,950,6381,5431
431260,1999,950,6344,5394
431260,2000,950,6325,5375
431260,2001,950,6330,5380
431260,2002,950,5346,4396
431260,2003,1050,5662,4612
431260,2004,1400,5740,4340
431260,2005,1500,5775,4275
431260,2006,1900,6380,4480
431260,2007,1900,6526,4626
431260,2008,2100,6749,4649
431260,2009,1900,6660,4760
431260,2010,2100,6465,4365
431260,2011,2100,6427,4327
431260,2012,2100,6169,4069
431260,2013,2250,5867,3617
431260,2014,2250,5866,3616
431260,2015,2280,5722,3442
431260,2016,2480,5961,3481
431260,2017,2522,5872,3350
431260,2018,2605,5921,3316
431260,2019,2650,5199,2549
431260,2020,2800,5296,2496
431260,2021,2800,5575,2775
431270,1988,42000,87327,45327
431270,1989,28805,53424,24619
431270,1990,35000,65416,30416
431270,1991,32000,63143,31143
431270,1992,23000,52642,29642
431270,1993,30000,53124,23124
431270,1994,31500,53875,22375
431270,1995,30000,50227,20227
431270,1996,22060,52645,30585
431270,1997,23500,46246,22746
431270,1998,32200,45341,13141
431270,1999,32200,46250,14050
431270,2000,29000,44170,15170
431270,2001,28500,45430,16930
431270,2002,31950,49818,17868
431270,2003,29800,50809,21009
431270,2004,30500,53272,22772
431270,2005,30900,49285,18385
431270,2006,28700,47123,18423
431270,2007,29000,49994,20994
431270,2008,28200,50853,22653
431270,2009,27500,50152,22652
431270,2010,32500,50388,17888
431270,2011,30000,47843,17843
431270,2012,29500,48732,19232
431270,2013,30100,48595,18495
431270,2014,30600,51095,20495
431270,2015,31530,46845,15315
431270,2016,33130,46070,12940
431270,2017,32100,44792,12692
431270,2018,33000,43741,10741
431270,2019,28500,41207,12707
431270,2020,29100,42395,13295
431270,2021,29100,46491,17391
431275,1988,0,0,0
431275,1989,2800,6249,3449
431275,1990,2700,6509,3809
431275,1991,2160,6589,4429
431275,1992,1100,6595,5495
431275,1993,1500,6639,5139
431275,1994,1600,6884,5284
431275,1995,1500,7233,5733
431275,1996,800,5995,5195
431275,1997,1250,6747,5497
431275,1998,1500,6847,5347
431275,1999,1500,6757,5257
431275,2000,1500,6481,4981
431275,2001,1200,6743,5543
431275,2002,1500,6868,5368
431275,2003,1750,6969,5219
431275,2004,2200,6710,4510
431275,2005,2650,7208,4558
431275,2006,3100,8012,4912
431275,2007,3100,8047,4947
431275,2008,3100,7529,4429
431275,2009,3100,7495,4395
431275,2010,4500,6474,1974
431275,2011,4000,7363,3363
431275,2012,4200,7580,3380
431275,2013,4500,7605,3105
431275,2014,4600,7377,2777
431275,2015,4800,7238,2438
431275,2016,4850,7268,2418
431275,2017,4900,7533,2633
431275,2018,4950,7263,2313
431275,2019,4950,7390,2440
431275,2020,5000,7461,2461
431275,2021,5000,7762,2762
431280,1988,130,2800,2670
431280,1989,80,2753,2673
431280,1990,60,2758,2698
431280,1991,20,2676,2656
431280,1992,20,2697,2677
431280,1993,15,2787,2772
431280,1994,15,2708,2693
431280,1995,5,2626,2621
431280,1996,0,2683,2683
431280,1997,0,2594,2594
431280,1998,0,2562,2562
431280,1999,0,2526,2526
431280,2000,0,2509,2509
431280,2001,0,2577,2577
431280,2002,0,2221,2221
431280,2003,5,2312,2307
431280,2004,50,2273,2223
431280,2005,150,2469,2319
431280,2006,150,2472,2322
431280,2007,150,2471,2321
431280,2008,150,2757,2607
431280,2009,150,2645,2495
431280,2010,300,2592,2292
431280,2011,400,2691,2291
431280,2012,400,2222,1822
431280,2013,500,2144,1644
431280,2014,515,2146,1631
431280,2015,515,2131,1616
431280,2016,600,2134,1534
431280,2017,410,2133,1723
431280,2018,640,2086,1446
431280,2019,610,1986,1376
431280,2020,610,2156,1546
431280,2021,640,2235,1595
431290,1988,350,11895,11545
431290,1989,380,11748,11368
431290,1990,380,10267,9887
431290,1991,100,9952,9852
431290,1992,50,9932,9882
431290,1993,20,9795,9775
431290,1994,20,9734,9714
431290,1995,10,9642,9632
431290,1996,10,9098,9088
431290,1997,10,8932,8922
431290,1998,5,8880,8875
431290,1999,5,8880,8875
431290,2000,5,8845,8840
431290,2001,10,8838,8828
431290,2002,100,8961,8861
431290,2003,250,8829,8579
431290,2004,500,9278,8778
431290,2005,1000,9989,8989
431290,2006,1000,9819,8819
431290,2007,1000,9836,8836
431290,2008,1000,9631,8631
431290,2009,1000,9511,8511
431290,2010,1000,9321,8321
431290,2011,1000,9361,8361
431290,2012,1000,7766,6766
431290,2013,1000,7771,6771
431290,2014,3000,8835,5835
431290,2015,2500,8353,5853
431290,2016,2500,7366,4866
431290,2017,2000,7470,5470
431290,2018,2000,7197,5197
431290,2019,2500,7036,4536
431290,2020,2500,6994,4494
431290,2021,2500,7043,4543
431303,1988,0,0,0
431303,1989,5200,6527,1327
431303,1990,5200,6562,1362
431303,1991,4000,5762,1762
431303,1992,3000,5066,2066
431303,1993,3200,5127,1927
431303,1994,3500,5516,2016
431303,1995,3600,5446,1846
431303,1996,3000,5423,2423
431303,1997,3400,5386,1986
431303,1998,3708,5608,1900
431303,1999,3500,5627,2127
431303,2000,3300,5657,2357
431303,2001,3300,5801,2501
431303,2002,3300,5785,2485
431303,2003,3500,5745,2245
431303,2004,3700,6007,2307
431303,2005,3700,6067,2367
431303,2006,3700,6108,2408
431303,2007,3700,6129,2429
431303,2008,3700,5956,2256
431303,2009,3700,5911,2211
431303,2010,3200,5239,2039
431303,2011,2700,4818,2118
431303,2012,2900,5046,2146
431303,2013,3100,4999,1899
431303,2014,3200,5194,1994
431303,2015,3250,4955,1705
431303,2016,3250,4723,1473
431303,2017,3300,4547,1247
431303,2018,3300,4531,1231
431303,2019,4280,5209,929
431303,2020,4280,5173,893
431303,2021,4350,5209,859
431330,1988,4000,25651,21651
431330,1989,400,4401,4001
431330,1990,400,4334,3934
431330,1991,150,4103,3953
431330,1992,150,4114,3964
431330,1993,70,4021,3951
431330,1994,35,4001,3966
431330,1995,35,4019,3984
431330,1996,235,3783,3548
431330,1997,380,3870,3490
431330,1998,600,3979,3379
431330,1999,600,4174,3574
431330,2000,300,3852,3552
431330,2001,300,4001,3701
431330,2002,450,4055,3605
431330,2003,500,4415,3915
431330,2004,500,4314,3814
431330,2005,1000,5051,4051
431330,2006,1000,5066,4066
431330,2007,1000,4666,3666
431330,2008,1000,4667,3667
431330,2009,1000,4664,3664
431330,2010,1000,4669,3669
431330,2011,1000,4635,3635
431330,2012,1000,3769,2769
431330,2013,1300,4624,3324
431330,2014,1500,3887,2387
431330,2015,3000,5285,2285
431330,2016,2000,4175,2175
431330,2017,2200,4453,2253
431330,2018,2200,4377,2177
431330,2019,2200,4162,1962
431330,2020,3500,5432,1932
431330,2021,3500,5822,2322
431335,1988,0,0,0
431335,1989,0,3811,3811
431335,1990,0,3621,3621
431335,1991,0,3609,3609
431335,1992,0,3592,3592
431335,1993,0,3671,3671
431335,1994,0,3785,3785
431335,1995,0,3951,3951
431335,1996,0,2490,2490
431335,1997,0,3900,3900
431335,1998,0,3882,3882
431335,1999,0,2400,2400
431335,2000,0,2331,2331
431335,2001,0,2307,2307
431335,2002,0,2274,2274
431335,2003,0,2247,2247
431335,2004,0,2247,2247
431335,2005,0,2256,2256
431335,2006,0,2461,2461
431335,2007,0,2517,2517
431335,2008,0,2612,2612
431335,2009,0,2720,2720
431335,2010,0,2741,2741
431335,2011,0,2801,2801
431335,2012,0,2634,2634
431335,2013,0,2644,2644
431335,2014,0,2412,2412
431335,2015,0,2390,2390
431335,2016,0,2388,2388
431335,2017,15,2441,2426
431335,2018,5,2492,2487
431335,2019,15,2533,2518
431335,2020,25,1994,1969
431335,2021,35,2054,2019
431340,1988,0,1665,1665
431340,1989,0,1374,1374
431340,1990,0,1498,1498
431340,1991,0,1492,1492
431340,1992,0,1292,1292
431340,1993,0,1338,1338
431340,1994,0,1356,1356
431340,1995,0,1271,1271
431340,1996,2,931,929
431340,1997,0,970,970
431340,1998,0,1026,1026
431340,1999,0,1018,1018
431340,2000,0,805,805
431340,2001,0,1166,1166
431340,2002,0,1442,1442
431340,2003,0,1862,1862
431340,2004,60,2058,1998
431340,2005,105,1933,1828
431340,2006,10,1858,1848
431340,2007,50,2277,2227
431340,2008,50,2217,2167
431340,2009,50,2221,2171
431340,2010,50,2223,2173
431340,2011,20,2231,2211
431340,2012,20,2429,2409
431340,2013,60,2541,2481
431340,2014,60,2540,2480
431340,2015,60,2547,2487
431340,2016,60,2529,2469
431340,2017,60,2534,2474
431340,2018,60,2447,2387
431340,2019,60,2449,2389
431340,2020,60,2489,2429
431340,2021,150,2579,2429
431350,1988,400,13628,13228
431350,1989,0,9548,9548
431350,1990,0,8578,8578
431350,1991,0,8371,8371
431350,1992,0,8109,8109
431350,1993,0,8032,8032
431350,1994,0,7922,7922
431350,1995,0,8048,8048
431350,1996,0,6001,6001
431350,1997,0,5730,5730
431350,1998,0,6607,6607
431350,1999,0,5697,5697
431350,2000,0,5255,5255
431350,2001,0,3956,3956
431350,2002,0,6084,6084
431350,2003,0,6404,6404
431350,2004,0,8030,8030
431350,2005,0,7893,7893
431350,2006,0,7907,7907
431350,2007,0,7907,7907
431350,2008,0,5922,5922
431350,2009,0,5914,5914
431350,2010,0,6038,6038
431350,2011,0,6628,6628
431350,2012,0,6694,6694
431350,2013,242,6976,6734
431350,2014,450,6969,6519
431350,2015,437,6690,6253
431350,2016,800,7024,6224
431350,2017,1500,8226,6726
431350,2018,1500,8445,6945
431350,2019,1800,8858,7058
431350,2020,2000,9054,7054
431350,2021,2000,9259,7259
431360,1988,5000,25431,20431
431360,1989,2800,12947,10147
431360,1990,2500,13036,10536
431360,1991,2500,12896,10396
431360,1992,1500,11534,10034
431360,1993,1800,11516,9716
431360,1994,2000,11802,9802
431360,1995,1700,12049,10349
431360,1996,1100,8785,7685
431360,1997,2000,11940,9940
431360,1998,2000,11794,9794
431360,1999,1500,9092,7592
431360,2000,1200,9012,7812
431360,2001,1000,9247,8247
431360,2002,2100,9632,7532
431360,2003,2500,9997,7497
431360,2004,3000,9849,6849
431360,2005,3000,9439,6439
431360,2006,2500,9461,6961
431360,2007,3000,9759,6759
431360,2008,3300,8795,5495
431360,2009,3500,8895,5395
431360,2010,3900,8370,4470
431360,2011,4200,8330,4130
431360,2012,3500,8454,4954
431360,2013,3800,7966,4166
431360,2014,4800,8139,3339
431360,2015,5300,7902,2602
431360,2016,5500,7483,1983
431360,2017,5100,7193,2093
431360,2018,5400,7159,1759
431360,2019,5400,7134,1734
431360,2020,5400,7330,1930
431360,2021,5400,7629,2229
431365,1988,400,19553,19153
431365,1989,485,23228,22743
431365,1990,245,23305,23060
431365,1991,120,19625,19505
431365,1992,90,21665,21575
431365,1993,330,26725,26395
431365,1994,320,26823,26503
431365,1995,100,26936,26836
431365,1996,0,26774,26774
431365,1997,0,22515,22515
431365,1998,0,22102,22102
431365,1999,0,30159,30159
431365,2000,0,30167,30167
431365,2001,0,28314,28314
431365,2002,0,28313,28313
431365,2003,0,29094,29094
431365,2004,0,38005,38005
431365,2005,250,41018,40768
431365,2006,180,33819,33639
431365,2007,150,33821,33671
431365,2008,150,33822,33672
431365,2009,150,34428,34278
431365,2010,150,36206,36056
431365,2011,150,40271,40121
431365,2012,440,38919,38479
431365,2013,1443,42419,40976
431365,2014,3160,41786,38626
431365,2015,3950,44467,40517
431365,2016,4703,44040,39337
431365,2017,6492,42890,36398
431365,2018,7310,41044,33734
431365,2019,8900,34981,26081
431365,2020,13773,36981,23208
431365,2021,15158,40731,25573
431370,1988,165950,341449,175499
431370,1989,163210,316106,152896
431370,1990,159400,326371,166971
431370,1991,143000,315739,172739
431370,1992,144055,319178,175123
431370,1993,154699,312328,157629
431370,1994,154544,316512,161968
431370,1995,146200,292258,146058
431370,1996,136418,277504,141086
431370,1997,137240,291989,154749
431370,1998,153850,296982,143132
431370,1999,154200,286299,132099
431370,2000,147400,302627,155227
431370,2001,143395,306474,163079
431370,2002,160200,329262,169062
431370,2003,162700,335645,172945
431370,2004,169275,346630,177355
431370,2005,168950,328093,159143
431370,2006,156500,309309,152809
431370,2007,155260,318730,163470
431370,2008,149820,316528,166708
431370,2009,146620,300828,154208
431370,2010,155290,291103,135813
431370,2011,154300,301964,147664
431370,2012,153505,308154,154649
431370,2013,162500,310289,147789
431370,2014,162050,310837,148787
431370,2015,167400,294961,127561
431370,2016,173460,298914,125454
431370,2017,162460,287663,125203
431370,2018,167500,300468,132968
431370,2019,180500,321363,140863
431370,2020,180100,327811,147711
431370,2021,180300,335392,155092
431380,1988,8500,22109,13609
431380,1989,12500,28270,15770
431380,1990,12500,28780,16280
431380,1991,11500,28590,17090
431380,1992,5000,22048,17048
431380,1993,6050,22341,16291
431380,1994,8050,24242,16192
431380,1995,7050,22311,15261
431380,1996,4413,24065,19652
431380,1997,10050,25745,15695
431380,1998,7550,22008,14458
431380,1999,3500,16921,13421
431380,2000,2000,14661,12661
431380,2001,2000,15416,13416
431380,2002,2500,16346,13846
431380,2003,2800,16648,13848
431380,2004,2800,15392,12592
431380,2005,3400,15428,12028
431380,2006,2600,15543,12943
431380,2007,1800,13158,11358
431380,2008,1800,13818,12018
431380,2009,1880,11820,9940
431380,2010,1600,13075,11475
431380,2011,2300,11852,9552
431380,2012,1700,10470,8770
431380,2013,1800,7895,6095
431380,2014,1600,8380,6780
431380,2015,1600,7076,5476
431380,2016,1900,6538,4638
431380,2017,1900,6407,4507
431380,2018,1650,6054,4404
431380,2019,1575,7056,5481
431380,2020,1550,6868,5318
431380,2021,1650,5973,4323
431390,1988,28000,40502,12502
431390,1989,28000,39020,11020
431390,1990,28000,41618,13618
431390,1991,27500,37640,10140
431390,1992,26500,37277,10777
431390,1993,27700,37170,9470
431390,1994,27700,36356,8656
431390,1995,26300,34601,8301
431390,1996,30220,45794,15574
431390,1997,28000,37852,9852
431390,1998,29600,37246,7646
431390,1999,29000,37581,8581
431390,2000,28000,40766,12766
431390,2001,26400,42565,16165
431390,2002,28000,43667,15667
431390,2003,29000,44361,15361
431390,2004,30000,46604,16604
431390,2005,31000,41540,10540
431390,2006,29000,40928,11928
431390,2007,29000,40869,11869
431390,2008,29000,43938,14938
431390,2009,29000,42905,13905
431390,2010,30000,42912,12912
431390,2011,30300,43649,13349
431390,2012,30000,43264,13264
431390,2013,29100,42434,13334
431390,2014,29100,42899,13799
431390,2015,28655,39409,10754
431390,2016,29580,39558,9978
431390,2017,29080,39673,10593
431390,2018,29480,39554,10074
431390,2019,25928,35853,9925
431390,2020,26000,36297,10297
431390,2021,26000,36742,10742
431395,1988,0,0,0
431395,1989,6000,12495,6495
431395,1990,5000,11839,6839
431395,1991,5000,11372,6372
431395,1992,5000,12414,7414
431395,1993,5000,11749,6749
431395,1994,3800,10038,6238
431395,1995,4000,9423,5423
431395,1996,3000,7993,4993
431395,1997,5000,10160,5160
431395,1998,5000,10210,5210
431395,1999,4500,10689,6189
431395,2000,4500,10549,6049
431395,2001,4500,10409,5909
431395,2002,5000,10780,5780
431395,2003,7000,14052,7052
431395,2004,9000,17091,8091
431395,2005,9000,17360,8360
431395,2006,9000,17169,8169
431395,2007,9000,18682,9682
431395,2008,9000,18109,9109
431395,2009,9000,17206,8206
431395,2010,9000,17702,8702
431395,2011,9000,17762,8762
431395,2012,10000,16916,6916
431395,2013,11500,18419,6919
431395,2014,12650,18964,6314
431395,2015,12450,18409,5959
431395,2016,12500,18195,5695
431395,2017,12500,17848,5348
431395,2018,20200,26204,6004
431395,2019,21200,27076,5876
431395,2020,21300,28077,6777
431395,2021,21300,30912,9612
431400,1988,300,5794,5494
431400,1989,330,5885,5555
431400,1990,330,5998,5668
431400,1991,270,5895,5625
431400,1992,250,5748,5498
431400,1993,150,5672,5522
431400,1994,115,5602,5487
431400,1995,30,5359,5329
431400,1996,16,5260,5244
431400,1997,10,5128,5118
431400,1998,8,4927,4919
431400,1999,8,4935,4927
431400,2000,8,4904,4896
431400,2001,8,4867,4859
431400,2002,8,4994,4986
431400,2003,130,5100,4970
431400,2004,150,5065,4915
431400,2005,450,5688,5238
431400,2006,450,5297,4847
431400,2007,450,5357,4907
431400,2008,450,5286,4836
431400,2009,580,5465,4885
431400,2010,600,5439,4839
431400,2011,600,5236,4636
431400,2012,800,5526,4726
431400,2013,800,5566,4766
431400,2014,850,3795,2945
431400,2015,1000,3715,2715
431400,2016,1400,3300,1900
431400,2017,950,2565,1615
431400,2018,1000,2407,1407
431400,2019,1400,2902,1502
431400,2020,1400,2791,1391
431400,2021,1400,2907,1507
431402,1988,0,0,0
431402,1989,1500,8651,7151
431402,1990,1300,8830,7530
431402,1991,900,8721,7821
431402,1992,700,9130,8430
431402,1993,400,9372,8972
431402,1994,250,9319,9069
431402,1995,350,9549,9199
431402,1996,60,8210,8150
431402,1997,60,8376,8316
431402,1998,500,9207,8707
431402,1999,160,8966,8806
431402,2000,160,8970,8810
431402,2001,160,9350,9190
431402,2002,470,10170,9700
431402,2003,500,11050,10550
431402,2004,800,11598,10798
431402,2005,800,11289,10489
431402,2006,800,11454,10654
431402,2007,800,11762,10962
431402,2008,1000,12152,11152
431402,2009,1000,12422,11422
431402,2010,1000,11567,10567
431402,2011,1000,11870,10870
431402,2012,1240,10782,9542
431402,2013,1325,11905,10580
431402,2014,1900,12383,10483
431402,2015,2400,12640,10240
431402,2016,2400,12903,10503
431402,2017,3000,13688,10688
431402,2018,2400,12901,10501
431402,2019,2700,12896,10196
431402,2020,3000,13099,10099
431402,2021,3000,13059,10059
431405,1988,0,462,462
431405,1989,0,461,461
431405,1990,0,439,439
431405,1991,0,504,504
431405,1992,0,501,501
431405,1993,0,501,501
431405,1994,0,491,491
431405,1995,0,491,491
431405,1996,0,655,655
431405,1997,0,491,491
431405,1998,0,532,532
431405,1999,0,775,775
431405,2000,0,673,673
431405,2001,0,630,630
431405,2002,1,632,631
431405,2003,1,644,643
431405,2004,1,656,655
431405,2005,1,745,744
431405,2006,1,745,744
431405,2007,0,746,746
431405,2008,0,732,732
431405,2009,0,752,752
431405,2010,0,1078,1078
431405,2011,0,1245,1245
431405,2012,0,675,675
431405,2013,0,653,653
431405,2014,0,1015,1015
431405,2015,120,961,841
431405,2016,150,1025,875
431405,2017,50,917,867
431405,2018,4,695,691
431405,2019,4,702,698
431405,2020,17,538,521
431405,2021,50,571,521
431410,1988,428900,724974,296074
431410,1989,425900,651423,225523
431410,1990,412300,666079,253779
431410,1991,383700,641132,257432
431410,1992,361900,607289,245389
431410,1993,388995,625488,236493
431410,1994,403987,632761,228774
431410,1995,375320,595457,220137
431410,1996,346174,602971,256797
431410,1997,381110,603691,222581
431410,1998,397435,597127,199692
431410,1999,389965,598394,208429
431410,2000,369800,613477,243677
431410,2001,356750,618295,261545
431410,2002,383550,649444,265894
431410,2003,396780,660213,263433
431410,2004,412130,669854,257724
431410,2005,424800,657783,232983
431410,2006,400670,613585,212915
431410,2007,420550,618888,198338
431410,2008,386550,610187,223637
431410,2009,414460,614761,200301
431410,2010,435460,612672,177212
431410,2011,438810,610715,171905
431410,2012,429200,607193,177993
431410,2013,448350,626865,178515
431410,2014,456300,649937,193637
431410,2015,467475,634097,166622
431410,2016,474812,612635,137823
431410,2017,469030,607448,138418
431410,2018,488660,617613,128953
431410,2019,484790,621164,136374
431410,2020,482330,643770,161440
431410,2021,480460,668201,187741
431415,1988,0,0,0
431415,1989,1500,3400,1900
431415,1990,1200,3081,1881
431415,1991,1200,3225,2025
431415,1992,1000,3227,2227
431415,1993,1000,2996,1996
431415,1994,1000,2984,1984
431415,1995,800,2810,2010
431415,1996,380,3788,3408
431415,1997,300,1650,1350
431415,1998,300,2452,2152
431415,1999,350,2521,2171
431415,2000,350,2832,2482
431415,2001,350,2708,2358
431415,2002,320,2238,1918
431415,2003,200,1982,1782
431415,2004,200,1714,1514
431415,2005,200,1715,1515
431415,2006,200,1438,1238
431415,2007,200,1443,1243
431415,2008,200,1462,1262
431415,2009,200,1205,1005
431415,2010,200,1217,1017
431415,2011,200,1458,1258
431415,2012,300,1537,1237
431415,2013,400,1424,1024
431415,2014,400,1490,1090
431415,2015,500,1477,977
431415,2016,500,1468,968
431415,2017,500,1670,1170
431415,2018,500,1563,1063
431415,2019,400,1671,1271
431415,2020,400,1865,1465
431415,2021,700,2135,1435
431420,1988,8000,20365,12365
431420,1989,8000,23730,15730
431420,1990,8000,22620,14620
431420,1991,3000,18904,15904
431420,1992,3000,18706,15706
431420,1993,2000,16685,14685
431420,1994,1500,15205,13705
431420,1995,1500,14828,13328
431420,1996,1294,11578,10284
431420,1997,600,12060,11460
431420,1998,2600,14330,11730
431420,1999,2200,14306,12106
431420,2000,1800,13859,12059
431420,2001,1800,13894,12094
431420,2002,2100,14191,12091
431420,2003,2700,14110,11410
431420,2004,4502,16520,12018
431420,2005,6000,16429,10429
431420,2006,2900,12742,9842
431420,2007,3200,13426,10226
431420,2008,3500,12243,8743
431420,2009,3700,12537,8837
431420,2010,4000,13402,9402
431420,2011,3600,13611,10011
431420,2012,4200,12796,8596
431420,2013,5500,13668,8168
431420,2014,11353,18966,7613
431420,2015,13100,19969,6869
431420,2016,13500,19168,5668
431420,2017,13700,19913,6213
431420,2018,14410,19102,4692
431420,2019,15600,19498,3898
431420,2020,15900,19745,3845
431420,2021,17300,22847,5547
431430,1988,25000,34566,9566
431430,1989,26000,34538,8538
431430,1990,25000,34838,9838
431430,1991,24500,32841,8341
431430,1992,22000,31729,9729
431430,1993,24000,31705,7705
431430,1994,23000,31213,8213
431430,1995,21500,28996,7496
431430,1996,26000,36591,10591
431430,1997,26000,33412,7412
431430,1998,23600,30267,6667
431430,1999,26900,32795,5895
431430,2000,26900,37034,10134
431430,2001,26000,36881,10881
431430,2002,27500,38711,11211
431430,2003,27600,40774,13174
431430,2004,28000,42232,14232
431430,2005,28000,36554,8554
431430,2006,26800,39172,12372
431430,2007,26800,41523,14723
431430,2008,26800,44342,17542
431430,2009,26800,44761,17961
431430,2010,28300,43882,15582
431430,2011,28800,45406,16606
431430,2012,28850,46047,17197
431430,2013,29100,45849,16749
431430,2014,29300,47526,18226
431430,2015,29900,43633,13733
431430,2016,30500,45610,15110
431430,2017,30000,41752,11752
431430,2018,30000,41991,11991
431430,2019,30000,42152,12152
431430,2020,30000,43870,13870
431430,2021,30000,45776,15776
431440,1988,31000,118102,87102
431440,1989,31680,115258,83578
431440,1990,23000,97161,74161
431440,1991,14400,101108,86708
431440,1992,6000,99120,93120
431440,1993,8500,87675,79175
431440,1994,9500,91177,81677
431440,1995,9000,93972,84972
431440,1996,5873,79332,73459
431440,1997,5029,87218,82189
431440,1998,9400,94696,85296
431440,1999,6700,91821,85121
431440,2000,6900,90972,84072
431440,2001,6900,93371,86471
431440,2002,9510,92261,82751
431440,2003,10110,90996,80886
431440,2004,14280,88742,74462
431440,2005,17620,86578,68958
431440,2006,15250,85235,69985
431440,2007,15550,91573,76023
431440,2008,15560,92887,77327
431440,2009,15500,91345,75845
431440,2010,16140,82587,66447
431440,2011,17160,90201,73041
431440,2012,19745,87705,67960
431440,2013,30600,101560,70960
431440,2014,38100,108652,70552
431440,2015,38680,107996,69316
431440,2016,43550,110056,66506
431440,2017,48700,121089,72389
431440,2018,53950,115818,61868
431440,2019,68000,130319,62319
431440,2020,68000,127820,59820
431440,2021,74000,137714,63714
431445,1988,0,0,0
431445,1989,2640,6434,3794
431445,1990,2640,6409,3769
431445,1991,2340,6297,3957
431445,1992,2195,6610,4415
431445,1993,2195,6676,4481
431445,1994,2000,6518,4518
431445,1995,1800,6659,4859
431445,1996,1800,7815,6015
431445,1997,2000,6982,4982
431445,1998,2000,6918,4918
431445,1999,1800,6328,4528
431445,2000,1700,6253,4553
431445,2001,1700,5994,4294
431445,2002,1700,6078,4378
431445,2003,1700,5999,4299
431445,2004,2000,6354,4354
431445,2005,1800,6194,4394
431445,2006,2000,6289,4289
431445,2007,2500,7004,4504
431445,2008,1500,5319,3819
431445,2009,1200,4739,3539
431445,2010,1200,4620,3420
431445,2011,1000,4488,3488
431445,2012,1000,4223,3223
431445,2013,1200,4453,3253
431445,2014,1100,4245,3145
431445,2015,1100,4638,3538
431445,2016,1100,3838,2738
431445,2017,1100,3521,2421
431445,2018,1000,2772,1772
431445,2019,1000,2782,1782
431445,2020,1000,2862,1862
431445,2021,1000,3360,2360
431455,1988,0,0,0
431455,1989,6160,11704,5544
431455,1990,6160,12975,6815
431455,1991,7500,12732,5232
431455,1992,5300,9325,4025
431455,1993,6500,11941,5441
431455,1994,7000,12103,5103
431455,1995,6500,10719,4219
431455,1996,4600,9673,5073
431455,1997,4600,7969,3369
431455,1998,4600,7736,3136
431455,1999,4600,8968,4368
431455,2000,4600,8031,3431
431455,2001,2800,6019,3219
431455,2002,3000,5800,2800
431455,2003,3000,6243,3243
431455,2004,3500,6524,3024
431455,2005,3500,6181,2681
431455,2006,3250,6729,3479
431455,2007,3000,6467,3467
431455,2008,2500,5859,3359
431455,2009,2500,5940,3440
431455,2010,2900,5957,3057
431455,2011,3100,5824,2724
431455,2012,3300,6106,2806
431455,2013,3600,6960,3360
431455,2014,4300,7478,3178
431455,2015,4570,7523,2953
431455,2016,4500,7091,2591
431455,2017,4906,7982,3076
431455,2018,5500,8487,2987
431455,2019,6000,9064,3064
431455,2020,6200,9465,3265
431455,2021,6800,10655,3855
431460,1988,15000,37511,22511
431460,1989,15000,36757,21757
431460,1990,12000,29157,17157
431460,1991,8000,26037,18037
431460,1992,8000,25983,17983
431460,1993,12000,26443,14443
431460,1994,7000,21583,14583
431460,1995,7000,21439,14439
431460,1996,2506,17270,14764
431460,1997,5500,19181,13681
431460,1998,7000,20735,13735
431460,1999,7000,22685,15685
431460,2000,7000,25384,18384
431460,2001,7000,24864,17864
431460,2002,8000,25497,17497
431460,2003,9000,26118,17118
431460,2004,11000,29703,18703
431460,2005,9000,23129,14129
431460,2006,9000,21840,12840
431460,2007,7000,21682,14682
431460,2008,8500,18297,9797
431460,2009,9500,20402,10902
431460,2010,11000,21162,10162
431460,2011,12500,19722,7222
431460,2012,15300,22180,6880
431460,2013,23000,32262,9262
431460,2014,29000,35900,6900
431460,2015,30000,35616,5616
431460,2016,33000,37975,4975
431460,2017,37264,42171,4907
431460,2018,39000,44700,5700
431460,2019,40000,44919,4919
431460,2020,40000,44759,4759
431460,2021,40000,45056,5056
431475,1988,0,0,0
431475,1989,200,1400,1200
431475,1990,180,1346,1166
431475,1991,120,1302,1182
431475,1992,115,1316,1201
431475,1993,30,1452,1422
431475,1994,20,1440,1420
431475,1995,18,1435,1417
431475,1996,3,1541,1538
431475,1997,15,1456,1441
431475,1998,0,825,825
431475,1999,0,826,826
431475,2000,0,743,743
431475,2001,0,736,736
431475,2002,0,676,676
431475,2003,0,641,641
431475,2004,0,651,651
431475,2005,0,596,596
431475,2006,0,640,640
431475,2007,0,663,663
431475,2008,0,669,669
431475,2009,0,433,433
431475,2010,0,445,445
431475,2011,0,442,442
431475,2012,0,372,372
431475,2013,0,475,475
431475,2014,0,464,464
431475,2015,0,457,457
431475,2016,0,401,401
431475,2017,0,394,394
431475,2018,0,363,363
431475,2019,0,323,323
431475,2020,0,269,269
431475,2021,0,299,299
431480,1988,0,2126,2126
431480,1989,0,2177,2177
431480,1990,0,2124,2124
431480,1991,0,1549,1549
431480,1992,0,1553,1553
431480,1993,0,1554,1554
431480,1994,0,1524,1524
431480,1995,0,1490,1490
431480,1996,0,1103,1103
431480,1997,0,1285,1285
431480,1998,0,1527,1527
431480,1999,0,1257,1257
431480,2000,0,1281,1281
431480,2001,0,1317,1317
431480,2002,0,1308,1308
431480,2003,0,1251,1251
431480,2004,0,1271,1271
431480,2005,0,1272,1272
431480,2006,0,1272,1272
431480,2007,0,1277,1277
431480,2008,0,1192,1192
431480,2009,0,1226,1226
431480,2010,0,1135,1135
431480,2011,0,1036,1036
431480,2012,0,1089,1089
431480,2013,0,1077,1077
431480,2014,0,1075,1075
431480,2015,0,961,961
431480,2016,0,931,931
431480,2017,0,1001,1001
431480,2018,0,1028,1028
431480,2019,160,1061,901
431480,2020,450,1385,935
431480,2021,450,1415,965
431490,1988,0,2435,2435
431490,1989,0,2136,2136
431490,1990,0,2108,2108
431490,1991,0,2103,2103
431490,1992,0,2103,2103
431490,1993,0,2542,2542
431490,1994,0,2073,2073
431490,1995,0,1887,1887
431490,1996,0,1107,1107
431490,1997,0,1067,1067
431490,1998,0,1319,1319
431490,1999,0,1805,1805
431490,2000,0,1519,1519
431490,2001,0,1523,1523
431490,2002,0,1497,1497
431490,2003,0,1495,1495
431490,2004,0,812,812
431490,2005,0,813,813
431490,2006,0,742,742
431490,2007,0,734,734
431490,2008,0,794,794
431490,2009,0,821,821
431490,2010,0,875,875
431490,2011,0,645,645
431490,2012,0,608,608
431490,2013,0,585,585
431490,2014,0,525,525
431490,2015,0,669,669
431490,2016,80,793,713
431490,2017,106,766,660
431490,2018,130,1124,994
431490,2019,180,995,815
431490,2020,242,798,556
431490,2021,398,977,579
431510,1988,10500,20253,9753
431510,1989,10500,20649,10149
431510,1990,9500,19790,10290
431510,1991,7000,13905,6905
431510,1992,6300,14243,7943
431510,1993,6000,13073,7073
431510,1994,6000,12619,6619
431510,1995,5000,11828,6828
431510,1996,4500,13058,8558
431510,1997,4150,10447,6297
431510,1998,4250,10256,6006
431510,1999,3600,10310,6710
431510,2000,3500,10542,7042
431510,2001,3500,10182,6682
431510,2002,3500,9069,5569
431510,2003,2500,7213,4713
431510,2004,2800,7234,4434
431510,2005,2500,6975,4475
431510,2006,2300,7383,5083
431510,2007,2000,6703,4703
431510,2008,1500,5647,4147
431510,2009,1500,5663,4163
431510,2010,1200,5129,3929
431510,2011,1200,4353,3153
431510,2012,1200,4245,3045
431510,2013,1300,4243,2943
431510,2014,1300,3985,2685
431510,2015,1300,3902,2602
431510,2016,1350,3836,2486
431510,2017,1450,4007,2557
431510,2018,1450,4033,2583
431510,2019,1200,3486,2286
431510,2020,1200,3547,2347
431510,2021,1300,3673,2373
431513,1988,0,0,0
431513,1989,458,3800,3342
431513,1990,300,3843,3543
431513,1991,150,3634,3484
431513,1992,150,3263,3113
431513,1993,50,3161,3111
431513,1994,65,3123,3058
431513,1995,65,2788,2723
431513,1996,30,2043,2013
431513,1997,30,3120,3090
431513,1998,30,3140,3110
431513,1999,30,3020,2990
431513,2000,30,3060,3030
431513,2001,30,2660,2630
431513,2002,35,2708,2673
431513,2003,40,2748,2708
431513,2004,40,2829,2789
431513,2005,30,2435,2405
431513,2006,20,2935,2915
431513,2007,20,2820,2800
431513,2008,20,2738,2718
431513,2009,0,2703,2703
431513,2010,0,2203,2203
431513,2011,0,2174,2174
431513,2012,0,1728,1728
431513,2013,0,1678,1678
431513,2014,12,1612,1600
431513,2015,12,1331,1319
431513,2016,12,1331,1319
431513,2017,12,1281,1269
431513,2018,12,1331,1319
431513,2019,12,1331,1319
431513,2020,12,1331,1319
431513,2021,30,699,669
431515,1988,0,0,0
431515,1989,2168,7779,5611
431515,1990,1300,7123,5823
431515,1991,800,6621,5821
431515,1992,500,6378,5878
431515,1993,350,6909,6559
431515,1994,350,6817,6467
431515,1995,350,7003,6653
431515,1996,30,6072,6042
431515,1997,50,7171,7121
431515,1998,10,7319,7309
431515,1999,10,7179,7169
431515,2000,12,6600,6588
431515,2001,8,6065,6057
431515,2002,8,6420,6412
431515,2003,10,6877,6867
431515,2004,0,5584,5584
431515,2005,0,5541,5541
431515,2006,10,6402,6392
431515,2007,10,6431,6421
431515,2008,10,6335,6325
431515,2009,6,6349,6343
431515,2010,2,5138,5136
431515,2011,0,4794,4794
431515,2012,0,4331,4331
431515,2013,1,3745,3744
431515,2014,1,3745,3744
431515,2015,19,3589,3570
431515,2016,40,3409,3369
431515,2017,40,3440,3400
431515,2018,64,3293,3229
431515,2019,64,3197,3133
431515,2020,96,3240,3144
431515,2021,96,3240,3144
431517,1988,0,0,0
431517,1989,320,3090,2770
431517,1990,220,3524,3304
431517,1991,150,3687,3537
431517,1992,150,3621,3471
431517,1993,30,3778,3748
431517,1994,60,3798,3738
431517,1995,60,3830,3770
431517,1996,60,2744,2684
431517,1997,35,2820,2785
431517,1998,150,2332,2182
431517,1999,150,2285,2135
431517,2000,150,2238,2088
431517,2001,150,2237,2087
431517,2002,250,2300,2050
431517,2003,300,2488,2188
431517,2004,500,2601,2101
431517,2005,700,2808,2108
431517,2006,700,2779,2079
431517,2007,700,2778,2078
431517,2008,700,2687,1987
431517,2009,700,2698,1998
431517,2010,700,2650,1950
431517,2011,900,2679,1779
431517,2012,900,1742,842
431517,2013,900,1720,820
431517,2014,900,1751,851
431517,2015,900,1687,787
431517,2016,1030,1721,691
431517,2017,1030,1757,727
431517,2018,1210,1884,674
431517,2019,1513,2786,1273
431517,2020,1484,2703,1219
431517,2021,1540,2825,1285
431520,1988,920,10485,9565
431520,1989,908,10495,9587
431520,1990,720,10488,9768
431520,1991,150,9878,9728
431520,1992,80,9456,9376
431520,1993,60,7335,7275
431520,1994,60,7358,7298
431520,1995,60,7266,7206
431520,1996,40,5914,5874
431520,1997,0,7230,7230
431520,1998,15,7393,7378
431520,1999,0,7522,7522
431520,2000,0,7459,7459
431520,2001,0,7466,7466
431520,2002,0,8106,8106
431520,2003,16,8409,8393
431520,2004,20,7873,7853
431520,2005,20,8371,8351
431520,2006,30,7902,7872
431520,2007,60,7322,7262
431520,2008,26,7788,7762
431520,2009,10,7065,7055
431520,2010,24,6517,6493
431520,2011,30,6351,6321
431520,2012,0,5449,5449
431520,2013,15,4895,4880
431520,2014,50,5035,4985
431520,2015,50,4889,4839
431520,2016,100,4753,4653
431520,2017,150,4518,4368
431520,2018,300,4568,4268
431520,2019,400,4600,4200
431520,2020,500,4286,3786
431520,2021,400,4684,4284
431530,1988,0,9501,9501
431530,1989,0,9257,9257
431530,1990,0,6307,6307
431530,1991,0,7812,7812
431530,1992,0,9613,9613
431530,1993,0,11213,11213
431530,1994,0,9413,9413
431530,1995,0,9800,9800
431530,1996,30,9047,9017
431530,1997,0,8465,8465
431530,1998,0,9345,9345
431530,1999,0,11088,11088
431530,2000,0,8962,8962
431530,2001,0,10660,10660
431530,2002,0,11596,11596
431530,2003,0,11446,11446
431530,2004,0,12291,12291
431530,2005,0,11976,11976
431530,2006,230,13253,13023
431530,2007,0,9230,9230
431530,2008,100,13332,13232
431530,2009,100,13490,13390
431530,2010,0,13170,13170
431530,2011,0,13230,13230
431530,2012,0,10389,10389
431530,2013,0,12384,12384
431530,2014,0,11955,11955
431530,2015,0,12363,12363
431530,2016,0,11834,11834
431530,2017,280,12055,11775
431530,2018,300,12237,11937
431530,2019,400,11564,11164
431530,2020,400,11379,10979
431530,2021,600,10974,10374
431535,1988,0,0,0
431535,1989,11000,14568,3568
431535,1990,10000,14501,4501
431535,1991,9000,13517,4517
431535,1992,10000,15377,5377
431535,1993,11000,15846,4846
431535,1994,11000,15750,4750
431535,1995,10000,13978,3978
431535,1996,10000,16562,6562
431535,1997,10000,14306,4306
431535,1998,11000,15109,4109
431535,1999,11000,15448,4448
431535,2000,10750,15380,4630
431535,2001,10750,13973,3223
431535,2002,11500,15853,4353
431535,2003,12000,17063,5063
431535,2004,12100,17022,4922
431535,2005,13000,16238,3238
431535,2006,11500,15571,4071
431535,2007,11500,15407,3907
431535,2008,11300,16145,4845
431535,2009,11300,15101,3801
431535,2010,11300,14509,3209
431535,2011,11300,15613,4313
431535,2012,11300,15735,4435
431535,2013,11500,16205,4705
431535,2014,11500,15197,3697
431535,2015,12000,16367,4367
431535,2016,12000,14691,2691
431535,2017,10150,12757,2607
431535,2018,10150,11501,1351
431535,2019,10150,11498,1348
431535,2020,10000,11648,1648
431535,2021,10000,11848,1848
431540,1988,16000,28664,12664
431540,1989,16000,27005,11005
431540,1990,16000,26861,10861
431540,1991,15000,25782,10782
431540,1992,14000,26153,12153
431540,1993,14000,26119,12119
431540,1994,12000,20088,8088
431540,1995,12000,18854,6854
431540,1996,11000,20368,9368
431540,1997,13000,19671,6671
431540,1998,14000,20022,6022
431540,1999,13000,17717,4717
431540,2000,13000,19018,6018
431540,2001,13000,19628,6628
431540,2002,13000,17931,4931
431540,2003,13000,17891,4891
431540,2004,13000,20091,7091
431540,2005,13000,18781,5781
431540,2006,13000,18330,5330
431540,2007,13000,18380,5380
431540,2008,13000,18335,5335
431540,2009,13000,18680,5680
431540,2010,13000,18736,5736
431540,2011,11000,16433,5433
431540,2012,11000,16450,5450
431540,2013,11000,19108,8108
431540,2014,12000,19586,7586
431540,2015,12000,19966,7966
431540,2016,12000,19807,7807
431540,2017,12000,22796,10796
431540,2018,12800,22191,9391
431540,2019,12200,21584,9384
431540,2020,12800,22372,9572
431540,2021,12800,23269,10469
431545,1988,0,0,0
431545,1989,600,4250,3650
431545,1990,450,4147,3697
431545,1991,100,4079,3979
431545,1992,10,4095,4085
431545,1993,20,4097,4077
431545,1994,10,3317,3307
431545,1995,10,3511,3501
431545,1996,4,3037,3033
431545,1997,0,3342,3342
431545,1998,0,3337,3337
431545,1999,25,3289,3264
431545,2000,25,3317,3292
431545,2001,25,3165,3140
431545,2002,7,3154,3147
431545,2003,18,3236,3218
431545,2004,30,3314,3284
431545,2005,85,3400,3315
431545,2006,96,2868,2772
431545,2007,100,2693,2593
431545,2008,40,2516,2476
431545,2009,55,2426,2371
431545,2010,65,2400,2335
431545,2011,65,2376,2311
431545,2012,60,2087,2027
431545,2013,88,2205,2117
431545,2014,93,2273,2180
431545,2015,95,2280,2185
431545,2016,155,2040,1885
431545,2017,155,1942,1787
431545,2018,180,1453,1273
431545,2019,180,1451,1271
431545,2020,180,930,750
431545,2021,180,1443,1263
431550,1988,9000,26562,17562
431550,1989,10000,26964,16964
431550,1990,9000,26215,17215
431550,1991,6000,23849,17849
431550,1992,4000,22238,18238
431550,1993,5000,22632,17632
431550,1994,5200,22842,17642
431550,1995,5000,21837,16837
431550,1996,2600,17089,14489
431550,1997,1500,18700,17200
431550,1998,2500,13449,10949
431550,1999,3200,18329,15129
431550,2000,3200,18190,14990
431550,2001,3500,22950,19450
431550,2002,4500,24570,20070
431550,2003,8000,27992,19992
431550,2004,12000,32367,20367
431550,2005,13000,32923,19923
431550,2006,11800,31878,20078
431550,2007,12000,33225,21225
431550,2008,13000,34235,21235
431550,2009,13000,34092,21092
431550,2010,13500,33534,20034
431550,2011,13500,34350,20850
431550,2012,18000,38203,20203
431550,2013,22000,42415,20415
431550,2014,22500,43989,21489
431550,2015,23000,43591,20591
431550,2016,23500,42398,18898
431550,2017,23500,42960,19460
431550,2018,24000,43206,19206
431550,2019,25200,43529,18329
431550,2020,25700,42991,17291
431550,2021,25750,43787,18037
431560,1988,1200,24785,23585
431560,1989,1200,26507,25307
431560,1990,550,26047,25497
431560,1991,300,25528,25228
431560,1992,90,28183,28093
431560,1993,0,31633,31633
431560,1994,0,31932,31932
431560,1995,0,29623,29623
431560,1996,20,16170,16150
431560,1997,20,22782,22762
431560,1998,20,22939,22919
431560,1999,20,22384,22364
431560,2000,18,22128,22110
431560,2001,18,17678,17660
431560,2002,0,16193,16193
431560,2003,0,15223,15223
431560,2004,0,18026,18026
431560,2005,0,21110,21110
431560,2006,0,17488,17488
431560,2007,0,17912,17912
431560,2008,0,19472,19472
431560,2009,400,21334,20934
431560,2010,400,22120,21720
431560,2011,2000,23504,21504
431560,2012,2000,23525,21525
431560,2013,7200,27566,20366
431560,2014,8000,29154,21154
431560,2015,5120,28056,22936
431560,2016,3020,22941,19921
431560,2017,3960,23851,19891
431560,2018,6000,23936,17936
431560,2019,9605,27438,17833
431560,2020,11203,29327,18124
431560,2021,12907,31846,18939
431570,1988,13500,64788,51288
431570,1989,13800,56786,42986
431570,1990,11800,56180,44380
431570,1991,8000,50573,42573
431570,1992,6800,52284,45484
431570,1993,6150,54001,47851
431570,1994,6150,52705,46555
431570,1995,5950,53232,47282
431570,1996,4540,42497,37957
431570,1997,4080,37892,33812
431570,1998,5230,37143,31913
431570,1999,5635,38304,32669
431570,2000,5740,38306,32566
431570,2001,11410,48332,36922
431570,2002,13020,52405,39385
431570,2003,19850,63344,43494
431570,2004,25900,85872,59972
431570,2005,29980,77898,47918
431570,2006,26700,76102,49402
431570,2007,26050,77187,51137
431570,2008,26350,77297,50947
431570,2009,27600,76705,49105
431570,2010,29810,76402,46592
431570,2011,31710,80588,48878
431570,2012,36850,82718,45868
431570,2013,57100,103041,45941
431570,2014,68250,110680,42430
431570,2015,69300,107907,38607
431570,2016,73100,108439,35339
431570,2017,74360,109748,35388
431570,2018,79794,110760,30966
431570,2019,87800,117679,29879
431570,2020,99000,129443,30443
431570,2021,94600,131935,37335
431575,1988,0,0,0
431575,1989,0,1681,1681
431575,1990,0,1748,1748
431575,1991,0,1704,1704
431575,1992,0,1701,1701
431575,1993,0,1667,1667
431575,1994,0,1135,1135
431575,1995,0,1153,1153
431575,1996,0,861,861
431575,1997,0,1061,1061
431575,1998,0,1030,1030
431575,1999,0,1070,1070
431575,2000,0,1036,1036
431575,2001,0,1036,1036
431575,2002,0,1032,1032
431575,2003,0,1018,1018
431575,2004,0,1018,1018
431575,2005,0,1018,1018
431575,2006,0,1022,1022
431575,2007,0,1022,1022
431575,2008,0,1042,1042
431575,2009,0,1040,1040
431575,2010,0,1041,1041
431575,2011,0,645,645
431575,2012,0,550,550
431575,2013,0,646,646
431575,2014,0,632,632
431575,2015,0,601,601
431575,2016,0,602,602
431575,2017,0,601,601
431575,2018,0,601,601
431575,2019,0,576,576
431575,2020,0,504,504
431575,2021,0,499,499
431600,1988,0,3918,3918
431600,1989,0,2782,2782
431600,1990,0,4392,4392
431600,1991,0,4436,4436
431600,1992,0,4470,4470
431600,1993,0,4892,4892
431600,1994,0,4747,4747
431600,1995,0,4742,4742
431600,1996,0,2214,2214
431600,1997,0,4324,4324
431600,1998,0,4341,4341
431600,1999,0,3071,3071
431600,2000,0,3108,3108
431600,2001,0,3119,3119
431600,2002,0,3117,3117
431600,2003,0,3119,3119
431600,2004,0,3139,3139
431600,2005,0,3119,3119
431600,2006,0,3119,3119
431600,2007,0,3137,3137
431600,2008,0,3117,3117
431600,2009,0,3067,3067
431600,2010,0,3066,3066
431600,2011,0,2932,2932
431600,2012,0,2582,2582
431600,2013,0,2691,2691
431600,2014,0,2608,2608
431600,2015,0,2593,2593
431600,2016,0,2297,2297
431600,2017,0,2347,2347
431600,2018,0,2378,2378
431600,2019,0,2439,2439
431600,2020,0,2436,2436
431600,2021,2,2563,2561
431620,1988,15000,32272,17272
431620,1989,15200,27409,12209
431620,1990,14700,30047,15347
431620,1991,13500,23710,10210
431620,1992,12000,21070,9070
431620,1993,12000,20730,8730
431620,1994,12650,20895,8245
431620,1995,12250,19101,6851
431620,1996,9400,22141,12741
431620,1997,10800,18981,8181
431620,1998,12300,18506,6206
431620,1999,11300,17612,6312
431620,2000,11000,17408,6408
431620,2001,10000,16904,6904
431620,2002,12000,18745,6745
431620,2003,12100,19574,7474
431620,2004,12400,19618,7218
431620,2005,12200,18104,5904
431620,2006,11800,17170,5370
431620,2007,11800,19470,7670
431620,2008,11650,18149,6499
431620,2009,12000,17619,5619
431620,2010,12500,17672,5172
431620,2011,12100,17375,5275
431620,2012,11800,17482,5682
431620,2013,11800,15933,4133
431620,2014,11800,16663,4863
431620,2015,12000,16366,4366
431620,2016,12400,16030,3630
431620,2017,12206,16209,4003
431620,2018,12000,15641,3641
431620,2019,12500,15554,3054
431620,2020,12000,16182,4182
431620,2021,11500,15481,3981
431630,1988,16000,29641,13641
431630,1989,17500,32600,15100
431630,1990,15700,29714,14014
431630,1991,14000,24833,10833
431630,1992,12000,25460,13460
431630,1993,13000,26474,13474
431630,1994,14000,30024,16024
431630,1995,13000,26158,13158
431630,1996,9500,26552,17052
431630,1997,10000,19239,9239
431630,1998,11000,20356,9356
431630,1999,8700,20495,11795
431630,2000,8000,16796,8796
431630,2001,8000,18255,10255
431630,2002,7000,17141,10141
431630,2003,7300,18792,11492
431630,2004,7500,15292,7792
431630,2005,7000,14972,7972
431630,2006,6000,14572,8572
431630,2007,5500,13145,7645
431630,2008,4700,13365,8665
431630,2009,4500,12672,8172
431630,2010,5800,14288,8488
431630,2011,6350,16228,9878
431630,2012,6800,16071,9271
431630,2013,7100,15771,8671
431630,2014,7200,14031,6831
431630,2015,7268,13392,6124
431630,2016,7260,12554,5294
431630,2017,7500,13722,6222
431630,2018,7560,12976,5416
431630,2019,7570,13340,5770
431630,2020,7560,14066,6506
431630,2021,7560,14207,6647
431640,1988,8000,28157,20157
431640,1989,10000,30454,20454
431640,1990,12000,28407,16407
431640,1991,6750,27079,20329
431640,1992,3000,25008,22008
431640,1993,2500,27745,25245
431640,1994,6000,31077,25077
431640,1995,3740,28829,25089
431640,1996,2600,27433,24833
431640,1997,8000,29969,21969
431640,1998,8800,34065,25265
431640,1999,9200,34706,25506
431640,2000,7500,33778,26278
431640,2001,12000,37157,25157
431640,2002,12000,37627,25627
431640,2003,17000,42382,25382
431640,2004,25000,53041,28041
431640,2005,25000,51373,26373
431640,2006,25000,51445,26445
431640,2007,25000,44451,19451
431640,2008,25000,50763,25763
431640,2009,30000,55063,25063
431640,2010,28000,51753,23753
431640,2011,26000,50480,24480
431640,2012,30000,51655,21655
431640,2013,33000,54712,21712
431640,2014,35000,58739,23739
431640,2015,30800,53579,22779
431640,2016,35000,57051,22051
431640,2017,35000,59449,24449
431640,2018,35000,57425,22425
431640,2019,40000,60545,20545
431640,2020,40000,64226,24226
431640,2021,40000,63532,23532
431643,1988,0,0,0
431643,1989,15000,20548,5548
431643,1990,14650,22210,7560
431643,1991,13000,24358,11358
431643,1992,11600,22687,11087
431643,1993,13600,21436,7836
431643,1994,13800,21382,7582
431643,1995,12100,18572,6472
431643,1996,12800,19905,7105
431643,1997,13500,18457,4957
431643,1998,13500,19294,5794
431643,1999,13500,19303,5803
431643,2000,13300,19584,6284
431643,2001,12350,20825,8475
431643,2002,12150,21077,8927
431643,2003,13100,23661,10561
431643,2004,13465,24262,10797
431643,2005,13482,21775,8293
431643,2006,11982,19829,7847
431643,2007,12982,20447,7465
431643,2008,12000,20136,8136
431643,2009,11500,19993,8493
431643,2010,12500,19485,6985
431643,2011,12500,19335,6835
431643,2012,12300,20025,7725
431643,2013,12600,20359,7759
431643,2014,12600,20039,7439
431643,2015,13160,18706,5546
431643,2016,13561,19087,5526
431643,2017,13561,19659,6098
431643,2018,13575,18531,4956
431643,2019,13626,18517,4891
431643,2020,13666,19628,5962
431643,2021,13666,19583,5917
431645,1988,34000,47978,13978
431645,1989,35000,44591,9591
431645,1990,35000,52923,17923
431645,1991,32000,55884,23884
431645,1992,35000,49150,14150
431645,1993,35000,46653,11653
431645,1994,34000,49438,15438
431645,1995,33000,44211,11211
431645,1996,22945,32309,9364
431645,1997,27000,37053,10053
431645,1998,37000,45155,8155
431645,1999,27000,36077,9077
431645,2000,27500,36327,8827
431645,2001,17000,26209,9209
431645,2002,18000,27459,9459
431645,2003,18300,27956,9656
431645,2004,18700,27925,9225
431645,2005,19200,28663,9463
431645,2006,17200,28378,11178
431645,2007,18000,28530,10530
431645,2008,18100,28853,10753
431645,2009,18100,28464,10364
431645,2010,19600,28138,8538
431645,2011,20600,29909,9309
431645,2012,20000,31885,11885
431645,2013,20200,31549,11349
431645,2014,20200,32425,12225
431645,2015,20500,29983,9483
431645,2016,22000,30261,8261
431645,2017,22000,30911,8911
431645,2018,22500,32528,10028
431645,2019,26000,35078,9078
431645,2020,26000,35178,9178
431645,2021,26000,35028,9028
431650,1988,550,9243,8693
431650,1989,345,5393,5048
431650,1990,340,5131,4791
431650,1991,230,4959,4729
431650,1992,25,4780,4755
431650,1993,38,4677,4639
431650,1994,35,4446,4411
431650,1995,10,4406,4396
431650,1996,13,3802,3789
431650,1997,5,4588,4583
431650,1998,5,4653,4648
431650,1999,10,4350,4340
431650,2000,4,4454,4450
431650,2001,0,3768,3768
431650,2002,0,3683,3683
431650,2003,0,2410,2410
431650,2004,0,2345,2345
431650,2005,0,2301,2301
431650,2006,0,2328,2328
431650,2007,0,2325,2325
431650,2008,0,2321,2321
431650,2009,0,2109,2109
431650,2010,0,1896,1896
431650,2011,0,1864,1864
431650,2012,0,1744,1744
431650,2013,0,501,501
431650,2014,0,494,494
431650,2015,0,492,492
431650,2016,0,1481,1481
431650,2017,0,1475,1475
431650,2018,0,1344,1344
431650,2019,0,1368,1368
431650,2020,0,1460,1460
431650,2021,0,1481,1481
431660,1988,17000,38559,21559
431660,1989,20600,34800,14200
431660,1990,18600,35560,16960
431660,1991,16000,33926,17926
431660,1992,14000,34742,20742
431660,1993,15000,35538,20538
431660,1994,15000,35982,20982
431660,1995,15000,34479,19479
431660,1996,11000,33466,22466
431660,1997,17000,38595,21595
431660,1998,20000,39192,19192
431660,1999,11000,28087,17087
431660,2000,11000,30367,19367
431660,2001,10000,29565,19565
431660,2002,13200,30275,17075
431660,2003,14200,31645,17445
431660,2004,15200,33411,18211
431660,2005,16000,32233,16233
431660,2006,15150,29536,14386
431660,2007,17020,30442,13422
431660,2008,17400,29173,11773
431660,2009,17400,29482,12082
431660,2010,18900,27942,9042
431660,2011,20000,26397,6397
431660,2012,19800,28074,8274
431660,2013,20000,25772,5772
431660,2014,20800,26063,5263
431660,2015,20900,24817,3917
431660,2016,21300,26195,4895
431660,2017,21800,27488,5688
431660,2018,21800,26929,5129
431660,2019,22800,27923,5123
431660,2020,23000,28550,5550
431660,2021,23000,29482,6482
431670,1988,68000,112390,44390
431670,1989,55350,74448,19098
431670,1990,55350,83576,28226
431670,1991,52850,72198,19348
431670,1992,50000,72723,22723
431670,1993,53000,76004,23004
431670,1994,51000,74908,23908
431670,1995,50000,69966,19966
431670,1996,55000,79456,24456
431670,1997,57000,72191,15191
431670,1998,60000,71138,11138
431670,1999,63000,73502,10502
431670,2000,63000,78852,15852
431670,2001,60000,77697,17697
431670,2002,61000,89141,28141
431670,2003,65000,97944,32944
431670,2004,66000,99234,33234
431670,2005,67000,91031,24031
431670,2006,64000,85692,21692
431670,2007,66000,86714,20714
431670,2008,64000,87009,23009
431670,2009,64000,85369,21369
431670,2010,67000,86279,19279
431670,2011,67000,86524,19524
431670,2012,66000,87544,21544
431670,2013,66300,91935,25635
431670,2014,67000,91920,24920
431670,2015,68500,91320,22820
431670,2016,69000,94020,25020
431670,2017,69000,90915,21915
431670,2018,69700,93915,24215
431670,2019,76000,104215,28215
431670,2020,76000,109785,33785
431670,2021,76000,110885,34885
431680,1988,21000,108733,87733
431680,1989,23200,108096,84896
431680,1990,19750,103485,83735
431680,1991,16140,101273,85133
431680,1992,13600,104985,91385
431680,1993,12550,103799,91249
431680,1994,13820,96615,82795
431680,1995,13520,96549,83029
431680,1996,5885,83010,77125
431680,1997,7915,94647,86732
431680,1998,13515,106781,93266
431680,1999,11820,104004,92184
431680,2000,11810,102945,91135
431680,2001,11860,98890,87030
431680,2002,13800,103128,89328
431680,2003,14490,109272,94782
431680,2004,15950,114513,98563
431680,2005,16683,111156,94473
431680,2006,16183,118275,102092
431680,2007,16083,117773,101690
431680,2008,16533,114638,98105
431680,2009,17083,115700,98617
431680,2010,18203,111929,93726
431680,2011,19903,114530,94627
431680,2012,20905,110156,89251
431680,2013,23630,110791,87161
431680,2014,26350,110973,84623
431680,2015,26860,110690,83830
431680,2016,30910,108050,77140
431680,2017,32625,108982,76357
431680,2018,35330,105630,70300
431680,2019,36180,104110,67930
431680,2020,37130,99644,62514
431680,2021,37530,101950,64420
431690,1988,21000,52139,31139
431690,1989,10160,37256,27096
431690,1990,9700,38081,28381
431690,1991,8500,36132,27632
431690,1992,7000,38857,31857
431690,1993,6500,33279,26779
431690,1994,7500,34429,26929
431690,1995,8500,33926,25426
431690,1996,7450,32384,24934
431690,1997,12300,34555,22255
431690,1998,15800,36513,20713
431690,1999,11800,34751,22951
431690,2000,13900,35020,21120
431690,2001,16800,39263,22463
431690,2002,23850,48330,24480
431690,2003,30300,55557,25257
431690,2004,49575,76238,26663
431690,2005,57160,83206,26046
431690,2006,57300,85086,27786
431690,2007,55875,83207,27332
431690,2008,56940,86770,29830
431690,2009,57700,87646,29946
431690,2010,61800,86862,25062
431690,2011,63700,91103,27403
431690,2012,65400,90374,24974
431690,2013,82200,105748,23548
431690,2014,88500,113337,24837
431690,2015,94860,115116,20256
431690,2016,100100,118048,17948
431690,2017,100980,117637,16657
431690,2018,105705,123239,17534
431690,2019,107175,122898,15723
431690,2020,108875,123975,15100
431690,2021,109700,128900,19200
431700,1988,700,9515,8815
431700,1989,700,8582,7882
431700,1990,500,8553,8053
431700,1991,500,8473,7973
431700,1992,500,8333,7833
431700,1993,200,8079,7879
431700,1994,60,7834,7774
431700,1995,200,7910,7710
431700,1996,41,5537,5496
431700,1997,100,7580,7480
431700,1998,100,6530,6430
431700,1999,100,6330,6230
431700,2000,440,7070,6630
431700,2001,580,8190,7610
431700,2002,580,8168,7588
431700,2003,580,7968,7388
431700,2004,2634,10382,7748
431700,2005,7000,12155,5155
431700,2006,6000,13502,7502
431700,2007,6500,13697,7197
431700,2008,6500,12962,6462
431700,2009,7000,12912,5912
431700,2010,7000,12872,5872
431700,2011,8500,14343,5843
431700,2012,9000,15121,6121
431700,2013,10000,14819,4819
431700,2014,18000,22226,4226
431700,2015,22000,27519,5519
431700,2016,32000,35621,3621
431700,2017,34000,38197,4197
431700,2018,32000,34979,2979
431700,2019,34000,37552,3552
431700,2020,37000,40332,3332
431700,2021,37000,40407,3407
431710,1988,5000,19860,14860
431710,1989,7000,18420,11420
431710,1990,2000,11234,9234
431710,1991,3000,16408,13408
431710,1992,500,14623,14123
431710,1993,350,17288,16938
431710,1994,1500,18199,16699
431710,1995,1500,17875,16375
431710,1996,900,17269,16369
431710,1997,600,14237,13637
431710,1998,340,15596,15256
431710,1999,340,20871,20531
431710,2000,340,22026,21686
431710,2001,340,20094,19754
431710,2002,300,20520,20220
431710,2003,2900,21310,18410
431710,2004,4700,24122,19422
431710,2005,11500,31776,20276
431710,2006,11000,27525,16525
431710,2007,10000,26955,16955
431710,2008,12000,35313,23313
431710,2009,12000,31881,19881
431710,2010,12000,29394,17394
431710,2011,12000,31067,19067
431710,2012,18000,34954,16954
431710,2013,29100,43637,14537
431710,2014,35000,51057,16057
431710,2015,40000,55448,15448
431710,2016,35000,51623,16623
431710,2017,45000,61423,16423
431710,2018,45000,59679,14679
431710,2019,55000,68089,13089
431710,2020,55000,74368,19368
431710,2021,55000,70437,15437
431720,1988,31000,58771,27771
431720,1989,32000,57894,25894
431720,1990,32000,58724,26724
431720,1991,31000,52922,21922
431720,1992,29500,51798,22298
431720,1993,30000,53795,23795
431720,1994,31000,53787,22787
431720,1995,29100,46674,17574
431720,1996,20000,33638,13638
431720,1997,30000,50799,20799
431720,1998,31500,50724,19224
431720,1999,31500,50724,19224
431720,2000,31000,49395,18395
431720,2001,30000,50363,20363
431720,2002,32450,50132,17682
431720,2003,33800,52993,19193
431720,2004,33800,52907,19107
431720,2005,27000,42740,15740
431720,2006,25920,43218,17298
431720,2007,25000,41775,16775
431720,2008,22000,39656,17656
431720,2009,20000,37221,17221
431720,2010,20400,36993,16593
431720,2011,18000,34406,16406
431720,2012,18000,34431,16431
431720,2013,18000,34388,16388
431720,2014,18000,33830,15830
431720,2015,18600,32131,13531
431720,2016,18600,31591,12991
431720,2017,18700,31026,12326
431720,2018,19500,31791,12291
431720,2019,19500,33167,13667
431720,2020,19500,33759,14259
431720,2021,19500,34259,14759
431730,1988,3000,78176,75176
431730,1989,3000,86227,83227
431730,1990,4000,89401,85401
431730,1991,3000,94170,91170
431730,1992,900,95597,94697
431730,1993,400,95281,94881
431730,1994,70,91927,91857
431730,1995,300,92155,91855
431730,1996,21,55307,55286
431730,1997,0,63091,63091
431730,1998,0,71756,71756
431730,1999,0,81122,81122
431730,2000,0,74399,74399
431730,2001,60,66299,66239
431730,2002,0,64730,64730
431730,2003,0,62438,62438
431730,2004,0,78547,78547
431730,2005,662,78901,78239
431730,2006,0,56469,56469
431730,2007,0,50062,50062
431730,2008,0,60442,60442
431730,2009,255,68318,68063
431730,2010,1000,71393,70393
431730,2011,757,75625,74868
431730,2012,3000,74008,71008
431730,2013,13301,87221,73920
431730,2014,24242,98774,74532
431730,2015,22225,94691,72466
431730,2016,22420,95538,73118
431730,2017,19700,94115,74415
431730,2018,21851,93873,72022
431730,2019,27420,96579,69159
431730,2020,32300,98657,66357
431730,2021,38409,110258,71849
431740,1988,30000,55488,25488
431740,1989,33300,49613,16313
431740,1990,25000,45068,20068
431740,1991,20000,39377,19377
431740,1992,20000,38032,18032
431740,1993,25000,37310,12310
431740,1994,27000,40399,13399
431740,1995,27000,38668,11668
431740,1996,23000,38967,15967
431740,1997,24850,38060,13210
431740,1998,28500,40109,11609
431740,1999,30300,43721,13421
431740,2000,27100,43340,16240
431740,2001,37600,60328,22728
431740,2002,45200,67354,22154
431740,2003,53100,78936,25836
431740,2004,64000,85448,21448
431740,2005,74000,93492,19492
431740,2006,72000,91374,19374
431740,2007,72700,97151,24451
431740,2008,76000,103888,27888
431740,2009,69100,95162,26062
431740,2010,69650,96453,26803
431740,2011,86500,118812,32312
431740,2012,92500,124406,31906
431740,2013,96780,128278,31498
431740,2014,102980,136385,33405
431740,2015,106650,133333,26683
431740,2016,111230,135729,24499
431740,2017,116430,140242,23812
431740,2018,117330,137264,19934
431740,2019,119970,141191,21221
431740,2020,122030,147498,25468
431740,2021,127510,159432,31922
431750,1988,162000,236055,74055
431750,1989,53000,82365,29365
431750,1990,52000,86718,34718
431750,1991,52000,84247,32247
431750,1992,49000,81562,32562
431750,1993,52000,85467,33467
431750,1994,53000,81653,28653
431750,1995,51300,75321,24021
431750,1996,40000,74620,34620
431750,1997,51800,80469,28669
431750,1998,54000,77709,23709
431750,1999,45000,67476,22476
431750,2000,45000,68284,23284
431750,2001,43500,67284,23784
431750,2002,46500,69219,22719
431750,2003,46000,71971,25971
431750,2004,48000,71016,23016
431750,2005,48000,67070,19070
431750,2006,44500,64449,19949
431750,2007,44500,66884,22384
431750,2008,44500,67701,23201
431750,2009,44500,67056,22556
431750,2010,46500,65630,19130
431750,2011,47300,73365,26065
431750,2012,46800,74102,27302
431750,2013,48260,77639,29379
431750,2014,48260,78410,30150
431750,2015,48700,73042,24342
431750,2016,49980,73191,23211
431750,2017,50780,73396,22616
431750,2018,51880,71100,19220
431750,2019,46780,66219,19439
431750,2020,46987,68196,21209
431750,2021,46987,70074,23087
431760,1988,600,23576,22976
431760,1989,870,24398,23528
431760,1990,600,22191,21591
431760,1991,400,19966,19566
431760,1992,400,22096,21696
431760,1993,400,24036,23636
431760,1994,400,24036,23636
431760,1995,400,24356,23956
431760,1996,600,19070,18470
431760,1997,600,19136,18536
431760,1998,600,22194,21594
431760,1999,0,18680,18680
431760,2000,0,18494,18494
431760,2001,0,18299,18299
431760,2002,0,19424,19424
431760,2003,0,20718,20718
431760,2004,0,20589,20589
431760,2005,0,20306,20306
431760,2006,0,21231,21231
431760,2007,0,19480,19480
431760,2008,350,20950,20600
431760,2009,350,21074,20724
431760,2010,350,21159,20809
431760,2011,350,21496,21146
431760,2012,1207,22885,21678
431760,2013,2400,24160,21760
431760,2014,3550,24526,20976
431760,2015,3450,25694,22244
431760,2016,3813,25388,21575
431760,2017,5040,26461,21421
431760,2018,3840,25456,21616
431760,2019,5040,25964,20924
431760,2020,5540,25439,19899
431760,2021,5060,25298,20238
431780,1988,52000,85383,33383
431780,1989,52000,81936,29936
431780,1990,49000,84288,35288
431780,1991,47000,77331,30331
431780,1992,45000,75007,30007
431780,1993,47000,81566,34566
431780,1994,46500,81225,34725
431780,1995,43300,71497,28197
431780,1996,38500,83523,45023
431780,1997,43000,73628,30628
431780,1998,44000,72128,28128
431780,1999,43500,70500,27000
431780,2000,44100,75898,31798
431780,2001,42200,74563,32363
431780,2002,46300,76892,30592
431780,2003,48150,77952,29802
431780,2004,48300,79884,31584
431780,2005,49300,74551,25251
431780,2006,45300,70995,25695
431780,2007,45300,72547,27247
431780,2008,45300,75228,29928
431780,2009,45300,81049,35749
431780,2010,47800,76896,29096
431780,2011,48800,78711,29911
431780,2012,48150,81178,33028
431780,2013,48400,81961,33561
431780,2014,50200,83283,33083
431780,2015,50600,81715,31115
431780,2016,55350,82269,26919
431780,2017,54150,84077,29927
431780,2018,50625,80926,30301
431780,2019,49150,80816,31666
431780,2020,47700,80120,32420
431780,2021,47900,84250,36350
431790,1988,52400,96872,44472
431790,1989,53500,92750,39250
431790,1990,50500,91821,41321
431790,1991,45000,84861,39861
431790,1992,45000,86113,41113
431790,1993,48500,93004,44504
431790,1994,47500,89945,42445
431790,1995,45300,84996,39696
431790,1996,27227,55862,28635
431790,1997,40250,78886,38636
431790,1998,35848,67987,32139
431790,1999,35048,66841,31793
431790,2000,35636,67966,32330
431790,2001,33350,64886,31536
431790,2002,33950,61718,27768
431790,2003,34320,66316,31996
431790,2004,29190,58360,29170
431790,2005,26750,52019,25269
431790,2006,21500,51386,29886
431790,2007,20800,50928,30128
431790,2008,18050,47791,29741
431790,2009,16550,45661,29111
431790,2010,15950,43262,27312
431790,2011,16450,43401,26951
431790,2012,16400,42771,26371
431790,2013,16700,42756,26056
431790,2014,16800,32886,16086
431790,2015,17000,31928,14928
431790,2016,17316,31663,14347
431790,2017,17303,31645,14342
431790,2018,17313,31380,14067
431790,2019,14568,29655,15087
431790,2020,13873,27435,13562
431790,2021,14119,27574,13455
431800,1988,71000,143066,72066
431800,1989,72000,156731,84731
431800,1990,72000,158502,86502
431800,1991,67000,135365,68365
431800,1992,65000,147669,82669
431800,1993,85000,178357,93357
431800,1994,91500,177958,86458
431800,1995,94000,168080,74080
431800,1996,49500,122946,73446
431800,1997,75000,147532,72532
431800,1998,87000,151834,64834
431800,1999,81000,144799,63799
431800,2000,77500,151926,74426
431800,2001,67000,145982,78982
431800,2002,77200,159638,82438
431800,2003,98600,183593,84993
431800,2004,124000,212217,88217
431800,2005,129000,212370,83370
431800,2006,98000,191905,93905
431800,2007,90000,193255,103255
431800,2008,85000,189480,104480
431800,2009,58000,170080,112080
431800,2010,76000,175568,99568
431800,2011,76000,175153,99153
431800,2012,91200,188198,96998
431800,2013,98140,197386,99246
431800,2014,106500,204473,97973
431800,2015,107800,200927,93127
431800,2016,112800,200625,87825
431800,2017,121200,207894,86694
431800,2018,122000,209019,87019
431800,2019,133920,217557,83637
431800,2020,140720,232260,91540
431800,2021,141920,241219,99299
431805,1988,0,0,0
431805,1989,800,3799,2999
431805,1990,700,3715,3015
431805,1991,400,3835,3435
431805,1992,30,3380,3350
431805,1993,100,2978,2878
431805,1994,300,2849,2549
431805,1995,30,2550,2520
431805,1996,18,2589,2571
431805,1997,100,2663,2563
431805,1998,150,2420,2270
431805,1999,165,2404,2239
431805,2000,150,2424,2274
431805,2001,130,2464,2334
431805,2002,180,2462,2282
431805,2003,200,2548,2348
431805,2004,300,2810,2510
431805,2005,300,2844,2544
431805,2006,300,2882,2582
431805,2007,400,2873,2473
431805,2008,400,2949,2549
431805,2009,400,2822,2422
431805,2010,500,2772,2272
431805,2011,500,2787,2287
431805,2012,300,2617,2317
431805,2013,500,2305,1805
431805,2014,700,2489,1789
431805,2015,1700,2754,1054
431805,2016,1700,2814,1114
431805,2017,1700,2934,1234
431805,2018,1700,3059,1359
431805,2019,1700,2806,1106
431805,2020,1700,2960,1260
431805,2021,1700,3136,1436
431820,1988,0,6731,6731
431820,1989,0,4999,4999
431820,1990,0,5050,5050
431820,1991,0,4381,4381
431820,1992,0,4341,4341
431820,1993,0,4374,4374
431820,1994,0,4476,4476
431820,1995,0,3534,3534
431820,1996,22,3962,3940
431820,1997,0,3854,3854
431820,1998,0,3300,3300
431820,1999,0,4092,4092
431820,2000,0,4109,4109
431820,2001,0,4176,4176
431820,2002,0,4248,4248
431820,2003,0,5549,5549
431820,2004,0,5639,5639
431820,2005,0,6951,6951
431820,2006,0,7367,7367
431820,2007,0,7882,7882
431820,2008,0,7857,7857
431820,2009,0,7707,7707
431820,2010,0,7207,7207
431820,2011,0,7696,7696
431820,2012,0,6471,6471
431820,2013,0,5691,5691
431820,2014,0,6056,6056
431820,2015,1500,8491,6991
431820,2016,1500,8974,7474
431820,2017,3000,10474,7474
431820,2018,6200,13294,7094
431820,2019,7500,15966,8466
431820,2020,7500,15966,8466
431820,2021,7500,16136,8636
431830,1988,43000,105910,62910
431830,1989,55000,118165,63165
431830,1990,39000,94112,55112
431830,1991,29000,85359,56359
431830,1992,25400,83762,58362
431830,1993,28150,91121,62971
431830,1994,41150,100307,59157
431830,1995,26800,87457,60657
431830,1996,15400,80573,65173
431830,1997,23800,83545,59745
431830,1998,29500,84560,55060
431830,1999,28500,93056,64556
431830,2000,31100,93055,61955
431830,2001,38200,104046,65846
431830,2002,49000,117591,68591
431830,2003,79000,148687,69687
431830,2004,110000,182343,72343
431830,2005,112200,179261,67061
431830,2006,90300,163939,73639
431830,2007,86300,167115,80815
431830,2008,92300,178283,85983
431830,2009,76300,155285,78985
431830,2010,93300,170042,76742
431830,2011,89300,169895,80595
431830,2012,110500,181302,70802
431830,2013,136500,211826,75326
431830,2014,147000,227177,80177
431830,2015,192800,275061,82261
431830,2016,195000,261540,66540
431830,2017,206350,277612,71262
431830,2018,211350,280951,69601
431830,2019,232300,300065,67765
431830,2020,240000,315485,75485
431830,2021,246000,320988,74988
431840,1988,22255,151657,129402
431840,1989,21290,137984,116694
431840,1990,22090,135726,113636
431840,1991,4150,125197,121047
431840,1992,2000,132987,130987
431840,1993,1530,142000,140470
431840,1994,3330,130636,127306
431840,1995,1825,128848,127023
431840,1996,2211,134797,132586
431840,1997,1860,125770,123910
431840,1998,2370,126482,124112
431840,1999,1820,132808,130988
431840,2000,1704,130780,129076
431840,2001,3804,132337,128533
431840,2002,5162,143174,138012
431840,2003,5416,147414,141998
431840,2004,9625,158967,149342
431840,2005,9902,153297,143395
431840,2006,7630,161347,153717
431840,2007,6532,162913,156381
431840,2008,6316,167147,160831
431840,2009,5851,167274,161423
431840,2010,4977,168621,163644
431840,2011,7343,174753,167410
431840,2012,23753,183327,159574
431840,2013,37139,189549,152410
431840,2014,44384,204261,159877
431840,2015,48951,209089,160138
431840,2016,54087,209672,155585
431840,2017,51718,211877,160159
431840,2018,55886,206260,150374
431840,2019,57935,206069,148134
431840,2020,63970,206605,142635
431840,2021,67160,212728,145568
431842,1988,0,0,0
431842,1989,2200,11337,9137
431842,1990,6200,16570,10370
431842,1991,4000,16122,12122
431842,1992,3000,16144,13144
431842,1993,3000,16016,13016
431842,1994,3500,16242,12742
431842,1995,3000,15734,12734
431842,1996,1600,13212,11612
431842,1997,3000,12185,9185
431842,1998,3000,12247,9247
431842,1999,2000,9185,7185
431842,2000,1650,8834,7184
431842,2001,1400,8868,7468
431842,2002,2000,10147,8147
431842,2003,2400,10564,8164
431842,2004,3700,10554,6854
431842,2005,4000,10079,6079
431842,2006,3600,10490,6890
431842,2007,4000,10191,6191
431842,2008,4000,10144,6144
431842,2009,4000,10720,6720
431842,2010,5000,9480,4480
431842,2011,5000,9570,4570
431842,2012,4750,9328,4578
431842,2013,5000,9589,4589
431842,2014,6000,10711,4711
431842,2015,7000,9706,2706
431842,2016,6336,8779,2443
431842,2017,5860,8732,2872
431842,2018,6163,8391,2228
431842,2019,6263,8677,2414
431842,2020,6260,9143,2883
431842,2021,6100,9340,3240
431844,1988,0,0,0
431844,1989,300,4689,4389
431844,1990,100,4635,4535
431844,1991,100,4482,4382
431844,1992,50,4586,4536
431844,1993,50,4443,4393
431844,1994,150,4603,4453
431844,1995,150,4626,4476
431844,1996,180,4329,4149
431844,1997,180,4466,4286
431844,1998,180,4803,4623
431844,1999,0,4640,4640
431844,2000,180,4700,4520
431844,2001,300,4773,4473
431844,2002,300,4846,4546
431844,2003,300,4662,4362
431844,2004,480,4642,4162
431844,2005,2700,5993,3293
431844,2006,2400,5712,3312
431844,2007,2400,5636,3236
431844,2008,2300,5735,3435
431844,2009,2200,5582,3382
431844,2010,2400,5578,3178
431844,2011,2600,5456,2856
431844,2012,2400,5456,3056
431844,2013,2450,4639,2189
431844,2014,2500,4682,2182
431844,2015,2500,4619,2119
431844,2016,2500,4604,2104
431844,2017,2400,4603,2203
431844,2018,2400,4588,2188
431844,2019,2250,3954,1704
431844,2020,2150,3945,1795
431844,2021,2150,4026,1876
431846,1988,0,0,0
431846,1989,280,1501,1221
431846,1990,900,2923,2023
431846,1991,800,3006,2206
431846,1992,120,2611,2491
431846,1993,10,2591,2581
431846,1994,10,1921,1911
431846,1995,10,1878,1868
431846,1996,55,1769,1714
431846,1997,80,2007,1927
431846,1998,100,1852,1752
431846,1999,100,1709,1609
431846,2000,80,1570,1490
431846,2001,80,1566,1486
431846,2002,60,1538,1478
431846,2003,90,1571,1481
431846,2004,250,1634,1384
431846,2005,250,1346,1096
431846,2006,250,1510,1260
431846,2007,250,1508,1258
431846,2008,250,1445,1195
431846,2009,200,1599,1399
431846,2010,200,1623,1423
431846,2011,200,1716,1516
431846,2012,200,1605,1405
431846,2013,240,1433,1193
431846,2014,240,1337,1097
431846,2015,240,1175,935
431846,2016,240,1160,920
431846,2017,240,1162,922
431846,2018,240,1102,862
431846,2019,240,802,562
431846,2020,270,847,577
431846,2021,270,847,577
431850,1988,0,9622,9622
431850,1989,0,9010,9010
431850,1990,0,9394,9394
431850,1991,0,9739,9739
431850,1992,0,7716,7716
431850,1993,0,7222,7222
431850,1994,0,8277,8277
431850,1995,0,6897,6897
431850,1996,0,9289,9289
431850,1997,0,5509,5509
431850,1998,0,4609,4609
431850,1999,0,4922,4922
431850,2000,0,4523,4523
431850,2001,0,5384,5384
431850,2002,0,5078,5078
431850,2003,0,4875,4875
431850,2004,0,4576,4576
431850,2005,0,4277,4277
431850,2006,0,4812,4812
431850,2007,0,4755,4755
431850,2008,0,4265,4265
431850,2009,0,4403,4403
431850,2010,0,4595,4595
431850,2011,0,4591,4591
431850,2012,0,4171,4171
431850,2013,0,4125,4125
431850,2014,0,4274,4274
431850,2015,0,4274,4274
431850,2016,0,4065,4065
431850,2017,0,3665,3665
431850,2018,0,4065,4065
431850,2019,0,3393,3393
431850,2020,0,3393,3393
431850,2021,0,3393,3393
431860,1988,21000,50442,29442
431860,1989,24500,50683,26183
431860,1990,23000,56549,33549
431860,1991,23000,56623,33623
431860,1992,19500,53848,34348
431860,1993,16000,46229,30229
431860,1994,19600,54897,35297
431860,1995,18800,57073,38273
431860,1996,16610,43250,26640
431860,1997,22000,56948,34948
431860,1998,27000,53342,26342
431860,1999,28200,51524,23324
431860,2000,26300,52078,25778
431860,2001,23100,51719,28619
431860,2002,27900,51675,23775
431860,2003,29000,53067,24067
431860,2004,32350,56113,23763
431860,2005,33400,53691,20291
431860,2006,30700,53468,22768
431860,2007,31650,52882,21232
431860,2008,31600,52132,20532
431860,2009,32200,51507,19307
431860,2010,35000,49091,14091
431860,2011,35570,49344,13774
431860,2012,34700,49586,14886
431860,2013,36500,47802,11302
431860,2014,37700,48219,10519
431860,2015,38900,47373,8473
431860,2016,40000,46511,6511
431860,2017,39700,46063,6363
431860,2018,40400,47021,6621
431860,2019,41350,48493,7143
431860,2020,41300,50959,9659
431860,2021,40600,56039,15439
431870,1988,35,620,585
431870,1989,35,561,526
431870,1990,35,539,504
431870,1991,4,257,253
431870,1992,4,257,253
431870,1993,4,259,255
431870,1994,4,248,244
431870,1995,4,226,222
431870,1996,1,191,190
431870,1997,4,227,223
431870,1998,3,186,183
431870,1999,0,163,163
431870,2000,0,163,163
431870,2001,0,163,163
431870,2002,0,163,163
431870,2003,0,163,163
431870,2004,0,163,163
431870,2005,0,163,163
431870,2006,0,163,163
431870,2007,0,163,163
431870,2008,0,163,163
431870,2009,0,163,163
431870,2010,0,163,163
431870,2011,0,163,163
431870,2012,0,165,165
431870,2013,0,126,126
431870,2014,0,126,126
431870,2015,0,124,124
431870,2016,0,133,133
431870,2017,0,199,199
431870,2018,0,199,199
431870,2019,0,199,199
431870,2020,0,88,88
431870,2021,0,76,76
431890,1988,60000,95081,35081
431890,1989,60000,95400,35400
431890,1990,55000,96296,41296
431890,1991,50000,80125,30125
431890,1992,45000,68934,23934
431890,1993,47000,72189,25189
431890,1994,50000,73886,23886
431890,1995,49000,67790,18790
431890,1996,40000,65791,25791
431890,1997,50000,75510,25510
431890,1998,58000,83600,25600
431890,1999,58000,81432,23432
431890,2000,48000,80632,32632
431890,2001,55000,92434,37434
431890,2002,63800,96034,32234
431890,2003,65300,99858,34558
431890,2004,72500,106936,34436
431890,2005,77500,104715,27215
431890,2006,70000,100981,30981
431890,2007,67000,106465,39465
431890,2008,67500,112063,44563
431890,2009,65000,114363,49363
431890,2010,69000,111079,42079
431890,2011,72000,119079,47079
431890,2012,76000,124685,48685
431890,2013,80600,136736,56136
431890,2014,85000,143089,58089
431890,2015,87600,136502,48902
431890,2016,94500,144247,49747
431890,2017,93460,141387,47927
431890,2018,94490,134279,39789
431890,2019,89200,134890,45690
431890,2020,89350,137367,48017
431890,2021,89950,149477,59527
431900,1988,0,3761,3761
431900,1989,0,3279,3279
431900,1990,0,3447,3447
431900,1991,0,3362,3362
431900,1992,0,3364,3364
431900,1993,0,3169,3169
431900,1994,0,3135,3135
431900,1995,0,3127,3127
431900,1996,0,1793,1793
431900,1997,0,2843,2843
431900,1998,0,2832,2832
431900,1999,0,2388,2388
431900,2000,0,2563,2563
431900,2001,0,2541,2541
431900,2002,0,2731,2731
431900,2003,0,2664,2664
431900,2004,0,2507,2507
431900,2005,0,2320,2320
431900,2006,0,2437,2437
431900,2007,0,2490,2490
431900,2008,0,2315,2315
431900,2009,0,2397,2397
431900,2010,0,2360,2360
431900,2011,0,2604,2604
431900,2012,0,2788,2788
431900,2013,0,3093,3093
431900,2014,0,2933,2933
431900,2015,0,2946,2946
431900,2016,0,2656,2656
431900,2017,0,2730,2730
431900,2018,0,2528,2528
431900,2019,0,2558,2558
431900,2020,0,2550,2550
431900,2021,0,2474,2474
431915,1988,0,0,0
431915,1989,50000,67713,17713
431915,1990,50000,71221,21221
431915,1991,47000,68137,21137
431915,1992,44000,67146,23146
431915,1993,49000,66568,17568
431915,1994,51500,68312,16812
431915,1995,51000,64659,13659
431915,1996,41000,65597,24597
431915,1997,50000,76915,26915
431915,1998,52000,63696,11696
431915,1999,45000,58974,13974
431915,2000,48000,65764,17764
431915,2001,40500,59198,18698
431915,2002,43000,58128,15128
431915,2003,45200,61518,16318
431915,2004,48000,66108,18108
431915,2005,55000,69978,14978
431915,2006,59000,76588,17588
431915,2007,57000,76454,19454
431915,2008,57000,80266,23266
431915,2009,63000,86882,23882
431915,2010,63000,86624,23624
431915,2011,65000,94944,29944
431915,2012,65000,95493,30493
431915,2013,67000,102639,35639
431915,2014,69500,108185,38685
431915,2015,71700,106858,35158
431915,2016,73500,108969,35469
431915,2017,75000,110331,35331
431915,2018,76000,106600,30600
431915,2019,74000,107660,33660
431915,2020,74000,109579,35579
431915,2021,70000,109124,39124
431920,1988,20000,31038,11038
431920,1989,11440,20371,8931
431920,1990,12000,19862,7862
431920,1991,9000,15195,6195
431920,1992,8500,14883,6383
431920,1993,10500,15077,4577
431920,1994,11000,16221,5221
431920,1995,11000,15168,4168
431920,1996,10500,16740,6240
431920,1997,10000,15207,5207
431920,1998,11000,15566,4566
431920,1999,9000,15037,6037
431920,2000,8500,14755,6255
431920,2001,8000,14044,6044
431920,2002,8000,12881,4881
431920,2003,9000,13231,4231
431920,2004,10000,14013,4013
431920,2005,11000,15451,4451
431920,2006,9000,14752,5752
431920,2007,9000,14619,5619
431920,2008,8800,15081,6281
431920,2009,9000,14835,5835
431920,2010,9000,14044,5044
431920,2011,9250,14777,5527
431920,2012,9750,15128,5378
431920,2013,10000,15693,5693
431920,2014,11000,17218,6218
431920,2015,13900,20582,6682
431920,2016,14701,20013,5312
431920,2017,15500,21491,5991
431920,2018,16700,24478,7778
431920,2019,16800,25768,8968
431920,2020,17100,28358,11258
431920,2021,18100,29794,11694
431930,1988,13000,24475,11475
431930,1989,13200,23995,10795
431930,1990,13000,22359,9359
431930,1991,12000,24356,12356
431930,1992,10000,23894,13894
431930,1993,12000,24188,12188
431930,1994,11000,22021,11021
431930,1995,10000,21523,11523
431930,1996,6000,13162,7162
431930,1997,8000,19727,11727
431930,1998,7800,17374,9574
431930,1999,5500,14683,9183
431930,2000,4500,15084,10584
431930,2001,4000,15224,11224
431930,2002,4400,11318,6918
431930,2003,4800,14599,9799
431930,2004,6000,14625,8625
431930,2005,6000,15131,9131
431930,2006,5500,14192,8692
431930,2007,5500,14415,8915
431930,2008,5000,13637,8637
431930,2009,4500,13201,8701
431930,2010,4500,13042,8542
431930,2011,4500,12532,8032
431930,2012,4500,12670,8170
431930,2013,4500,13094,8594
431930,2014,4500,10569,6069
431930,2015,4500,9714,5214
431930,2016,4500,9503,5003
431930,2017,4500,9807,5307
431930,2018,4500,9359,4859
431930,2019,3500,7117,3617
431930,2020,3500,7209,3709
431930,2021,3600,7503,3903
431940,1988,13000,26668,13668
431940,1989,13000,28033,15033
431940,1990,11000,27957,16957
431940,1991,11000,28082,17082
431940,1992,9000,25872,16872
431940,1993,9000,25875,16875
431940,1994,9000,25956,16956
431940,1995,4000,22412,18412
431940,1996,1200,15201,14001
431940,1997,3250,18099,14849
431940,1998,2050,17175,15125
431940,1999,1450,16733,15283
431940,2000,1450,16628,15178
431940,2001,1200,16356,15156
431940,2002,1250,17424,16174
431940,2003,1750,17879,16129
431940,2004,2500,17108,14608
431940,2005,3700,18437,14737
431940,2006,3600,18053,14453
431940,2007,3500,17034,13534
431940,2008,4500,17952,13452
431940,2009,4450,18019,13569
431940,2010,4600,17748,13148
431940,2011,4600,18003,13403
431940,2012,4050,16371,12321
431940,2013,6250,18691,12441
431940,2014,7750,20309,12559
431940,2015,8950,20935,11985
431940,2016,9850,21284,11434
431940,2017,11900,23477,11577
431940,2018,15265,26214,10949
431940,2019,17700,26502,8802
431940,2020,18480,27718,9238
431940,2021,18650,29798,11148
431950,1988,0,7081,7081
431950,1989,0,2617,2617
431950,1990,0,2760,2760
431950,1991,0,2810,2810
431950,1992,0,2791,2791
431950,1993,0,3273,3273
431950,1994,0,3802,3802
431950,1995,0,3879,3879
431950,1996,1,1751,1750
431950,1997,0,3749,3749
431950,1998,0,3371,3371
431950,1999,0,3227,3227
431950,2000,0,3229,3229
431950,2001,0,3507,3507
431950,2002,0,3508,3508
431950,2003,0,3418,3418
431950,2004,0,3458,3458
431950,2005,0,3458,3458
431950,2006,0,3538,3538
431950,2007,0,3538,3538
431950,2008,0,1613,1613
431950,2009,0,1613,1613
431950,2010,0,1419,1419
431950,2011,0,1611,1611
431950,2012,0,1719,1719
431950,2013,0,1185,1185
431950,2014,0,1180,1180
431950,2015,0,1186,1186
431950,2016,0,1203,1203
431950,2017,0,1517,1517
431950,2018,0,1608,1608
431950,2019,0,1612,1612
431950,2020,0,1606,1606
431950,2021,0,1656,1656
431970,1988,13000,36557,23557
431970,1989,7500,19033,11533
431970,1990,6100,19128,13028
431970,1991,4300,18906,14606
431970,1992,3000,17437,14437
431970,1993,3500,17749,14249
431970,1994,3500,17821,14321
431970,1995,3500,17752,14252
431970,1996,2116,11388,9272
431970,1997,2116,11201,9085
431970,1998,3325,15241,11916
431970,1999,1980,13660,11680
431970,2000,1900,13432,11532
431970,2001,1300,12281,10981
431970,2002,1800,12465,10665
431970,2003,2320,14654,12334
431970,2004,2850,15389,12539
431970,2005,3700,13876,10176
431970,2006,2850,13726,10876
431970,2007,3200,13233,10033
431970,2008,2950,13197,10247
431970,2009,3450,13577,10127
431970,2010,2950,10715,7765
431970,2011,3150,10055,6905
431970,2012,3350,8679,5329
431970,2013,3350,7869,4519
431970,2014,3550,7909,4359
431970,2015,3850,7823,3973
431970,2016,4150,7699,3549
431970,2017,4200,8051,3851
431970,2018,4800,7937,3137
431970,2019,4900,8186,3286
431970,2020,5000,8227,3227
431970,2021,4915,8636,3721
431975,1988,0,0,0
431975,1989,5,353,348
431975,1990,5,342,337
431975,1991,3,341,338
431975,1992,3,336,333
431975,1993,2,369,367
431975,1994,2,376,374
431975,1995,2,366,364
431975,1996,0,363,363
431975,1997,0,370,370
431975,1998,0,303,303
431975,1999,0,299,299
431975,2000,0,299,299
431975,2001,0,287,287
431975,2002,0,282,282
431975,2003,0,499,499
431975,2004,0,549,549
431975,2005,0,490,490
431975,2006,0,481,481
431975,2007,0,381,381
431975,2008,0,383,383
431975,2009,0,369,369
431975,2010,0,372,372
431975,2011,0,371,371
431975,2012,0,372,372
431975,2013,0,288,288
431975,2014,0,313,313
431975,2015,0,313,313
431975,2016,0,175,175
431975,2017,0,168,168
431975,2018,0,111,111
431975,2019,0,99,99
431975,2020,0,99,99
431975,2021,0,99,99
431980,1988,7200,19044,11844
431980,1989,8500,21652,13152
431980,1990,8000,20797,12797
431980,1991,2000,15304,13304
431980,1992,500,14899,14399
431980,1993,750,14357,13607
431980,1994,2000,15815,13815
431980,1995,1500,14963,13463
431980,1996,350,13810,13460
431980,1997,850,12705,11855
431980,1998,1800,13805,12005
431980,1999,800,13920,13120
431980,2000,800,13835,13035
431980,2001,1500,14292,12792
431980,2002,2500,15474,12974
431980,2003,3500,16458,12958
431980,2004,8000,20775,12775
431980,2005,10000,22132,12132
431980,2006,9000,21877,12877
431980,2007,9000,21695,12695
431980,2008,9000,21935,12935
431980,2009,9500,22459,12959
431980,2010,9500,22339,12839
431980,2011,9800,22255,12455
431980,2012,11500,22116,10616
431980,2013,16500,27349,10849
431980,2014,22000,32604,10604
431980,2015,25000,35239,10239
431980,2016,26000,35527,9527
431980,2017,27000,36945,9945
431980,2018,28000,37836,9836
431980,2019,29000,38641,9641
431980,2020,30000,39824,9824
431980,2021,33000,42841,9841
431990,1988,0,1711,1711
431990,1989,0,1711,1711
431990,1990,0,1656,1656
431990,1991,0,1759,1759
431990,1992,0,1770,1770
431990,1993,0,1716,1716
431990,1994,0,1286,1286
431990,1995,0,1242,1242
431990,1996,0,1091,1091
431990,1997,0,1403,1403
431990,1998,0,1443,1443
431990,1999,0,1458,1458
431990,2000,0,1461,1461
431990,2001,0,1431,1431
431990,2002,0,1480,1480
431990,2003,0,1521,1521
431990,2004,0,1559,1559
431990,2005,0,1606,1606
431990,2006,0,1488,1488
431990,2007,0,1488,1488
431990,2008,0,1472,1472
431990,2009,0,1512,1512
431990,2010,0,1578,1578
431990,2011,0,1698,1698
431990,2012,0,1608,1608
431990,2013,0,1588,1588
431990,2014,0,1488,1488
431990,2015,0,1457,1457
431990,2016,0,1504,1504
431990,2017,0,1478,1478
431990,2018,10,1284,1274
431990,2019,10,944,934
431990,2020,10,918,908
431990,2021,10,877,867
432000,1988,0,138,138
432000,1989,0,110,110
432000,1990,0,106,106
432000,1991,0,104,104
432000,1992,0,107,107
432000,1993,0,118,118
432000,1994,0,117,117
432000,1995,0,117,117
432000,1996,0,117,117
432000,1997,0,89,89
432000,1998,0,107,107
432000,1999,0,86,86
432000,2000,0,98,98
432000,2001,0,98,98
432000,2002,0,50,50
432000,2003,0,55,55
432000,2004,0,40,40
432000,2005,0,47,47
432000,2006,0,47,47
432000,2007,0,25,25
432000,2008,0,25,25
432000,2009,0,16,16
432000,2010,0,16,16
432000,2011,0,24,24
432000,2012,0,7,7
432000,2013,0,6,6
432000,2014,0,5,5
432000,2015,0,5,5
432000,2016,0,10,10
432000,2017,0,10,10
432000,2018,0,10,10
432000,2019,0,10,10
432000,2020,30,35,5
432000,2021,0,35,35
432023,1988,0,0,0
432023,1989,7300,14403,7103
432023,1990,7300,14333,7033
432023,1991,7300,14074,6774
432023,1992,6500,11882,5382
432023,1993,7200,12478,5278
432023,1994,7200,12828,5628
432023,1995,7200,11668,4468
432023,1996,6400,11503,5103
432023,1997,7200,11905,4705
432023,1998,8000,11653,3653
432023,1999,7800,11519,3719
432023,2000,7800,12630,4830
432023,2001,5000,10238,5238
432023,2002,5500,10816,5316
432023,2003,5500,11343,5843
432023,2004,6000,11997,5997
432023,2005,6000,10786,4786
432023,2006,5500,10421,4921
432023,2007,5000,10081,5081
432023,2008,5000,9009,4009
432023,2009,5000,12248,7248
432023,2010,5800,10597,4797
432023,2011,6000,10849,4849
432023,2012,6000,10876,4876
432023,2013,6400,10861,4461
432023,2014,6000,11618,5618
432023,2015,6100,11348,5248
432023,2016,6000,11291,5291
432023,2017,6000,11571,5571
432023,2018,6200,11571,5371
432023,2019,6200,11660,5460
432023,2020,6350,11557,5207
432023,2021,6350,11557,5207
432026,1988,0,0,0
432026,1989,700,13802,13102
432026,1990,700,14466,13766
432026,1991,350,14463,14113
432026,1992,300,14180,13880
432026,1993,210,13414,13204
432026,1994,300,11344,11044
432026,1995,300,11123,10823
432026,1996,50,7866,7816
432026,1997,200,8807,8607
432026,1998,500,10978,10478
432026,1999,500,10433,9933
432026,2000,600,10434,9834
432026,2001,700,10337,9637
432026,2002,750,10735,9985
432026,2003,1000,11207,10207
432026,2004,1500,11437,9937
432026,2005,1700,11366,9666
432026,2006,1500,11288,9788
432026,2007,1500,10688,9188
432026,2008,1800,10838,9038
432026,2009,1900,10988,9088
432026,2010,2000,11040,9040
432026,2011,2200,11374,9174
432026,2012,2200,10986,8786
432026,2013,4000,12626,8626
432026,2014,4400,12733,8333
432026,2015,4700,13022,8322
432026,2016,4700,12447,7747
432026,2017,4700,12457,7757
432026,2018,5000,12745,7745
432026,2019,5170,11165,5995
432026,2020,5450,11684,6234
432026,2021,5450,12144,6694
432030,1988,13500,21310,7810
432030,1989,13500,20797,7297
432030,1990,12580,21236,8656
432030,1991,10000,18101,8101
432030,1992,10000,16301,6301
432030,1993,10500,16357,5857
432030,1994,10500,15973,5473
432030,1995,9500,14407,4907
432030,1996,9000,18822,9822
432030,1997,9000,16940,7940
432030,1998,9500,15701,6201
432030,1999,9500,15446,5946
432030,2000,9500,16941,7441
432030,2001,9500,16250,6750
432030,2002,10500,16325,5825
432030,2003,11025,16520,5495
432030,2004,12000,16922,4922
432030,2005,11500,16427,4927
432030,2006,10300,15746,5446
432030,2007,9800,16140,6340
432030,2008,9800,16584,6784
432030,2009,9533,15660,6127
432030,2010,10000,15284,5284
432030,2011,10400,15632,5232
432030,2012,10200,17959,7759
432030,2013,10600,16844,6244
432030,2014,10800,16721,5921
432030,2015,10860,16292,5432
432030,2016,11560,16472,4912
432030,2017,11560,17078,5518
432030,2018,13080,18230,5150
432030,2019,12010,17113,5103
432030,2020,11340,17181,5841
432030,2021,10000,16241,6241
432040,1988,3800,14839,11039
432040,1989,1400,10214,8814
432040,1990,1000,9795,8795
432040,1991,600,9646,9046
432040,1992,450,9403,8953
432040,1993,500,9441,8941
432040,1994,550,9356,8806
432040,1995,500,9110,8610
432040,1996,315,7217,6902
432040,1997,350,8123,7773
432040,1998,500,7867,7367
432040,1999,400,7310,6910
432040,2000,500,7158,6658
432040,2001,500,7348,6848
432040,2002,620,7455,6835
432040,2003,680,7200,6520
432040,2004,750,7130,6380
432040,2005,900,6052,5152
432040,2006,1000,6821,5821
432040,2007,1000,6312,5312
432040,2008,1000,6363,5363
432040,2009,1000,5873,4873
432040,2010,1200,5454,4254
432040,2011,1300,5351,4051
432040,2012,1300,5224,3924
432040,2013,2200,4561,2361
432040,2014,2400,4673,2273
432040,2015,2700,4603,1903
432040,2016,2900,4603,1703
432040,2017,2840,4574,1734
432040,2018,3000,4727,1727
432040,2019,3300,5310,2010
432040,2020,3450,5794,2344
432040,2021,3600,6268,2668
432060,1988,5220,12966,7746
432060,1989,5050,12293,7243
432060,1990,5000,12783,7783
432060,1991,4000,11954,7954
432060,1992,3000,11443,8443
432060,1993,3000,11274,8274
432060,1994,3000,11164,8164
432060,1995,2000,10625,8625
432060,1996,900,6781,5881
432060,1997,900,7273,6373
432060,1998,1500,9998,8498
432060,1999,1500,10078,8578
432060,2000,1000,9639,8639
432060,2001,500,7447,6947
432060,2002,500,7820,7320
432060,2003,300,7448,7148
432060,2004,400,7324,6924
432060,2005,400,7351,6951
432060,2006,400,7253,6853
432060,2007,300,6165,5865
432060,2008,300,6180,5880
432060,2009,400,6385,5985
432060,2010,1000,6299,5299
432060,2011,1000,6248,5248
432060,2012,1200,6281,5081
432060,2013,1500,6763,5263
432060,2014,1500,6774,5274
432060,2015,2500,6204,3704
432060,2016,3500,6153,2653
432060,2017,3200,6208,3008
432060,2018,4300,6158,1858
432060,2019,4200,6356,2156
432060,2020,4000,6388,2388
432060,2021,3700,6720,3020
432065,1988,0,0,0
432065,1989,240,3283,3043
432065,1990,240,2470,2230
432065,1991,240,3000,2760
432065,1992,240,3561,3321
432065,1993,200,4049,3849
432065,1994,200,4202,4002
432065,1995,250,4260,4010
432065,1996,115,2414,2299
432065,1997,350,4684,4334
432065,1998,750,4863,4113
432065,1999,800,4462,3662
432065,2000,400,3687,3287
432065,2001,500,2791,2291
432065,2002,1200,3089,1889
432065,2003,1200,3238,2038
432065,2004,1500,3469,1969
432065,2005,1600,3377,1777
432065,2006,1600,3669,2069
432065,2007,2000,4029,2029
432065,2008,2000,3734,1734
432065,2009,2700,4621,1921
432065,2010,2300,4036,1736
432065,2011,2500,4589,2089
432065,2012,2700,4135,1435
432065,2013,2700,4484,1784
432065,2014,2800,4143,1343
432065,2015,2800,3963,1163
432065,2016,2800,3903,1103
432065,2017,3000,3844,844
432065,2018,3000,3546,546
432065,2019,4500,5219,719
432065,2020,4500,5191,691
432065,2021,4500,5343,843
432070,1988,2000,35356,33356
432070,1989,1900,16309,14409
432070,1990,1500,17525,16025
432070,1991,1000,17244,16244
432070,1992,300,16058,15758
432070,1993,500,17876,17376
432070,1994,700,16091,15391
432070,1995,700,19358,18658
432070,1996,90,13645,13555
432070,1997,350,14453,14103
432070,1998,190,14950,14760
432070,1999,810,16374,15564
432070,2000,830,15746,14916
432070,2001,1370,17264,15894
432070,2002,1532,17793,16261
432070,2003,2000,18924,16924
432070,2004,2800,19767,16967
432070,2005,3752,18990,15238
432070,2006,3550,20343,16793
432070,2007,3550,20354,16804
432070,2008,3900,19890,15990
432070,2009,4000,19088,15088
432070,2010,4100,18631,14531
432070,2011,4000,18620,14620
432070,2012,4300,17446,13146
432070,2013,4450,18205,13755
432070,2014,4850,18516,13666
432070,2015,5100,17841,12741
432070,2016,6000,18404,12404
432070,2017,7200,19832,12632
432070,2018,6200,18877,12677
432070,2019,8900,21205,12305
432070,2020,8850,19458,10608
432070,2021,8850,20571,11721
432080,1988,28000,50340,22340
432080,1989,19000,27178,8178
432080,1990,14100,21635,7535
432080,1991,13500,22014,8514
432080,1992,13000,21439,8439
432080,1993,13200,22971,9771
432080,1994,13000,21170,8170
432080,1995,13000,20299,7299
432080,1996,12700,21306,8606
432080,1997,12500,19952,7452
432080,1998,12700,19144,6444
432080,1999,13000,20340,7340
432080,2000,13000,20066,7066
432080,2001,12900,20072,7172
432080,2002,13750,21777,8027
432080,2003,16200,27675,11475
432080,2004,25000,35928,10928
432080,2005,27700,36916,9216
432080,2006,27800,37148,9348
432080,2007,29600,39891,10291
432080,2008,29500,41090,11590
432080,2009,31500,42339,10839
432080,2010,31700,40703,9003
432080,2011,32500,43213,10713
432080,2012,33500,44272,10772
432080,2013,35000,46716,11716
432080,2014,41000,51641,10641
432080,2015,44000,51058,7058
432080,2016,44015,52378,8363
432080,2017,58800,68907,10107
432080,2018,44015,53312,9297
432080,2019,50800,61285,10485
432080,2020,51000,63325,12325
432080,2021,54000,73325,19325
432120,1988,0,4310,4310
432120,1989,0,2651,2651
432120,1990,0,3545,3545
432120,1991,0,3791,3791
432120,1992,0,3852,3852
432120,1993,0,3224,3224
432120,1994,0,3224,3224
432120,1995,0,3243,3243
432120,1996,0,2116,2116
432120,1997,0,3270,3270
432120,1998,0,2678,2678
432120,1999,0,2852,2852
432120,2000,0,2783,2783
432120,2001,0,2173,2173
432120,2002,0,2173,2173
432120,2003,0,2175,2175
432120,2004,0,2390,2390
432120,2005,0,1969,1969
432120,2006,0,1955,1955
432120,2007,0,1919,1919
432120,2008,0,2208,2208
432120,2009,0,2112,2112
432120,2010,0,2156,2156
432120,2011,0,2103,2103
432120,2012,0,2480,2480
432120,2013,0,2209,2209
432120,2014,0,2270,2270
432120,2015,0,2265,2265
432120,2016,5,2254,2249
432120,2017,20,2011,1991
432120,2018,5,2108,2103
432120,2019,5,1840,1835
432120,2020,30,1953,1923
432120,2021,30,1974,1944
432130,1988,1600,18210,16610
432130,1989,50,10913,10863
432130,1990,100,8917,8817
432130,1991,80,8534,8454
432130,1992,10,7964,7954
432130,1993,10,7894,7884
432130,1994,10,7788,7778
432130,1995,10,8148,8138
432130,1996,0,5013,5013
432130,1997,12,5001,4989
432130,1998,12,4568,4556
432130,1999,30,4276,4246
432130,2000,10,5131,5121
432130,2001,10,4713,4703
432130,2002,60,4500,4440
432130,2003,5,4650,4645
432130,2004,5,5079,5074
432130,2005,0,5237,5237
432130,2006,0,5853,5853
432130,2007,0,6030,6030
432130,2008,0,5962,5962
432130,2009,20,5245,5225
432130,2010,45,4799,4754
432130,2011,95,4996,4901
432130,2012,50,4808,4758
432130,2013,60,4614,4554
432130,2014,50,4583,4533
432130,2015,110,4579,4469
432130,2016,170,4572,4402
432130,2017,200,4545,4345
432130,2018,200,4166,3966
432130,2019,180,4549,4369
432130,2020,170,4554,4384
432130,2021,200,4596,4396
432132,1988,0,0,0
432132,1989,3315,8227,4912
432132,1990,4300,9869,5569
432132,1991,3200,8903,5703
432132,1992,3000,8848,5848
432132,1993,3200,8989,5789
432132,1994,3500,9059,5559
432132,1995,3000,8454,5454
432132,1996,1453,5229,3776
432132,1997,3000,8779,5779
432132,1998,1850,5765,3915
432132,1999,1780,5984,4204
432132,2000,1700,6293,4593
432132,2001,1600,6462,4862
432132,2002,1920,6761,4841
432132,2003,2100,6819,4719
432132,2004,2100,6576,4476
432132,2005,2205,6248,4043
432132,2006,1800,5995,4195
432132,2007,1500,5847,4347
432132,2008,1650,6112,4462
432132,2009,1800,5919,4119
432132,2010,1800,5461,3661
432132,2011,1800,5403,3603
432132,2012,1750,5330,3580
432132,2013,1900,4588,2688
432132,2014,1900,5026,3126
432132,2015,2100,4897,2797
432132,2016,2270,4933,2663
432132,2017,2500,5138,2638
432132,2018,2620,4872,2252
432132,2019,2450,4927,2477
432132,2020,2630,5096,2466
432132,2021,2600,5338,2738
432135,1988,0,4626,4626
432135,1989,0,3738,3738
432135,1990,0,3990,3990
432135,1991,0,5351,5351
432135,1992,0,5377,5377
432135,1993,0,5619,5619
432135,1994,0,7168,7168
432135,1995,0,6258,6258
432135,1996,0,4961,4961
432135,1997,0,4444,4444
432135,1998,0,5079,5079
432135,1999,0,5820,5820
432135,2000,0,5322,5322
432135,2001,0,4793,4793
432135,2002,0,4385,4385
432135,2003,0,4795,4795
432135,2004,0,4606,4606
432135,2005,150,3824,3674
432135,2006,0,3103,3103
432135,2007,0,2732,2732
432135,2008,0,3582,3582
432135,2009,0,3339,3339
432135,2010,0,3739,3739
432135,2011,0,3969,3969
432135,2012,0,4205,4205
432135,2013,50,4242,4192
432135,2014,128,3836,3708
432135,2015,289,3871,3582
432135,2016,140,3624,3484
432135,2017,113,4071,3958
432135,2018,200,3755,3555
432135,2019,270,3662,3392
432135,2020,504,3398,2894
432135,2021,504,3232,2728
432140,1988,38000,74565,36565
432140,1989,35000,61106,26106
432140,1990,35000,61548,26548
432140,1991,32000,57824,25824
432140,1992,30000,58429,28429
432140,1993,29700,53623,23923
432140,1994,28500,51348,22848
432140,1995,28500,49387,20887
432140,1996,23880,40972,17092
432140,1997,27100,46130,19030
432140,1998,27100,43743,16643
432140,1999,25660,41289,15629
432140,2000,24560,41103,16543
432140,2001,24500,40501,16001
432140,2002,25300,40633,15333
432140,2003,26100,43181,17081
432140,2004,27500,43424,15924
432140,2005,28100,43495,15395
432140,2006,27080,43133,16053
432140,2007,26100,42128,16028
432140,2008,22100,38211,16111
432140,2009,21500,38891,17391
432140,2010,20000,32040,12040
432140,2011,20400,33004,12604
432140,2012,20400,33553,13153
432140,2013,20200,34334,14134
432140,2014,20200,35212,15012
432140,2015,20800,37570,16770
432140,2016,24100,40035,15935
432140,2017,24100,41656,17556
432140,2018,24800,41696,16896
432140,2019,24800,42222,17422
432140,2020,25350,43926,18576
432140,2021,25850,47156,21306
432143,1988,0,0,0
432143,1989,0,3185,3185
432143,1990,0,3153,3153
432143,1991,0,3250,3250
432143,1992,0,3243,3243
432143,1993,0,3022,3022
432143,1994,0,3062,3062
432143,1995,0,2788,2788
432143,1996,0,2790,2790
432143,1997,0,2591,2591
432143,1998,0,2529,2529
432143,1999,0,2305,2305
432143,2000,0,2155,2155
432143,2001,0,2045,2045
432143,2002,0,1821,1821
432143,2003,0,1766,1766
432143,2004,0,2045,2045
432143,2005,0,2081,2081
432143,2006,0,2411,2411
432143,2007,0,2456,2456
432143,2008,0,2432,2432
432143,2009,0,2276,2276
432143,2010,0,2224,2224
432143,2011,0,2143,2143
432143,2012,0,1936,1936
432143,2013,0,1877,1877
432143,2014,0,1873,1873
432143,2015,0,1895,1895
432143,2016,0,1880,1880
432143,2017,0,1874,1874
432143,2018,0,1847,1847
432143,2019,0,1852,1852
432143,2020,0,1894,1894
432143,2021,0,1894,1894
432150,1988,11,14964,14953
432150,1989,0,11115,11115
432150,1990,0,11429,11429
432150,1991,0,11504,11504
432150,1992,0,11472,11472
432150,1993,0,14277,14277
432150,1994,0,14557,14557
432150,1995,0,14556,14556
432150,1996,0,10356,10356
432150,1997,0,10932,10932
432150,1998,0,12618,12618
432150,1999,0,13477,13477
432150,2000,0,13881,13881
432150,2001,0,11590,11590
432150,2002,0,15376,15376
432150,2003,0,15452,15452
432150,2004,0,15080,15080
432150,2005,0,15195,15195
432150,2006,0,15137,15137
432150,2007,0,14507,14507
432150,2008,0,15725,15725
432150,2009,0,15628,15628
432150,2010,0,15647,15647
432150,2011,0,15967,15967
432150,2012,0,15307,15307
432150,2013,0,15152,15152
432150,2014,0,15116,15116
432150,2015,0,14542,14542
432150,2016,0,14454,14454
432150,2017,0,14439,14439
432150,2018,0,14442,14442
432150,2019,0,14486,14486
432150,2020,0,14706,14706
432150,2021,0,14740,14740
432160,1988,200,1615,1415
432160,1989,35,165,130
432160,1990,30,155,125
432160,1991,30,190,160
432160,1992,0,175,175
432160,1993,0,175,175
432160,1994,0,175,175
432160,1995,0,177,177
432160,1996,0,410,410
432160,1997,0,372,372
432160,1998,0,173,173
432160,1999,0,289,289
432160,2000,0,289,289
432160,2001,0,289,289
432160,2002,0,289,289
432160,2003,0,289,289
432160,2004,0,499,499
432160,2005,0,499,499
432160,2006,0,499,499
432160,2007,0,499,499
432160,2008,0,399,399
432160,2009,0,399,399
432160,2010,0,399,399
432160,2011,0,511,511
432160,2012,0,441,441
432160,2013,0,426,426
432160,2014,3,382,379
432160,2015,5,374,369
432160,2016,5,374,369
432160,2017,5,250,245
432160,2018,5,250,245
432160,2019,5,250,245
432160,2020,5,250,245
432160,2021,5,300,295
432163,1988,0,0,0
432163,1989,2700,8058,5358
432163,1990,3800,9959,6159
432163,1991,3500,9911,6411
432163,1992,3500,9976,6476
432163,1993,3550,10128,6578
432163,1994,3500,10070,6570
432163,1995,1500,8220,6720
432163,1996,710,6297,5587
432163,1997,710,6177,5467
432163,1998,1400,8739,7339
432163,1999,1400,8866,7466
432163,2000,1400,8863,7463
432163,2001,600,8034,7434
432163,2002,200,7594,7394
432163,2003,250,7667,7417
432163,2004,550,7750,7200
432163,2005,600,7826,7226
432163,2006,500,7605,7105
432163,2007,500,7490,6990
432163,2008,500,5986,5486
432163,2009,500,6031,5531
432163,2010,1000,5000,4000
432163,2011,1600,5054,3454
432163,2012,2000,5284,3284
432163,2013,2500,5358,2858
432163,2014,2700,5439,2739
432163,2015,3050,5778,2728
432163,2016,3400,5609,2209
432163,2017,2700,5754,3054
432163,2018,3200,5895,2695
432163,2019,3600,6839,3239
432163,2020,3650,6984,3334
432163,2021,3150,7044,3894
432166,1988,0,0,0
432166,1989,0,3550,3550
432166,1990,0,3541,3541
432166,1991,0,3599,3599
432166,1992,0,3536,3536
432166,1993,0,3574,3574
432166,1994,0,3374,3374
432166,1995,0,3371,3371
432166,1996,0,3313,3313
432166,1997,0,3375,3375
432166,1998,0,4116,4116
432166,1999,0,3909,3909
432166,2000,0,3509,3509
432166,2001,0,3833,3833
432166,2002,0,3828,3828
432166,2003,0,3758,3758
432166,2004,0,3853,3853
432166,2005,0,3828,3828
432166,2006,0,4358,4358
432166,2007,0,4360,4360
432166,2008,0,4329,4329
432166,2009,0,4482,4482
432166,2010,0,4432,4432
432166,2011,0,4376,4376
432166,2012,0,4372,4372
432166,2013,0,4169,4169
432166,2014,0,4104,4104
432166,2015,0,3768,3768
432166,2016,0,3708,3708
432166,2017,0,3593,3593
432166,2018,0,3578,3578
432166,2019,0,3578,3578
432166,2020,0,3580,3580
432166,2021,0,3560,3560
432170,1988,0,1150,1150
432170,1989,0,1047,1047
432170,1990,0,1037,1037
432170,1991,0,1022,1022
432170,1992,0,1044,1044
432170,1993,0,1051,1051
432170,1994,0,1053,1053
432170,1995,0,1066,1066
432170,1996,3,1131,1128
432170,1997,0,1064,1064
432170,1998,0,1413,1413
432170,1999,0,1368,1368
432170,2000,0,1228,1228
432170,2001,0,1172,1172
432170,2002,0,1282,1282
432170,2003,0,1284,1284
432170,2004,0,1189,1189
432170,2005,0,998,998
432170,2006,1,1031,1030
432170,2007,1,1056,1055
432170,2008,0,807,807
432170,2009,1,548,547
432170,2010,1,518,517
432170,2011,1,500,499
432170,2012,1,450,449
432170,2013,1,450,449
432170,2014,1,464,463
432170,2015,1,463,462
432170,2016,1,470,469
432170,2017,1,466,465
432170,2018,1,475,474
432170,2019,0,472,472
432170,2020,1,481,480
432170,2021,0,429,429
432180,1988,35000,67405,32405
432180,1989,28000,53409,25409
432180,1990,30000,53473,23473
432180,1991,29000,51277,22277
432180,1992,29000,51252,22252
432180,1993,28000,49256,21256
432180,1994,28000,47833,19833
432180,1995,28000,45135,17135
432180,1996,24168,40793,16625
432180,1997,28900,46548,17648
432180,1998,29706,45088,15382
432180,1999,29706,45088,15382
432180,2000,27706,47983,20277
432180,2001,26382,49990,23608
432180,2002,28650,49868,21218
432180,2003,29375,51229,21854
432180,2004,30190,51161,20971
432180,2005,30190,48575,18385
432180,2006,26400,46147,19747
432180,2007,26200,45681,19481
432180,2008,26100,48150,22050
432180,2009,26000,47596,21596
432180,2010,26900,47567,20667
432180,2011,26900,45667,18767
432180,2012,26400,46389,19989
432180,2013,26900,47906,21006
432180,2014,26500,43024,16524
432180,2015,26600,40727,14127
432180,2016,27374,40906,13532
432180,2017,27724,41360,13636
432180,2018,27724,43510,15786
432180,2019,21900,38584,16684
432180,2020,22000,38951,16951
432180,2021,22000,39411,17411
432185,1988,0,0,0
432185,1989,8200,15759,7559
432185,1990,7700,17405,9705
432185,1991,6000,15497,9497
432185,1992,5000,14584,9584
432185,1993,7100,15274,8174
432185,1994,7100,15244,8144
432185,1995,6600,13756,7156
432185,1996,5500,13592,8092
432185,1997,6800,12060,5260
432185,1998,7800,11077,3277
432185,1999,7400,10556,3156
432185,2000,7600,11196,3596
432185,2001,7500,12809,5309
432185,2002,7700,13177,5477
432185,2003,9600,14910,5310
432185,2004,9800,14877,5077
432185,2005,8600,13944,5344
432185,2006,8500,12510,4010
432185,2007,8000,12805,4805
432185,2008,8000,12514,4514
432185,2009,8000,12831,4831
432185,2010,8000,12303,4303
432185,2011,8500,12727,4227
432185,2012,8000,13899,5899
432185,2013,9000,14379,5379
432185,2014,9000,15485,6485
432185,2015,9000,14945,5945
432185,2016,9400,16145,6745
432185,2017,8500,12512,4012
432185,2018,8500,12254,3754
432185,2019,8500,12647,4147
432185,2020,6500,11438,4938
432185,2021,6800,12442,5642
432190,1988,69000,142761,73761
432190,1989,64000,128778,64778
432190,1990,64000,128982,64982
432190,1991,61800,125110,63310
432190,1992,59000,127231,68231
432190,1993,60850,125272,64422
432190,1994,59750,124544,64794
432190,1995,57200,112050,54850
432190,1996,43250,96804,53554
432190,1997,56200,110635,54435
432190,1998,55650,96255,40605
432190,1999,51300,89595,38295
432190,2000,53800,91576,37776
432190,2001,51600,90208,38608
432190,2002,55000,91984,36984
432190,2003,54700,94555,39855
432190,2004,53600,96790,43190
432190,2005,58800,95897,37097
432190,2006,50100,87349,37249
432190,2007,47600,84514,36914
432190,2008,45000,80464,35464
432190,2009,44000,83476,39476
432190,2010,42700,73039,30339
432190,2011,39500,72640,33140
432190,2012,39500,72673,33173
432190,2013,40200,74569,34369
432190,2014,39300,75221,35921
432190,2015,40300,72474,32174
432190,2016,42000,71475,29475
432190,2017,40950,72573,31623
432190,2018,41900,71200,29300
432190,2019,42300,72843,30543
432190,2020,41800,72650,30850
432190,2021,41800,77318,35518
432195,1988,0,0,0
432195,1989,16195,29459,13264
432195,1990,10000,21112,11112
432195,1991,10000,22508,12508
432195,1992,7000,23136,16136
432195,1993,10000,20581,10581
432195,1994,10500,19522,9022
432195,1995,11000,19827,8827
432195,1996,9592,22204,12612
432195,1997,9800,20455,10655
432195,1998,10800,16596,5796
432195,1999,10500,17568,7068
432195,2000,10200,16613,6413
432195,2001,10000,17483,7483
432195,2002,11000,17802,6802
432195,2003,11000,18041,7041
432195,2004,11500,18540,7040
432195,2005,11500,18548,7048
432195,2006,11000,17929,6929
432195,2007,11000,18566,7566
432195,2008,10500,19755,9255
432195,2009,9700,20390,10690
432195,2010,12400,20984,8584
432195,2011,11000,18850,7850
432195,2012,11000,18704,7704
432195,2013,12000,19401,7401
432195,2014,12400,19257,6857
432195,2015,13000,19390,6390
432195,2016,13500,18440,4940
432195,2017,13000,17760,4760
432195,2018,13000,17636,4636
432195,2019,11000,17055,6055
432195,2020,10500,15137,4637
432195,2021,10400,15764,5364
432200,1988,0,13231,13231
432200,1989,0,12161,12161
432200,1990,0,12756,12756
432200,1991,0,12761,12761
432200,1992,0,14864,14864
432200,1993,0,15542,15542
432200,1994,0,15123,15123
432200,1995,0,15333,15333
432200,1996,0,11922,11922
432200,1997,11,11801,11790
432200,1998,11,12205,12194
432200,1999,11,14326,14315
432200,2000,11,14408,14397
432200,2001,0,16130,16130
432200,2002,0,14630,14630
432200,2003,0,13204,13204
432200,2004,15,12917,12902
432200,2005,20,11405,11385
432200,2006,40,10989,10949
432200,2007,10,11984,11974
432200,2008,10,10198,10188
432200,2009,0,10519,10519
432200,2010,0,10624,10624
432200,2011,0,10560,10560
432200,2012,70,10404,10334
432200,2013,260,10248,9988
432200,2014,500,10268,9768
432200,2015,500,10288,9788
432200,2016,500,10318,9818
432200,2017,700,11661,10961
432200,2018,1000,11995,10995
432200,2019,1200,12756,11556
432200,2020,1300,12844,11544
432200,2021,1300,12626,11326
432215,1988,0,0,0
432215,1989,1900,8626,6726
432215,1990,1500,7432,5932
432215,1991,1500,6007,4507
432215,1992,1500,6327,4827
432215,1993,1500,5704,4204
432215,1994,1500,5506,4006
432215,1995,1500,5056,3556
432215,1996,1500,5958,4458
432215,1997,1500,5338,3838
432215,1998,1500,5174,3674
432215,1999,1500,5047,3547
432215,2000,1500,5767,4267
432215,2001,1500,5097,3597
432215,2002,1900,5713,3813
432215,2003,2400,6517,4117
432215,2004,3000,7487,4487
432215,2005,3300,7464,4164
432215,2006,3000,8004,5004
432215,2007,3300,7949,4649
432215,2008,3500,8430,4930
432215,2009,4000,9061,5061
432215,2010,4350,8641,4291
432215,2011,4500,9345,4845
432215,2012,3200,8059,4859
432215,2013,4000,8460,4460
432215,2014,4500,9203,4703
432215,2015,5000,9897,4897
432215,2016,5500,9611,4111
432215,2017,5700,9895,4195
432215,2018,5700,9798,4098
432215,2019,6000,9845,3845
432215,2020,6200,9446,3246
432215,2021,6200,10146,3946
432220,1988,65000,91926,26926
432220,1989,75000,109962,34962
432220,1990,70000,109628,39628
432220,1991,63000,102841,39841
432220,1992,65000,104797,39797
432220,1993,60000,90937,30937
432220,1994,66000,98369,32369
432220,1995,70000,95717,25717
432220,1996,66000,94839,28839
432220,1997,69000,97531,28531
432220,1998,76000,104371,28371
432220,1999,77000,98452,21452
432220,2000,89200,118964,29764
432220,2001,92000,122097,30097
432220,2002,105000,143938,38938
432220,2003,129200,173620,44420
432220,2004,141780,178388,36608
432220,2005,160800,188017,27217
432220,2006,162500,194180,31680
432220,2007,164500,197841,33341
432220,2008,165000,210536,45536
432220,2009,167000,203128,36128
432220,2010,170500,202912,32412
432220,2011,171500,205600,34100
432220,2012,173300,212576,39276
432220,2013,177000,216585,39585
432220,2014,181000,223199,42199
432220,2015,184000,221429,37429
432220,2016,188000,221653,33653
432220,2017,190000,223530,33530
432220,2018,195700,222667,26967
432220,2019,196200,234576,38376
432220,2020,196700,235943,39243
432220,2021,198100,240343,42243
432225,1988,0,0,0
432225,1989,28,1504,1476
432225,1990,28,1779,1751
432225,1991,28,1788,1760
432225,1992,28,1790,1762
432225,1993,28,1963,1935
432225,1994,28,1963,1935
432225,1995,28,2040,2012
432225,1996,6,1704,1698
432225,1997,28,1710,1682
432225,1998,5,1425,1420
432225,1999,5,1501,1496
432225,2000,5,1372,1367
432225,2001,3,1294,1291
432225,2002,3,1292,1289
432225,2003,3,1277,1274
432225,2004,3,1279,1276
432225,2005,3,1280,1277
432225,2006,3,1273,1270
432225,2007,3,1274,1271
432225,2008,3,1342,1339
432225,2009,3,1342,1339
432225,2010,0,1288,1288
432225,2011,0,1339,1339
432225,2012,0,1343,1343
432225,2013,0,1241,1241
432225,2014,0,1238,1238
432225,2015,0,1231,1231
432225,2016,0,1004,1004
432225,2017,0,974,974
432225,2018,0,950,950
432225,2019,0,950,950
432225,2020,0,935,935
432225,2021,0,915,915
432230,1988,53400,98923,45523
432230,1989,53900,88813,34913
432230,1990,51400,87926,36526
432230,1991,46400,78651,32251
432230,1992,44000,79609,35609
432230,1993,49000,82417,33417
432230,1994,49700,79209,29509
432230,1995,45400,74367,28967
432230,1996,40666,69253,28587
432230,1997,47200,75892,28692
432230,1998,43400,69920,26520
432230,1999,43400,69920,26520
432230,2000,42000,73254,31254
432230,2001,40500,71811,31311
432230,2002,43000,72275,29275
432230,2003,42700,74861,32161
432230,2004,43250,76896,33646
432230,2005,44000,75301,31301
432230,2006,39300,74124,34824
432230,2007,39300,75714,36414
432230,2008,39300,73484,34184
432230,2009,39650,71570,31920
432230,2010,40450,72866,32416
432230,2011,38750,70297,31547
432230,2012,37750,68827,31077
432230,2013,37750,66525,28775
432230,2014,39700,68969,29269
432230,2015,39900,67291,27391
432230,2016,40400,64449,24049
432230,2017,40530,66711,26181
432230,2018,40500,65667,25167
432230,2019,37600,66063,28463
432230,2020,37329,66809,29480
432230,2021,37329,66932,29603
432240,1988,0,86284,86284
432240,1989,1560,80356,78796
432240,1990,800,50396,49596
432240,1991,50,82049,81999
432240,1992,0,93908,93908
432240,1993,0,98946,98946
432240,1994,0,94473,94473
432240,1995,80,90421,90341
432240,1996,0,70328,70328
432240,1997,0,57421,57421
432240,1998,330,78421,78091
432240,1999,160,94722,94562
432240,2000,110,78606,78496
432240,2001,100,90063,89963
432240,2002,0,95501,95501
432240,2003,650,94162,93512
432240,2004,700,100090,99390
432240,2005,1450,89683,88233
432240,2006,650,97893,97243
432240,2007,633,79326,78693
432240,2008,370,103308,102938
432240,2009,85,104144,104059
432240,2010,0,94489,94489
432240,2011,0,106170,106170
432240,2012,840,92935,92095
432240,2013,1250,104524,103274
432240,2014,1504,107658,106154
432240,2015,1450,110769,109319
432240,2016,937,110939,110002
432240,2017,1110,107606,106496
432240,2018,1216,105414,104198
432240,2019,3541,103035,99494
432240,2020,2353,101362,99009
432240,2021,3812,103288,99476
432250,1988,43450,97419,53969
432250,1989,48670,93800,45130
432250,1990,50400,105707,55307
432250,1991,48200,105491,57291
432250,1992,48200,107511,59311
432250,1993,40000,98285,58285
432250,1994,43000,100525,57525
432250,1995,46000,99176,53176
432250,1996,35940,92384,56444
432250,1997,47799,110443,62644
432250,1998,66150,147512,81362
432250,1999,73150,162858,89708
432250,2000,85050,185987,100937
432250,2001,80000,190488,110488
432250,2002,108350,208177,99827
432250,2003,120800,241254,120454
432250,2004,135500,268273,132773
432250,2005,151000,293585,142585
432250,2006,148800,295881,147081
432250,2007,147100,291107,144007
432250,2008,143850,288065,144215
432250,2009,152350,293988,141638
432250,2010,163190,291847,128657
432250,2011,162825,288351,125526
432250,2012,167815,305791,137976
432250,2013,181950,326327,144377
432250,2014,197750,345649,147899
432250,2015,208800,328874,120074
432250,2016,217950,340178,122228
432250,2017,215196,350138,134942
432250,2018,217548,333143,115595
432250,2019,212548,333121,120573
432250,2020,224670,358588,133918
432250,2021,227300,372613,145313
432255,1988,0,0,0
432255,1989,595,3011,2416
432255,1990,563,3102,2539
432255,1991,200,2982,2782
432255,1992,100,3007,2907
432255,1993,100,3059,2959
432255,1994,130,2863,2733
432255,1995,130,2715,2585
432255,1996,40,2504,2464
432255,1997,40,2554,2514
432255,1998,220,2599,2379
432255,1999,240,2478,2238
432255,2000,180,2514,2334
432255,2001,180,2503,2323
432255,2002,300,2581,2281
432255,2003,450,2731,2281
432255,2004,600,2853,2253
432255,2005,700,2836,2136
432255,2006,1000,2722,1722
432255,2007,1000,2722,1722
432255,2008,950,2695,1745
432255,2009,1000,2672,1672
432255,2010,1400,2586,1186
432255,2011,1400,2589,1189
432255,2012,1400,2483,1083
432255,2013,1400,2332,932
432255,2014,1400,2330,930
432255,2015,1400,2303,903
432255,2016,1400,2336,936
432255,2017,1400,2335,935
432255,2018,1600,2359,759
432255,2019,1900,2709,809
432255,2020,1600,2369,769
432255,2021,1850,2700,850
432260,1988,16000,92658,76658
432260,1989,12979,78606,65627
432260,1990,12490,79421,66931
432260,1991,10490,78304,67814
432260,1992,9100,76593,67493
432260,1993,7730,80074,72344
432260,1994,7795,77654,69859
432260,1995,6735,78259,71524
432260,1996,3440,77601,74161
432260,1997,4582,71575,66993
432260,1998,4602,73443,68841
432260,1999,3972,58546,54574
432260,2000,3420,58558,55138
432260,2001,3183,58543,55360
432260,2002,3456,59523,56067
432260,2003,4347,63283,58936
432260,2004,4497,63396,58899
432260,2005,4835,61799,56964
432260,2006,4490,65434,60944
432260,2007,4309,64038,59729
432260,2008,4232,62336,58104
432260,2009,4572,64081,59509
432260,2010,4983,62219,57236
432260,2011,5652,61970,56318
432260,2012,6022,57170,51148
432260,2013,6422,58363,51941
432260,2014,6857,57012,50155
432260,2015,7100,55194,48094
432260,2016,8950,50459,41509
432260,2017,9066,50559,41493
432260,2018,9256,46573,37317
432260,2019,9466,46376,36910
432260,2020,9486,44130,34644
432260,2021,10636,46017,35381
432270,1988,500,8690,8190
432270,1989,600,9644,9044
432270,1990,500,9157,8657
432270,1991,120,9957,9837
432270,1992,80,10746,10666
432270,1993,80,10901,10821
432270,1994,130,10401,10271
432270,1995,100,9765,9665
432270,1996,20,10122,10102
432270,1997,40,9788,9748
432270,1998,100,9743,9643
432270,1999,30,10059,10029
432270,2000,30,10068,10038
432270,2001,10,9879,9869
432270,2002,0,10748,10748
432270,2003,200,12167,11967
432270,2004,100,12732,12632
432270,2005,100,11614,11514
432270,2006,70,12999,12929
432270,2007,70,12999,12929
432270,2008,50,13084,13034
432270,2009,50,13279,13229
432270,2010,0,12814,12814
432270,2011,60,12914,12854
432270,2012,100,12479,12379
432270,2013,250,12630,12380
432270,2014,500,12880,12380
432270,2015,500,12487,11987
432270,2016,600,11630,11030
432270,2017,600,11531,10931
432270,2018,600,11389,10789
432270,2019,600,9704,9104
432270,2020,900,9224,8324
432270,2021,700,8277,7577
432280,1988,1100,11322,10222
432280,1989,30,3081,3051
432280,1990,30,3043,3013
432280,1991,30,2940,2910
432280,1992,25,2843,2818
432280,1993,5,2774,2769
432280,1994,5,2726,2721
432280,1995,5,2705,2700
432280,1996,5,2644,2639
432280,1997,5,2535,2530
432280,1998,1,2472,2471
432280,1999,0,2478,2478
432280,2000,4,2481,2477
432280,2001,4,2710,2706
432280,2002,4,2825,2821
432280,2003,4,2500,2496
432280,2004,185,3163,2978
432280,2005,230,3198,2968
432280,2006,230,3179,2949
432280,2007,230,3201,2971
432280,2008,200,3251,3051
432280,2009,200,3168,2968
432280,2010,200,3141,2941
432280,2011,100,2988,2888
432280,2012,146,3158,3012
432280,2013,150,3082,2932
432280,2014,150,2440,2290
432280,2015,150,2439,2289
432280,2016,180,2392,2212
432280,2017,180,2290,2110
432280,2018,350,2615,2265
432280,2019,800,3025,2225
432280,2020,950,3178,2228
432280,2021,950,3355,2405
432290,1988,9000,22031,13031
432290,1989,9000,21770,12770
432290,1990,9000,21968,12968
432290,1991,8500,21706,13206
432290,1992,7800,21674,13874
432290,1993,8000,23184,15184
432290,1994,7700,23032,15332
432290,1995,6600,22600,16000
432290,1996,4330,19295,14965
432290,1997,4400,19225,14825
432290,1998,5900,21716,15816
432290,1999,4500,20106,15606
432290,2000,4500,19562,15062
432290,2001,2800,16962,14162
432290,2002,2800,17382,14582
432290,2003,3000,18125,15125
432290,2004,3300,18539,15239
432290,2005,3550,18163,14613
432290,2006,3550,17978,14428
432290,2007,4000,16912,12912
432290,2008,4800,17165,12365
432290,2009,5310,17638,12328
432290,2010,6460,16491,10031
432290,2011,6000,16238,10238
432290,2012,6000,17704,11704
432290,2013,7900,17794,9894
432290,2014,8500,17637,9137
432290,2015,9600,16197,6597
432290,2016,12000,18025,6025
432290,2017,12000,19425,7425
432290,2018,13120,18528,5408
432290,2019,13300,19796,6496
432290,2020,13400,19958,6558
432290,2021,13400,20768,7368
432300,1988,58,22381,22323
432300,1989,800,23430,22630
432300,1990,2900,23913,21013
432300,1991,3010,24194,21184
432300,1992,2940,23904,20964
432300,1993,3100,25864,22764
432300,1994,4100,30033,25933
432300,1995,2850,28140,25290
432300,1996,0,19328,19328
432300,1997,0,17667,17667
432300,1998,0,18858,18858
432300,1999,0,20066,20066
432300,2000,0,21812,21812
432300,2001,0,18445,18445
432300,2002,0,18630,18630
432300,2003,0,21043,21043
432300,2004,0,23343,23343
432300,2005,150,23496,23346
432300,2006,600,25629,25029
432300,2007,0,25098,25098
432300,2008,0,25539,25539
432300,2009,0,27105,27105
432300,2010,267,26286,26019
432300,2011,0,27861,27861
432300,2012,107,27086,26979
432300,2013,300,28977,28677
432300,2014,365,29286,28921
432300,2015,607,29840,29233
432300,2016,697,28840,28143
432300,2017,695,28957,28262
432300,2018,622,26529,25907
432300,2019,2140,23939,21799
432300,2020,4191,24200,20009
432300,2021,5942,25559,19617
432310,1988,2000,13452,11452
432310,1989,2000,13687,11687
432310,1990,2000,13805,11805
432310,1991,700,13250,12550
432310,1992,700,13375,12675
432310,1993,1000,12915,11915
432310,1994,700,13896,13196
432310,1995,700,13716,13016
432310,1996,1039,6002,4963
432310,1997,900,12636,11736
432310,1998,900,12246,11346
432310,1999,900,11188,10288
432310,2000,900,11169,10269
432310,2001,900,11059,10159
432310,2002,1400,11870,10470
432310,2003,1400,12078,10678
432310,2004,1400,12173,10773
432310,2005,1900,12073,10173
432310,2006,1900,12323,10423
432310,2007,2000,13073,11073
432310,2008,1900,12573,10673
432310,2009,1900,12759,10859
432310,2010,1900,12669,10769
432310,2011,2000,11723,9723
432310,2012,2000,11574,9574
432310,2013,2500,11794,9294
432310,2014,2800,11680,8880
432310,2015,3000,11730,8730
432310,2016,4200,11997,7797
432310,2017,3800,11806,8006
432310,2018,3800,11743,7943
432310,2019,3800,11489,7689
432310,2020,3800,11789,7989
432310,2021,4000,12454,8454
432320,1988,18200,30684,12484
432320,1989,18500,30039,11539
432320,1990,17300,30598,13298
432320,1991,15500,25621,10121
432320,1992,15500,24085,8585
432320,1993,16500,24958,8458
432320,1994,16475,26046,9571
432320,1995,15000,23466,8466
432320,1996,15000,26738,11738
432320,1997,16700,28927,12227
432320,1998,18000,27907,9907
432320,1999,18000,27211,9211
432320,2000,17000,27929,10929
432320,2001,15307,24050,8743
432320,2002,16400,25340,8940
432320,2003,16500,25591,9091
432320,2004,16700,26814,10114
432320,2005,16700,25810,9110
432320,2006,14800,24691,9891
432320,2007,14800,25092,10292
432320,2008,14000,23795,9795
432320,2009,13000,20679,7679
432320,2010,15000,20551,5551
432320,2011,15000,20651,5651
432320,2012,15000,20627,5627
432320,2013,15000,22547,7547
432320,2014,15000,22850,7850
432320,2015,15000,21730,6730
432320,2016,15000,22333,7333
432320,2017,15000,22033,7033
432320,2018,15000,20731,5731
432320,2019,15000,20731,5731
432320,2020,15000,20731,5731
432320,2021,15000,20731,5731
432330,1988,0,0,0
432330,1989,40,1818,1778
432330,1990,40,1792,1752
432330,1991,40,1720,1680
432330,1992,25,1690,1665
432330,1993,20,1614,1594
432330,1994,20,1634,1614
432330,1995,0,1597,1597
432330,1996,0,1495,1495
432330,1997,0,1546,1546
432330,1998,0,1562,1562
432330,1999,0,1586,1586
432330,2000,0,1570,1570
432330,2001,60,1614,1554
432330,2002,180,1580,1400
432330,2003,180,1701,1521
432330,2004,200,1655,1455
432330,2005,200,1735,1535
432330,2006,200,1622,1422
432330,2007,200,1622,1422
432330,2008,200,1587,1387
432330,2009,250,1696,1446
432330,2010,450,1705,1255
432330,2011,350,1696,1346
432330,2012,250,1505,1255
432330,2013,300,1577,1277
432330,2014,300,1607,1307
432330,2015,450,1470,1020
432330,2016,450,1528,1078
432330,2017,450,1588,1138
432330,2018,450,1625,1175
432330,2019,800,1576,776
432330,2020,800,1978,1178
432330,2021,800,1999,1199
432340,1988,0,0,0
432340,1989,7000,11231,4231
432340,1990,6000,11394,5394
432340,1991,4500,10574,6074
432340,1992,4500,9750,5250
432340,1993,4500,10762,6262
432340,1994,4500,10162,5662
432340,1995,4000,9787,5787
432340,1996,4300,10208,5908
432340,1997,4300,10281,5981
432340,1998,4500,9984,5484
432340,1999,5000,9873,4873
432340,2000,4500,9536,5036
432340,2001,4500,9914,5414
432340,2002,5000,10812,5812
432340,2003,5600,11590,5990
432340,2004,6000,11840,5840
432340,2005,6000,11291,5291
432340,2006,5700,11031,5331
432340,2007,5700,11021,5321
432340,2008,5400,13006,7606
432340,2009,5400,13019,7619
432340,2010,6000,12532,6532
432340,2011,6300,12532,6232
432340,2012,6000,10581,4581
432340,2013,7150,12290,5140
432340,2014,7500,12161,4661
432340,2015,7500,11557,4057
432340,2016,7500,10744,3244
432340,2017,7500,10394,2894
432340,2018,8000,10108,2108
432340,2019,8000,10987,2987
432340,2020,8000,11587,3587
432340,2021,8000,11587,3587
432350,1988,0,0,0
432350,1989,3525,8567,5042
432350,1990,3325,8515,5190
432350,1991,2595,8230,5635
432350,1992,1700,8774,7074
432350,1993,2200,7632,5432
432350,1994,2300,7181,4881
432350,1995,2100,6745,4645
432350,1996,1445,5580,4135
432350,1997,1900,7135,5235
432350,1998,1800,6021,4221
432350,1999,2150,5791,3641
432350,2000,1900,6049,4149
432350,2001,1800,6077,4277
432350,2002,1750,6249,4499
432350,2003,1900,6909,5009
432350,2004,1800,6309,4509
432350,2005,1940,5575,3635
432350,2006,1620,5387,3767
432350,2007,1620,5506,3886
432350,2008,1680,5344,3664
432350,2009,1650,5384,3734
432350,2010,1650,5199,3549
432350,2011,1650,4274,2624
432350,2012,1500,3833,2333
432350,2013,1650,4100,2450
432350,2014,1650,3945,2295
432350,2015,1760,3764,2004
432350,2016,2000,3680,1680
432350,2017,1700,3568,1868
432350,2018,1500,3118,1618
432350,2019,1500,3094,1594
432350,2020,1500,3068,1568
432350,2021,1500,3323,1823
432360,1988,0,0,0
432360,1989,260,3190,2930
432360,1990,200,3247,3047
432360,1991,90,2967,2877
432360,1992,90,2951,2861
432360,1993,30,2665,2635
432360,1994,30,2649,2619
432360,1995,10,2586,2576
432360,1996,0,2568,2568
432360,1997,0,2560,2560
432360,1998,15,2636,2621
432360,1999,15,2686,2671
432360,2000,15,2731,2716
432360,2001,15,2732,2717
432360,2002,10,2703,2693
432360,2003,20,2549,2529
432360,2004,200,2409,2209
432360,2005,500,3160,2660
432360,2006,400,2917,2517
432360,2007,300,2917,2617
432360,2008,150,2813,2663
432360,2009,100,2712,2612
432360,2010,400,2474,2074
432360,2011,400,2444,2044
432360,2012,100,2437,2337
432360,2013,300,2449,2149
432360,2014,400,2617,2217
432360,2015,600,2440,1840
432360,2016,800,2391,1591
432360,2017,800,1693,893
432360,2018,1300,2227,927
432360,2019,1350,2278,928
432360,2020,1100,1707,607
432360,2021,1300,2397,1097
432370,1988,0,0,0
432370,1989,5000,9531,4531
432370,1990,5000,9440,4440
432370,1991,4200,9222,5022
432370,1992,4000,9046,5046
432370,1993,4000,9221,5221
432370,1994,4200,9341,5141
432370,1995,4000,8703,4703
432370,1996,4000,8642,4642
432370,1997,3800,8788,4988
432370,1998,4600,8295,3695
432370,1999,3800,8845,5045
432370,2000,4200,8415,4215
432370,2001,3600,7849,4249
432370,2002,3800,7924,4124
432370,2003,3800,8494,4694
432370,2004,3800,8163,4363
432370,2005,3800,7477,3677
432370,2006,3600,7130,3530
432370,2007,3500,7423,3923
432370,2008,3200,6623,3423
432370,2009,3000,6583,3583
432370,2010,3000,6048,3048
432370,2011,3000,5542,2542
432370,2012,2800,5247,2447
432370,2013,2600,5113,2513
432370,2014,2600,4978,2378
432370,2015,2700,4908,2208
432370,2016,2900,5003,2103
432370,2017,2900,5003,2103
432370,2018,3500,5301,1801
432370,2019,3500,5304,1804
432370,2020,3500,5284,1784
432370,2021,3500,5634,2134
500020,1988,22820,27029,4209
500020,1989,38500,45480,6980
500020,1990,38500,44480,5980
500020,1991,37480,42560,5080
500020,1992,34400,39150,4750
500020,1993,50600,54970,4370
500020,1994,50000,54420,4420
500020,1995,50000,53230,3230
500020,1996,25000,27100,2100
500020,1997,35000,38553,3553
500020,1998,35000,40233,5233
500020,1999,35000,37466,2466
500020,2000,35000,36736,1736
500020,2001,28000,32320,4320
500020,2002,20000,22770,2770
500020,2003,20000,23200,3200
500020,2004,22500,26540,4040
500020,2005,29800,33120,3320
500020,2006,25000,28068,3068
500020,2007,18000,21718,3718
500020,2008,20000,24703,4703
500020,2009,18000,21011,3011
500020,2010,15000,18008,3008
500020,2011,18000,20878,2878
500020,2012,19000,21088,2088
500020,2013,1660,1670,10
500020,2014,1600,1620,20
500020,2015,2000,2030,30
500020,2016,2700,2730,30
500020,2017,2700,2767,67
500020,2018,2600,2794,194
500020,2019,2721,3080,359
500020,2020,2800,3519,719
500020,2021,3097,4042,945
500060,1988,12500,24745,12245
500060,1989,13500,23638,10138
500060,1990,14591,28261,13670
500060,1991,13300,21260,7960
500060,1992,10091,16376,6285
500060,1993,6594,9499,2905
500060,1994,6300,8966,2666
500060,1995,5860,9403,3543
500060,1996,5200,9120,3920
500060,1997,5200,11865,6665
500060,1998,10044,13464,3420
500060,1999,11000,16662,5662
500060,2000,12858,21780,8922
500060,2001,10700,21050,10350
500060,2002,15000,22780,7780
500060,2003,21000,31947,10947
500060,2004,32000,50178,18178
500060,2005,36000,48696,12696
500060,2006,36000,49757,13757
500060,2007,29800,45688,15888
500060,2008,30000,49320,19320
500060,2009,43000,59856,16856
500060,2010,46000,60172,14172
500060,2011,46500,67047,20547
500060,2012,49500,70692,21192
500060,2013,56500,91535,35035
500060,2014,62000,102615,40615
500060,2015,66500,109043,42543
500060,2016,67500,104175,36675
500060,2017,75500,123065,47565
500060,2018,76000,122991,46991
500060,2019,81000,131835,50835
500060,2020,85000,138525,53525
500060,2021,102000,174510,72510
500070,1988,3770,13002,9232
500070,1989,1830,5960,4130
500070,1990,1000,5119,4119
500070,1991,250,2759,2509
500070,1992,150,3205,3055
500070,1993,0,3135,3135
500070,1994,0,3284,3284
500070,1995,0,2331,2331
500070,1996,0,4380,4380
500070,1997,0,5097,5097
500070,1998,0,5248,5248
500070,1999,0,1162,1162
500070,2000,0,1041,1041
500070,2001,0,1033,1033
500070,2002,0,566,566
500070,2003,0,618,618
500070,2004,0,502,502
500070,2005,0,754,754
500070,2006,180,750,570
500070,2007,163,616,453
500070,2008,200,769,569
500070,2009,517,1063,546
500070,2010,215,761,546
500070,2011,3500,3962,462
500070,2012,4000,8807,4807
500070,2013,4520,10245,5725
500070,2014,4500,9771,5271
500070,2015,4700,10371,5671
500070,2016,4900,10321,5421
500070,2017,6000,11322,5322
500070,2018,6000,11302,5302
500070,2019,6000,11209,5209
500070,2020,9473,14081,4608
500070,2021,10716,18447,7731
500080,1988,6000,11810,5810
500080,1989,6000,9580,3580
500080,1990,4990,9001,4011
500080,1991,4200,9483,5283
500080,1992,3600,8082,4482
500080,1993,4060,7364,3304
500080,1994,5813,11233,5420
500080,1995,3540,7198,3658
500080,1996,3000,6075,3075
500080,1997,3000,5712,2712
500080,1998,3050,5776,2726
500080,1999,3500,6143,2643
500080,2000,2700,4550,1850
500080,2001,2918,4834,1916
500080,2002,2800,5139,2339
500080,2003,3050,6362,3312
500080,2004,4523,6774,2251
500080,2005,4916,7620,2704
500080,2006,3800,6084,2284
500080,2007,3300,4781,1481
500080,2008,2830,4095,1265
500080,2009,3000,5465,2465
500080,2010,2700,4809,2109
500080,2011,2504,7081,4577
500080,2012,3105,4953,1848
500080,2013,3400,10679,7279
500080,2014,6300,12924,6624
500080,2015,6900,12491,5591
500080,2016,8000,16092,8092
500080,2017,10000,19710,9710
500080,2018,13000,26551,13551
500080,2019,17500,30966,13466
500080,2020,21220,30385,9165
500080,2021,25720,35502,9782
500085,1988,704,5292,4588
500085,1989,4100,11154,7054
500085,1990,7028,16324,9296
500085,1991,3610,11436,7826
500085,1992,1830,11487,9657
500085,1993,3900,11500,7600
500085,1994,3619,10459,6840
500085,1995,5745,11625,5880
500085,1996,1812,9764,7952
500085,1997,2100,8750,6650
500085,1998,4220,8920,4700
500085,1999,2125,5375,3250
500085,2000,2000,5431,3431
500085,2001,975,3343,2368
500085,2002,1446,4375,2929
500085,2003,3859,7693,3834
500085,2004,8616,18361,9745
500085,2005,9600,15621,6021
500085,2006,10000,18304,8304
500085,2007,8000,14928,6928
500085,2008,4246,16784,12538
500085,2009,2550,18643,16093
500085,2010,1507,23764,22257
500085,2011,1238,29349,28111
500085,2012,1880,30777,28897
500085,2013,2000,37759,35759
500085,2014,2500,39049,36549
500085,2015,2520,41944,39424
500085,2016,2200,46521,44321
500085,2017,3500,46115,42615
500085,2018,3700,49490,45790
500085,2019,6100,64468,58368
500085,2020,9935,55980,46045
500085,2021,12935,70931,57996
500090,1988,4500,8872,4372
500090,1989,7500,9446,1946
500090,1990,8780,12864,4084
500090,1991,6374,8306,1932
500090,1992,5800,11927,6127
500090,1993,6400,11117,4717
500090,1994,4500,7096,2596
500090,1995,3500,8998,5498
500090,1996,3390,7497,4107
500090,1997,5275,11862,6587
500090,1998,11000,14179,3179
500090,1999,9000,12087,3087
500090,2000,7720,12642,4922
500090,2001,7700,14162,6462
500090,2002,8400,14268,5868
500090,2003,10200,18742,8542
500090,2004,12900,17987,5087
500090,2005,14000,22558,8558
500090,2006,13800,20853,7053
500090,2007,13500,19764,6264
500090,2008,13500,21535,8035
500090,2009,13500,19931,6431
500090,2010,14000,21160,7160
500090,2011,14350,22759,8409
500090,2012,14000,24052,10052
500090,2013,16000,28894,12894
500090,2014,21000,37426,16426
500090,2015,31150,56774,25624
500090,2016,30347,52378,22031
500090,2017,32500,56159,23659
500090,2018,33000,53124,20124
500090,2019,33000,62606,29606
500090,2020,40000,67320,27320
500090,2021,45000,81498,36498
500100,1988,18,6461,6443
500100,1989,73,5066,4993
500100,1990,100,5005,4905
500100,1991,0,3908,3908
500100,1992,0,6789,6789
500100,1993,0,4878,4878
500100,1994,16,3763,3747
500100,1995,165,4250,4085
500100,1996,270,3992,3722
500100,1997,0,3084,3084
500100,1998,0,1795,1795
500100,1999,0,1340,1340
500100,2000,0,783,783
500100,2001,0,816,816
500100,2002,250,4243,3993
500100,2003,524,8053,7529
500100,2004,1872,13812,11940
500100,2005,1610,14904,13294
500100,2006,156,16962,16806
500100,2007,160,20277,20117
500100,2008,200,24010,23810
500100,2009,321,19009,18688
500100,2010,320,24879,24559
500100,2011,45,25524,25479
500100,2012,45,23278,23233
500100,2013,56,24588,24532
500100,2014,456,27653,27197
500100,2015,56,25872,25816
500100,2016,56,26470,26414
500100,2017,56,25584,25528
500100,2018,56,26379,26323
500100,2019,208,27095,26887
500100,2020,420,26605,26185
500100,2021,2896,30253,27357
500110,1988,0,4536,4536
500110,1989,200,2978,2778
500110,1990,0,2351,2351
500110,1991,10,2285,2275
500110,1992,0,2055,2055
500110,1993,0,2469,2469
500110,1994,0,2198,2198
500110,1995,0,1846,1846
500110,1996,0,1637,1637
500110,1997,0,1503,1503
500110,1998,0,756,756
500110,1999,0,683,683
500110,2000,0,687,687
500110,2001,0,849,849
500110,2002,0,806,806
500110,2003,0,523,523
500110,2004,0,433,433
500110,2005,0,609,609
500110,2006,0,574,574
500110,2007,0,387,387
500110,2008,0,439,439
500110,2009,0,597,597
500110,2010,0,709,709
500110,2011,0,534,534
500110,2012,0,430,430
500110,2013,0,442,442
500110,2014,70,521,451
500110,2015,0,346,346
500110,2016,80,488,408
500110,2017,0,485,485
500110,2018,0,392,392
500110,2019,0,412,412
500110,2020,0,402,402
500110,2021,0,460,460
500124,1988,40000,74375,34375
500124,1989,45000,72953,27953
500124,1990,49000,73518,24518
500124,1991,40700,61853,21153
500124,1992,35560,55897,20337
500124,1993,42250,52813,10563
500124,1994,42015,62913,20898
500124,1995,40000,56695,16695
500124,1996,42150,57355,15205
500124,1997,42300,60658,18358
500124,1998,50300,59848,9548
500124,1999,53400,69618,16218
500124,2000,55000,77355,22355
500124,2001,52000,75583,23583
500124,2002,56000,79527,23527
500124,2003,67000,102008,35008
500124,2004,76000,106769,30769
500124,2005,84100,110256,26156
500124,2006,82500,122833,40333
500124,2007,85000,132595,47595
500124,2008,90000,150925,60925
500124,2009,91000,145715,54715
500124,2010,87000,140085,53085
500124,2011,94000,136372,42372
500124,2012,94000,149705,55705
500124,2013,101000,177130,76130
500124,2014,103000,185909,82909
500124,2015,107000,195645,88645
500124,2016,110000,185102,75102
500124,2017,113000,193987,80987
500124,2018,107000,182630,75630
500124,2019,107000,194089,87089
500124,2020,112000,200920,88920
500124,2021,115000,200622,85622
500150,1988,14139,28583,14444
500150,1989,15800,25766,9966
500150,1990,12000,18471,6471
500150,1991,8000,10856,2856
500150,1992,12000,15927,3927
500150,1993,12000,15417,3417
500150,1994,15000,16984,1984
500150,1995,12000,13269,1269
500150,1996,7400,9290,1890
500150,1997,7500,9235,1735
500150,1998,8500,9537,1037
500150,1999,9000,10016,1016
500150,2000,11500,13435,1935
500150,2001,12100,14339,2239
500150,2002,12000,14275,2275
500150,2003,15000,20544,5544
500150,2004,24000,29609,5609
500150,2005,36000,39088,3088
500150,2006,35000,42347,7347
500150,2007,22000,27889,5889
500150,2008,22000,29111,7111
500150,2009,20000,31217,11217
500150,2010,25000,37513,12513
500150,2011,25000,39421,14421
500150,2012,27000,42081,15081
500150,2013,34720,51380,16660
500150,2014,45000,62061,17061
500150,2015,50000,65372,15372
500150,2016,50000,70655,20655
500150,2017,60000,86942,26942
500150,2018,66000,92312,26312
500150,2019,72000,98317,26317
500150,2020,76000,94557,18557
500150,2021,85000,112138,27138
500190,1988,601,2658,2057
500190,1989,550,1850,1300
500190,1990,1000,1505,505
500190,1991,2500,4170,1670
500190,1992,1800,3050,1250
500190,1993,2100,3174,1074
500190,1994,169,1719,1550
500190,1995,70,1130,1060
500190,1996,0,1607,1607
500190,1997,166,1504,1338
500190,1998,169,2141,1972
500190,1999,242,1735,1493
500190,2000,338,1202,864
500190,2001,0,765,765
500190,2002,0,787,787
500190,2003,44,755,711
500190,2004,317,1203,886
500190,2005,0,454,454
500190,2006,0,384,384
500190,2007,0,620,620
500190,2008,0,254,254
500190,2009,0,406,406
500190,2010,72,358,286
500190,2011,0,184,184
500190,2012,475,639,164
500190,2013,1074,1448,374
500190,2014,3000,4994,1994
500190,2015,4824,8193,3369
500190,2016,4900,7097,2197
500190,2017,6000,10177,4177
500190,2018,6564,10585,4021
500190,2019,8912,14756,5844
500190,2020,8000,13000,5000
500190,2021,8108,13339,5231
500200,1988,2500,13787,11287
500200,1989,2600,14421,11821
500200,1990,3260,16169,12909
500200,1991,2500,12065,9565
500200,1992,2500,12075,9575
500200,1993,3025,14294,11269
500200,1994,2900,13875,10975
500200,1995,2300,9971,7671
500200,1996,3000,9199,6199
500200,1997,2750,10702,7952
500200,1998,4750,14157,9407
500200,1999,4500,12842,8342
500200,2000,4500,11970,7470
500200,2001,4000,10977,6977
500200,2002,4800,11915,7115
500200,2003,5500,13126,7626
500200,2004,8200,17208,9008
500200,2005,10000,18290,8290
500200,2006,8000,15183,7183
500200,2007,4500,9732,5232
500200,2008,6100,11658,5558
500200,2009,6300,12643,6343
500200,2010,5701,14035,8334
500200,2011,6448,18114,11666
500200,2012,6667,17600,10933
500200,2013,8000,22549,14549
500200,2014,10000,22309,12309
500200,2015,12000,29406,17406
500200,2016,17200,43913,26713
500200,2017,20070,42162,22092
500200,2018,21200,47012,25812
500200,2019,25070,51187,26117
500200,2020,25000,52561,27561
500200,2021,25000,51216,26216
500210,1988,1830,11375,9545
500210,1989,1880,3858,1978
500210,1990,1950,5014,3064
500210,1991,600,2574,1974
500210,1992,250,2400,2150
500210,1993,1835,4025,2190
500210,1994,3025,6875,3850
500210,1995,4792,8273,3481
500210,1996,3660,9177,5517
500210,1997,5100,10220,5120
500210,1998,8850,12209,3359
500210,1999,8000,13199,5199
500210,2000,6930,12745,5815
500210,2001,6500,14160,7660
500210,2002,8500,14008,5508
500210,2003,9500,19201,9701
500210,2004,11200,19257,8057
500210,2005,12600,20217,7617
500210,2006,11500,19115,7615
500210,2007,9300,20007,10707
500210,2008,9500,22427,12927
500210,2009,11000,19995,8995
500210,2010,12000,21330,9330
500210,2011,12000,22600,10600
500210,2012,12113,22673,10560
500210,2013,13665,25130,11465
500210,2014,16635,28090,11455
500210,2015,19590,35585,15995
500210,2016,20648,37230,16582
500210,2017,24958,45553,20595
500210,2018,28189,49684,21495
500210,2019,33945,58530,24585
500210,2020,39500,66677,27177
500210,2021,41368,69393,28025
500215,1988,0,6877,6877
500215,1989,650,8017,7367
500215,1990,400,3947,3547
500215,1991,200,5547,5347
500215,1992,300,6186,5886
500215,1993,300,5474,5174
500215,1994,480,8293,7813
500215,1995,800,6160,5360
500215,1996,0,4620,4620
500215,1997,0,4718,4718
500215,1998,0,5113,5113
500215,1999,0,3342,3342
500215,2000,0,3331,3331
500215,2001,0,3131,3131
500215,2002,0,3218,3218
500215,2003,0,1115,1115
500215,2004,0,1743,1743
500215,2005,0,2341,2341
500215,2006,0,2689,2689
500215,2007,0,2972,2972
500215,2008,0,1920,1920
500215,2009,0,2073,2073
500215,2010,0,1365,1365
500215,2011,120,2096,1976
500215,2012,1029,1949,920
500215,2013,1020,1997,977
500215,2014,450,2335,1885
500215,2015,1180,3062,1882
500215,2016,960,2862,1902
500215,2017,2540,5147,2607
500215,2018,3980,7020,3040
500215,2019,4150,7517,3367
500215,2020,5220,9160,3940
500215,2021,7260,12169,4909
500220,1988,20500,43194,22694
500220,1989,22000,40413,18413
500220,1990,19550,32813,13263
500220,1991,11200,30363,19163
500220,1992,10012,27045,17033
500220,1993,12300,21523,9223
500220,1994,11540,22372,10832
500220,1995,7500,17848,10348
500220,1996,7000,13697,6697
500220,1997,7500,14047,6547
500220,1998,10000,14269,4269
500220,1999,9500,15485,5985
500220,2000,8300,12667,4367
500220,2001,7000,11932,4932
500220,2002,7500,11282,3782
500220,2003,7800,12764,4964
500220,2004,10200,14664,4464
500220,2005,12140,17653,5513
500220,2006,12000,16783,4783
500220,2007,12000,16424,4424
500220,2008,15000,24596,9596
500220,2009,15000,21946,6946
500220,2010,14200,20837,6637
500220,2011,15000,21211,6211
500220,2012,20000,31813,11813
500220,2013,29000,49020,20020
500220,2014,38700,67549,28849
500220,2015,42000,75865,33865
500220,2016,42000,76920,34920
500220,2017,48000,85687,37687
500220,2018,46000,84167,38167
500220,2019,53000,85994,32994
500220,2020,56000,94114,38114
500220,2021,57500,100504,43004
500230,1988,200,18792,18592
500230,1989,430,12083,11653
500230,1990,854,13210,12356
500230,1991,2000,14481,12481
500230,1992,552,12532,11980
500230,1993,154,13882,13728
500230,1994,157,13416,13259
500230,1995,330,19302,18972
500230,1996,0,11813,11813
500230,1997,705,11475,10770
500230,1998,0,11455,11455
500230,1999,0,9450,9450
500230,2000,0,8784,8784
500230,2001,0,8183,8183
500230,2002,0,9418,9418
500230,2003,0,9331,9331
500230,2004,444,9793,9349
500230,2005,1450,8513,7063
500230,2006,0,6340,6340
500230,2007,0,7414,7414
500230,2008,0,6484,6484
500230,2009,0,5075,5075
500230,2010,0,3887,3887
500230,2011,128,4678,4550
500230,2012,604,4125,3521
500230,2013,1578,8709,7131
500230,2014,1841,9378,7537
500230,2015,2758,7949,5191
500230,2016,2520,8281,5761
500230,2017,2904,8259,5355
500230,2018,3006,7597,4591
500230,2019,3253,8319,5066
500230,2020,2594,7568,4974
500230,2021,2724,7330,4606
500240,1988,29000,63160,34160
500240,1989,33000,60357,27357
500240,1990,33000,58814,25814
500240,1991,23000,48030,25030
500240,1992,16700,40570,23870
500240,1993,20700,41923,21223
500240,1994,23000,49015,26015
500240,1995,23000,51910,28910
500240,1996,23000,52604,29604
500240,1997,27080,59045,31965
500240,1998,42000,68196,26196
500240,1999,42000,77668,35668
500240,2000,47500,88965,41465
500240,2001,46600,89997,43397
500240,2002,50000,91488,41488
500240,2003,63000,119522,56522
500240,2004,75000,132885,57885
500240,2005,85000,130233,45233
500240,2006,80000,126253,46253
500240,2007,75000,130463,55463
500240,2008,76000,142886,66886
500240,2009,76000,139878,63878
500240,2010,76000,138824,62824
500240,2011,74800,157246,82446
500240,2012,75360,160779,85419
500240,2013,76470,175438,98968
500240,2014,79170,181078,101908
500240,2015,81660,177275,95615
500240,2016,85000,182489,97489
500240,2017,87000,190284,103284
500240,2018,89000,195980,106980
500240,2019,89000,196016,107016
500240,2020,110000,217675,107675
500240,2021,110000,220724,110724
500260,1988,30000,51643,21643
500260,1989,35000,46490,11490
500260,1990,40000,47500,7500
500260,1991,40300,54885,14585
500260,1992,23224,34593,11369
500260,1993,23224,26874,3650
500260,1994,25000,29500,4500
500260,1995,12000,14600,2600
500260,1996,3500,5100,1600
500260,1997,6000,7300,1300
500260,1998,6500,7635,1135
500260,1999,6500,7204,704
500260,2000,8700,9245,545
500260,2001,9000,11809,2809
500260,2002,9000,10905,1905
500260,2003,10000,11965,1965
500260,2004,14500,17116,2616
500260,2005,14000,15716,1716
500260,2006,10000,11261,1261
500260,2007,5000,9543,4543
500260,2008,5000,8861,3861
500260,2009,5000,7561,2561
500260,2010,7000,8134,1134
500260,2011,9000,11327,2327
500260,2012,10000,13665,3665
500260,2013,11000,15448,4448
500260,2014,14000,16781,2781
500260,2015,15000,17191,2191
500260,2016,15000,17863,2863
500260,2017,19000,25156,6156
500260,2018,19500,25224,5724
500260,2019,21000,31477,10477
500260,2020,31030,35755,4725
500260,2021,31445,36967,5522
500270,1988,18374,45654,27280
500270,1989,7800,26944,19144
500270,1990,13000,27960,14960
500270,1991,12600,16823,4223
500270,1992,2000,6526,4526
500270,1993,2500,5494,2994
500270,1994,2000,3168,1168
500270,1995,2200,3580,1380
500270,1996,1200,2630,1430
500270,1997,1200,3791,2591
500270,1998,540,2683,2143
500270,1999,2269,6343,4074
500270,2000,2560,6156,3596
500270,2001,3000,6270,3270
500270,2002,4450,7084,2634
500270,2003,5050,8654,3604
500270,2004,10955,18004,7049
500270,2005,16720,22849,6129
500270,2006,14500,22908,8408
500270,2007,12100,20175,8075
500270,2008,9215,17847,8632
500270,2009,9200,19379,10179
500270,2010,9500,19036,9536
500270,2011,13000,23981,10981
500270,2012,14000,27079,13079
500270,2013,22300,40556,18256
500270,2014,25000,49365,24365
500270,2015,33360,64287,30927
500270,2016,40640,75679,35039
500270,2017,50436,84434,33998
500270,2018,63000,95013,32013
500270,2019,73000,121036,48036
500270,2020,82000,121073,39073
500270,2021,94000,161219,67219
500280,1988,0,3812,3812
500280,1989,0,512,512
500280,1990,0,680,680
500280,1991,0,250,250
500280,1992,0,1000,1000
500280,1993,0,1020,1020
500280,1994,40,740,700
500280,1995,50,840,790
500280,1996,0,1195,1195
500280,1997,0,440,440
500280,1998,0,330,330
500280,1999,0,430,430
500280,2000,20,800,780
500280,2001,0,980,980
500280,2002,0,930,930
500280,2003,0,903,903
500280,2004,0,680,680
500280,2005,300,1474,1174
500280,2006,0,800,800
500280,2007,0,290,290
500280,2008,0,250,250
500280,2009,0,250,250
500280,2010,0,270,270
500280,2011,0,830,830
500280,2012,270,835,565
500280,2013,445,975,530
500280,2014,445,925,480
500280,2015,745,1585,840
500280,2016,745,1660,915
500280,2017,1831,3791,1960
500280,2018,2000,3879,1879
500280,2019,2195,3932,1737
500280,2020,2263,4373,2110
500280,2021,3360,6075,2715
500290,1988,71500,84397,12897
500290,1989,5000,6670,1670
500290,1990,5000,5859,859
500290,1991,5000,6420,1420
500290,1992,5000,7320,2320
500290,1993,5500,8225,2725
500290,1994,6000,8325,2325
500290,1995,5500,8277,2777
500290,1996,4000,6546,2546
500290,1997,4000,6676,2676
500290,1998,4000,6433,2433
500290,1999,4000,7488,3488
500290,2000,2600,5702,3102
500290,2001,2500,5173,2673
500290,2002,2500,4577,2077
500290,2003,3000,5357,2357
500290,2004,2900,7732,4832
500290,2005,3200,7711,4511
500290,2006,3150,7435,4285
500290,2007,4640,8845,4205
500290,2008,4800,8220,3420
500290,2009,4600,9025,4425
500290,2010,4500,7427,2927
500290,2011,5000,9195,4195
500290,2012,3469,6849,3380
500290,2013,4800,6845,2045
500290,2014,5700,8745,3045
500290,2015,5700,9055,3355
500290,2016,6300,8928,2628
500290,2017,6500,10762,4262
500290,2018,7500,10788,3288
500290,2019,8500,25354,16854
500290,2020,10000,27805,17805
500290,2021,10000,21808,11808
500295,1988,0,0,0
500295,1989,98000,112910,14910
500295,1990,90000,103358,13358
500295,1991,85000,99950,14950
500295,1992,85000,103953,18953
500295,1993,90000,107300,17300
500295,1994,91000,117925,26925
500295,1995,85000,126650,41650
500295,1996,80000,120554,40554
500295,1997,80000,131427,51427
500295,1998,90000,141053,51053
500295,1999,80000,141131,61131
500295,2000,85538,152700,67162
500295,2001,70000,132349,62349
500295,2002,77327,121283,43956
500295,2003,80000,136366,56366
500295,2004,98000,150601,52601
500295,2005,110000,160858,50858
500295,2006,90000,129921,39921
500295,2007,75000,130583,55583
500295,2008,75000,138394,63394
500295,2009,78000,159992,81992
500295,2010,75000,150455,75455
500295,2011,75000,144411,69411
500295,2012,63500,149309,85809
500295,2013,72000,148489,76489
500295,2014,78233,145209,66976
500295,2015,82000,157788,75788
500295,2016,85000,161448,76448
500295,2017,83000,161682,78682
500295,2018,89000,163767,74767
500295,2019,90000,158032,68032
500295,2020,91000,151409,60409
500295,2021,100000,165544,65544
500310,1988,100,6622,6522
500310,1989,120,1809,1689
500310,1990,120,1209,1089
500310,1991,0,2119,2119
500310,1992,0,1278,1278
500310,1993,0,1880,1880
500310,1994,0,2598,2598
500310,1995,0,1216,1216
500310,1996,0,1196,1196
500310,1997,0,850,850
500310,1998,0,730,730
500310,1999,200,1073,873
500310,2000,0,456,456
500310,2001,0,597,597
500310,2002,0,639,639
500310,2003,0,327,327
500310,2004,0,283,283
500310,2005,0,325,325
500310,2006,0,155,155
500310,2007,0,127,127
500310,2008,0,161,161
500310,2009,0,200,200
500310,2010,0,196,196
500310,2011,0,191,191
500310,2012,0,204,204
500310,2013,0,195,195
500310,2014,382,577,195
500310,2015,789,912,123
500310,2016,775,915,140
500310,2017,460,600,140
500310,2018,0,95,95
500310,2019,500,636,136
500310,2020,580,718,138
500310,2021,580,684,104
500315,1988,950,2902,1952
500315,1989,530,2195,1665
500315,1990,640,2778,2138
500315,1991,100,790,690
500315,1992,200,766,566
500315,1993,720,965,245
500315,1994,600,1100,500
500315,1995,500,1080,580
500315,1996,720,1260,540
500315,1997,850,2210,1360
500315,1998,2780,5294,2514
500315,1999,2850,6061,3211
500315,2000,2850,7251,4401
500315,2001,4420,10756,6336
500315,2002,4400,10932,6532
500315,2003,5000,13809,8809
500315,2004,10345,19162,8817
500315,2005,20000,29429,9429
500315,2006,15000,19772,4772
500315,2007,14500,19615,5115
500315,2008,17000,23812,6812
500315,2009,10600,16064,5464
500315,2010,11000,17265,6265
500315,2011,9300,15476,6176
500315,2012,9500,16180,6680
500315,2013,13150,20960,7810
500315,2014,14000,21224,7224
500315,2015,14800,25204,10404
500315,2016,15100,23359,8259
500315,2017,17700,26061,8361
500315,2018,16500,24910,8410
500315,2019,16500,24978,8478
500315,2020,20000,28532,8532
500315,2021,24700,35054,10354
500320,1988,0,4205,4205
500320,1989,0,4852,4852
500320,1990,0,4300,4300
500320,1991,0,3158,3158
500320,1992,0,5353,5353
500320,1993,0,4374,4374
500320,1994,0,4170,4170
500320,1995,0,4512,4512
500320,1996,0,3453,3453
500320,1997,0,3052,3052
500320,1998,0,5000,5000
500320,1999,0,3595,3595
500320,2000,0,3177,3177
500320,2001,0,1882,1882
500320,2002,0,942,942
500320,2003,0,820,820
500320,2004,0,1560,1560
500320,2005,0,920,920
500320,2006,0,1150,1150
500320,2007,0,1115,1115
500320,2008,0,1655,1655
500320,2009,0,1453,1453
500320,2010,0,970,970
500320,2011,0,888,888
500320,2012,0,816,816
500320,2013,0,1041,1041
500320,2014,970,1877,907
500320,2015,1700,2655,955
500320,2016,1450,2540,1090
500320,2017,910,1430,520
500320,2018,1012,2963,1951
500320,2019,950,3381,2431
500320,2020,4139,5933,1794
500320,2021,4139,6103,1964
500325,1988,62108,75880,13772
500325,1989,70000,82780,12780
500325,1990,70000,84400,14400
500325,1991,70000,86810,16810
500325,1992,70000,94030,24030
500325,1993,72845,97967,25122
500325,1994,73000,102838,29838
500325,1995,73000,109878,36878
500325,1996,50000,95880,45880
500325,1997,55000,93044,38044
500325,1998,65000,97907,32907
500325,1999,64261,114021,49760
500325,2000,58000,112158,54158
500325,2001,62000,115697,53697
500325,2002,70000,113305,43305
500325,2003,72000,125423,53423
500325,2004,78000,129118,51118
500325,2005,94460,144278,49818
500325,2006,99960,137659,37699
500325,2007,81200,135857,54657
500325,2008,76500,136877,60377
500325,2009,80000,136512,56512
500325,2010,76490,137569,61079
500325,2011,76479,146628,70149
500325,2012,73500,159625,86125
500325,2013,70330,166555,96225
500325,2014,73850,170463,96613
500325,2015,76880,187598,110718
500325,2016,73800,186385,112585
500325,2017,73750,179211,105461
500325,2018,73550,188559,115009
500325,2019,76650,205169,128519
500325,2020,83250,207630,124380
500325,2021,88250,211399,123149
500330,1988,15000,40286,25286
500330,1989,15000,32603,17603
500330,1990,15000,30700,15700
500330,1991,10000,20015,10015
500330,1992,9500,25861,16361
500330,1993,16000,33208,17208
500330,1994,15000,27377,12377
500330,1995,21000,33145,12145
500330,1996,18000,29139,11139
500330,1997,20000,31995,11995
500330,1998,22000,34229,12229
500330,1999,21000,32197,11197
500330,2000,12500,20297,7797
500330,2001,12500,17616,5116
500330,2002,15193,19701,4508
500330,2003,15300,19965,4665
500330,2004,18900,23867,4967
500330,2005,19400,24357,4957
500330,2006,15525,18300,2775
500330,2007,9070,15009,5939
500330,2008,16860,29087,12227
500330,2009,17348,30337,12989
500330,2010,16458,27879,11421
500330,2011,17392,27319,9927
500330,2012,15238,29132,13894
500330,2013,16000,28410,12410
500330,2014,15960,29250,13290
500330,2015,16150,28539,12389
500330,2016,17515,31388,13873
500330,2017,16100,31463,15363
500330,2018,15900,29059,13159
500330,2019,18205,34234,16029
500330,2020,20155,39326,19171
500330,2021,20000,37728,17728
500345,1988,3000,17143,14143
500345,1989,3000,16336,13336
500345,1990,2700,14219,11519
500345,1991,2000,12720,10720
500345,1992,1500,13450,11950
500345,1993,1700,9370,7670
500345,1994,2000,9580,7580
500345,1995,1650,8593,6943
500345,1996,1800,7190,5390
500345,1997,1100,6765,5665
500345,1998,1300,6764,5464
500345,1999,1560,7330,5770
500345,2000,1400,6281,4881
500345,2001,1000,4701,3701
500345,2002,1800,6380,4580
500345,2003,3500,9488,5988
500345,2004,6000,12927,6927
500345,2005,7150,11123,3973
500345,2006,7150,14028,6878
500345,2007,4750,12533,7783
500345,2008,5000,12970,7970
500345,2009,5000,11901,6901
500345,2010,5000,12230,7230
500345,2011,5200,14322,9122
500345,2012,6040,14989,8949
500345,2013,6350,17701,11351
500345,2014,7750,19311,11561
500345,2015,8075,21239,13164
500345,2016,8425,20891,12466
500345,2017,8500,20525,12025
500345,2018,10500,25934,15434
500345,2019,12000,28571,16571
500345,2020,14000,29590,15590
500345,2021,15000,31687,16687
500348,1988,0,0,0
500348,1989,2350,9300,6950
500348,1990,1500,6877,5377
500348,1991,500,8292,7792
500348,1992,1500,11509,10009
500348,1993,1800,11661,9861
500348,1994,2500,12352,9852
500348,1995,750,7394,6644
500348,1996,600,8347,7747
500348,1997,1152,7939,6787
500348,1998,1700,8234,6534
500348,1999,1100,9939,8839
500348,2000,100,3613,3513
500348,2001,715,6438,5723
500348,2002,1000,3883,2883
500348,2003,1200,4363,3163
500348,2004,1200,4130,2930
500348,2005,800,3188,2388
500348,2006,400,2508,2108
500348,2007,150,1595,1445
500348,2008,80,1709,1629
500348,2009,150,1119,969
500348,2010,50,1671,1621
500348,2011,2965,7276,4311
500348,2012,2965,6820,3855
500348,2013,3310,8108,4798
500348,2014,3800,8798,4998
500348,2015,4950,10084,5134
500348,2016,6500,13070,6570
500348,2017,6500,13248,6748
500348,2018,7037,13683,6646
500348,2019,7765,14372,6607
500348,2020,13145,23767,10622
500348,2021,13469,25074,11605
500350,1988,8000,16112,8112
500350,1989,8200,17311,9111
500350,1990,8280,16535,8255
500350,1991,5400,13515,8115
500350,1992,5250,14390,9140
500350,1993,5800,13530,7730
500350,1994,5586,13765,8179
500350,1995,5900,14610,8710
500350,1996,6200,15400,9200
500350,1997,6000,15300,9300
500350,1998,7500,16801,9301
500350,1999,7300,18021,10721
500350,2000,7800,17351,9551
500350,2001,6900,17315,10415
500350,2002,8000,17930,9930
500350,2003,8300,19180,10880
500350,2004,8300,19380,11080
500350,2005,9200,17931,8731
500350,2006,10000,20617,10617
500350,2007,10000,20760,10760
500350,2008,10200,21450,11250
500350,2009,10200,21000,10800
500350,2010,10200,18957,8757
500350,2011,11000,21800,10800
500350,2012,11500,23050,11550
500350,2013,11750,24306,12556
500350,2014,12700,25500,12800
500350,2015,13000,26400,13400
500350,2016,13000,25600,12600
500350,2017,13200,26869,13669
500350,2018,13500,26664,13164
500350,2019,14000,27865,13865
500350,2020,15000,28895,13895
500350,2021,15000,29634,14634
500370,1988,105000,210915,105915
500370,1989,115000,210741,95741
500370,1990,118000,192504,74504
500370,1991,112000,179428,67428
500370,1992,103500,184708,81208
500370,1993,109000,183993,74993
500370,1994,111000,216028,105028
500370,1995,110300,206209,95909
500370,1996,100000,175831,75831
500370,1997,100000,196844,96844
500370,1998,120300,207870,87570
500370,1999,110000,212015,102015
500370,2000,114000,207786,93786
500370,2001,110500,208911,98411
500370,2002,120000,215810,95810
500370,2003,145462,277966,132504
500370,2004,160000,278978,118978
500370,2005,165000,251256,86256
500370,2006,160000,251459,91459
500370,2007,155000,267398,112398
500370,2008,155000,279785,124785
500370,2009,140000,263781,123781
500370,2010,140000,228056,88056
500370,2011,136000,270751,134751
500370,2012,140000,308224,168224
500370,2013,150000,334437,184437
500370,2014,150000,330684,180684
500370,2015,150000,310780,160780
500370,2016,160000,315742,155742
500370,2017,166000,343534,177534
500370,2018,170000,358314,188314
500370,2019,180000,366514,186514
500370,2020,190000,359276,169276
500370,2021,200000,391710,191710
500375,1988,800,11502,10702
500375,1989,1000,11168,10168
500375,1990,4466,16505,12039
500375,1991,3070,15205,12135
500375,1992,2580,13574,10994
500375,1993,3000,10648,7648
500375,1994,2000,7940,5940
500375,1995,1500,6731,5231
500375,1996,1000,5304,4304
500375,1997,2000,6288,4288
500375,1998,2500,7418,4918
500375,1999,2494,10093,7599
500375,2000,3025,10542,7517
500375,2001,3016,9470,6454
500375,2002,3950,9227,5277
500375,2003,7147,16051,8904
500375,2004,10985,19322,8337
500375,2005,13000,20228,7228
500375,2006,11447,20111,8664
500375,2007,9550,21349,11799
500375,2008,9500,19069,9569
500375,2009,9300,18253,8953
500375,2010,9500,25109,15609
500375,2011,9500,24911,15411
500375,2012,9700,28966,19266
500375,2013,13500,34247,20747
500375,2014,15302,32149,16847
500375,2015,15593,32114,16521
500375,2016,15621,31777,16156
500375,2017,15290,31844,16554
500375,2018,16110,36464,20354
500375,2019,16200,36019,19819
500375,2020,19000,34171,15171
500375,2021,20000,39892,19892
500380,1988,10000,36722,26722
500380,1989,10000,27790,17790
500380,1990,10000,27210,17210
500380,1991,9250,23876,14626
500380,1992,6250,20235,13985
500380,1993,6600,17531,10931
500380,1994,5100,15821,10721
500380,1995,4500,14542,10042
500380,1996,5700,13577,7877
500380,1997,7000,13830,6830
500380,1998,6800,15063,8263
500380,1999,6000,14362,8362
500380,2000,6000,14990,8990
500380,2001,5600,14463,8863
500380,2002,6500,14671,8171
500380,2003,7000,15291,8291
500380,2004,7700,15769,8069
500380,2005,9800,15527,5727
500380,2006,10000,15254,5254
500380,2007,9000,15378,6378
500380,2008,9000,17034,8034
500380,2009,9000,16387,7387
500380,2010,9000,15544,6544
500380,2011,9000,18287,9287
500380,2012,9100,18009,8909
500380,2013,9500,19934,10434
500380,2014,9500,19503,10003
500380,2015,9500,18941,9441
500380,2016,9700,18943,9243
500380,2017,9700,22409,12709
500380,2018,12000,26210,14210
500380,2019,12000,24230,12230
500380,2020,14000,26120,12120
500380,2021,14000,26049,12049
500400,1988,400,5122,4722
500400,1989,600,4514,3914
500400,1990,690,4115,3425
500400,1991,600,3447,2847
500400,1992,600,3595,2995
500400,1993,981,3629,2648
500400,1994,850,3675,2825
500400,1995,650,2258,1608
500400,1996,675,2358,1683
500400,1997,750,2043,1293
500400,1998,750,2064,1314
500400,1999,750,2204,1454
500400,2000,0,1146,1146
500400,2001,585,1687,1102
500400,2002,665,1706,1041
500400,2003,700,1872,1172
500400,2004,1776,3544,1768
500400,2005,2580,4828,2248
500400,2006,1800,3218,1418
500400,2007,1000,2618,1618
500400,2008,1000,2160,1160
500400,2009,1000,2343,1343
500400,2010,1000,2076,1076
500400,2011,1000,2465,1465
500400,2012,1550,3115,1565
500400,2013,1790,3910,2120
500400,2014,1790,3556,1766
500400,2015,1400,3390,1990
500400,2016,1520,4139,2619
500400,2017,1600,4409,2809
500400,2018,1600,4629,3029
500400,2019,2200,6525,4325
500400,2020,6000,11323,5323
500400,2021,3000,10012,7012
500410,1988,2000,10587,8587
500410,1989,3500,10081,6581
500410,1990,5912,14814,8902
500410,1991,6500,17367,10867
500410,1992,5300,16277,10977
500410,1993,3200,9373,6173
500410,1994,1500,6913,5413
500410,1995,1780,7160,5380
500410,1996,1700,8080,6380
500410,1997,2100,8599,6499
500410,1998,4500,8877,4377
500410,1999,3000,6645,3645
500410,2000,2200,5280,3080
500410,2001,1800,4820,3020
500410,2002,1150,2680,1530
500410,2003,1720,2260,540
500410,2004,1800,3764,1964
500410,2005,600,2209,1609
500410,2006,321,1495,1174
500410,2007,310,762,452
500410,2008,350,1143,793
500410,2009,180,798,618
500410,2010,150,782,632
500410,2011,150,992,842
500410,2012,140,686,546
500410,2013,3320,6300,2980
500410,2014,5010,9141,4131
500410,2015,8750,16227,7477
500410,2016,12920,24258,11338
500410,2017,15780,31440,15660
500410,2018,18340,31943,13603
500410,2019,22346,37681,15335
500410,2020,22200,35311,13111
500410,2021,22250,37756,15506
500430,1988,0,1572,1572
500430,1989,0,1655,1655
500430,1990,360,2520,2160
500430,1991,200,2280,2080
500430,1992,70,2063,1993
500430,1993,0,2050,2050
500430,1994,30,2610,2580
500430,1995,435,3125,2690
500430,1996,827,2919,2092
500430,1997,710,3426,2716
500430,1998,1410,3111,1701
500430,1999,406,2448,2042
500430,2000,835,3354,2519
500430,2001,715,2863,2148
500430,2002,1385,3289,1904
500430,2003,8000,13902,5902
500430,2004,21200,29891,8691
500430,2005,28585,39514,10929
500430,2006,26540,34319,7779
500430,2007,12000,24187,12187
500430,2008,10000,23154,13154
500430,2009,8340,18845,10505
500430,2010,8914,19063,10149
500430,2011,8300,20918,12618
500430,2012,9126,25851,16725
500430,2013,11100,28042,16942
500430,2014,14400,32379,17979
500430,2015,14000,21969,7969
500430,2016,14100,21672,7572
500430,2017,15350,26313,10963
500430,2018,14000,23533,9533
500430,2019,18000,31581,13581
500430,2020,20000,36951,16951
500430,2021,45000,86259,41259
500440,1988,0,5724,5724
500440,1989,0,5895,5895
500440,1990,0,5077,5077
500440,1991,0,4275,4275
500440,1992,0,4350,4350
500440,1993,0,4650,4650
500440,1994,0,4000,4000
500440,1995,0,4180,4180
500440,1996,0,3310,3310
500440,1997,0,3470,3470
500440,1998,0,2746,2746
500440,1999,0,2690,2690
500440,2000,0,1560,1560
500440,2001,0,2560,2560
500440,2002,0,2030,2030
500440,2003,0,2030,2030
500440,2004,0,2210,2210
500440,2005,660,1960,1300
500440,2006,0,1200,1200
500440,2007,0,237,237
500440,2008,0,150,150
500440,2009,0,300,300
500440,2010,0,342,342
500440,2011,0,342,342
500440,2012,0,332,332
500440,2013,0,296,296
500440,2014,0,436,436
500440,2015,0,419,419
500440,2016,0,101,101
500440,2017,0,476,476
500440,2018,0,804,804
500440,2019,70,865,795
500440,2020,70,858,788
500440,2021,0,888,888
500450,1988,35000,66667,31667
500450,1989,35000,63414,28414
500450,1990,35060,60904,25844
500450,1991,30800,54368,23568
500450,1992,31000,54437,23437
500450,1993,33000,54278,21278
500450,1994,31520,65927,34407
500450,1995,31560,68742,37182
500450,1996,32100,70554,38454
500450,1997,32100,74155,42055
500450,1998,39500,82006,42506
500450,1999,38000,81624,43624
500450,2000,39600,78919,39319
500450,2001,38800,78255,39455
500450,2002,40600,80486,39886
500450,2003,45000,91145,46145
500450,2004,52000,103860,51860
500450,2005,52000,99455,47455
500450,2006,52000,88096,36096
500450,2007,50000,91600,41600
500450,2008,50000,98621,48621
500450,2009,50000,99068,49068
500450,2010,60000,107307,47307
500450,2011,63000,130252,67252
500450,2012,65100,137432,72332
500450,2013,67100,138915,71815
500450,2014,69400,139236,69836
500450,2015,70572,141114,70542
500450,2016,75300,151458,76158
500450,2017,78300,155959,77659
500450,2018,78000,156010,78010
500450,2019,82000,160002,78002
500450,2020,85000,162715,77715
500450,2021,75000,146332,71332
500460,1988,3177,11970,8793
500460,1989,3982,13937,9955
500460,1990,3711,16298,12587
500460,1991,2952,15321,12369
500460,1992,2980,17290,14310
500460,1993,1900,13311,11411
500460,1994,1780,14079,12299
500460,1995,1700,14476,12776
500460,1996,793,14614,13821
500460,1997,880,14631,13751
500460,1998,2100,20396,18296
500460,1999,850,21061,20211
500460,2000,2211,19758,17547
500460,2001,2100,21398,19298
500460,2002,3280,22499,19219
500460,2003,8015,30955,22940
500460,2004,17249,43712,26463
500460,2005,19548,38478,18930
500460,2006,24500,52193,27693
500460,2007,17000,47715,30715
500460,2008,16000,48230,32230
500460,2009,16800,40911,24111
500460,2010,22071,56084,34013
500460,2011,22000,62952,40952
500460,2012,24000,66805,42805
500460,2013,25500,70416,44916
500460,2014,26905,72790,45885
500460,2015,31030,66199,35169
500460,2016,38400,75308,36908
500460,2017,42770,87734,44964
500460,2018,42000,77682,35682
500460,2019,42000,83482,41482
500460,2020,42500,83450,40950
500460,2021,61000,120167,59167
500470,1988,180,13956,13776
500470,1989,120,18668,18548
500470,1990,40,16725,16685
500470,1991,25,16199,16174
500470,1992,15,15106,15091
500470,1993,120,14892,14772
500470,1994,239,16353,16114
500470,1995,68,13653,13585
500470,1996,10,8685,8675
500470,1997,104,9590,9486
500470,1998,355,7866,7511
500470,1999,355,9702,9347
500470,2000,607,11706,11099
500470,2001,562,11064,10502
500470,2002,650,13879,13229
500470,2003,829,11697,10868
500470,2004,2996,16488,13492
500470,2005,4337,16906,12569
500470,2006,4100,12853,8753
500470,2007,1750,10983,9233
500470,2008,2355,14719,12364
500470,2009,5908,17825,11917
500470,2010,2039,27882,25843
500470,2011,2090,28017,25927
500470,2012,2194,32254,30060
500470,2013,2450,43607,41157
500470,2014,7500,56555,49055
500470,2015,12990,69596,56606
500470,2016,14790,82156,67366
500470,2017,20000,93600,73600
500470,2018,22500,99519,77019
500470,2019,28000,117211,89211
500470,2020,29000,103164,74164
500470,2021,31500,115206,83706
500490,1988,4792,15966,11174
500490,1989,4200,14611,10411
500490,1990,8000,11821,3821
500490,1991,2500,3644,1144
500490,1992,2000,3790,1790
500490,1993,3000,4905,1905
500490,1994,3500,4468,968
500490,1995,4000,5249,1249
500490,1996,3035,3870,835
500490,1997,3200,4099,899
500490,1998,2800,3520,720
500490,1999,2800,4025,1225
500490,2000,3340,4698,1358
500490,2001,4300,5696,1396
500490,2002,4600,5742,1142
500490,2003,5500,6834,1334
500490,2004,8000,9445,1445
500490,2005,8000,9768,1768
500490,2006,6500,8529,2029
500490,2007,6000,7355,1355
500490,2008,7000,8457,1457
500490,2009,7200,10254,3054
500490,2010,3000,6016,3016
500490,2011,3000,5741,2741
500490,2012,3500,5064,1564
500490,2013,4000,6571,2571
500490,2014,4000,6524,2524
500490,2015,10000,12485,2485
500490,2016,11000,17146,6146
500490,2017,14000,21249,7249
500490,2018,17500,24647,7147
500490,2019,20000,29720,9720
500490,2020,22000,28289,6289
500490,2021,30600,41206,10606
500500,1988,2100,7674,5574
500500,1989,2100,6830,4730
500500,1990,4500,10227,5727
500500,1991,5000,13434,8434
500500,1992,2500,13910,11410
500500,1993,5160,9529,4369
500500,1994,6400,14284,7884
500500,1995,6300,12955,6655
500500,1996,4000,10245,6245
500500,1997,3500,9795,6295
500500,1998,4535,9265,4730
500500,1999,2700,5424,2724
500500,2000,2400,4976,2576
500500,2001,2400,6117,3717
500500,2002,1250,3288,2038
500500,2003,1430,2093,663
500500,2004,2230,4113,1883
500500,2005,5070,6807,1737
500500,2006,5050,6910,1860
500500,2007,1750,3668,1918
500500,2008,1800,4316,2516
500500,2009,2240,4370,2130
500500,2010,2500,4311,1811
500500,2011,3400,6750,3350
500500,2012,3620,7677,4057
500500,2013,4580,8810,4230
500500,2014,4000,8089,4089
500500,2015,7879,13330,5451
500500,2016,10154,16878,6724
500500,2017,10320,18960,8640
500500,2018,11084,20073,8989
500500,2019,13329,23408,10079
500500,2020,16000,26092,10092
500500,2021,17181,29148,11967
500510,1988,23,5371,5348
500510,1989,0,5122,5122
500510,1990,30,4890,4860
500510,1991,42,3062,3020
500510,1992,48,2428,2380
500510,1993,169,2449,2280
500510,1994,360,2635,2275
500510,1995,600,2945,2345
500510,1996,290,3245,2955
500510,1997,1500,4334,2834
500510,1998,2500,5282,2782
500510,1999,2500,5712,3212
500510,2000,2000,5030,3030
500510,2001,150,3814,3664
500510,2002,230,1984,1754
500510,2003,2500,7030,4530
500510,2004,10200,19700,9500
500510,2005,13751,21011,7260
500510,2006,12000,21750,9750
500510,2007,9000,19200,10200
500510,2008,9000,17708,8708
500510,2009,9000,17561,8561
500510,2010,9000,17288,8288
500510,2011,8000,15143,7143
500510,2012,8600,16889,8289
500510,2013,9500,25479,15979
500510,2014,9700,29581,19881
500510,2015,12400,34539,22139
500510,2016,12062,41085,29023
500510,2017,18451,55579,37128
500510,2018,25000,64226,39226
500510,2019,24000,62839,38839
500510,2020,25000,60573,35573
500510,2021,25000,64906,39906
500515,1988,0,0,0
500515,1989,1300,2650,1350
500515,1990,800,1650,850
500515,1991,336,1406,1070
500515,1992,269,1705,1436
500515,1993,410,2007,1597
500515,1994,150,1863,1713
500515,1995,537,2421,1884
500515,1996,400,3419,3019
500515,1997,400,3130,2730
500515,1998,2247,6203,3956
500515,1999,2247,7200,4953
500515,2000,2200,6273,4073
500515,2001,2500,6203,3703
500515,2002,3100,7628,4528
500515,2003,7200,13941,6741
500515,2004,13000,22793,9793
500515,2005,14500,22049,7549
500515,2006,13500,20531,7031
500515,2007,21000,40023,19023
500515,2008,10000,18403,8403
500515,2009,10000,16880,6880
500515,2010,9500,20571,11071
500515,2011,10500,24289,13789
500515,2012,11150,29254,18104
500515,2013,11100,32793,21693
500515,2014,12000,38901,26901
500515,2015,12170,29879,17709
500515,2016,15000,38852,23852
500515,2017,16000,42510,26510
500515,2018,17600,44586,26986
500515,2019,18000,48229,30229
500515,2020,25000,51108,26108
500515,2021,25000,53912,28912
500520,1988,0,401,401
500520,1989,0,410,410
500520,1990,0,360,360
500520,1991,0,1197,1197
500520,1992,0,267,267
500520,1993,0,174,174
500520,1994,0,135,135
500520,1995,0,163,163
500520,1996,0,5,5
500520,1997,0,10,10
500520,1998,0,62,62
500520,1999,0,65,65
500520,2000,0,165,165
500520,2001,0,75,75
500520,2002,0,65,65
500520,2003,0,84,84
500520,2004,0,87,87
500520,2005,0,55,55
500520,2006,0,33,33
500520,2007,0,63,63
500520,2008,0,178,178
500520,2009,0,133,133
500520,2010,0,187,187
500520,2011,0,142,142
500520,2012,0,99,99
500520,2013,0,188,188
500520,2014,0,122,122
500520,2015,0,85,85
500520,2016,0,91,91
500520,2017,0,49,49
500520,2018,0,40,40
500520,2019,0,31,31
500520,2020,0,17,17
500520,2021,0,19,19
500540,1988,95000,169906,74906
500540,1989,108000,185132,77132
500540,1990,100300,155258,54958
500540,1991,74000,133348,59348
500540,1992,71500,150123,78623
500540,1993,95500,158632,63132
500540,1994,95300,182505,87205
500540,1995,90400,156208,65808
500540,1996,45200,97379,52179
500540,1997,50500,107327,56827
500540,1998,85200,137463,52263
500540,1999,80100,132724,52624
500540,2000,82000,139255,57255
500540,2001,95440,165066,69626
500540,2002,130000,219791,89791
500540,2003,145000,255768,110768
500540,2004,175000,277576,102576
500540,2005,200000,292573,92573
500540,2006,185000,277385,92385
500540,2007,180000,299958,119958
500540,2008,180000,321637,141637
500540,2009,180000,343904,163904
500540,2010,187000,351439,164439
500540,2011,200000,384440,184440
500540,2012,205000,415456,210456
500540,2013,225000,468214,243214
500540,2014,235000,478256,243256
500540,2015,248000,487127,239127
500540,2016,260000,515019,255019
500540,2017,270000,526539,256539
500540,2018,273000,559383,286383
500540,2019,280000,565469,285469
500540,2020,295000,571408,276408
500540,2021,295000,565171,270171
500560,1988,900,13173,12273
500560,1989,850,8948,8098
500560,1990,300,8209,7909
500560,1991,0,6199,6199
500560,1992,0,7196,7196
500560,1993,0,9215,9215
500560,1994,0,7970,7970
500560,1995,0,9969,9969
500560,1996,0,9503,9503
500560,1997,0,6762,6762
500560,1998,0,4197,4197
500560,1999,0,5190,5190
500560,2000,0,5717,5717
500560,2001,0,5641,5641
500560,2002,0,6122,6122
500560,2003,0,6483,6483
500560,2004,0,7756,7756
500560,2005,0,9198,9198
500560,2006,0,6642,6642
500560,2007,0,6257,6257
500560,2008,0,5719,5719
500560,2009,0,8033,8033
500560,2010,0,5081,5081
500560,2011,0,6733,6733
500560,2012,1975,6187,4212
500560,2013,880,6326,5446
500560,2014,1780,7794,6014
500560,2015,5790,12383,6593
500560,2016,12145,20252,8107
500560,2017,12611,23405,10794
500560,2018,13303,24605,11302
500560,2019,10168,15638,5470
500560,2020,9000,13893,4893
500560,2021,9132,14836,5704
500568,1988,4000,18158,14158
500568,1989,4000,14361,10361
500568,1990,3519,13245,9726
500568,1991,2500,12150,9650
500568,1992,600,9750,9150
500568,1993,1055,6467,5412
500568,1994,350,3966,3616
500568,1995,408,4408,4000
500568,1996,380,2982,2602
500568,1997,260,2028,1768
500568,1998,1000,2757,1757
500568,1999,886,3671,2785
500568,2000,1400,4817,3417
500568,2001,995,6969,5974
500568,2002,1850,6038,4188
500568,2003,3200,9131,5931
500568,2004,7091,12455,5364
500568,2005,8000,13363,5363
500568,2006,6566,14648,8082
500568,2007,5750,12469,6719
500568,2008,7100,14463,7363
500568,2009,6500,12244,5744
500568,2010,5000,10061,5061
500568,2011,4990,10968,5978
500568,2012,5734,13804,8070
500568,2013,7000,17552,10552
500568,2014,7919,17866,9947
500568,2015,8274,18305,10031
500568,2016,9970,20280,10310
500568,2017,10994,19880,8886
500568,2018,10200,19267,9067
500568,2019,11400,17602,6202
500568,2020,12000,19178,7178
500568,2021,12100,21870,9770
500570,1988,3900,18900,15000
500570,1989,5000,19840,14840
500570,1990,5240,19520,14280
500570,1991,5000,18227,13227
500570,1992,3076,16337,13261
500570,1993,3040,16608,13568
500570,1994,2150,17947,15797
500570,1995,2213,18957,16744
500570,1996,2257,20281,18024
500570,1997,3100,21462,18362
500570,1998,5101,23911,18810
500570,1999,4902,25908,21006
500570,2000,3400,23514,20114
500570,2001,5400,23431,18031
500570,2002,8153,29789,21636
500570,2003,18000,52417,34417
500570,2004,40022,80136,40114
500570,2005,51551,87673,36122
500570,2006,50000,90675,40675
500570,2007,43000,93416,50416
500570,2008,43000,98970,55970
500570,2009,47822,97240,49418
500570,2010,47300,95298,47998
500570,2011,49903,110867,60964
500570,2012,54172,116519,62347
500570,2013,60000,134680,74680
500570,2014,65752,141308,75556
500570,2015,74150,145559,71409
500570,2016,76030,146247,70217
500570,2017,85306,160259,74953
500570,2018,87000,176096,89096
500570,2019,90000,167888,77888
500570,2020,95000,182279,87279
500570,2021,110000,199968,89968
500580,1988,1000,6252,5252
500580,1989,700,5311,4611
500580,1990,400,3516,3116
500580,1991,600,7386,6786
500580,1992,600,7940,7340
500580,1993,200,9765,9565
500580,1994,850,10355,9505
500580,1995,2500,12250,9750
500580,1996,2000,10625,8625
500580,1997,2000,11630,9630
500580,1998,2000,8320,6320
500580,1999,1500,7567,6067
500580,2000,1200,8362,7162
500580,2001,800,6216,5416
500580,2002,0,5120,5120
500580,2003,0,3765,3765
500580,2004,640,4781,4141
500580,2005,640,5390,4750
500580,2006,600,3181,2581
500580,2007,0,3075,3075
500580,2008,300,4286,3986
500580,2009,300,2132,1832
500580,2010,300,3343,3043
500580,2011,0,2052,2052
500580,2012,0,1906,1906
500580,2013,100,1475,1375
500580,2014,120,2214,2094
500580,2015,870,2582,1712
500580,2016,1200,3057,1857
500580,2017,2100,5198,3098
500580,2018,2100,4786,2686
500580,2019,3000,5242,2242
500580,2020,6955,11732,4777
500580,2021,7559,14226,6667
500620,1988,7000,19122,12122
500620,1989,8200,18545,10345
500620,1990,10145,23860,13715
500620,1991,7000,21388,14388
500620,1992,2500,13000,10500
500620,1993,2800,14365,11565
500620,1994,2400,13671,11271
500620,1995,1325,15315,13990
500620,1996,925,13198,12273
500620,1997,1100,13223,12123
500620,1998,1400,13400,12000
500620,1999,1300,14357,13057
500620,2000,1430,13559,12129
500620,2001,1500,14677,13177
500620,2002,1500,15962,14462
500620,2003,1972,18837,16865
500620,2004,4193,22609,18416
500620,2005,5800,23837,18037
500620,2006,5000,24247,19247
500620,2007,4000,22558,18558
500620,2008,4000,20529,16529
500620,2009,3371,20619,17248
500620,2010,3500,22152,18652
500620,2011,3472,27433,23961
500620,2012,5130,34967,29837
500620,2013,7500,42106,34606
500620,2014,11000,56559,45559
500620,2015,12000,48537,36537
500620,2016,16000,61263,45263
500620,2017,21270,74008,52738
500620,2018,22500,76764,54264
500620,2019,22000,81114,59114
500620,2020,26660,99196,72536
500620,2021,38660,119184,80524
500630,1988,23000,46755,23755
500630,1989,2163,11208,9045
500630,1990,4000,11950,7950
500630,1991,4000,11199,7199
500630,1992,1500,8049,6549
500630,1993,1500,6929,5429
500630,1994,1175,5470,4295
500630,1995,1200,6160,4960
500630,1996,1700,8450,6750
500630,1997,1700,8767,7067
500630,1998,900,6167,5267
500630,1999,400,5129,4729
500630,2000,0,4302,4302
500630,2001,0,2045,2045
500630,2002,0,1960,1960
500630,2003,0,1940,1940
500630,2004,200,2332,2132
500630,2005,400,2492,2092
500630,2006,120,1219,1099
500630,2007,0,2367,2367
500630,2008,0,6939,6939
500630,2009,0,8744,8744
500630,2010,0,10326,10326
500630,2011,0,7945,7945
500630,2012,0,6665,6665
500630,2013,0,5890,5890
500630,2014,0,5780,5780
500630,2015,0,5580,5580
500630,2016,0,11790,11790
500630,2017,0,10593,10593
500630,2018,322,8517,8195
500630,2019,2700,13687,10987
500630,2020,2723,13942,11219
500630,2021,3502,17316,13814
500635,1988,0,0,0
500635,1989,600,2850,2250
500635,1990,740,3243,2503
500635,1991,50,2056,2006
500635,1992,220,1450,1230
500635,1993,0,1120,1120
500635,1994,50,900,850
500635,1995,0,740,740
500635,1996,0,800,800
500635,1997,20,1369,1349
500635,1998,170,1342,1172
500635,1999,110,1622,1512
500635,2000,140,1841,1701
500635,2001,0,1557,1557
500635,2002,0,1599,1599
500635,2003,110,1673,1563
500635,2004,10300,12373,2073
500635,2005,10500,14953,4453
500635,2006,11500,15482,3982
500635,2007,1800,5031,3231
500635,2008,4500,8518,4018
500635,2009,2850,4860,2010
500635,2010,2500,4420,1920
500635,2011,2400,4643,2243
500635,2012,2750,5009,2259
500635,2013,5000,9838,4838
500635,2014,6000,10925,4925
500635,2015,10000,15860,5860
500635,2016,9000,14568,5568
500635,2017,8000,12513,4513
500635,2018,6000,11355,5355
500635,2019,7000,12178,5178
500635,2020,10500,15928,5428
500635,2021,15927,24154,8227
500640,1988,38000,69916,31916
500640,1989,3000,12058,9058
500640,1990,5000,12330,7330
500640,1991,2000,5995,3995
500640,1992,3000,11765,8765
500640,1993,2500,4751,2251
500640,1994,2500,5160,2660
500640,1995,2500,6037,3537
500640,1996,2500,6098,3598
500640,1997,2500,4700,2200
500640,1998,2500,8052,5552
500640,1999,2500,9524,7024
500640,2000,2500,8771,6271
500640,2001,4155,9036,4881
500640,2002,4955,6732,1777
500640,2003,5000,6487,1487
500640,2004,9466,11004,1538
500640,2005,13102,14763,1661
500640,2006,11117,12503,1386
500640,2007,7810,9037,1227
500640,2008,7800,15853,8053
500640,2009,7500,14333,6833
500640,2010,9000,12686,3686
500640,2011,9000,11401,2401
500640,2012,9000,13167,4167
500640,2013,6628,8731,2103
500640,2014,7900,10223,2323
500640,2015,8000,9626,1626
500640,2016,8000,10386,2386
500640,2017,8800,11546,2746
500640,2018,8800,10767,1967
500640,2019,11000,13230,2230
500640,2020,11000,13230,2230
500640,2021,11000,15990,4990
500660,1988,155000,248095,93095
500660,1989,170000,232354,62354
500660,1990,170284,227962,57678
500660,1991,134300,195740,61440
500660,1992,106005,179963,73958
500660,1993,119360,183807,64447
500660,1994,135330,182518,47188
500660,1995,130000,202763,72763
500660,1996,90000,150386,60386
500660,1997,100000,179608,79608
500660,1998,139500,188984,49484
500660,1999,138000,201895,63895
500660,2000,147000,220911,73911
500660,2001,132200,208317,76117
500660,2002,149850,212298,62448
500660,2003,197500,289540,92040
500660,2004,237280,319027,81747
500660,2005,246040,314636,68596
500660,2006,245360,328880,83520
500660,2007,245000,348917,103917
500660,2008,245000,375428,130428
500660,2009,235000,361920,126920
500660,2010,230000,347710,117710
500660,2011,220000,367204,147204
500660,2012,234000,429209,195209
500660,2013,246600,513172,266572
500660,2014,268000,532711,264711
500660,2015,286500,556972,270472
500660,2016,298000,552051,254051
500660,2017,319600,597872,278272
500660,2018,326500,613122,286622
500660,2019,346500,656071,309571
500660,2020,375000,678846,303846
500660,2021,392000,680731,288731
500690,1988,1550,7214,5664
500690,1989,5000,9734,4734
500690,1990,2000,4734,2734
500690,1991,1000,4816,3816
500690,1992,2600,7534,4934
500690,1993,1500,4247,2747
500690,1994,2600,5217,2617
500690,1995,2600,5005,2405
500690,1996,2000,4000,2000
500690,1997,0,1350,1350
500690,1998,200,730,530
500690,1999,0,400,400
500690,2000,100,380,280
500690,2001,0,300,300
500690,2002,0,300,300
500690,2003,0,250,250
500690,2004,0,200,200
500690,2005,0,240,240
500690,2006,400,935,535
500690,2007,0,420,420
500690,2008,0,360,360
500690,2009,0,340,340
500690,2010,0,340,340
500690,2011,0,350,350
500690,2012,360,650,290
500690,2013,1500,2910,1410
500690,2014,1450,3210,1760
500690,2015,2173,4013,1840
500690,2016,2670,4880,2210
500690,2017,2510,4485,1975
500690,2018,2800,4328,1528
500690,2019,3650,5666,2016
500690,2020,5600,9228,3628
500690,2021,7000,11638,4638
500710,1988,20000,35932,15932
500710,1989,28000,42787,14787
500710,1990,28000,38401,10401
500710,1991,29000,33234,4234
500710,1992,23000,24717,1717
500710,1993,19500,21147,1647
500710,1994,22574,24566,1992
500710,1995,14000,14925,925
500710,1996,9050,9833,783
500710,1997,9000,9974,974
500710,1998,9000,10733,1733
500710,1999,9000,12561,3561
500710,2000,7600,8418,818
500710,2001,7605,8268,663
500710,2002,6000,6360,360
500710,2003,8955,9300,345
500710,2004,9850,10255,405
500710,2005,11000,11355,355
500710,2006,6420,6750,330
500710,2007,3150,3314,164
500710,2008,3420,4255,835
500710,2009,3500,4158,658
500710,2010,3500,4217,717
500710,2011,3500,5068,1568
500710,2012,3500,4890,1390
500710,2013,4186,4534,348
500710,2014,6312,7335,1023
500710,2015,7913,9168,1255
500710,2016,7793,9357,1564
500710,2017,11587,14358,2771
500710,2018,14224,17115,2891
500710,2019,19886,24384,4498
500710,2020,23886,26298,2412
500710,2021,27005,30966,3961
500720,1988,160000,323569,163569
500720,1989,175000,333333,158333
500720,1990,140270,286652,146382
500720,1991,92150,221545,129395
500720,1992,80250,209745,129495
500720,1993,113300,227469,114169
500720,1994,123000,247499,124499
500720,1995,99100,208687,109587
500720,1996,69000,174415,105415
500720,1997,82000,190215,108215
500720,1998,107000,220081,113081
500720,1999,107000,244315,137315
500720,2000,127000,269069,142069
500720,2001,125190,264711,139521
500720,2002,144000,275146,131146
500720,2003,172000,346179,174179
500720,2004,232000,425083,193083
500720,2005,260000,455512,195512
500720,2006,238000,431372,193372
500720,2007,227000,454956,227956
500720,2008,235000,502627,267627
500720,2009,233000,494617,261617
500720,2010,250000,548730,298730
500720,2011,249000,579510,330510
500720,2012,255000,640823,385823
500720,2013,264000,695231,431231
500720,2014,293540,737999,444459
500720,2015,308000,747002,439002
500720,2016,321500,796455,474955
500720,2017,334500,825769,491269
500720,2018,346000,860736,514736
500720,2019,378000,893921,515921
500720,2020,390000,902484,512484
500720,2021,415500,920726,505226
500730,1988,0,5475,5475
500730,1989,0,6733,6733
500730,1990,0,4846,4846
500730,1991,0,3106,3106
500730,1992,0,1824,1824
500730,1993,30,2390,2360
500730,1994,0,1759,1759
500730,1995,0,1550,1550
500730,1996,0,1000,1000
500730,1997,0,960,960
500730,1998,120,594,474
500730,1999,0,807,807
500730,2000,150,976,826
500730,2001,150,973,823
500730,2002,150,886,736
500730,2003,70,318,248
500730,2004,1490,2656,1166
500730,2005,1726,2520,794
500730,2006,1449,2419,970
500730,2007,1330,3473,2143
500730,2008,1330,3179,1849
500730,2009,1200,2305,1105
500730,2010,1200,2517,1317
500730,2011,1530,4030,2500
500730,2012,1490,3708,2218
500730,2013,1500,1599,99
500730,2014,1600,1670,70
500730,2015,5000,8564,3564
500730,2016,2500,4545,2045
500730,2017,1000,1052,52
500730,2018,1000,1065,65
500730,2019,1000,1055,55
500730,2020,1000,3884,2884
500730,2021,3171,6073,2902
500740,1988,5000,18141,13141
500740,1989,5500,13947,8447
500740,1990,4500,8280,3780
500740,1991,4000,7000,3000
500740,1992,2000,5900,3900
500740,1993,1600,5765,4165
500740,1994,1600,5830,4230
500740,1995,1890,4791,2901
500740,1996,1400,3812,2412
500740,1997,2000,5502,3502
500740,1998,3920,7221,3301
500740,1999,4500,8318,3818
500740,2000,4100,7663,3563
500740,2001,3500,7642,4142
500740,2002,3800,5309,1509
500740,2003,3800,5815,2015
500740,2004,8200,10116,1916
500740,2005,20000,21392,1392
500740,2006,10420,13890,3470
500740,2007,8000,12762,4762
500740,2008,8000,10487,2487
500740,2009,5500,7579,2079
500740,2010,5500,8046,2546
500740,2011,6000,6976,976
500740,2012,5950,7823,1873
500740,2013,7500,10472,2972
500740,2014,8500,11018,2518
500740,2015,10500,15646,5146
500740,2016,12000,14539,2539
500740,2017,16000,21692,5692
500740,2018,16000,22652,6652
500740,2019,16000,22753,6753
500740,2020,19000,23752,4752
500740,2021,19000,25752,6752
500750,1988,110,4766,4656
500750,1989,610,3567,2957
500750,1990,300,2357,2057
500750,1991,350,1214,864
500750,1992,350,1469,1119
500750,1993,350,1399,1049
500750,1994,50,681,631
500750,1995,100,879,779
500750,1996,60,835,775
500750,1997,0,852,852
500750,1998,50,1015,965
500750,1999,0,537,537
500750,2000,0,518,518
500750,2001,0,998,998
500750,2002,0,856,856
500750,2003,0,447,447
500750,2004,0,352,352
500750,2005,0,318,318
500750,2006,0,236,236
500750,2007,0,120,120
500750,2008,0,130,130
500750,2009,0,134,134
500750,2010,0,136,136
500750,2011,0,141,141
500750,2012,0,141,141
500750,2013,280,712,432
500750,2014,0,222,222
500750,2015,1219,2237,1018
500750,2016,1725,3271,1546
500750,2017,4035,7333,3298
500750,2018,4200,7451,3251
500750,2019,4200,7315,3115
500750,2020,6700,8469,1769
500750,2021,6800,11114,4314
500755,1988,0,0,0
500755,1989,36,2422,2386
500755,1990,450,4201,3751
500755,1991,1017,5248,4231
500755,1992,397,3968,3571
500755,1993,0,4483,4483
500755,1994,0,4038,4038
500755,1995,0,2533,2533
500755,1996,0,10682,10682
500755,1997,0,11076,11076
500755,1998,0,10514,10514
500755,1999,0,12560,12560
500755,2000,0,13599,13599
500755,2001,0,11570,11570
500755,2002,0,12735,12735
500755,2003,73,11821,11748
500755,2004,876,12966,12090
500755,2005,1068,11784,10716
500755,2006,286,11173,10887
500755,2007,0,10163,10163
500755,2008,0,11004,11004
500755,2009,0,11200,11200
500755,2010,0,10530,10530
500755,2011,73,8015,7942
500755,2012,530,5904,5374
500755,2013,719,3968,3249
500755,2014,520,2796,2276
500755,2015,155,1440,1285
500755,2016,0,1526,1526
500755,2017,0,949,949
500755,2018,100,438,338
500755,2019,200,857,657
500755,2020,1037,1765,728
500755,2021,1530,3306,1776
500769,1988,117656,150885,33229
500769,1989,120000,141781,21781
500769,1990,120000,130851,10851
500769,1991,105300,118640,13340
500769,1992,110000,126885,16885
500769,1993,110000,134460,24460
500769,1994,113000,157210,44210
500769,1995,118000,153370,35370
500769,1996,118120,151680,33560
500769,1997,110000,149775,39775
500769,1998,118000,168164,50164
500769,1999,110000,161473,51473
500769,2000,110000,184438,74438
500769,2001,103000,166416,63416
500769,2002,111000,174066,63066
500769,2003,114000,197554,83554
500769,2004,125000,203134,78134
500769,2005,118000,190957,72957
500769,2006,117000,186440,69440
500769,2007,116000,200246,84246
500769,2008,116000,200888,84888
500769,2009,116000,201054,85054
500769,2010,108000,201147,93147
500769,2011,112000,200072,88072
500769,2012,110000,204253,94253
500769,2013,116000,209063,93063
500769,2014,120075,211970,91895
500769,2015,122000,208425,86425
500769,2016,118000,205750,87750
500769,2017,120000,199390,79390
500769,2018,120000,202147,82147
500769,2019,120000,207360,87360
500769,2020,120000,208240,88240
500769,2021,120000,205550,85550
500770,1988,1800,8653,6853
500770,1989,2500,10407,7907
500770,1990,2500,11315,8815
500770,1991,2500,10850,8350
500770,1992,600,4448,3848
500770,1993,600,2831,2231
500770,1994,200,2900,2700
500770,1995,200,4250,4050
500770,1996,200,4510,4310
500770,1997,100,4420,4320
500770,1998,770,4749,3979
500770,1999,450,4983,4533
500770,2000,650,4729,4079
500770,2001,325,4250,3925
500770,2002,850,3100,2250
500770,2003,2500,7908,5408
500770,2004,9750,14415,4665
500770,2005,12000,15258,3258
500770,2006,11500,18373,6873
500770,2007,8200,15175,6975
500770,2008,8500,16999,8499
500770,2009,10000,17389,7389
500770,2010,10500,17597,7097
500770,2011,8500,15226,6726
500770,2012,10500,17980,7480
500770,2013,12000,22604,10604
500770,2014,14200,24601,10401
500770,2015,20000,27315,7315
500770,2016,20200,26960,6760
500770,2017,21000,28810,7810
500770,2018,22000,35923,13923
500770,2019,23500,40023,16523
500770,2020,24000,40123,16123
500770,2021,26000,43630,17630
500780,1988,0,11442,11442
500780,1989,244,7674,7430
500780,1990,300,4721,4421
500780,1991,72,3102,3030
500780,1992,0,1526,1526
500780,1993,0,1688,1688
500780,1994,0,1768,1768
500780,1995,371,2351,1980
500780,1996,590,1860,1270
500780,1997,274,1695,1421
500780,1998,18,893,875
500780,1999,0,975,975
500780,2000,60,1085,1025
500780,2001,280,1279,999
500780,2002,120,1288,1168
500780,2003,240,1453,1213
500780,2004,550,1772,1222
500780,2005,300,1899,1599
500780,2006,200,1575,1375
500780,2007,160,1503,1343
500780,2008,355,1680,1325
500780,2009,330,1445,1115
500780,2010,330,1313,983
500780,2011,620,1822,1202
500780,2012,805,2045,1240
500780,2013,735,1961,1226
500780,2014,825,2533,1708
500780,2015,670,2612,1942
500780,2016,510,1848,1338
500780,2017,678,2414,1736
500780,2018,845,2693,1848
500780,2019,1270,2933,1663
500780,2020,1195,2710,1515
500780,2021,1280,2500,1220
500793,1988,0,0,0
500793,1989,35000,52859,17859
500793,1990,40000,54628,14628
500793,1991,40000,54706,14706
500793,1992,40000,56260,16260
500793,1993,40000,54815,14815
500793,1994,40000,55046,15046
500793,1995,42000,56690,14690
500793,1996,41000,56471,15471
500793,1997,42000,59506,17506
500793,1998,52000,86498,34498
500793,1999,52000,79083,27083
500793,2000,52000,76703,24703
500793,2001,50000,67954,17954
500793,2002,52000,72125,20125
500793,2003,52000,68602,16602
500793,2004,55000,75139,20139
500793,2005,66870,89076,22206
500793,2006,61971,94079,32108
500793,2007,55000,92294,37294
500793,2008,55000,87878,32878
500793,2009,55000,87878,32878
500793,2010,57000,82252,25252
500793,2011,56520,84250,27730
500793,2012,60000,91137,31137
500793,2013,62030,99456,37426
500793,2014,61500,93024,31524
500793,2015,61500,95948,34448
500793,2016,62000,97831,35831
500793,2017,56500,94545,38045
500793,2018,56500,97566,41066
500793,2019,56700,103013,46313
500793,2020,57300,104635,47335
500793,2021,57300,104526,47226
500795,1988,150,3565,3415
500795,1989,200,4581,4381
500795,1990,80,3811,3731
500795,1991,30,2380,2350
500795,1992,3,2568,2565
500795,1993,0,2684,2684
500795,1994,200,4361,4161
500795,1995,200,5020,4820
500795,1996,200,5214,5014
500795,1997,70,4622,4552
500795,1998,200,4135,3935
500795,1999,443,3823,3380
500795,2000,268,3038,2770
500795,2001,240,3869,3629
500795,2002,1900,4696,2796
500795,2003,2500,5436,2936
500795,2004,20500,24672,4172
500795,2005,22550,28119,5569
500795,2006,18000,21549,3549
500795,2007,12000,15453,3453
500795,2008,12000,19281,7281
500795,2009,10000,16009,6009
500795,2010,10500,15976,5476
500795,2011,9700,16498,6798
500795,2012,10200,17096,6896
500795,2013,12000,19474,7474
500795,2014,12000,20205,8205
500795,2015,14000,22305,8305
500795,2016,13000,20412,7412
500795,2017,14000,20895,6895
500795,2018,15000,21971,6971
500795,2019,12000,19379,7379
500795,2020,12000,18867,6867
500795,2021,19350,25532,6182
500797,1988,1500,9233,7733
500797,1989,1200,9035,7835
500797,1990,1200,8118,6918
500797,1991,700,8329,7629
500797,1992,380,8284,7904
500797,1993,688,6519,5831
500797,1994,740,6376,5636
500797,1995,1117,6330,5213
500797,1996,1500,6815,5315
500797,1997,2000,7845,5845
500797,1998,3500,8825,5325
500797,1999,3600,9900,6300
500797,2000,4100,9429,5329
500797,2001,5000,10123,5123
500797,2002,4000,8515,4515
500797,2003,4507,10351,5844
500797,2004,7580,14153,6573
500797,2005,9452,14201,4749
500797,2006,7500,11202,3702
500797,2007,2500,4598,2098
500797,2008,3500,8050,4550
500797,2009,3584,8681,5097
500797,2010,2905,10447,7542
500797,2011,3523,12106,8583
500797,2012,4000,13167,9167
500797,2013,4600,14774,10174
500797,2014,4600,14543,9943
500797,2015,4600,12479,7879
500797,2016,4600,13380,8780
500797,2017,4600,13211,8611
500797,2018,4600,13362,8762
500797,2019,5600,15652,10052
500797,2020,7000,15896,8896
500797,2021,7000,16961,9961
500800,1988,9921,36705,26784
500800,1989,7000,32236,25236
500800,1990,7100,22827,15727
500800,1991,1800,12333,10533
500800,1992,3000,11188,8188
500800,1993,3200,8774,5574
500800,1994,2300,7723,5423
500800,1995,1770,6055,4285
500800,1996,450,3459,3009
500800,1997,750,3887,3137
500800,1998,1800,5131,3331
500800,1999,2860,6968,4108
500800,2000,2560,7921,5361
500800,2001,2690,7395,4705
500800,2002,3930,9796,5866
500800,2003,6000,12700,6700
500800,2004,6000,13798,7798
500800,2005,5000,10719,5719
500800,2006,4000,10127,6127
500800,2007,3340,8248,4908
500800,2008,3340,9208,5868
500800,2009,3260,7718,4458
500800,2010,3370,9352,5982
500800,2011,3720,8264,4544
500800,2012,4000,9848,5848
500800,2013,6000,10589,4589
500800,2014,7400,12415,5015
500800,2015,11000,19961,8961
500800,2016,13000,22937,9937
500800,2017,15240,27567,12327
500800,2018,19240,32055,12815
500800,2019,22480,35373,12893
500800,2020,28240,37288,9048
500800,2021,33240,46463,13223
500830,1988,1290,6957,5667
500830,1989,400,6200,5800
500830,1990,4162,8059,3897
500830,1991,3000,6933,3933
500830,1992,506,3829,3323
500830,1993,774,2080,1306
500830,1994,1071,2881,1810
500830,1995,778,2528,1750
500830,1996,190,1093,903
500830,1997,0,917,917
500830,1998,260,1199,939
500830,1999,500,1411,911
500830,2000,811,1822,1011
500830,2001,0,531,531
500830,2002,0,303,303
500830,2003,240,478,238
500830,2004,60,822,762
500830,2005,0,255,255
500830,2006,0,325,325
500830,2007,98,442,344
500830,2008,250,538,288
500830,2009,65,761,696
500830,2010,100,977,877
500830,2011,50,939,889
500830,2012,0,781,781
500830,2013,0,410,410
500830,2014,192,324,132
500830,2015,342,496,154
500830,2016,359,522,163
500830,2017,350,628,278
500830,2018,300,571,271
500830,2019,584,908,324
500830,2020,346,680,334
500830,2021,302,667,365
500840,1988,0,0,0
500840,1989,2000,7970,5970
500840,1990,1780,6754,4974
500840,1991,1500,6679,5179
500840,1992,1140,8130,6990
500840,1993,1350,6894,5544
500840,1994,1320,6717,5397
500840,1995,1025,6209,5184
500840,1996,1800,6392,4592
500840,1997,3000,7218,4218
500840,1998,3500,7324,3824
500840,1999,3500,8197,4697
500840,2000,3000,7750,4750
500840,2001,3000,7901,4901
500840,2002,3960,8826,4866
500840,2003,4310,8390,4080
500840,2004,4950,8733,3783
500840,2005,4300,8043,3743
500840,2006,3900,6836,2936
500840,2007,3400,7382,3982
500840,2008,3400,7880,4480
500840,2009,3400,8807,5407
500840,2010,3400,8996,5596
500840,2011,3500,10548,7048
500840,2012,3500,11118,7618
500840,2013,4000,13566,9566
500840,2014,4000,13025,9025
500840,2015,4000,13770,9770
500840,2016,4300,14577,10277
500840,2017,7000,20409,13409
500840,2018,8500,21809,13309
500840,2019,7000,20339,13339
500840,2020,8886,22018,13132
500840,2021,8886,23950,15064
510010,1988,3040,15151,12111
510010,1989,0,2783,2783
510010,1990,0,3418,3418
510010,1991,0,2418,2418
510010,1992,0,2604,2604
510010,1993,0,1624,1624
510010,1994,0,1823,1823
510010,1995,0,1491,1491
510010,1996,0,1893,1893
510010,1997,0,2020,2020
510010,1998,0,1960,1960
510010,1999,0,2349,2349
510010,2000,0,1939,1939
510010,2001,0,1499,1499
510010,2002,0,1801,1801
510010,2003,0,1231,1231
510010,2004,0,1404,1404
510010,2005,0,1028,1028
510010,2006,0,777,777
510010,2007,0,701,701
510010,2008,0,649,649
510010,2009,0,608,608
510010,2010,0,253,253
510010,2011,0,351,351
510010,2012,0,353,353
510010,2013,0,423,423
510010,2014,0,425,425
510010,2015,0,332,332
510010,2016,0,278,278
510010,2017,0,278,278
510010,2018,0,307,307
510010,2019,0,307,307
510010,2020,0,204,204
510010,2021,0,204,204
510020,1988,25491,80096,54605
510020,1989,45099,96303,51204
510020,1990,35000,66510,31510
510020,1991,9887,36357,26470
510020,1992,8500,69200,60700
510020,1993,12770,54318,41548
510020,1994,19852,69258,49406
510020,1995,20413,46286,25873
510020,1996,17179,45804,28625
510020,1997,23077,48496,25419
510020,1998,22000,41392,19392
510020,1999,10383,38317,27934
510020,2000,10383,31214,20831
510020,2001,15691,31697,16006
510020,2002,18105,40004,21899
510020,2003,35437,62703,27266
510020,2004,48800,91497,42697
510020,2005,52620,100535,47915
510020,2006,50000,68145,18145
510020,2007,28000,42545,14545
510020,2008,40008,56882,16874
510020,2009,40234,59665,19431
510020,2010,43925,58845,14920
510020,2011,47000,64456,17456
510020,2012,67500,90806,23306
510020,2013,99000,130125,31125
510020,2014,118750,146352,27602
510020,2015,142310,166100,23790
510020,2016,151800,180795,28995
510020,2017,161600,206025,44425
510020,2018,174400,208103,33703
510020,2019,175000,216941,41941
510020,2020,194000,230536,36536
510020,2021,191000,239475,48475
510030,1988,4600,13010,8410
510030,1989,6900,12690,5790
510030,1990,6000,10770,4770
510030,1991,4000,6070,2070
510030,1992,3660,6406,2746
510030,1993,4980,9596,4616
510030,1994,5510,7700,2190
510030,1995,5505,7417,1912
510030,1996,4026,7777,3751
510030,1997,7659,11318,3659
510030,1998,14100,18058,3958
510030,1999,15000,18198,3198
510030,2000,15000,19148,4148
510030,2001,15000,19318,4318
510030,2002,20600,23527,2927
510030,2003,26300,30718,4418
510030,2004,31409,38490,7081
510030,2005,40048,48488,8440
510030,2006,34555,41970,7415
510030,2007,13978,23101,9123
510030,2008,15888,23738,7850
510030,2009,15034,26585,11551
510030,2010,16925,30039,13114
510030,2011,17824,30167,12343
510030,2012,14983,27058,12075
510030,2013,25000,38065,13065
510030,2014,29362,53087,23725
510030,2015,27912,52348,24436
510030,2016,28298,49177,20879
510030,2017,32000,54288,22288
510030,2018,31393,50107,18714
510030,2019,35876,55429,19553
510030,2020,35876,55262,19386
510030,2021,42413,61579,19166
510040,1988,32827,41374,8547
510040,1989,35000,40125,5125
510040,1990,34500,38702,4202
510040,1991,31800,35797,3997
510040,1992,34410,38468,4058
510040,1993,36311,39803,3492
510040,1994,38118,40989,2871
510040,1995,42750,49322,6572
510040,1996,42500,49216,6716
510040,1997,56425,62996,6571
510040,1998,68000,76802,8802
510040,1999,68000,79386,11386
510040,2000,56077,79303,23226
510040,2001,70000,87723,17723
510040,2002,69000,92723,23723
510040,2003,85780,102478,16698
510040,2004,79000,94507,15507
510040,2005,90000,110575,20575
510040,2006,92000,110835,18835
510040,2007,71000,97673,26673
510040,2008,70000,102015,32015
510040,2009,84000,109899,25899
510040,2010,85400,125811,40411
510040,2011,70378,106850,36472
510040,2012,72710,110249,37539
510040,2013,85000,124076,39076
510040,2014,97169,138096,40927
510040,2015,97075,138361,41286
510040,2016,95000,137907,42907
510040,2017,95800,142262,46462
510040,2018,93000,137925,44925
510040,2019,92083,140153,48070
510040,2020,93728,139511,45783
510040,2021,93728,137511,43783
510050,1988,2382,5371,2989
510050,1989,2492,5681,3189
510050,1990,2500,5417,2917
510050,1991,2524,5190,2666
510050,1992,1450,4160,2710
510050,1993,1049,3647,2598
510050,1994,2849,5085,2236
510050,1995,1300,2422,1122
510050,1996,900,3461,2561
510050,1997,1200,4637,3437
510050,1998,2850,5720,2870
510050,1999,1995,4604,2609
510050,2000,2470,5545,3075
510050,2001,2800,4783,1983
510050,2002,5180,7724,2544
510050,2003,5038,6277,1239
510050,2004,8460,9373,913
510050,2005,6660,8957,2297
510050,2006,8140,10947,2807
510050,2007,6690,9751,3061
510050,2008,6500,10647,4147
510050,2009,6500,10161,3661
510050,2010,6690,10438,3748
510050,2011,6500,10057,3557
510050,2012,6500,9457,2957
510050,2013,6500,9357,2857
510050,2014,7000,9997,2997
510050,2015,7000,9997,2997
510050,2016,7000,9997,2997
510050,2017,7000,10407,3407
510050,2018,7000,10357,3357
510050,2019,7000,11407,4407
510050,2020,7000,11407,4407
510050,2021,7287,11694,4407
510060,1988,50300,60580,10280
510060,1989,55500,61780,6280
510060,1990,54000,60210,6210
510060,1991,52400,59775,7375
510060,1992,48500,60740,12240
510060,1993,57640,67285,9645
510060,1994,59160,79748,20588
510060,1995,65868,82159,16291
510060,1996,52000,82071,30071
510060,1997,56390,79289,22899
510060,1998,64200,81167,16967
510060,1999,60000,97774,37774
510060,2000,61000,85117,24117
510060,2001,57000,83117,26117
510060,2002,63000,88817,25817
510060,2003,65000,90974,25974
510060,2004,85000,116379,31379
510060,2005,80000,114367,34367
510060,2006,69000,97480,28480
510060,2007,44449,88811,44362
510060,2008,47000,95549,48549
510060,2009,34000,95327,61327
510060,2010,45835,92126,46291
510060,2011,52012,105848,53836
510060,2012,48570,110543,61973
510060,2013,48292,113897,65605
510060,2014,53650,141114,87464
510060,2015,52700,140058,87358
510060,2016,52415,140093,87678
510060,2017,54000,105210,51210
510060,2018,47373,128758,81385
510060,2019,47504,128973,81469
510060,2020,47504,128469,80965
510060,2021,53400,138140,84740
510100,1988,650,2316,1666
510100,1989,900,3130,2230
510100,1990,700,1960,1260
510100,1991,350,1130,780
510100,1992,0,3110,3110
510100,1993,0,3470,3470
510100,1994,300,3122,2822
510100,1995,0,1345,1345
510100,1996,0,630,630
510100,1997,0,1434,1434
510100,1998,0,1254,1254
510100,1999,400,1584,1184
510100,2000,770,1834,1064
510100,2001,600,1784,1184
510100,2002,0,260,260
510100,2003,0,150,150
510100,2004,600,1060,460
510100,2005,0,480,480
510100,2006,0,70,70
510100,2007,0,230,230
510100,2008,0,200,200
510100,2009,0,180,180
510100,2010,0,210,210
510100,2011,0,210,210
510100,2012,470,710,240
510100,2013,1250,1450,200
510100,2014,1948,2148,200
510100,2015,2210,2390,180
510100,2016,2210,2390,180
510100,2017,1707,2187,480
510100,2018,2000,3580,1580
510100,2019,2485,3189,704
510100,2020,3665,4379,714
510100,2021,3996,4774,778
510120,1988,0,635,635
510120,1989,0,260,260
510120,1990,0,160,160
510120,1991,0,560,560
510120,1992,0,210,210
510120,1993,0,101,101
510120,1994,0,185,185
510120,1995,0,130,130
510120,1996,0,62,62
510120,1997,0,200,200
510120,1998,0,300,300
510120,1999,0,270,270
510120,2000,0,250,250
510120,2001,0,150,150
510120,2002,0,92,92
510120,2003,0,200,200
510120,2004,0,250,250
510120,2005,527,772,245
510120,2006,300,550,250
510120,2007,0,210,210
510120,2008,0,107,107
510120,2009,0,77,77
510120,2010,0,80,80
510120,2011,0,37,37
510120,2012,0,65,65
510120,2013,0,67,67
510120,2014,27,111,84
510120,2015,45,117,72
510120,2016,270,377,107
510120,2017,270,377,107
510120,2018,270,377,107
510120,2019,680,787,107
510120,2020,680,787,107
510120,2021,1107,1454,347
510125,1988,0,6035,6035
510125,1989,0,8449,8449
510125,1990,0,7600,7600
510125,1991,0,6292,6292
510125,1992,0,10160,10160
510125,1993,0,2872,2872
510125,1994,0,5161,5161
510125,1995,0,6894,6894
510125,1996,0,4845,4845
510125,1997,0,4244,4244
510125,1998,0,3982,3982
510125,1999,0,4252,4252
510125,2000,0,3583,3583
510125,2001,0,2633,2633
510125,2002,0,2561,2561
510125,2003,0,2734,2734
510125,2004,0,2022,2022
510125,2005,0,3130,3130
510125,2006,0,1809,1809
510125,2007,0,1747,1747
510125,2008,0,1633,1633
510125,2009,0,1113,1113
510125,2010,0,480,480
510125,2011,0,1000,1000
510125,2012,0,1573,1573
510125,2013,48,1716,1668
510125,2014,175,1988,1813
510125,2015,220,2050,1830
510125,2016,170,2213,2043
510125,2017,485,2515,2030
510125,2018,470,2715,2245
510125,2019,0,1106,1106
510125,2020,0,1110,1110
510125,2021,1510,4220,2710
510130,1988,5604,11177,5573
510130,1989,8500,12250,3750
510130,1990,8500,11290,2790
510130,1991,4100,5680,1580
510130,1992,7000,9803,2803
510130,1993,10110,12006,1896
510130,1994,11280,13365,2085
510130,1995,11552,14100,2548
510130,1996,10000,15951,5951
510130,1997,8652,14894,6242
510130,1998,9550,20436,10886
510130,1999,8182,20727,12545
510130,2000,10720,23945,13225
510130,2001,11408,24002,12594
510130,2002,11293,25852,14559
510130,2003,14358,24621,10263
510130,2004,15550,30607,15057
510130,2005,18260,32351,14091
510130,2006,13980,19553,5573
510130,2007,7200,12774,5574
510130,2008,7400,13261,5861
510130,2009,7735,14540,6805
510130,2010,5700,10513,4813
510130,2011,20830,27006,6176
510130,2012,23520,30320,6800
510130,2013,33620,46309,12689
510130,2014,34120,48387,14267
510130,2015,34500,57270,22770
510130,2016,35600,56216,20616
510130,2017,39000,59962,20962
510130,2018,34500,51797,17297
510130,2019,33700,51851,18151
510130,2020,33907,50472,16565
510130,2021,24992,38784,13792
510140,1988,0,14055,14055
510140,1989,0,9107,9107
510140,1990,0,3913,3913
510140,1991,0,3613,3613
510140,1992,0,4783,4783
510140,1993,0,2520,2520
510140,1994,0,5399,5399
510140,1995,0,5303,5303
510140,1996,0,6415,6415
510140,1997,0,7734,7734
510140,1998,0,12436,12436
510140,1999,0,14249,14249
510140,2000,0,13057,13057
510140,2001,0,15239,15239
510140,2002,0,28471,28471
510140,2003,10,33249,33239
510140,2004,0,42970,42970
510140,2005,0,35570,35570
510140,2006,0,29593,29593
510140,2007,0,20441,20441
510140,2008,0,23414,23414
510140,2009,0,26280,26280
510140,2010,0,20122,20122
510140,2011,0,23358,23358
510140,2012,0,23342,23342
510140,2013,0,22727,22727
510140,2014,600,21128,20528
510140,2015,700,23974,23274
510140,2016,900,19243,18343
510140,2017,950,21426,20476
510140,2018,1000,22798,21798
510140,2019,1500,21953,20453
510140,2020,2100,20840,18740
510140,2021,2892,23001,20109
510160,1988,0,2028,2028
510160,1989,0,1970,1970
510160,1990,0,2254,2254
510160,1991,0,2194,2194
510160,1992,0,2197,2197
510160,1993,0,1840,1840
510160,1994,0,1764,1764
510160,1995,0,496,496
510160,1996,0,1753,1753
510160,1997,0,1379,1379
510160,1998,0,830,830
510160,1999,0,1084,1084
510160,2000,0,921,921
510160,2001,0,725,725
510160,2002,0,749,749
510160,2003,0,909,909
510160,2004,0,607,607
510160,2005,0,397,397
510160,2006,0,282,282
510160,2007,0,275,275
510160,2008,0,265,265
510160,2009,0,311,311
510160,2010,0,269,269
510160,2011,0,275,275
510160,2012,0,250,250
510160,2013,0,194,194
510160,2014,0,166,166
510160,2015,0,166,166
510160,2016,0,91,91
510160,2017,0,91,91
510160,2018,0,91,91
510160,2019,0,91,91
510160,2020,0,102,102
510160,2021,0,102,102
510180,1988,3148,16418,13270
510180,1989,13848,22949,9101
510180,1990,7550,12005,4455
510180,1991,3775,10637,6862
510180,1992,4700,16685,11985
510180,1993,6003,20948,14945
510180,1994,5000,11280,6280
510180,1995,2975,6947,3972
510180,1996,409,2295,1886
510180,1997,2550,5987,3437
510180,1998,2500,4712,2212
510180,1999,1900,5813,3913
510180,2000,2200,5840,3640
510180,2001,2400,5952,3552
510180,2002,3000,4956,1956
510180,2003,6193,8427,2234
510180,2004,14103,17823,3720
510180,2005,17611,22601,4990
510180,2006,19878,21581,1703
510180,2007,14516,16060,1544
510180,2008,19556,21664,2108
510180,2009,17689,20939,3250
510180,2010,17530,18628,1098
510180,2011,16485,20043,3558
510180,2012,17588,22726,5138
510180,2013,22735,23528,793
510180,2014,30136,32599,2463
510180,2015,32665,35128,2463
510180,2016,34495,35953,1458
510180,2017,35651,36122,471
510180,2018,34400,35136,736
510180,2019,26688,29124,2436
510180,2020,33129,35380,2251
510180,2021,37500,41751,4251
510190,1988,0,0,0
510190,1989,16122,29911,13789
510190,1990,16122,35878,19756
510190,1991,18745,36752,18007
510190,1992,16880,34547,17667
510190,1993,17000,39430,22430
510190,1994,39200,61085,21885
510190,1995,13070,18892,5822
510190,1996,13831,19771,5940
510190,1997,52000,68545,16545
510190,1998,55000,63598,8598
510190,1999,50568,70556,19988
510190,2000,52660,74815,22155
510190,2001,65000,78954,13954
510190,2002,78200,97192,18992
510190,2003,95000,120139,25139
510190,2004,118090,157611,39521
510190,2005,159139,193564,34425
510190,2006,140000,168396,28396
510190,2007,83000,117565,34565
510190,2008,146382,185830,39448
510190,2009,146440,179450,33010
510190,2010,156108,197360,41252
510190,2011,156108,192243,36135
510190,2012,170500,238637,68137
510190,2013,195000,275327,80327
510190,2014,211000,286679,75679
510190,2015,226150,304923,78773
510190,2016,226000,315821,89821
510190,2017,226000,365288,139288
510190,2018,226000,359380,133380
510190,2019,230000,388846,158846
510190,2020,230000,392728,162728
510190,2021,248963,390458,141495
510250,1988,971,86420,85449
510250,1989,1230,91336,90106
510250,1990,100,76081,75981
510250,1991,12,65074,65062
510250,1992,505,71390,70885
510250,1993,0,66722,66722
510250,1994,180,67530,67350
510250,1995,0,67549,67549
510250,1996,0,65133,65133
510250,1997,0,62990,62990
510250,1998,0,60581,60581
510250,1999,155,57511,57356
510250,2000,13,49934,49921
510250,2001,444,61414,60970
510250,2002,720,65735,65015
510250,2003,1479,71750,70271
510250,2004,6250,83813,77563
510250,2005,12700,88946,76246
510250,2006,12589,86081,73492
510250,2007,9650,87313,77663
510250,2008,9720,93186,83466
510250,2009,10296,90133,79837
510250,2010,6780,83269,76489
510250,2011,6885,85187,78302
510250,2012,6930,83104,76174
510250,2013,7920,94080,86160
510250,2014,7850,95664,87814
510250,2015,9072,93316,84244
510250,2016,9927,90962,81035
510250,2017,11875,92517,80642
510250,2018,13573,94142,80569
510250,2019,17613,97828,80215
510250,2020,18666,100063,81397
510250,2021,13201,100235,87034
510260,1988,2090,35809,33719
510260,1989,2090,32827,30737
510260,1990,2000,24286,22286
510260,1991,1000,15434,14434
510260,1992,0,19301,19301
510260,1993,100,15120,15020
510260,1994,400,14935,14535
510260,1995,100,13035,12935
510260,1996,100,10015,9915
510260,1997,0,7103,7103
510260,1998,240,6573,6333
510260,1999,0,7697,7697
510260,2000,0,6340,6340
510260,2001,0,3186,3186
510260,2002,0,3400,3400
510260,2003,690,4440,3750
510260,2004,730,4842,4112
510260,2005,300,4082,3782
510260,2006,0,2222,2222
510260,2007,0,1942,1942
510260,2008,0,1132,1132
510260,2009,0,1482,1482
510260,2010,0,1052,1052
510260,2011,0,952,952
510260,2012,0,952,952
510260,2013,9350,11747,2397
510260,2014,13990,19557,5567
510260,2015,13990,21157,7167
510260,2016,26164,35016,8852
510260,2017,29500,36952,7452
510260,2018,29500,35552,6052
510260,2019,29000,37702,8702
510260,2020,30400,38952,8552
510260,2021,30400,38952,8552
510263,1988,0,0,0
510263,1989,251000,316950,65950
510263,1990,200800,282150,81350
510263,1991,130660,198088,67428
510263,1992,155000,221487,66487
510263,1993,225910,305019,79109
510263,1994,287829,381654,93825
510263,1995,391580,476477,84897
510263,1996,375046,451267,76221
510263,1997,410200,507799,97599
510263,1998,474802,562830,88028
510263,1999,481045,654328,173283
510263,2000,500630,684747,184117
510263,2001,526406,681063,154657
510263,2002,593052,740479,147427
510263,2003,642770,832581,189811
510263,2004,673032,934980,261948
510263,2005,720178,984004,263826
510263,2006,717350,957178,239828
510263,2007,622600,981359,358759
510263,2008,642565,1021087,378522
510263,2009,673734,1052772,379038
510263,2010,707381,1085707,378326
510263,2011,672150,1112722,440572
510263,2012,698133,1212221,514088
510263,2013,770500,1278806,508306
510263,2014,773000,1330619,557619
510263,2015,770500,1294779,524279
510263,2016,748368,1303413,555045
510263,2017,741261,1426007,684746
510263,2018,735000,1423249,688249
510263,2019,735000,1455672,720672
510263,2020,741000,1450150,709150
510263,2021,738303,1493379,755076
510267,1988,0,0,0
510267,1989,105596,125447,19851
510267,1990,101820,119537,17717
510267,1991,71550,96138,24588
510267,1992,84235,113951,29716
510267,1993,94350,125432,31082
510267,1994,100000,136109,36109
510267,1995,105000,154127,49127
510267,1996,95000,157258,62258
510267,1997,92867,138410,45543
510267,1998,107500,156677,49177
510267,1999,102125,172141,70016
510267,2000,95000,167986,72986
510267,2001,75000,171961,96961
510267,2002,118501,216809,98308
510267,2003,130720,222599,91879
510267,2004,150600,256710,106110
510267,2005,161206,288024,126818
510267,2006,147200,273987,126787
510267,2007,120000,272885,152885
510267,2008,126000,270422,144422
510267,2009,145000,263459,118459
510267,2010,159120,291186,132066
510267,2011,171000,340410,169410
510267,2012,179000,343767,164767
510267,2013,202000,357072,155072
510267,2014,209000,379812,170812
510267,2015,210100,386793,176693
510267,2016,216650,394547,177897
510267,2017,235000,416601,181601
510267,2018,210000,389732,179732
510267,2019,208000,393375,185375
510267,2020,216612,397837,181225
510267,2021,235000,406675,171675
510285,1988,0,0,0
510285,1989,0,6423,6423
510285,1990,0,3898,3898
510285,1991,0,4259,4259
510285,1992,0,5886,5886
510285,1993,0,3491,3491
510285,1994,0,4075,4075
510285,1995,0,3965,3965
510285,1996,0,3517,3517
510285,1997,0,2245,2245
510285,1998,0,1590,1590
510285,1999,0,1861,1861
510285,2000,0,3156,3156
510285,2001,0,3014,3014
510285,2002,0,3077,3077
510285,2003,0,3681,3681
510285,2004,0,5363,5363
510285,2005,0,2993,2993
510285,2006,0,1782,1782
510285,2007,0,1576,1576
510285,2008,0,1723,1723
510285,2009,0,1586,1586
510285,2010,0,2220,2220
510285,2011,0,1992,1992
510285,2012,0,1987,1987
510285,2013,0,1392,1392
510285,2014,0,719,719
510285,2015,0,985,985
510285,2016,0,774,774
510285,2017,0,504,504
510285,2018,0,485,485
510285,2019,0,552,552
510285,2020,0,504,504
510285,2021,1400,1956,556
510300,1988,15200,27737,12537
510300,1989,8600,16983,8383
510300,1990,3830,9261,5431
510300,1991,8600,12615,4015
510300,1992,6000,10530,4530
510300,1993,5000,11236,6236
510300,1994,4500,11402,6902
510300,1995,4500,10978,6478
510300,1996,4500,11390,6890
510300,1997,4000,10378,6378
510300,1998,5040,9367,4327
510300,1999,4880,11038,6158
510300,2000,5116,10338,5222
510300,2001,1650,8262,6612
510300,2002,5346,7218,1872
510300,2003,8208,13578,5370
510300,2004,12022,22337,10315
510300,2005,16000,28050,12050
510300,2006,17859,29859,12000
510300,2007,7950,17502,9552
510300,2008,8430,19636,11206
510300,2009,13360,25073,11713
510300,2010,15039,26484,11445
510300,2011,14580,28258,13678
510300,2012,17777,31208,13431
510300,2013,17462,31820,14358
510300,2014,18433,32627,14194
510300,2015,18300,32171,13871
510300,2016,18510,33575,15065
510300,2017,13500,24844,11344
510300,2018,25668,51439,25771
510300,2019,26000,51823,25823
510300,2020,31266,61787,30521
510300,2021,31266,58277,27011
510310,1988,97,13392,13295
510310,1989,250,21596,21346
510310,1990,0,17975,17975
510310,1991,0,5756,5756
510310,1992,0,16405,16405
510310,1993,0,21471,21471
510310,1994,500,14074,13574
510310,1995,300,6305,6005
510310,1996,0,4104,4104
510310,1997,0,3914,3914
510310,1998,0,5379,5379
510310,1999,0,4486,4486
510310,2000,290,975,685
510310,2001,1742,3026,1284
510310,2002,150,604,454
510310,2003,5891,6487,596
510310,2004,8560,9530,970
510310,2005,4000,5370,1370
510310,2006,1950,2840,890
510310,2007,450,890,440
510310,2008,450,1020,570
510310,2009,0,290,290
510310,2010,0,140,140
510310,2011,0,140,140
510310,2012,0,100,100
510310,2013,400,500,100
510310,2014,4480,4615,135
510310,2015,7575,7635,60
510310,2016,7675,8235,560
510310,2017,6190,6740,550
510310,2018,7300,8500,1200
510310,2019,9790,10340,550
510310,2020,12270,14280,2010
510310,2021,12500,14740,2240
510320,1988,0,83973,83973
510320,1989,0,102315,102315
510320,1990,0,47809,47809
510320,1991,10,30724,30714
510320,1992,0,46821,46821
510320,1993,0,55640,55640
510320,1994,60,50097,50037
510320,1995,20,51342,51322
510320,1996,0,24437,24437
510320,1997,30,30609,30579
510320,1998,400,25328,24928
510320,1999,250,29330,29080
510320,2000,400,34313,33913
510320,2001,700,25128,24428
510320,2002,1700,20475,18775
510320,2003,4600,17607,13007
510320,2004,8233,23803,15570
510320,2005,13730,33805,20075
510320,2006,5724,16406,10682
510320,2007,4395,13558,9163
510320,2008,2700,16192,13492
510320,2009,3000,15005,12005
510320,2010,5750,14006,8256
510320,2011,6150,15881,9731
510320,2012,9700,23084,13384
510320,2013,22910,38932,16022
510320,2014,34773,59285,24512
510320,2015,37025,64231,27206
510320,2016,43230,69833,26603
510320,2017,47400,87878,40478
510320,2018,46696,82397,35701
510320,2019,71853,122503,50650
510320,2020,79400,133096,53696
510320,2021,103500,164828,61328
510340,1988,45000,59820,14820
510340,1989,1860,9423,7563
510340,1990,1100,7333,6233
510340,1991,2700,7893,5193
510340,1992,0,2677,2677
510340,1993,0,2783,2783
510340,1994,0,2758,2758
510340,1995,0,1707,1707
510340,1996,0,1524,1524
510340,1997,0,1507,1507
510340,1998,0,1193,1193
510340,1999,0,1349,1349
510340,2000,0,1482,1482
510340,2001,0,1357,1357
510340,2002,0,1466,1466
510340,2003,0,849,849
510340,2004,0,1146,1146
510340,2005,0,1251,1251
510340,2006,0,1048,1048
510340,2007,0,838,838
510340,2008,0,1298,1298
510340,2009,0,1435,1435
510340,2010,0,1003,1003
510340,2011,0,1465,1465
510340,2012,0,1000,1000
510340,2013,0,1000,1000
510340,2014,80,1083,1003
510340,2015,0,1004,1004
510340,2016,84,1088,1004
510340,2017,0,1004,1004
510340,2018,0,1004,1004
510340,2019,0,1004,1004
510340,2020,338,944,606
510340,2021,338,944,606
510345,1988,1800,9797,7997
510345,1989,1200,9872,8672
510345,1990,3000,24068,21068
510345,1991,140,11650,11510
510345,1992,0,8426,8426
510345,1993,0,11553,11553
510345,1994,0,12743,12743
510345,1995,0,17829,17829
510345,1996,0,20304,20304
510345,1997,0,19234,19234
510345,1998,0,20135,20135
510345,1999,0,23518,23518
510345,2000,0,25549,25549
510345,2001,0,30223,30223
510345,2002,0,30170,30170
510345,2003,0,33479,33479
510345,2004,0,31201,31201
510345,2005,0,32308,32308
510345,2006,0,26795,26795
510345,2007,0,27259,27259
510345,2008,0,25986,25986
510345,2009,0,27962,27962
510345,2010,0,30898,30898
510345,2011,0,32610,32610
510345,2012,0,32404,32404
510345,2013,0,44470,44470
510345,2014,0,36642,36642
510345,2015,3310,51487,48177
510345,2016,3089,47852,44763
510345,2017,4415,49103,44688
510345,2018,2050,57348,55298
510345,2019,3255,57494,54239
510345,2020,4189,60904,56715
510345,2021,4828,50775,45947
510350,1988,400736,557593,156857
510350,1989,160000,186086,26086
510350,1990,100000,120504,20504
510350,1991,103000,120307,17307
510350,1992,162000,199387,37387
510350,1993,150000,185406,35406
510350,1994,133250,168078,34828
510350,1995,207860,234690,26830
510350,1996,145000,185264,40264
510350,1997,155000,197126,42126
510350,1998,230000,267779,37779
510350,1999,223009,306553,83544
510350,2000,200000,258061,58061
510350,2001,202000,257283,55283
510350,2002,220542,271699,51157
510350,2003,259327,305716,46389
510350,2004,290410,370615,80205
510350,2005,300000,407516,107516
510350,2006,276000,362599,86599
510350,2007,276660,378940,102280
510350,2008,284214,415002,130788
510350,2009,279119,385357,106238
510350,2010,295300,423414,128114
510350,2011,260000,389983,129983
510350,2012,280000,429750,149750
510350,2013,295000,464452,169452
510350,2014,311000,496334,185334
510350,2015,313195,525296,212101
510350,2016,315000,523109,208109
510350,2017,340562,603272,262710
510350,2018,337000,595003,258003
510350,2019,345000,685766,340766
510350,2020,345600,662483,316883
510350,2021,384605,730573,345968
510380,1988,0,7572,7572
510380,1989,0,8537,8537
510380,1990,0,7833,7833
510380,1991,0,6978,6978
510380,1992,0,6912,6912
510380,1993,0,5769,5769
510380,1994,0,6152,6152
510380,1995,0,5941,5941
510380,1996,0,4589,4589
510380,1997,0,4269,4269
510380,1998,0,4314,4314
510380,1999,0,4414,4414
510380,2000,0,4730,4730
510380,2001,0,2971,2971
510380,2002,0,1811,1811
510380,2003,0,1338,1338
510380,2004,0,1360,1360
510380,2005,0,1107,1107
510380,2006,0,1048,1048
510380,2007,0,963,963
510380,2008,0,727,727
510380,2009,0,425,425
510380,2010,0,558,558
510380,2011,0,417,417
510380,2012,0,396,396
510380,2013,0,468,468
510380,2014,0,833,833
510380,2015,0,95,95
510380,2016,0,85,85
510380,2017,0,95,95
510380,2018,0,92,92
510380,2019,0,80,80
510380,2020,0,220,220
510380,2021,0,225,225
510390,1988,15320,23516,8196
510390,1989,13000,19723,6723
510390,1990,10880,14240,3360
510390,1991,9500,11607,2107
510390,1992,14749,18121,3372
510390,1993,15140,20737,5597
510390,1994,19740,29340,9600
510390,1995,35000,48205,13205
510390,1996,28000,32578,4578
510390,1997,28000,35782,7782
510390,1998,35000,39075,4075
510390,1999,31230,36683,5453
510390,2000,36450,41155,4705
510390,2001,36000,42705,6705
510390,2002,36000,42437,6437
510390,2003,36083,41682,5599
510390,2004,50506,60430,9924
510390,2005,68848,72582,3734
510390,2006,38155,39436,1281
510390,2007,50600,52040,1440
510390,2008,54200,76565,22365
510390,2009,55250,74995,19745
510390,2010,60000,76410,16410
510390,2011,61660,79390,17730
510390,2012,65030,87468,22438
510390,2013,68930,97984,29054
510390,2014,58043,93729,35686
510390,2015,64098,98658,34560
510390,2016,64889,93159,28270
510390,2017,60392,92991,32599
510390,2018,57372,91533,34161
510390,2019,54503,86350,31847
510390,2020,56000,87226,31226
510390,2021,58800,88604,29804
510410,1988,0,13885,13885
510410,1989,0,14053,14053
510410,1990,0,9883,9883
510410,1991,0,12295,12295
510410,1992,0,19967,19967
510410,1993,0,7287,7287
510410,1994,0,9600,9600
510410,1995,0,21073,21073
510410,1996,0,21543,21543
510410,1997,0,18503,18503
510410,1998,0,16004,16004
510410,1999,0,21284,21284
510410,2000,0,32757,32757
510410,2001,1000,16369,15369
510410,2002,2700,19431,16731
510410,2003,4075,17410,13335
510410,2004,7829,21463,13634
510410,2005,6927,19649,12722
510410,2006,2990,9764,6774
510410,2007,2350,7522,5172
510410,2008,3660,10866,7206
510410,2009,2400,11286,8886
510410,2010,6000,19664,13664
510410,2011,5200,13414,8214
510410,2012,8385,14979,6594
510410,2013,16000,26330,10330
510410,2014,21030,38380,17350
510410,2015,28200,51956,23756
510410,2016,32951,58832,25881
510410,2017,39000,67876,28876
510410,2018,39000,65876,26876
510410,2019,54600,93978,39378
510410,2020,64000,99573,35573
510410,2021,65300,103673,38373
510420,1988,82325,119021,36696
510420,1989,86701,112311,25610
510420,1990,99208,118871,19663
510420,1991,67720,95300,27580
510420,1992,80000,100450,20450
510420,1993,77659,101857,24198
510420,1994,88044,115169,27125
510420,1995,79443,105702,26259
510420,1996,79751,117220,37469
510420,1997,81751,115265,33514
510420,1998,106431,147503,41072
510420,1999,95024,130310,35286
510420,2000,98750,146381,47631
510420,2001,85000,125552,40552
510420,2002,104660,140490,35830
510420,2003,104210,141661,37451
510420,2004,125733,170984,45251
510420,2005,135710,183337,47627
510420,2006,132000,182099,50099
510420,2007,118500,188766,70266
510420,2008,115000,175096,60096
510420,2009,130000,183986,53986
510420,2010,135006,189353,54347
510420,2011,127200,188922,61722
510420,2012,129000,207438,78438
510420,2013,142340,215784,73444
510420,2014,154214,230926,76712
510420,2015,146772,229057,82285
510420,2016,153000,223092,70092
510420,2017,154000,226864,72864
510420,2018,154000,223196,69196
510420,2019,154000,228028,74028
510420,2020,154000,221672,67672
510420,2021,153000,219672,66672
510450,1988,0,1916,1916
510450,1989,0,1541,1541
510450,1990,0,1664,1664
510450,1991,0,1210,1210
510450,1992,0,1164,1164
510450,1993,0,939,939
510450,1994,0,1060,1060
510450,1995,0,1293,1293
510450,1996,0,1225,1225
510450,1997,0,1242,1242
510450,1998,0,1081,1081
510450,1999,0,1051,1051
510450,2000,0,549,549
510450,2001,0,439,439
510450,2002,0,365,365
510450,2003,0,461,461
510450,2004,0,506,506
510450,2005,0,381,381
510450,2006,0,354,354
510450,2007,0,306,306
510450,2008,0,216,216
510450,2009,0,881,881
510450,2010,0,218,218
510450,2011,0,241,241
510450,2012,0,223,223
510450,2013,0,263,263
510450,2014,0,1063,1063
510450,2015,0,168,168
510450,2016,0,165,165
510450,2017,0,294,294
510450,2018,0,416,416
510450,2019,0,210,210
510450,2020,0,213,213
510450,2021,1496,1709,213
510455,1988,0,1840,1840
510455,1989,0,4694,4694
510455,1990,0,5540,5540
510455,1991,0,2870,2870
510455,1992,0,2920,2920
510455,1993,0,2399,2399
510455,1994,0,2850,2850
510455,1995,0,2046,2046
510455,1996,0,3167,3167
510455,1997,0,1912,1912
510455,1998,870,2800,1930
510455,1999,1040,5381,4341
510455,2000,1800,7852,6052
510455,2001,3500,7684,4184
510455,2002,3373,6724,3351
510455,2003,6500,10935,4435
510455,2004,10245,20192,9947
510455,2005,22580,41012,18432
510455,2006,17300,21115,3815
510455,2007,16800,21518,4718
510455,2008,16800,21748,4948
510455,2009,16800,21990,5190
510455,2010,7500,13417,5917
510455,2011,11667,15447,3780
510455,2012,25000,47496,22496
510455,2013,30000,45796,15796
510455,2014,28000,43251,15251
510455,2015,32000,42821,10821
510455,2016,45761,63202,17441
510455,2017,48000,70366,22366
510455,2018,48000,72376,24376
510455,2019,48000,72416,24416
510455,2020,51000,83416,32416
510455,2021,54200,87616,33416
510460,1988,88042,107876,19834
510460,1989,93200,103800,10600
510460,1990,117439,136285,18846
510460,1991,100000,121770,21770
510460,1992,120450,146612,26162
510460,1993,123442,161438,37996
510460,1994,125650,156829,31179
510460,1995,122397,159357,36960
510460,1996,108307,148425,40118
510460,1997,115888,153865,37977
510460,1998,125440,163292,37852
510460,1999,121250,163778,42528
510460,2000,118500,161962,43462
510460,2001,113500,160614,47114
510460,2002,136000,177418,41418
510460,2003,142000,190042,48042
510460,2004,175000,241975,66975
510460,2005,200480,264488,64008
510460,2006,163000,224858,61858
510460,2007,180000,232548,52548
510460,2008,180000,235247,55247
510460,2009,180000,238922,58922
510460,2010,200000,287512,87512
510460,2011,195000,275273,80273
510460,2012,198000,318499,120499
510460,2013,210000,352422,142422
510460,2014,177325,301914,124589
510460,2015,180000,306837,126837
510460,2016,180000,293154,113154
510460,2017,150760,271746,120986
510460,2018,180000,291442,111442
510460,2019,180000,296076,116076
510460,2020,180000,288473,108473
510460,2021,180000,286701,106701
510480,1988,64473,98815,34342
510480,1989,24500,37387,12887
510480,1990,22800,34301,11501
510480,1991,31186,50210,19024
510480,1992,35465,59510,24045
510480,1993,42970,66645,23675
510480,1994,45292,74162,28870
510480,1995,50880,86950,36070
510480,1996,44400,85667,41267
510480,1997,46270,84338,38068
510480,1998,52150,92046,39896
510480,1999,47590,92938,45348
510480,2000,48755,94384,45629
510480,2001,44895,94211,49316
510480,2002,51600,105464,53864
510480,2003,55000,113098,58098
510480,2004,58800,120195,61395
510480,2005,70300,134069,63769
510480,2006,61810,127703,65893
510480,2007,50800,119414,68614
510480,2008,57050,124211,67161
510480,2009,57000,130608,73608
510480,2010,61770,130133,68363
510480,2011,59815,133967,74152
510480,2012,61100,146319,85219
510480,2013,72672,151673,79001
510480,2014,76750,146747,69997
510480,2015,76750,155008,78258
510480,2016,87470,162645,75175
510480,2017,91500,167537,76037
510480,2018,101800,175164,73364
510480,2019,85000,157604,72604
510480,2020,83127,152926,69799
510480,2021,88200,150519,62319
510490,1988,0,0,0
510490,1989,800,6041,5241
510490,1990,140,4349,4209
510490,1991,40,3772,3732
510490,1992,300,6874,6574
510490,1993,0,5252,5252
510490,1994,0,3269,3269
510490,1995,300,3761,3461
510490,1996,510,3918,3408
510490,1997,600,3279,2679
510490,1998,500,3957,3457
510490,1999,570,3408,2838
510490,2000,405,3536,3131
510490,2001,550,3528,2978
510490,2002,300,3443,3143
510490,2003,1000,3938,2938
510490,2004,700,4698,3998
510490,2005,300,3729,3429
510490,2006,250,2873,2623
510490,2007,300,2118,1818
510490,2008,320,2128,1808
510490,2009,300,1697,1397
510490,2010,3000,4182,1182
510490,2011,360,1600,1240
510490,2012,0,932,932
510490,2013,250,1280,1030
510490,2014,170,1072,902
510490,2015,320,1175,855
510490,2016,320,1118,798
510490,2017,320,1038,718
510490,2018,680,1353,673
510490,2019,848,1564,716
510490,2020,2115,3556,1441
510490,2021,2110,3405,1295
510500,1988,0,14282,14282
510500,1989,0,16872,16872
510500,1990,0,14690,14690
510500,1991,0,11166,11166
510500,1992,0,9541,9541
510500,1993,0,4950,4950
510500,1994,0,6672,6672
510500,1995,0,3815,3815
510500,1996,0,2373,2373
510500,1997,0,2365,2365
510500,1998,0,1146,1146
510500,1999,0,802,802
510500,2000,0,1280,1280
510500,2001,0,876,876
510500,2002,0,1957,1957
510500,2003,0,578,578
510500,2004,0,593,593
510500,2005,0,528,528
510500,2006,0,410,410
510500,2007,0,400,400
510500,2008,0,460,460
510500,2009,0,600,600
510500,2010,0,260,260
510500,2011,0,550,550
510500,2012,0,574,574
510500,2013,0,270,270
510500,2014,0,233,233
510500,2015,0,110,110
510500,2016,0,97,97
510500,2017,0,128,128
510500,2018,0,300,300
510500,2019,0,193,193
510500,2020,0,195,195
510500,2021,0,226,226
510515,1988,0,31284,31284
510515,1989,0,25285,25285
510515,1990,0,11368,11368
510515,1991,0,12155,12155
510515,1992,0,11327,11327
510515,1993,0,9470,9470
510515,1994,0,7976,7976
510515,1995,0,9661,9661
510515,1996,0,9006,9006
510515,1997,0,9290,9290
510515,1998,0,12386,12386
510515,1999,0,13722,13722
510515,2000,0,13294,13294
510515,2001,0,13634,13634
510515,2002,0,13380,13380
510515,2003,46,15069,15023
510515,2004,46,9956,9910
510515,2005,700,10970,10270
510515,2006,400,8864,8464
510515,2007,0,8895,8895
510515,2008,0,8848,8848
510515,2009,0,8248,8248
510515,2010,0,7772,7772
510515,2011,0,4340,4340
510515,2012,0,4343,4343
510515,2013,800,5393,4593
510515,2014,1600,8693,7093
510515,2015,8500,18974,10474
510515,2016,6000,13910,7910
510515,2017,5500,13085,7585
510515,2018,8000,16367,8367
510515,2019,8000,15910,7910
510515,2020,10446,18856,8410
510515,2021,14204,24134,9930
510517,1988,0,0,0
510517,1989,0,6135,6135
510517,1990,0,3175,3175
510517,1991,0,2595,2595
510517,1992,0,2445,2445
510517,1993,0,3630,3630
510517,1994,0,3281,3281
510517,1995,0,4727,4727
510517,1996,0,3907,3907
510517,1997,0,3447,3447
510517,1998,0,5825,5825
510517,1999,0,5894,5894
510517,2000,0,6635,6635
510517,2001,0,8867,8867
510517,2002,0,8718,8718
510517,2003,0,8077,8077
510517,2004,0,10618,10618
510517,2005,0,9310,9310
510517,2006,0,12909,12909
510517,2007,0,10716,10716
510517,2008,0,10221,10221
510517,2009,0,8111,8111
510517,2010,0,6643,6643
510517,2011,0,5459,5459
510517,2012,0,6004,6004
510517,2013,0,4660,4660
510517,2014,0,4120,4120
510517,2015,14,4249,4235
510517,2016,0,3851,3851
510517,2017,160,5043,4883
510517,2018,800,6786,5986
510517,2019,800,7409,6609
510517,2020,1112,6374,5262
510517,2021,1486,7518,6032
510520,1988,8150,17886,9736
510520,1989,9500,18933,9433
510520,1990,8080,13297,5217
510520,1991,6600,12040,5440
510520,1992,6170,13367,7197
510520,1993,7500,15715,8215
510520,1994,7500,16134,8634
510520,1995,9000,18351,9351
510520,1996,8100,17345,9245
510520,1997,10453,19267,8814
510520,1998,14400,21425,7025
510520,1999,15544,24142,8598
510520,2000,14270,22412,8142
510520,2001,15000,23085,8085
510520,2002,15000,23626,8626
510520,2003,22460,33633,11173
510520,2004,31200,44062,12862
510520,2005,35840,50243,14403
510520,2006,30464,49676,19212
510520,2007,31670,51436,19766
510520,2008,32800,49220,16420
510520,2009,35140,51484,16344
510520,2010,36000,50930,14930
510520,2011,32190,53493,21303
510520,2012,30500,52096,21596
510520,2013,34148,53326,19178
510520,2014,33300,51747,18447
510520,2015,33300,49812,16512
510520,2016,27000,45853,18853
510520,2017,30000,44199,14199
510520,2018,29000,45193,16193
510520,2019,27000,45702,18702
510520,2020,35423,49908,14485
510520,2021,35400,50047,14647
510525,1988,0,0,0
510525,1989,73000,87504,14504
510525,1990,65351,72921,7570
510525,1991,36760,62172,25412
510525,1992,69000,90292,21292
510525,1993,75000,104933,29933
510525,1994,123000,164975,41975
510525,1995,130000,189453,59453
510525,1996,105040,170331,65291
510525,1997,100000,184606,84606
510525,1998,140000,185639,45639
510525,1999,152500,268785,116285
510525,2000,160000,258553,98553
510525,2001,175000,273725,98725
510525,2002,180000,314343,134343
510525,2003,200500,357674,157174
510525,2004,216237,340975,124738
510525,2005,221906,383199,161293
510525,2006,224420,384926,160506
510525,2007,215535,412406,196871
510525,2008,225830,409446,183616
510525,2009,223500,378970,155470
510525,2010,235800,421300,185500
510525,2011,226200,395597,169397
510525,2012,225500,420802,195302
510525,2013,238474,443511,205037
510525,2014,256474,439652,183178
510525,2015,238000,437786,199786
510525,2016,237000,453201,216201
510525,2017,217587,439702,222115
510525,2018,230000,442638,212638
510525,2019,235000,451084,216084
510525,2020,235000,447588,212588
510525,2021,235000,460333,225333
510530,1988,1540,12845,11305
510530,1989,1960,15282,13322
510530,1990,784,10981,10197
510530,1991,500,4823,4323
510530,1992,0,15099,15099
510530,1993,0,6204,6204
510530,1994,0,5745,5745
510530,1995,0,6230,6230
510530,1996,0,2195,2195
510530,1997,0,2647,2647
510530,1998,120,2449,2329
510530,1999,0,3731,3731
510530,2000,500,5523,5023
510530,2001,0,6700,6700
510530,2002,0,5528,5528
510530,2003,1000,8353,7353
510530,2004,8700,31963,23263
510530,2005,12500,31054,18554
510530,2006,12500,21041,8541
510530,2007,9200,16605,7405
510530,2008,14890,22710,7820
510530,2009,18000,26760,8760
510530,2010,18350,26660,8310
510530,2011,22600,29945,7345
510530,2012,43520,71255,27735
510530,2013,47944,71569,23625
510530,2014,89500,136765,47265
510530,2015,95350,122315,26965
510530,2016,93790,139930,46140
510530,2017,89690,140034,50344
510530,2018,100928,157292,56364
510530,2019,118500,183735,65235
510530,2020,145600,219765,74165
510530,2021,155600,234260,78660
510550,1988,16515,55328,38813
510550,1989,28150,67981,39831
510550,1990,25000,39984,14984
510550,1991,10000,28713,18713
510550,1992,20000,50322,30322
510550,1993,32000,49831,17831
510550,1994,52000,73349,21349
510550,1995,65600,91711,26111
510550,1996,69000,97987,28987
510550,1997,81700,108868,27168
510550,1998,103225,132690,29465
510550,1999,112680,154661,41981
510550,2000,115420,156507,41087
510550,2001,134103,184555,50452
510550,2002,161142,202668,41526
510550,2003,188879,256493,67614
510550,2004,223368,317909,94541
510550,2005,260725,363843,103118
510550,2006,287433,389647,102214
510550,2007,209957,347133,137176
510550,2008,228350,381863,153513
510550,2009,225843,361081,135238
510550,2010,242550,360659,118109
510550,2011,231568,383162,151594
510550,2012,240750,410469,169719
510550,2013,279115,458617,179502
510550,2014,281780,484510,202730
510550,2015,287330,490941,203611
510550,2016,286792,513859,227067
510550,2017,296983,547189,250206
510550,2018,307006,551250,244244
510550,2019,326360,581642,255282
510550,2020,343590,596507,252917
510550,2021,355620,670520,314900
510560,1988,0,0,0
510560,1989,0,3462,3462
510560,1990,0,2765,2765
510560,1991,0,2795,2795
510560,1992,0,7145,7145
510560,1993,0,1927,1927
510560,1994,0,1995,1995
510560,1995,0,1795,1795
510560,1996,0,5473,5473
510560,1997,0,5722,5722
510560,1998,65,13829,13764
510560,1999,120,17809,17689
510560,2000,50,24439,24389
510560,2001,1700,17159,15459
510560,2002,2500,17063,14563
510560,2003,3028,21223,18195
510560,2004,3915,16012,12097
510560,2005,4632,18420,13788
510560,2006,2000,10089,8089
510560,2007,1400,8803,7403
510560,2008,2000,11728,9728
510560,2009,2000,10155,8155
510560,2010,2000,8498,6498
510560,2011,3500,8378,4878
510560,2012,7000,12380,5380
510560,2013,20125,25505,5380
510560,2014,23950,41130,17180
510560,2015,38955,63145,24190
510560,2016,40000,68158,28158
510560,2017,38000,66308,28308
510560,2018,38000,61108,23108
510560,2019,41000,79608,38608
510560,2020,45000,83808,38808
510560,2021,45000,83608,38608
510590,1988,51582,77467,25885
510590,1989,50000,63319,13319
510590,1990,29000,35519,6519
510590,1991,18850,29069,10219
510590,1992,25000,38143,13143
510590,1993,4367,8909,4542
510590,1994,5000,9177,4177
510590,1995,5800,9715,3915
510590,1996,3000,6715,3715
510590,1997,3606,7411,3805
510590,1998,3200,6605,3405
510590,1999,2606,7869,5263
510590,2000,4300,9918,5618
510590,2001,2550,6398,3848
510590,2002,3000,6814,3814
510590,2003,5010,8238,3228
510590,2004,2500,8497,5997
510590,2005,29590,39560,9970
510590,2006,12860,18869,6009
510590,2007,6000,13127,7127
510590,2008,8000,14323,6323
510590,2009,8000,12250,4250
510590,2010,8600,13038,4438
510590,2011,16650,23602,6952
510590,2012,19940,31201,11261
510590,2013,23000,35784,12784
510590,2014,37000,58125,21125
510590,2015,42000,53727,11727
510590,2016,42000,65795,23795
510590,2017,40792,64249,23457
510590,2018,37440,56750,19310
510590,2019,40770,64902,24132
510590,2020,44535,69994,25459
510590,2021,45654,70283,24629
510600,1988,938,3258,2320
510600,1989,600,2231,1631
510600,1990,1200,2431,1231
510600,1991,684,1671,987
510600,1992,800,1796,996
510600,1993,5100,5766,666
510600,1994,1500,2239,739
510600,1995,6015,6461,446
510600,1996,2600,4188,1588
510600,1997,5845,8260,2415
510600,1998,7850,12133,4283
510600,1999,5181,10489,5308
510600,2000,5981,8025,2044
510600,2001,7525,11402,3877
510600,2002,11876,12530,654
510600,2003,11460,12931,1471
510600,2004,13514,14517,1003
510600,2005,16576,19211,2635
510600,2006,14696,17582,2886
510600,2007,11091,14656,3565
510600,2008,12740,16014,3274
510600,2009,13500,16616,3116
510600,2010,14300,19798,5498
510600,2011,16000,21280,5280
510600,2012,16000,23880,7880
510600,2013,17200,21880,4680
510600,2014,18000,21180,3180
510600,2015,18000,21180,3180
510600,2016,18000,21180,3180
510600,2017,20000,30380,10380
510600,2018,22000,28480,6480
510600,2019,26000,39825,13825
510600,2020,26000,46265,20265
510600,2021,28000,52328,24328
510610,1988,2100,19445,17345
510610,1989,200,11275,11075
510610,1990,380,13412,13032
510610,1991,0,11306,11306
510610,1992,0,8378,8378
510610,1993,480,5905,5425
510610,1994,0,5395,5395
510610,1995,0,4595,4595
510610,1996,0,4930,4930
510610,1997,0,3882,3882
510610,1998,0,4214,4214
510610,1999,200,4526,4326
510610,2000,0,4263,4263
510610,2001,0,4718,4718
510610,2002,0,3798,3798
510610,2003,0,4804,4804
510610,2004,0,5047,5047
510610,2005,0,3117,3117
510610,2006,0,3321,3321
510610,2007,0,2426,2426
510610,2008,0,2308,2308
510610,2009,0,2266,2266
510610,2010,0,1935,1935
510610,2011,0,1875,1875
510610,2012,0,1803,1803
510610,2013,0,1830,1830
510610,2014,300,2310,2010
510610,2015,1700,3876,2176
510610,2016,1950,3652,1702
510610,2017,1950,3005,1055
510610,2018,1850,3600,1750
510610,2019,600,1984,1384
510610,2020,600,1912,1312
510610,2021,2988,4064,1076
510621,1988,0,11850,11850
510621,1989,0,17900,17900
510621,1990,0,13300,13300
510621,1991,0,12240,12240
510621,1992,0,9710,9710
510621,1993,0,7950,7950
510621,1994,0,6412,6412
510621,1995,0,9415,9415
510621,1996,0,9580,9580
510621,1997,0,5197,5197
510621,1998,24,5412,5388
510621,1999,0,5888,5888
510621,2000,0,5373,5373
510621,2001,300,6290,5990
510621,2002,300,3727,3427
510621,2003,1200,5341,4141
510621,2004,2490,7903,5413
510621,2005,3000,10574,7574
510621,2006,4220,9723,5503
510621,2007,3200,9312,6112
510621,2008,5500,14623,9123
510621,2009,4500,10805,6305
510621,2010,15000,20400,5400
510621,2011,11810,21904,10094
510621,2012,23000,41065,18065
510621,2013,30000,60292,30292
510621,2014,37500,59281,21781
510621,2015,31660,44242,12582
510621,2016,30500,48748,18248
510621,2017,30446,47463,17017
510621,2018,35780,46860,11080
510621,2019,39319,64769,25450
510621,2020,44000,71808,27808
510621,2021,51933,74873,22940
510622,1988,0,0,0
510622,1989,75000,87418,12418
510622,1990,66870,74030,7160
510622,1991,55000,68345,13345
510622,1992,80000,100165,20165
510622,1993,120000,147673,27673
510622,1994,147060,178541,31481
510622,1995,164000,189615,25615
510622,1996,105164,144095,38931
510622,1997,110164,149774,39610
510622,1998,142500,188394,45894
510622,1999,136000,195899,59899
510622,2000,175500,240462,64962
510622,2001,225000,280353,55353
510622,2002,279700,342782,63082
510622,2003,335045,462431,127386
510622,2004,417240,608978,191738
510622,2005,463450,618807,155357
510622,2006,486952,605831,118879
510622,2007,454000,641782,187782
510622,2008,468340,655032,186692
510622,2009,470000,619557,149557
510622,2010,473000,634011,161011
510622,2011,520000,686161,166161
510622,2012,510327,768293,257966
510622,2013,550337,877034,326697
510622,2014,571500,881362,309862
510622,2015,572500,883286,310786
510622,2016,579893,946693,366800
510622,2017,537496,971426,433930
510622,2018,552000,929633,377633
510622,2019,562000,983668,421668
510622,2020,565000,1015849,450849
510622,2021,570000,999873,429873
510623,1988,40,5773,5733
510623,1989,0,7908,7908
510623,1990,0,10368,10368
510623,1991,0,9096,9096
510623,1992,0,9402,9402
510623,1993,0,8757,8757
510623,1994,0,9596,9596
510623,1995,0,15143,15143
510623,1996,2831,21823,18992
510623,1997,0,18496,18496
510623,1998,0,18792,18792
510623,1999,0,19737,19737
510623,2000,0,18843,18843
510623,2001,0,19912,19912
510623,2002,0,19214,19214
510623,2003,0,21212,21212
510623,2004,0,19339,19339
510623,2005,0,19652,19652
510623,2006,0,20064,20064
510623,2007,0,28966,28966
510623,2008,0,28323,28323
510623,2009,0,23828,23828
510623,2010,0,23695,23695
510623,2011,0,22072,22072
510623,2012,0,23766,23766
510623,2013,0,23303,23303
510623,2014,0,22664,22664
510623,2015,0,23502,23502
510623,2016,0,23608,23608
510623,2017,0,23444,23444
510623,2018,0,24309,24309
510623,2019,0,23537,23537
510623,2020,0,23779,23779
510623,2021,3200,23335,20135
510625,1988,19063,33996,14933
510625,1989,27432,40397,12965
510625,1990,25000,35787,10787
510625,1991,10672,19172,8500
510625,1992,8000,28703,20703
510625,1993,10752,22486,11734
510625,1994,18763,25595,6832
510625,1995,15848,21258,5410
510625,1996,6000,14015,8015
510625,1997,12878,21313,8435
510625,1998,18000,26770,8770
510625,1999,14191,24503,10312
510625,2000,16000,20256,4256
510625,2001,18000,25223,7223
510625,2002,20000,26275,6275
510625,2003,26912,33940,7028
510625,2004,36250,44733,8483
510625,2005,36000,42888,6888
510625,2006,26416,30674,4258
510625,2007,20000,25521,5521
510625,2008,33797,39821,6024
510625,2009,33000,40824,7824
510625,2010,38162,44372,6210
510625,2011,40000,48469,8469
510625,2012,45150,59173,14023
510625,2013,55000,67236,12236
510625,2014,58000,71573,13573
510625,2015,60000,73493,13493
510625,2016,60000,76401,16401
510625,2017,65000,82910,17910
510625,2018,60000,76650,16650
510625,2019,65000,81155,16155
510625,2020,65000,80784,15784
510625,2021,65000,77339,12339
510627,1988,0,3913,3913
510627,1989,0,8035,8035
510627,1990,0,2115,2115
510627,1991,0,2845,2845
510627,1992,0,2938,2938
510627,1993,0,2998,2998
510627,1994,0,2254,2254
510627,1995,0,2497,2497
510627,1996,0,1889,1889
510627,1997,0,1701,1701
510627,1998,0,2196,2196
510627,1999,0,1754,1754
510627,2000,0,1922,1922
510627,2001,0,3795,3795
510627,2002,0,4776,4776
510627,2003,0,4049,4049
510627,2004,0,4460,4460
510627,2005,0,2377,2377
510627,2006,0,1795,1795
510627,2007,0,2066,2066
510627,2008,0,2451,2451
510627,2009,0,734,734
510627,2010,0,1393,1393
510627,2011,0,844,844
510627,2012,0,858,858
510627,2013,0,992,992
510627,2014,600,2622,2022
510627,2015,4049,7034,2985
510627,2016,5000,8662,3662
510627,2017,5500,10652,5152
510627,2018,5500,9332,3832
510627,2019,4200,8212,4012
510627,2020,6000,10832,4832
510627,2021,6000,10032,4032
510628,1988,25184,59610,34426
510628,1989,37000,66940,29940
510628,1990,32135,45685,13550
510628,1991,33525,41504,7979
510628,1992,43461,73518,30057
510628,1993,53710,77125,23415
510628,1994,105000,127578,22578
510628,1995,136000,164005,28005
510628,1996,87431,125561,38130
510628,1997,83060,125741,42681
510628,1998,92000,138540,46540
510628,1999,89741,148092,58351
510628,2000,127105,179769,52664
510628,2001,122170,170645,48475
510628,2002,152600,206037,53437
510628,2003,178100,232454,54354
510628,2004,198518,249193,50675
510628,2005,210634,262109,51475
510628,2006,185100,227492,42392
510628,2007,170000,246413,76413
510628,2008,179000,249373,70373
510628,2009,181360,250681,69321
510628,2010,193797,286436,92639
510628,2011,193354,303308,109954
510628,2012,194700,322413,127713
510628,2013,204400,334899,130499
510628,2014,204370,334069,129699
510628,2015,206470,325056,118586
510628,2016,181965,281049,99084
510628,2017,186516,322694,136178
510628,2018,170090,307973,137883
510628,2019,159836,303877,144041
510628,2020,166312,317992,151680
510628,2021,178000,323115,145115
510629,1988,0,5961,5961
510629,1989,120,12258,12138
510629,1990,0,8911,8911
510629,1991,0,9393,9393
510629,1992,0,3493,3493
510629,1993,0,6657,6657
510629,1994,0,5336,5336
510629,1995,0,6477,6477
510629,1996,0,4591,4591
510629,1997,0,5253,5253
510629,1998,200,8880,8680
510629,1999,0,12761,12761
510629,2000,0,15345,15345
510629,2001,300,10465,10165
510629,2002,526,9735,9209
510629,2003,1000,8770,7770
510629,2004,1532,9394,7862
510629,2005,848,8006,7158
510629,2006,500,4643,4143
510629,2007,0,4293,4293
510629,2008,0,4458,4458
510629,2009,0,3958,3958
510629,2010,0,3403,3403
510629,2011,0,3196,3196
510629,2012,0,1867,1867
510629,2013,200,2745,2545
510629,2014,638,3488,2850
510629,2015,1250,4597,3347
510629,2016,1750,4500,2750
510629,2017,2598,4968,2370
510629,2018,3460,5909,2449
510629,2019,7923,11774,3851
510629,2020,15372,22053,6681
510629,2021,15805,22063,6258
510630,1988,3187,65357,62170
510630,1989,16000,69449,53449
510630,1990,7500,35577,28077
510630,1991,3000,26697,23697
510630,1992,2517,66839,64322
510630,1993,1090,80170,79080
510630,1994,3700,71487,67787
510630,1995,10000,60247,50247
510630,1996,6270,58051,51781
510630,1997,6950,46852,39902
510630,1998,10110,53667,43557
510630,1999,6304,71288,64984
510630,2000,14635,90201,75566
510630,2001,19750,75175,55425
510630,2002,22425,64801,42376
510630,2003,50512,88555,38043
510630,2004,91470,156109,64639
510630,2005,103582,191054,87472
510630,2006,83200,111467,28267
510630,2007,79350,114938,35588
510630,2008,114280,156301,42021
510630,2009,136180,191930,55750
510630,2010,156178,212779,56601
510630,2011,169550,228441,58891
510630,2012,223438,294034,70596
510630,2013,306659,395265,88606
510630,2014,380163,454648,74485
510630,2015,401013,503742,102729
510630,2016,422000,500120,78120
510630,2017,412000,504835,92835
510630,2018,466598,563977,97379
510630,2019,519333,741107,221774
510630,2020,503424,712109,208685
510630,2021,470456,687579,217123
510637,1988,44920,59139,14219
510637,1989,45000,56790,11790
510637,1990,35761,44768,9007
510637,1991,36473,49180,12707
510637,1992,48600,57568,8968
510637,1993,48100,57994,9894
510637,1994,50969,62355,11386
510637,1995,48151,62486,14335
510637,1996,46170,64340,18170
510637,1997,48150,62658,14508
510637,1998,49487,65145,15658
510637,1999,47487,69307,21820
510637,2000,42244,63668,21424
510637,2001,29607,69422,39815
510637,2002,40000,86904,46904
510637,2003,36000,69787,33787
510637,2004,37500,81884,44384
510637,2005,38288,82574,44286
510637,2006,37500,81076,43576
510637,2007,34000,76583,42583
510637,2008,33000,73723,40723
510637,2009,41500,74331,32831
510637,2010,41500,78298,36798
510637,2011,40000,81174,41174
510637,2012,44000,81307,37307
510637,2013,55365,89174,33809
510637,2014,53910,94709,40799
510637,2015,57046,98297,41251
510637,2016,54000,93176,39176
510637,2017,65390,108539,43149
510637,2018,65964,109130,43166
510637,2019,65964,115853,49889
510637,2020,65964,113014,47050
510637,2021,65964,109014,43050
510650,1988,225,16939,16714
510650,1989,400,9715,9315
510650,1990,0,10138,10138
510650,1991,0,4968,4968
510650,1992,0,5448,5448
510650,1993,0,5669,5669
510650,1994,0,2801,2801
510650,1995,400,5605,5205
510650,1996,0,5752,5752
510650,1997,0,6535,6535
510650,1998,0,6934,6934
510650,1999,0,6969,6969
510650,2000,0,5359,5359
510650,2001,0,6153,6153
510650,2002,0,6041,6041
510650,2003,0,8794,8794
510650,2004,340,7830,7490
510650,2005,300,8199,7899
510650,2006,0,7686,7686
510650,2007,0,7366,7366
510650,2008,0,4681,4681
510650,2009,350,7295,6945
510650,2010,0,5928,5928
510650,2011,0,1501,1501
510650,2012,0,5464,5464
510650,2013,1035,7480,6445
510650,2014,2420,8328,5908
510650,2015,5302,6764,1462
510650,2016,7130,8275,1145
510650,2017,8450,9714,1264
510650,2018,8020,9121,1101
510650,2019,8070,8944,874
510650,2020,11020,12194,1174
510650,2021,9520,10377,857
510670,1988,1500,4620,3120
510670,1989,2000,4180,2180
510670,1990,3600,4470,870
510670,1991,700,2400,1700
510670,1992,1000,3687,2687
510670,1993,305,2584,2279
510670,1994,595,1651,1056
510670,1995,714,2155,1441
510670,1996,220,1443,1223
510670,1997,425,1177,752
510670,1998,2340,3785,1445
510670,1999,7500,8305,805
510670,2000,7140,8055,915
510670,2001,7300,8270,970
510670,2002,7500,8177,677
510670,2003,10700,11023,323
510670,2004,12400,14215,1815
510670,2005,12420,14857,2437
510670,2006,12920,13738,818
510670,2007,8940,9820,880
510670,2008,8940,10675,1735
510670,2009,8940,11660,2720
510670,2010,11960,16660,4700
510670,2011,13500,22552,9052
510670,2012,12595,23017,10422
510670,2013,15000,20877,5877
510670,2014,23990,29423,5433
510670,2015,24000,31750,7750
510670,2016,18000,24478,6478
510670,2017,20180,29491,9311
510670,2018,25180,34492,9312
510670,2019,20442,29754,9312
510670,2020,20442,29754,9312
510670,2021,17800,35020,17220
510675,1988,0,17213,17213
510675,1989,0,21284,21284
510675,1990,0,16406,16406
510675,1991,0,10028,10028
510675,1992,0,11375,11375
510675,1993,0,10360,10360
510675,1994,100,12984,12884
510675,1995,550,13555,13005
510675,1996,0,11267,11267
510675,1997,0,10110,10110
510675,1998,0,8382,8382
510675,1999,0,8132,8132
510675,2000,0,7121,7121
510675,2001,0,9712,9712
510675,2002,0,6362,6362
510675,2003,17,8491,8474
510675,2004,2240,19018,16778
510675,2005,7720,15250,7530
510675,2006,5500,15993,10493
510675,2007,5750,14725,8975
510675,2008,7000,18604,11604
510675,2009,7700,20777,13077
510675,2010,6700,17300,10600
510675,2011,6900,19000,12100
510675,2012,7700,19550,11850
510675,2013,9000,22484,13484
510675,2014,11050,27604,16554
510675,2015,21427,33805,12378
510675,2016,18230,33555,15325
510675,2017,19240,37463,18223
510675,2018,23680,42749,19069
510675,2019,25039,42685,17646
510675,2020,31948,49167,17219
510675,2021,39420,59207,19787
510680,1988,60,86132,86072
510680,1989,50,78149,78099
510680,1990,150,76223,76073
510680,1991,80,62039,61959
510680,1992,0,52871,52871
510680,1993,0,56753,56753
510680,1994,0,50444,50444
510680,1995,0,53347,53347
510680,1996,0,42267,42267
510680,1997,0,40236,40236
510680,1998,1900,52829,50929
510680,1999,1000,62276,61276
510680,2000,3000,81702,78702
510680,2001,9250,83417,74167
510680,2002,16692,83278,66586
510680,2003,21311,88334,67023
510680,2004,71573,175912,104339
510680,2005,117815,253211,135396
510680,2006,118815,182811,63996
510680,2007,81150,146823,65673
510680,2008,135730,238988,103258
510680,2009,89700,156732,67032
510680,2010,77531,134438,56907
510680,2011,160170,250661,90491
510680,2012,201799,318458,116659
510680,2013,259069,417189,158120
510680,2014,304490,446317,141827
510680,2015,334560,537987,203427
510680,2016,341664,525391,183727
510680,2017,396145,665257,269112
510680,2018,383065,645393,262328
510680,2019,406279,694508,288229
510680,2020,430011,738314,308303
510680,2021,482196,801738,319542
510682,1988,250,22647,22397
510682,1989,0,15655,15655
510682,1990,100,12647,12547
510682,1991,0,10557,10557
510682,1992,0,10732,10732
510682,1993,800,12040,11240
510682,1994,800,13098,12298
510682,1995,900,11977,11077
510682,1996,0,7548,7548
510682,1997,0,7049,7049
510682,1998,0,4403,4403
510682,1999,0,3983,3983
510682,2000,0,3898,3898
510682,2001,0,4531,4531
510682,2002,0,3773,3773
510682,2003,5,3637,3632
510682,2004,0,4558,4558
510682,2005,280,3458,3178
510682,2006,260,1885,1625
510682,2007,260,2255,1995
510682,2008,0,2005,2005
510682,2009,0,2080,2080
510682,2010,0,1875,1875
510682,2011,0,2204,2204
510682,2012,0,1504,1504
510682,2013,0,1824,1824
510682,2014,0,2407,2407
510682,2015,0,725,725
510682,2016,0,692,692
510682,2017,0,729,729
510682,2018,0,825,825
510682,2019,2314,4015,1701
510682,2020,3776,5396,1620
510682,2021,2474,4029,1555
510700,1988,16621,25397,8776
510700,1989,20209,27398,7189
510700,1990,22646,28635,5989
510700,1991,20195,25300,5105
510700,1992,23978,33935,9957
510700,1993,28774,37279,8505
510700,1994,33090,41504,8414
510700,1995,30165,39876,9711
510700,1996,28486,41702,13216
510700,1997,29924,42897,12973
510700,1998,35000,47650,12650
510700,1999,35000,53382,18382
510700,2000,35000,52261,17261
510700,2001,35000,52020,17020
510700,2002,37450,52686,15236
510700,2003,45400,66003,20603
510700,2004,48000,70041,22041
510700,2005,51000,72723,21723
510700,2006,40800,62641,21841
510700,2007,39800,72887,33087
510700,2008,43800,78713,34913
510700,2009,48000,77300,29300
510700,2010,50150,81746,31596
510700,2011,52500,92368,39868
510700,2012,54070,95492,41422
510700,2013,57000,100781,43781
510700,2014,58000,105613,47613
510700,2015,58000,104675,46675
510700,2016,53500,94982,41482
510700,2017,57000,103516,46516
510700,2018,57000,97797,40797
510700,2019,64000,105172,41172
510700,2020,64000,104972,40972
510700,2021,64500,107081,42581
510704,1988,100686,132962,32276
510704,1989,130080,158154,28074
510704,1990,136733,151340,14607
510704,1991,114856,134262,19406
510704,1992,132041,159133,27092
510704,1993,153500,186371,32871
510704,1994,161175,192776,31601
510704,1995,167445,197856,30411
510704,1996,147352,192757,45405
510704,1997,143329,198980,55651
510704,1998,159000,206195,47195
510704,1999,146000,209367,63367
510704,2000,170000,238040,68040
510704,2001,183000,255017,72017
510704,2002,220000,293091,73091
510704,2003,251500,315445,63945
510704,2004,262680,347706,85026
510704,2005,278189,359950,81761
510704,2006,220000,300725,80725
510704,2007,200000,333316,133316
510704,2008,210000,348441,138441
510704,2009,220000,353681,133681
510704,2010,224600,357738,133138
510704,2011,236919,403164,166245
510704,2012,240000,422325,182325
510704,2013,254250,434522,180272
510704,2014,251500,439824,188324
510704,2015,263863,445600,181737
510704,2016,246150,418283,172133
510704,2017,261000,439417,178417
510704,2018,280000,444199,164199
510704,2019,270000,437497,167497
510704,2020,257000,422930,165930
510704,2021,270000,472065,202065
510710,1988,0,27895,27895
510710,1989,0,31110,31110
510710,1990,34,20924,20890
510710,1991,0,19629,19629
510710,1992,0,11680,11680
510710,1993,0,9247,9247
510710,1994,0,12814,12814
510710,1995,0,11183,11183
510710,1996,0,8017,8017
510710,1997,0,6783,6783
510710,1998,0,6736,6736
510710,1999,0,5262,5262
510710,2000,0,4093,4093
510710,2001,0,4725,4725
510710,2002,0,4214,4214
510710,2003,0,3337,3337
510710,2004,470,3137,2667
510710,2005,1400,3427,2027
510710,2006,1550,3578,2028
510710,2007,1500,3088,1588
510710,2008,180,2294,2114
510710,2009,180,2008,1828
510710,2010,235,1026,791
510710,2011,235,1110,875
510710,2012,235,940,705
510710,2013,250,1245,995
510710,2014,250,1385,1135
510710,2015,250,1017,767
510710,2016,2200,2720,520
510710,2017,2100,3115,1015
510710,2018,2100,2645,545
510710,2019,2200,3011,811
510710,2020,2310,3134,824
510710,2021,2496,3283,787
510715,1988,0,4762,4762
510715,1989,0,4082,4082
510715,1990,0,4257,4257
510715,1991,0,1242,1242
510715,1992,0,1071,1071
510715,1993,0,280,280
510715,1994,0,424,424
510715,1995,0,560,560
510715,1996,0,500,500
510715,1997,0,543,543
510715,1998,0,643,643
510715,1999,0,909,909
510715,2000,0,676,676
510715,2001,0,536,536
510715,2002,0,326,326
510715,2003,0,238,238
510715,2004,0,410,410
510715,2005,0,570,570
510715,2006,0,167,167
510715,2007,0,185,185
510715,2008,0,215,215
510715,2009,0,210,210
510715,2010,0,165,165
510715,2011,0,230,230
510715,2012,0,255,255
510715,2013,0,362,362
510715,2014,0,572,572
510715,2015,0,160,160
510715,2016,0,95,95
510715,2017,0,87,87
510715,2018,0,87,87
510715,2019,0,90,90
510715,2020,0,90,90
510715,2021,0,90,90
510730,1988,6000,12862,6862
510730,1989,2510,10318,7808
510730,1990,19500,37688,18188
510730,1991,12400,22069,9669
510730,1992,12000,52553,40553
510730,1993,18340,39950,21610
510730,1994,25557,44166,18609
510730,1995,27900,43497,15597
510730,1996,25000,40752,15752
510730,1997,32440,47496,15056
510730,1998,35784,56091,20307
510730,1999,44560,73959,29399
510730,2000,46000,71747,25747
510730,2001,50557,75673,25116
510730,2002,90866,109694,18828
510730,2003,97585,119407,21822
510730,2004,102033,147251,45218
510730,2005,141267,199318,58051
510730,2006,146842,182113,35271
510730,2007,121823,162494,40671
510730,2008,182300,251987,69687
510730,2009,179086,237745,58659
510730,2010,203492,266067,62575
510730,2011,246532,316623,70091
510730,2012,235000,322724,87724
510730,2013,272500,374963,102463
510730,2014,288800,403537,114737
510730,2015,300000,393243,93243
510730,2016,298333,406596,108263
510730,2017,288530,455767,167237
510730,2018,300000,452556,152556
510730,2019,320000,502706,182706
510730,2020,328000,552814,224814
510730,2021,325000,525391,200391
510770,1988,6297,18479,12182
510770,1989,10000,19512,9512
510770,1990,5000,10372,5372
510770,1991,2956,9601,6645
510770,1992,2830,10054,7224
510770,1993,1200,9512,8312
510770,1994,0,5871,5871
510770,1995,800,4912,4112
510770,1996,600,3528,2928
510770,1997,600,6916,6316
510770,1998,700,6375,5675
510770,1999,800,4525,3725
510770,2000,600,4132,3532
510770,2001,1500,3252,1752
510770,2002,200,2963,2763
510770,2003,200,5072,4872
510770,2004,3600,7086,3486
510770,2005,4500,10678,6178
510770,2006,1600,5316,3716
510770,2007,1600,6618,5018
510770,2008,1600,6420,4820
510770,2009,1600,5615,4015
510770,2010,3500,6657,3157
510770,2011,4525,8303,3778
510770,2012,6783,11966,5183
510770,2013,11035,17678,6643
510770,2014,19530,29329,9799
510770,2015,22000,28872,6872
510770,2016,23100,27919,4819
510770,2017,27092,35797,8705
510770,2018,26360,33961,7601
510770,2019,25960,35007,9047
510770,2020,30070,41129,11059
510770,2021,36400,45161,8761
510775,1988,0,10310,10310
510775,1989,0,10983,10983
510775,1990,0,9911,9911
510775,1991,0,8769,8769
510775,1992,0,8049,8049
510775,1993,0,2969,2969
510775,1994,0,3771,3771
510775,1995,0,3707,3707
510775,1996,0,3622,3622
510775,1997,0,1882,1882
510775,1998,0,1802,1802
510775,1999,0,2213,2213
510775,2000,0,3059,3059
510775,2001,0,3144,3144
510775,2002,0,1954,1954
510775,2003,740,2265,1525
510775,2004,560,2095,1535
510775,2005,500,1775,1275
510775,2006,500,917,417
510775,2007,0,375,375
510775,2008,0,121,121
510775,2009,0,191,191
510775,2010,0,211,211
510775,2011,0,251,251
510775,2012,0,274,274
510775,2013,0,298,298
510775,2014,1700,2018,318
510775,2015,1700,1813,113
510775,2016,1600,2393,793
510775,2017,1500,2178,678
510775,2018,1612,2412,800
510775,2019,1650,2285,635
510775,2020,0,653,653
510775,2021,2309,3223,914
510777,1988,250,8900,8650
510777,1989,430,9279,8849
510777,1990,80,10889,10809
510777,1991,0,7897,7897
510777,1992,0,6517,6517
510777,1993,0,19965,19965
510777,1994,0,17427,17427
510777,1995,0,17167,17167
510777,1996,0,19482,19482
510777,1997,0,24556,24556
510777,1998,0,31142,31142
510777,1999,0,33182,33182
510777,2000,70,39423,39353
510777,2001,70,43665,43595
510777,2002,70,32780,32710
510777,2003,700,20939,20239
510777,2004,0,21937,21937
510777,2005,4000,25804,21804
510777,2006,2500,24069,21569
510777,2007,2500,23057,20557
510777,2008,1200,25245,24045
510777,2009,1700,26450,24750
510777,2010,810,11850,11040
510777,2011,3400,10088,6688
510777,2012,10900,23957,13057
510777,2013,23900,38678,14778
510777,2014,51511,92489,40978
510777,2015,48500,72888,24388
510777,2016,53126,93104,39978
510777,2017,49126,84904,35778
510777,2018,63991,101823,37832
510777,2019,59330,97688,38358
510777,2020,65950,96874,30924
510777,2021,85809,120831,35022
510780,1988,2840,10679,7839
510780,1989,1500,5238,3738
510780,1990,500,4521,4021
510780,1991,404,4421,4017
510780,1992,404,4605,4201
510780,1993,1000,5997,4997
510780,1994,2225,7090,4865
510780,1995,2000,6878,4878
510780,1996,600,4043,3443
510780,1997,2119,5719,3600
510780,1998,2300,5563,3263
510780,1999,2415,6753,4338
510780,2000,2647,6398,3751
510780,2001,8000,11968,3968
510780,2002,2698,6135,3437
510780,2003,17811,29074,11263
510780,2004,24360,39496,15136
510780,2005,28879,40348,11469
510780,2006,17723,28651,10928
510780,2007,16778,27245,10467
510780,2008,21300,40693,19393
510780,2009,22906,36234,13328
510780,2010,18754,29883,11129
510780,2011,19146,28730,9584
510780,2012,20294,33183,12889
510780,2013,20821,36963,16142
510780,2014,21732,35851,14119
510780,2015,22950,37138,14188
510780,2016,22860,37695,14835
510780,2017,18000,31783,13783
510780,2018,20920,36871,15951
510780,2019,21000,39633,18633
510780,2020,17155,31908,14753
510780,2021,37000,52046,15046
510785,1988,27050,90180,63130
510785,1989,40418,112731,72313
510785,1990,41590,88917,47327
510785,1991,22000,61304,39304
510785,1992,18000,81027,63027
510785,1993,23100,79153,56053
510785,1994,26000,65110,39110
510785,1995,34089,68091,34002
510785,1996,24000,59220,35220
510785,1997,29699,70523,40824
510785,1998,49000,87176,38176
510785,1999,47050,95081,48031
510785,2000,49418,106150,56732
510785,2001,63510,129704,66194
510785,2002,91700,148458,56758
510785,2003,140262,206502,66240
510785,2004,212620,320337,107717
510785,2005,311983,437197,125214
510785,2006,296293,353683,57390
510785,2007,275800,329382,53582
510785,2008,316450,415440,98990
510785,2009,351185,446005,94820
510785,2010,424074,517828,93754
510785,2011,490696,625803,135107
510785,2012,614652,780950,166298
510785,2013,735402,958596,223194
510785,2014,874498,1167005,292507
510785,2015,999790,1319460,319670
510785,2016,1066122,1460782,394660
510785,2017,1095782,1504724,408942
510785,2018,1124513,1522811,398298
510785,2019,1123840,1562569,438729
510785,2020,1152750,1714839,562089
510785,2021,1211750,1847667,635917
510790,1988,12000,25708,13708
510790,1989,11000,22616,11616
510790,1990,5988,17874,11886
510790,1991,1500,8638,7138
510790,1992,2000,11845,9845
510790,1993,5044,18517,13473
510790,1994,4840,17361,12521
510790,1995,9500,25768,16268
510790,1996,8200,28096,19896
510790,1997,10512,24815,14303
510790,1998,13412,34287,20875
510790,1999,15400,60973,45573
510790,2000,17052,73377,56325
510790,2001,32919,94552,61633
510790,2002,53314,118021,64707
510790,2003,75689,159345,83656
510790,2004,138500,271776,133276
510790,2005,238308,402682,164374
510790,2006,194200,260941,66741
510790,2007,134660,230053,95393
510790,2008,170455,291638,121183
510790,2009,192500,303416,110916
510790,2010,224113,377873,153760
510790,2011,229084,368527,139443
510790,2012,285510,485349,199839
510790,2013,346939,567096,220157
510790,2014,384800,601777,216977
510790,2015,408117,648996,240879
510790,2016,441804,712859,271055
510790,2017,462726,793488,330762
510790,2018,475906,785271,309365
510790,2019,519814,884414,364600
510790,2020,525422,903936,378514
510790,2021,566000,959007,393007
510795,1988,18528,50713,32185
510795,1989,21000,54945,33945
510795,1990,16800,44040,27240
510795,1991,14500,36350,21850
510795,1992,19300,47710,28410
510795,1993,20500,44931,24431
510795,1994,26000,47466,21466
510795,1995,32000,48677,16677
510795,1996,26000,42501,16501
510795,1997,24000,43926,19926
510795,1998,27000,50847,23847
510795,1999,26000,62381,36381
510795,2000,27650,55898,28248
510795,2001,24213,51593,27380
510795,2002,30000,59769,29769
510795,2003,32500,68619,36119
510795,2004,45000,84337,39337
510795,2005,71061,126241,55180
510795,2006,55000,94648,39648
510795,2007,48000,98916,50916
510795,2008,50848,98791,47943
510795,2009,49648,80605,30957
510795,2010,52500,91917,39417
510795,2011,57000,105499,48499
510795,2012,60000,109914,49914
510795,2013,76500,132831,56331
510795,2014,88837,140071,51234
510795,2015,98000,147906,49906
510795,2016,101000,153763,52763
510795,2017,105000,191979,86979
510795,2018,106000,176669,70669
510795,2019,106000,175969,69969
510795,2020,106000,182106,76106
510795,2021,205111,304356,99245
510800,1988,0,0,0
510800,1989,36000,43300,7300
510800,1990,21600,24642,3042
510800,1991,15548,23860,8312
510800,1992,24500,32242,7742
510800,1993,24500,35928,11428
510800,1994,27392,46107,18715
510800,1995,35000,45535,10535
510800,1996,20000,34585,14585
510800,1997,24000,38895,14895
510800,1998,30000,46405,16405
510800,1999,40000,68802,28802
510800,2000,81000,164679,83679
510800,2001,133555,212569,79014
510800,2002,190000,300035,110035
510800,2003,219000,357161,138161
510800,2004,260800,344949,84149
510800,2005,294970,461932,166962
510800,2006,280813,365685,84872
510800,2007,266754,393139,126385
510800,2008,313542,482409,168867
510800,2009,321964,468357,146393
510800,2010,348094,514806,166712
510800,2011,349756,510398,160642
510800,2012,371573,560255,188682
510800,2013,397602,609796,212194
510800,2014,434600,625090,190490
510800,2015,440500,643635,203135
510800,2016,449600,661300,211700
510800,2017,495759,813595,317836
510800,2018,495000,789706,294706
510800,2019,500000,857545,357545
510800,2020,510000,904369,394369
510800,2021,517000,915374,398374
510810,1988,4000,6519,2519
510810,1989,6000,8659,2659
510810,1990,4742,5621,879
510810,1991,3350,4258,908
510810,1992,3600,6423,2823
510810,1993,6022,8295,2273
510810,1994,10176,11549,1373
510810,1995,11000,12042,1042
510810,1996,10000,11489,1489
510810,1997,10000,11278,1278
510810,1998,11000,12368,1368
510810,1999,11000,12368,1368
510810,2000,12200,13980,1780
510810,2001,13000,14543,1543
510810,2002,15000,16964,1964
510810,2003,15000,17010,2010
510810,2004,26650,34478,7828
510810,2005,29000,37702,8702
510810,2006,29000,35372,6372
510810,2007,24357,32057,7700
510810,2008,28000,39577,11577
510810,2009,28500,38778,10278
510810,2010,28500,38543,10043
510810,2011,28000,35946,7946
510810,2012,28000,39446,11446
510810,2013,28000,38746,10746
510810,2014,29000,41646,12646
510810,2015,23193,38510,15317
510810,2016,28112,40540,12428
510810,2017,29000,42128,13128
510810,2018,22000,34424,12424
510810,2019,29000,41414,12414
510810,2020,29000,41414,12414
510810,2021,28000,40414,12414
510820,1988,1726,9512,7786
510820,1989,3300,8579,5279
510820,1990,3300,5620,2320
510820,1991,1000,5085,4085
510820,1992,1100,5457,4357
510820,1993,30,5795,5765
510820,1994,300,2305,2005
510820,1995,200,3808,3608
510820,1996,150,1523,1373
510820,1997,320,1479,1159
510820,1998,2500,3478,978
510820,1999,4800,5690,890
510820,2000,6620,7665,1045
510820,2001,6474,8062,1588
510820,2002,7000,8967,1967
510820,2003,6910,8339,1429
510820,2004,8000,11205,3205
510820,2005,8689,11081,2392
510820,2006,9231,10293,1062
510820,2007,7039,8671,1632
510820,2008,10595,11908,1313
510820,2009,10595,11788,1193
510820,2010,8042,9134,1092
510820,2011,8042,9030,988
510820,2012,8030,9152,1122
510820,2013,10627,12364,1737
510820,2014,13250,15872,2622
510820,2015,14300,16922,2622
510820,2016,14215,15817,1602
510820,2017,13695,16583,2888
510820,2018,12780,15116,2336
510820,2019,17710,22372,4662
510820,2020,19345,24222,4877
510820,2021,22705,27982,5277
510840,1988,0,1501,1501
510840,1989,0,916,916
510840,1990,0,560,560
510840,1991,0,732,732
510840,1992,0,949,949
510840,1993,0,869,869
510840,1994,0,599,599
510840,1995,0,316,316
510840,1996,0,99,99
510840,1997,0,201,201
510840,1998,0,268,268
510840,1999,0,247,247
510840,2000,0,287,287
510840,2001,0,157,157
510840,2002,0,309,309
510840,2003,0,362,362
510840,2004,0,660,660
510840,2005,0,922,922
510840,2006,0,844,844
510840,2007,0,641,641
510840,2008,0,867,867
510840,2009,0,871,871
510840,2010,0,801,801
510840,2011,0,693,693
510840,2012,0,440,440
510840,2013,0,298,298
510840,2014,0,247,247
510840,2015,0,254,254
510840,2016,0,171,171
510840,2017,0,154,154
510840,2018,0,141,141
510840,2019,0,151,151
510840,2020,0,131,131
510840,2021,0,129,129
510850,1988,114418,161840,47422
510850,1989,131700,158247,26547
510850,1990,145497,171650,26153
510850,1991,96848,149817,52969
510850,1992,131059,188078,57019
510850,1993,158609,209080,50471
510850,1994,203600,272105,68505
510850,1995,235036,305864,70828
510850,1996,202475,323929,121454
510850,1997,279781,396207,116426
510850,1998,315699,412741,97042
510850,1999,347500,505850,158350
510850,2000,454857,660578,205721
510850,2001,469769,630660,160891
510850,2002,623650,789420,165770
510850,2003,682345,848236,165891
510850,2004,794960,1085450,290490
510850,2005,881048,1112442,231394
510850,2006,956629,1148720,192091
510850,2007,860557,1256619,396062
510850,2008,941839,1337654,395815
510850,2009,982000,1356322,374322
510850,2010,1022993,1474384,451391
510850,2011,1042040,1496360,454320
510850,2012,1083528,1748608,665080
510850,2013,1146029,1976187,830158
510850,2014,1225768,1994014,768246
510850,2015,1242900,2074690,831790
510850,2016,1251000,2111953,860953
510850,2017,1230000,2230363,1000363
510850,2018,1200000,2127695,927695
510850,2019,1241482,2331615,1090133
510850,2020,1273000,2427051,1154051
510850,2021,1278677,2482179,1203502
510860,1988,50,17185,17135
510860,1989,40,23157,23117
510860,1990,0,9897,9897
510860,1991,0,10794,10794
510860,1992,0,10945,10945
510860,1993,0,10560,10560
510860,1994,0,9575,9575
510860,1995,0,10670,10670
510860,1996,0,9367,9367
510860,1997,0,9404,9404
510860,1998,0,3869,3869
510860,1999,0,4752,4752
510860,2000,0,5003,5003
510860,2001,0,5551,5551
510860,2002,0,4099,4099
510860,2003,0,4526,4526
510860,2004,1000,4893,3893
510860,2005,2000,13297,11297
510860,2006,2000,10627,8627
510860,2007,2520,10726,8206
510860,2008,3000,7960,4960
510860,2009,4500,10460,5960
510860,2010,5000,7928,2928
510860,2011,5200,8820,3620
510860,2012,15800,28950,13150
510860,2013,22000,31300,9300
510860,2014,22222,33477,11255
510860,2015,22500,29410,6910
510860,2016,35231,50831,15600
510860,2017,33231,46671,13440
510860,2018,35900,51305,15405
510860,2019,37500,55020,17520
510860,2020,42500,62390,19890
510860,2021,45000,70290,25290
520010,1988,0,5827,5827
520010,1989,200,6502,6302
520010,1990,620,7244,6624
520010,1991,590,6089,5499
520010,1992,650,5590,4940
520010,1993,575,4751,4176
520010,1994,1770,6355,4585
520010,1995,1535,5710,4175
520010,1996,1500,4587,3087
520010,1997,1500,4690,3190
520010,1998,1500,4635,3135
520010,1999,1000,4000,3000
520010,2000,1000,3990,2990
520010,2001,1000,4690,3690
520010,2002,2500,5355,2855
520010,2003,5000,7805,2805
520010,2004,6000,8195,2195
520010,2005,5000,6995,1995
520010,2006,4000,5824,1824
520010,2007,3800,5759,1959
520010,2008,3500,5504,2004
520010,2009,4000,6244,2244
520010,2010,9600,15074,5474
520010,2011,9600,12539,2939
520010,2012,10000,12654,2654
520010,2013,10000,13024,3024
520010,2014,15000,17510,2510
520010,2015,13500,16075,2575
520010,2016,7000,10253,3253
520010,2017,7300,10307,3007
520010,2018,7320,10318,2998
520010,2019,7320,9536,2216
520010,2020,5296,8192,2896
520010,2021,3495,6291,2796
520013,1988,7470,84270,76800
520013,1989,7500,71410,63910
520013,1990,9000,65770,56770
520013,1991,7000,55060,48060
520013,1992,10500,55158,44658
520013,1993,13000,49845,36845
520013,1994,13000,42261,29261
520013,1995,13500,42920,29420
520013,1996,7000,39360,32360
520013,1997,8000,45860,37860
520013,1998,12000,44830,32830
520013,1999,15000,60650,45650
520013,2000,10000,51725,41725
520013,2001,9000,43208,34208
520013,2002,18000,54728,36728
520013,2003,26000,58873,32873
520013,2004,30000,59531,29531
520013,2005,30000,62039,32039
520013,2006,30000,52605,22605
520013,2007,22000,41165,19165
520013,2008,26000,54175,28175
520013,2009,25000,52415,27415
520013,2010,30000,45535,15535
520013,2011,28000,60005,32005
520013,2012,31000,66815,35815
520013,2013,40000,71015,31015
520013,2014,50000,82940,32940
520013,2015,50000,93066,43066
520013,2016,48000,101820,53820
520013,2017,47000,112457,65457
520013,2018,44000,110371,66371
520013,2019,46000,121875,75875
520013,2020,48000,125710,77710
520013,2021,51000,127622,76622
520015,1988,0,0,0
520015,1989,0,2953,2953
520015,1990,0,2948,2948
520015,1991,0,2500,2500
520015,1992,0,2505,2505
520015,1993,0,2615,2615
520015,1994,0,2725,2725
520015,1995,0,2855,2855
520015,1996,0,1665,1665
520015,1997,0,1665,1665
520015,1998,0,1729,1729
520015,1999,0,1764,1764
520015,2000,0,1608,1608
520015,2001,0,1663,1663
520015,2002,0,1693,1693
520015,2003,0,1673,1673
520015,2004,0,1688,1688
520015,2005,0,1828,1828
520015,2006,100,1843,1743
520015,2007,80,1711,1631
520015,2008,50,1575,1525
520015,2009,80,1375,1295
520015,2010,120,860,740
520015,2011,120,810,690
520015,2012,120,583,463
520015,2013,0,691,691
520015,2014,0,793,793
520015,2015,0,790,790
520015,2016,368,1160,792
520015,2017,374,1091,717
520015,2018,150,419,269
520015,2019,150,414,264
520015,2020,160,440,280
520015,2021,180,350,170
520017,1988,0,0,0
520017,1989,6000,10920,4920
520017,1990,16000,20260,4260
520017,1991,11200,14756,3556
520017,1992,11200,15846,4646
520017,1993,12000,18707,6707
520017,1994,14400,19996,5596
520017,1995,15000,20202,5202
520017,1996,8500,16195,7695
520017,1997,6000,13237,7237
520017,1998,7200,14254,7054
520017,1999,7200,14872,7672
520017,2000,6400,15825,9425
520017,2001,6400,15690,9290
520017,2002,8500,23303,14803
520017,2003,9000,22965,13965
520017,2004,15660,33711,18051
520017,2005,18000,36330,18330
520017,2006,19000,41823,22823
520017,2007,20000,45043,25043
520017,2008,21000,42793,21793
520017,2009,20300,40968,20668
520017,2010,26000,41682,15682
520017,2011,27350,44749,17399
520017,2012,27500,49330,21830
520017,2013,30000,43457,13457
520017,2014,31500,50209,18709
520017,2015,38000,63116,25116
520017,2016,40000,81778,41778
520017,2017,40000,73513,33513
520017,2018,39000,77228,38228
520017,2019,38000,71962,33962
520017,2020,40000,73076,33076
520017,2021,40000,77354,37354
520020,1988,0,1950,1950
520020,1989,0,1100,1100
520020,1990,0,1010,1010
520020,1991,0,990,990
520020,1992,0,1220,1220
520020,1993,0,1260,1260
520020,1994,400,1600,1200
520020,1995,0,1310,1310
520020,1996,0,820,820
520020,1997,0,510,510
520020,1998,0,570,570
520020,1999,0,650,650
520020,2000,0,650,650
520020,2001,0,760,760
520020,2002,0,440,440
520020,2003,0,494,494
520020,2004,0,450,450
520020,2005,0,500,500
520020,2006,0,530,530
520020,2007,0,530,530
520020,2008,0,530,530
520020,2009,0,490,490
520020,2010,0,400,400
520020,2011,0,420,420
520020,2012,0,450,450
520020,2013,70,320,250
520020,2014,80,192,112
520020,2015,80,177,97
520020,2016,97,107,10
520020,2017,97,167,70
520020,2018,97,172,75
520020,2019,97,174,77
520020,2020,97,167,70
520020,2021,97,174,77
520030,1988,2200,6119,3919
520030,1989,3500,7848,4348
520030,1990,2500,6049,3549
520030,1991,1200,4879,3679
520030,1992,900,6071,5171
520030,1993,810,4861,4051
520030,1994,1000,5163,4163
520030,1995,1000,5297,4297
520030,1996,120,3974,3854
520030,1997,200,3772,3572
520030,1998,350,3249,2899
520030,1999,400,2714,2314
520030,2000,300,2664,2364
520030,2001,600,3340,2740
520030,2002,900,3550,2650
520030,2003,1200,4000,2800
520030,2004,2500,5332,2832
520030,2005,2200,4957,2757
520030,2006,2000,4311,2311
520030,2007,3160,5676,2516
520030,2008,3000,5586,2586
520030,2009,3000,5687,2687
520030,2010,2000,5017,3017
520030,2011,2000,4962,2962
520030,2012,6000,8972,2972
520030,2013,6000,9222,3222
520030,2014,8000,10463,2463
520030,2015,8200,10911,2711
520030,2016,5000,10417,5417
520030,2017,5400,10703,5303
520030,2018,5450,10731,5281
520030,2019,5450,9433,3983
520030,2020,6105,12517,6412
520030,2021,3801,11283,7482
520050,1988,300,1300,1000
520050,1989,200,780,580
520050,1990,100,754,654
520050,1991,100,730,630
520050,1992,100,750,650
520050,1993,120,770,650
520050,1994,250,950,700
520050,1995,250,950,700
520050,1996,300,1000,700
520050,1997,100,800,700
520050,1998,620,981,361
520050,1999,194,569,375
520050,2000,180,850,670
520050,2001,190,570,380
520050,2002,380,680,300
520050,2003,420,678,258
520050,2004,500,790,290
520050,2005,750,1165,415
520050,2006,520,980,460
520050,2007,400,940,540
520050,2008,1220,1880,660
520050,2009,1300,1800,500
520050,2010,1500,1830,330
520050,2011,1600,2030,430
520050,2012,1750,2338,588
520050,2013,1850,2548,698
520050,2014,2000,2850,850
520050,2015,2050,3680,1630
520050,2016,2150,3560,1410
520050,2017,2200,3623,1423
520050,2018,2300,3285,985
520050,2019,2500,3525,1025
520050,2020,2600,3610,1010
520050,2021,2800,3774,974
520060,1988,700,7285,6585
520060,1989,2000,5665,3665
520060,1990,4880,9925,5045
520060,1991,3200,7720,4520
520060,1992,2880,7615,4735
520060,1993,3000,8384,5384
520060,1994,3090,7900,4810
520060,1995,2600,6824,4224
520060,1996,500,2486,1986
520060,1997,1000,3026,2026
520060,1998,1050,2865,1815
520060,1999,1050,2965,1915
520060,2000,4000,5850,1850
520060,2001,4000,5675,1675
520060,2002,1500,3371,1871
520060,2003,1500,3521,2021
520060,2004,1600,3615,2015
520060,2005,3500,5507,2007
520060,2006,4000,6357,2357
520060,2007,3800,8367,4567
520060,2008,3500,7317,3817
520060,2009,3300,6567,3267
520060,2010,3300,6767,3467
520060,2011,4700,8941,4241
520060,2012,4700,8925,4225
520060,2013,5200,8071,2871
520060,2014,5500,9126,3626
520060,2015,8000,13961,5961
520060,2016,8000,14456,6456
520060,2017,8200,14725,6525
520060,2018,8000,18885,10885
520060,2019,8500,21565,13065
520060,2020,8500,20492,11992
520060,2021,9500,20067,10567
520080,1988,50,1015,965
520080,1989,530,1667,1137
520080,1990,1300,2587,1287
520080,1991,800,1688,888
520080,1992,500,1399,899
520080,1993,0,1798,1798
520080,1994,0,1809,1809
520080,1995,450,2417,1967
520080,1996,330,1266,936
520080,1997,700,2499,1799
520080,1998,750,2499,1749
520080,1999,750,2819,2069
520080,2000,600,2297,1697
520080,2001,600,2002,1402
520080,2002,700,2112,1412
520080,2003,700,2072,1372
520080,2004,950,2362,1412
520080,2005,900,2742,1842
520080,2006,800,2182,1382
520080,2007,900,2227,1327
520080,2008,700,2182,1482
520080,2009,700,1902,1202
520080,2010,3000,4322,1322
520080,2011,1400,2362,962
520080,2012,1500,2540,1040
520080,2013,1799,4319,2520
520080,2014,1610,3068,1458
520080,2015,2060,3587,1527
520080,2016,1130,2984,1854
520080,2017,730,1555,825
520080,2018,1960,2725,765
520080,2019,2205,2647,442
520080,2020,2332,3072,740
520080,2021,2060,3159,1099
520085,1988,0,3092,3092
520085,1989,0,2566,2566
520085,1990,0,2171,2171
520085,1991,0,2070,2070
520085,1992,0,2120,2120
520085,1993,0,3148,3148
520085,1994,0,3232,3232
520085,1995,0,3428,3428
520085,1996,0,3912,3912
520085,1997,0,3912,3912
520085,1998,0,4289,4289
520085,1999,0,4603,4603
520085,2000,0,4253,4253
520085,2001,0,3778,3778
520085,2002,0,3798,3798
520085,2003,0,3628,3628
520085,2004,200,3768,3568
520085,2005,90,3648,3558
520085,2006,300,4155,3855
520085,2007,250,4023,3773
520085,2008,200,3853,3653
520085,2009,300,3957,3657
520085,2010,300,4025,3725
520085,2011,0,3496,3496
520085,2012,100,3486,3386
520085,2013,100,975,875
520085,2014,100,4190,4090
520085,2015,150,5080,4930
520085,2016,870,7165,6295
520085,2017,120,1117,997
520085,2018,270,1473,1203
520085,2019,270,1555,1285
520085,2020,272,1435,1163
520085,2021,300,987,687
520090,1988,0,1690,1690
520090,1989,0,1452,1452
520090,1990,0,1453,1453
520090,1991,0,1560,1560
520090,1992,0,1725,1725
520090,1993,0,1795,1795
520090,1994,0,1885,1885
520090,1995,0,1835,1835
520090,1996,0,1250,1250
520090,1997,0,1315,1315
520090,1998,0,1305,1305
520090,1999,0,1155,1155
520090,2000,0,555,555
520090,2001,0,560,560
520090,2002,200,690,490
520090,2003,1034,1544,510
520090,2004,1200,1910,710
520090,2005,1350,2030,680
520090,2006,400,810,410
520090,2007,200,650,450
520090,2008,100,460,360
520090,2009,0,480,480
520090,2010,0,410,410
520090,2011,775,1185,410
520090,2012,770,1197,427
520090,2013,1680,2087,407
520090,2014,3000,3320,320
520090,2015,2500,2550,50
520090,2016,2500,2550,50
520090,2017,3200,3250,50
520090,2018,4500,4540,40
520090,2019,4500,4540,40
520090,2020,5000,6132,1132
520090,2021,6000,11032,5032
520110,1988,312,7597,7285
520110,1989,900,7865,6965
520110,1990,1050,7904,6854
520110,1991,1000,7793,6793
520110,1992,1130,7072,5942
520110,1993,1280,5927,4647
520110,1994,1375,6107,4732
520110,1995,1525,6040,4515
520110,1996,800,4578,3778
520110,1997,800,4895,4095
520110,1998,1800,5965,4165
520110,1999,1300,5885,4585
520110,2000,1300,5927,4627
520110,2001,1300,5917,4617
520110,2002,1750,6122,4372
520110,2003,1950,5853,3903
520110,2004,2500,6102,3602
520110,2005,2000,5418,3418
520110,2006,1850,5092,3242
520110,2007,2050,5857,3807
520110,2008,1950,6097,4147
520110,2009,2100,6747,4647
520110,2010,2100,6524,4424
520110,2011,2100,6649,4549
520110,2012,3200,7467,4267
520110,2013,4300,9447,5147
520110,2014,5000,10279,5279
520110,2015,5280,10413,5133
520110,2016,5000,10719,5719
520110,2017,5000,13208,8208
520110,2018,5000,10855,5855
520110,2019,2950,8260,5310
520110,2020,6587,12064,5477
520110,2021,4765,10252,5487
520120,1988,0,230,230
520120,1989,0,240,240
520120,1990,0,180,180
520120,1991,0,210,210
520120,1992,0,250,250
520120,1993,0,280,280
520120,1994,0,280,280
520120,1995,0,220,220
520120,1996,0,200,200
520120,1997,0,190,190
520120,1998,0,80,80
520120,1999,0,80,80
520120,2000,0,75,75
520120,2001,0,60,60
520120,2002,0,66,66
520120,2003,0,38,38
520120,2004,0,45,45
520120,2005,0,70,70
520120,2006,0,55,55
520120,2007,0,70,70
520120,2008,0,85,85
520120,2009,0,105,105
520120,2010,0,145,145
520120,2011,0,130,130
520120,2012,0,215,215
520120,2013,0,160,160
520120,2014,0,160,160
520120,2015,0,165,165
520120,2016,0,190,190
520120,2017,0,10,10
520120,2018,0,5,5
520120,2019,0,5,5
520120,2020,200,205,5
520120,2021,0,5,5
520130,1988,0,18903,18903
520130,1989,0,17065,17065
520130,1990,0,13345,13345
520130,1991,0,10371,10371
520130,1992,0,10992,10992
520130,1993,0,11443,11443
520130,1994,0,12134,12134
520130,1995,0,12571,12571
520130,1996,0,14355,14355
520130,1997,0,10549,10549
520130,1998,0,10229,10229
520130,1999,0,10761,10761
520130,2000,0,10449,10449
520130,2001,0,12567,12567
520130,2002,0,12621,12621
520130,2003,0,12459,12459
520130,2004,0,13412,13412
520130,2005,300,13393,13093
520130,2006,500,13543,13043
520130,2007,400,13478,13078
520130,2008,300,18261,17961
520130,2009,400,16045,15645
520130,2010,400,15398,14998
520130,2011,400,14607,14207
520130,2012,750,15320,14570
520130,2013,1400,16300,14900
520130,2014,1350,7130,5780
520130,2015,1100,11580,10480
520130,2016,4632,15242,10610
520130,2017,4700,15236,10536
520130,2018,2000,14780,12780
520130,2019,2000,12750,10750
520130,2020,2005,12775,10770
520130,2021,2100,12815,10715
520140,1988,0,1480,1480
520140,1989,0,1488,1488
520140,1990,0,1585,1585
520140,1991,0,1295,1295
520140,1992,0,585,585
520140,1993,0,525,525
520140,1994,0,435,435
520140,1995,0,435,435
520140,1996,0,240,240
520140,1997,0,272,272
520140,1998,0,287,287
520140,1999,0,247,247
520140,2000,0,127,127
520140,2001,0,127,127
520140,2002,0,82,82
520140,2003,0,67,67
520140,2004,10,229,219
520140,2005,22,134,112
520140,2006,25,127,102
520140,2007,30,140,110
520140,2008,0,105,105
520140,2009,0,210,210
520140,2010,0,210,210
520140,2011,0,205,205
520140,2012,0,202,202
520140,2013,0,167,167
520140,2014,0,137,137
520140,2015,0,145,145
520140,2016,0,155,155
520140,2017,0,113,113
520140,2018,0,136,136
520140,2019,0,127,127
520140,2020,0,115,115
520140,2021,0,103,103
520150,1988,50000,63186,13186
520150,1989,60000,71642,11642
520150,1990,90800,100817,10017
520150,1991,81200,95777,14577
520150,1992,85000,96398,11398
520150,1993,87194,108247,21053
520150,1994,81194,132779,51585
520150,1995,54302,106060,51758
520150,1996,56748,98270,41522
520150,1997,60400,114126,53726
520150,1998,80768,136385,55617
520150,1999,61113,147625,86512
520150,2000,67926,141233,73307
520150,2001,64234,143750,79516
520150,2002,95066,149459,54393
520150,2003,80417,176514,96097
520150,2004,80400,176824,96424
520150,2005,93250,151561,58311
520150,2006,105146,174743,69597
520150,2007,84396,202421,118025
520150,2008,97100,198923,101823
520150,2009,96120,208386,112266
520150,2010,111800,222441,110641
520150,2011,95255,234704,139449
520150,2012,85428,221729,136301
520150,2013,84500,234730,150230
520150,2014,93850,242620,148770
520150,2015,101000,239600,138600
520150,2016,101000,239400,138400
520150,2017,105000,252300,147300
520150,2018,85500,204100,118600
520150,2019,98550,228670,130120
520150,2020,97000,225500,128500
520150,2021,101000,232000,131000
520160,1988,0,3674,3674
520160,1989,0,3186,3186
520160,1990,0,3050,3050
520160,1991,0,3090,3090
520160,1992,0,3171,3171
520160,1993,0,3141,3141
520160,1994,0,3371,3371
520160,1995,0,3619,3619
520160,1996,0,1600,1600
520160,1997,0,2513,2513
520160,1998,0,3442,3442
520160,1999,0,3848,3848
520160,2000,0,3548,3548
520160,2001,0,3751,3751
520160,2002,0,3791,3791
520160,2003,0,3451,3451
520160,2004,0,3802,3802
520160,2005,0,3182,3182
520160,2006,50,3750,3700
520160,2007,30,4148,4118
520160,2008,50,4685,4635
520160,2009,80,4732,4652
520160,2010,80,2970,2890
520160,2011,400,2645,2245
520160,2012,400,2685,2285
520160,2013,500,2585,2085
520160,2014,550,2643,2093
520160,2015,600,2980,2380
520160,2016,500,3079,2579
520160,2017,590,2147,1557
520160,2018,620,1238,618
520160,2019,620,1398,778
520160,2020,700,1500,800
520160,2021,750,1225,475
520170,1988,0,1832,1832
520170,1989,0,1223,1223
520170,1990,0,1076,1076
520170,1991,0,577,577
520170,1992,85,655,570
520170,1993,0,570,570
520170,1994,0,330,330
520170,1995,0,320,320
520170,1996,0,291,291
520170,1997,0,267,267
520170,1998,0,207,207
520170,1999,0,222,222
520170,2000,0,262,262
520170,2001,0,272,272
520170,2002,0,231,231
520170,2003,0,194,194
520170,2004,0,224,224
520170,2005,0,94,94
520170,2006,0,83,83
520170,2007,0,108,108
520170,2008,0,88,88
520170,2009,0,85,85
520170,2010,0,125,125
520170,2011,0,135,135
520170,2012,0,550,550
520170,2013,0,710,710
520170,2014,0,705,705
520170,2015,150,919,769
520170,2016,0,706,706
520170,2017,0,704,704
520170,2018,0,844,844
520170,2019,0,930,930
520170,2020,0,930,930
520170,2021,0,876,876
520215,1988,0,5760,5760
520215,1989,600,5385,4785
520215,1990,480,3515,3035
520215,1991,0,1845,1845
520215,1992,0,1515,1515
520215,1993,0,3187,3187
520215,1994,0,1665,1665
520215,1995,0,1347,1347
520215,1996,0,1362,1362
520215,1997,0,520,520
520215,1998,0,441,441
520215,1999,0,435,435
520215,2000,0,437,437
520215,2001,0,452,452
520215,2002,0,459,459
520215,2003,72,491,419
520215,2004,72,1181,1109
520215,2005,0,1316,1316
520215,2006,72,1553,1481
520215,2007,0,1096,1096
520215,2008,0,1196,1196
520215,2009,0,1296,1296
520215,2010,0,1396,1396
520215,2011,0,189,189
520215,2012,0,6,6
520215,2013,0,17,17
520215,2014,0,241,241
520215,2015,1366,1647,281
520215,2016,750,991,241
520215,2017,1009,1333,324
520215,2018,1155,1391,236
520215,2019,1150,1373,223
520215,2020,1200,1425,225
520215,2021,1580,1800,220
520235,1988,72,5028,4956
520235,1989,1096,4786,3690
520235,1990,2000,4564,2564
520235,1991,500,2211,1711
520235,1992,0,1811,1811
520235,1993,0,2370,2370
520235,1994,0,1965,1965
520235,1995,0,1865,1865
520235,1996,0,1378,1378
520235,1997,0,1422,1422
520235,1998,197,1601,1404
520235,1999,217,1573,1356
520235,2000,143,1641,1498
520235,2001,0,1465,1465
520235,2002,0,1230,1230
520235,2003,290,1240,950
520235,2004,2000,3211,1211
520235,2005,2000,3295,1295
520235,2006,2100,3540,1440
520235,2007,800,1475,675
520235,2008,850,1530,680
520235,2009,2300,2900,600
520235,2010,2000,2610,610
520235,2011,3450,3940,490
520235,2012,6500,7220,720
520235,2013,6581,7061,480
520235,2014,10000,10335,335
520235,2015,12000,12335,335
520235,2016,12000,12217,217
520235,2017,12000,12890,890
520235,2018,8000,8055,55
520235,2019,8000,8075,75
520235,2020,8500,8539,39
520235,2021,9000,9039,39
520250,1988,290,20670,20380
520250,1989,500,8285,7785
520250,1990,250,5725,5475
520250,1991,250,4625,4375
520250,1992,322,6618,6296
520250,1993,0,3075,3075
520250,1994,0,2660,2660
520250,1995,0,2553,2553
520250,1996,0,1790,1790
520250,1997,97,1372,1275
520250,1998,266,1610,1344
520250,1999,280,1455,1175
520250,2000,320,1470,1150
520250,2001,400,1680,1280
520250,2002,0,660,660
520250,2003,0,485,485
520250,2004,1000,1835,835
520250,2005,1000,1860,860
520250,2006,1000,1815,815
520250,2007,850,1565,715
520250,2008,850,1585,735
520250,2009,1000,1785,785
520250,2010,1000,1835,835
520250,2011,0,190,190
520250,2012,0,0,0
520250,2013,0,10,10
520250,2014,543,873,330
520250,2015,1523,1703,180
520250,2016,2000,2240,240
520250,2017,2000,2723,723
520250,2018,4220,4535,315
520250,2019,6500,6815,315
520250,2020,6500,6980,480
520250,2021,7900,8380,480
520260,1988,0,1554,1554
520260,1989,0,1499,1499
520260,1990,0,1279,1279
520260,1991,0,1799,1799
520260,1992,0,2258,2258
520260,1993,0,2008,2008
520260,1994,0,1763,1763
520260,1995,0,1850,1850
520260,1996,0,1650,1650
520260,1997,0,1950,1950
520260,1998,0,1810,1810
520260,1999,0,1570,1570
520260,2000,0,1530,1530
520260,2001,0,1230,1230
520260,2002,0,1410,1410
520260,2003,0,950,950
520260,2004,250,1760,1510
520260,2005,730,1980,1250
520260,2006,400,1335,935
520260,2007,0,505,505
520260,2008,100,585,485
520260,2009,0,505,505
520260,2010,0,550,550
520260,2011,0,550,550
520260,2012,0,525,525
520260,2013,303,728,425
520260,2014,300,690,390
520260,2015,0,155,155
520260,2016,0,155,155
520260,2017,0,135,135
520260,2018,0,135,135
520260,2019,0,135,135
520260,2020,0,65,65
520260,2021,0,65,65
520280,1988,0,5667,5667
520280,1989,0,5142,5142
520280,1990,0,4661,4661
520280,1991,0,4282,4282
520280,1992,0,4280,4280
520280,1993,0,4280,4280
520280,1994,0,4332,4332
520280,1995,0,4707,4707
520280,1996,0,2675,2675
520280,1997,0,3059,3059
520280,1998,0,1949,1949
520280,1999,0,2439,2439
520280,2000,0,2366,2366
520280,2001,0,1994,1994
520280,2002,0,2057,2057
520280,2003,0,1887,1887
520280,2004,0,2286,2286
520280,2005,0,2181,2181
520280,2006,40,2508,2468
520280,2007,30,2472,2442
520280,2008,10,3570,3560
520280,2009,200,4339,4139
520280,2010,250,2285,2035
520280,2011,0,2489,2489
520280,2012,250,2739,2489
520280,2013,410,2431,2021
520280,2014,410,2450,2040
520280,2015,500,2495,1995
520280,2016,550,2521,1971
520280,2017,500,2418,1918
520280,2018,810,1933,1123
520280,2019,810,3150,2340
520280,2020,812,3406,2594
520280,2021,850,3494,2644
520310,1988,1210,9911,8701
520310,1989,5343,12295,6952
520310,1990,0,3252,3252
520310,1991,0,1146,1146
520310,1992,0,846,846
520310,1993,0,836,836
520310,1994,0,635,635
520310,1995,0,635,635
520310,1996,0,1665,1665
520310,1997,0,1046,1046
520310,1998,0,1656,1656
520310,1999,0,1906,1906
520310,2000,0,1556,1556
520310,2001,0,846,846
520310,2002,1975,2857,882
520310,2003,3000,3706,706
520310,2004,2600,3246,646
520310,2005,3300,3996,696
520310,2006,4000,8576,4576
520310,2007,2560,4120,1560
520310,2008,1800,2565,765
520310,2009,600,1030,430
520310,2010,2800,3170,370
520310,2011,2250,2787,537
520310,2012,4000,5724,1724
520310,2013,7000,8665,1665
520310,2014,7000,8380,1380
520310,2015,7000,10080,3080
520310,2016,7000,10080,3080
520310,2017,7000,7080,80
520310,2018,7000,7080,80
520310,2019,7000,7080,80
520310,2020,7000,8365,1365
520310,2021,7000,8365,1365
520320,1988,1416,15191,13775
520320,1989,3246,15159,11913
520320,1990,2120,11276,9156
520320,1991,2700,10042,7342
520320,1992,2840,10589,7749
520320,1993,1880,8850,6970
520320,1994,2352,9304,6952
520320,1995,2164,8515,6351
520320,1996,1044,11072,10028
520320,1997,1095,10516,9421
520320,1998,545,10861,10316
520320,1999,930,11440,10510
520320,2000,1310,11733,10423
520320,2001,1323,11620,10297
520320,2002,5700,16836,11136
520320,2003,6800,17391,10591
520320,2004,8800,22407,13607
520320,2005,8520,23949,15429
520320,2006,6600,24399,17799
520320,2007,5500,24589,19089
520320,2008,4800,26705,21905
520320,2009,4600,27911,23311
520320,2010,6890,31615,24725
520320,2011,6740,30424,23684
520320,2012,9410,33379,23969
520320,2013,8780,32689,23909
520320,2014,9900,36411,26511
520320,2015,11200,38776,27576
520320,2016,9350,36991,27641
520320,2017,10700,34299,23599
520320,2018,10890,45385,34495
520320,2019,11300,46611,35311
520320,2020,11690,48809,37119
520320,2021,15500,51965,36465
520330,1988,120,15208,15088
520330,1989,240,14324,14084
520330,1990,380,7115,6735
520330,1991,35,7284,7249
520330,1992,420,9805,9385
520330,1993,854,9993,9139
520330,1994,605,10246,9641
520330,1995,698,9617,8919
520330,1996,620,6752,6132
520330,1997,270,4117,3847
520330,1998,766,5333,4567
520330,1999,652,4808,4156
520330,2000,1090,4485,3395
520330,2001,800,4391,3591
520330,2002,1350,5587,4237
520330,2003,4170,8743,4573
520330,2004,5200,9510,4310
520330,2005,3700,8116,4416
520330,2006,3300,7614,4314
520330,2007,2000,6910,4910
520330,2008,1800,6787,4987
520330,2009,2000,6754,4754
520330,2010,2000,6774,4774
520330,2011,5000,8509,3509
520330,2012,4500,8975,4475
520330,2013,12000,16037,4037
520330,2014,14500,20171,5671
520330,2015,15000,26073,11073
520330,2016,15000,24662,9662
520330,2017,15000,24333,9333
520330,2018,15250,22725,7475
520330,2019,16250,27616,11366
520330,2020,18250,29618,11368
520330,2021,25490,40120,14630
520340,1988,1036,11194,10158
520340,1989,2590,12416,9826
520340,1990,1831,6403,4572
520340,1991,1345,4043,2698
520340,1992,1106,5251,4145
520340,1993,568,5198,4630
520340,1994,506,4333,3827
520340,1995,1072,3769,2697
520340,1996,0,1775,1775
520340,1997,0,1566,1566
520340,1998,90,2923,2833
520340,1999,0,2829,2829
520340,2000,0,1931,1931
520340,2001,0,1648,1648
520340,2002,40,1510,1470
520340,2003,900,2322,1422
520340,2004,1400,3155,1755
520340,2005,1800,3646,1846
520340,2006,900,2159,1259
520340,2007,1840,2678,838
520340,2008,1800,3089,1289
520340,2009,1300,2426,1126
520340,2010,1000,1856,856
520340,2011,1020,1901,881
520340,2012,1396,2505,1109
520340,2013,2526,3492,966
520340,2014,3500,4450,950
520340,2015,7000,7587,587
520340,2016,7000,7617,617
520340,2017,7000,7155,155
520340,2018,9800,9955,155
520340,2019,9800,9945,145
520340,2020,9800,9925,125
520340,2021,9800,9900,100
520350,1988,22200,56720,34520
520350,1989,29000,62316,33316
520350,1990,33000,62084,29084
520350,1991,25000,57894,32894
520350,1992,20000,43542,23542
520350,1993,28760,49068,20308
520350,1994,32770,60692,27922
520350,1995,35000,57710,22710
520350,1996,31200,59060,27860
520350,1997,22400,45390,22990
520350,1998,42000,63773,21773
520350,1999,43000,63557,20557
520350,2000,43000,66374,23374
520350,2001,43000,67066,24066
520350,2002,60000,86858,26858
520350,2003,65175,78830,13655
520350,2004,71500,101385,29885
520350,2005,68000,108425,40425
520350,2006,60000,97190,37190
520350,2007,50000,79340,29340
520350,2008,36000,64590,28590
520350,2009,46000,86390,40390
520350,2010,46000,89240,43240
520350,2011,45000,99170,54170
520350,2012,44600,114100,69500
520350,2013,51340,115445,64105
520350,2014,54000,119457,65457
520350,2015,55000,115425,60425
520350,2016,60000,121130,61130
520350,2017,60800,133880,73080
520350,2018,56900,126881,69981
520350,2019,57200,126832,69632
520350,2020,57000,129386,72386
520350,2021,61500,131946,70446
520355,1988,0,0,0
520355,1989,0,1037,1037
520355,1990,0,1064,1064
520355,1991,0,981,981
520355,1992,0,919,919
520355,1993,0,720,720
520355,1994,0,720,720
520355,1995,0,730,730
520355,1996,0,994,994
520355,1997,0,916,916
520355,1998,0,955,955
520355,1999,0,935,935
520355,2000,0,865,865
520355,2001,0,815,815
520355,2002,0,882,882
520355,2003,0,752,752
520355,2004,0,812,812
520355,2005,0,672,672
520355,2006,0,818,818
520355,2007,0,894,894
520355,2008,0,521,521
520355,2009,0,823,823
520355,2010,0,832,832
520355,2011,0,915,915
520355,2012,370,1100,730
520355,2013,400,883,483
520355,2014,300,665,365
520355,2015,300,675,375
520355,2016,300,667,367
520355,2017,300,696,396
520355,2018,300,693,393
520355,2019,300,702,402
520355,2020,300,704,404
520355,2021,530,916,386
520360,1988,0,3308,3308
520360,1989,0,3189,3189
520360,1990,0,2589,2589
520360,1991,0,2460,2460
520360,1992,0,2553,2553
520360,1993,0,2853,2853
520360,1994,247,2938,2691
520360,1995,0,3289,3289
520360,1996,0,1431,1431
520360,1997,0,2189,2189
520360,1998,0,3089,3089
520360,1999,0,3189,3189
520360,2000,0,3009,3009
520360,2001,0,3016,3016
520360,2002,0,3040,3040
520360,2003,181,3211,3030
520360,2004,250,3890,3640
520360,2005,200,3480,3280
520360,2006,250,4005,3755
520360,2007,150,3275,3125
520360,2008,50,3639,3589
520360,2009,100,4371,4271
520360,2010,200,2035,1835
520360,2011,200,1910,1710
520360,2012,200,1840,1640
520360,2013,0,1780,1780
520360,2014,0,1532,1532
520360,2015,0,1724,1724
520360,2016,196,2078,1882
520360,2017,202,1334,1132
520360,2018,450,788,338
520360,2019,10,329,319
520360,2020,12,366,354
520360,2021,50,345,295
520380,1988,0,1594,1594
520380,1989,0,1159,1159
520380,1990,0,1155,1155
520380,1991,0,1107,1107
520380,1992,0,2867,2867
520380,1993,0,1912,1912
520380,1994,0,1010,1010
520380,1995,0,615,615
520380,1996,0,330,330
520380,1997,0,355,355
520380,1998,0,245,245
520380,1999,0,245,245
520380,2000,0,245,245
520380,2001,0,645,645
520380,2002,0,555,555
520380,2003,0,395,395
520380,2004,0,467,467
520380,2005,0,500,500
520380,2006,0,500,500
520380,2007,0,490,490
520380,2008,0,510,510
520380,2009,0,630,630
520380,2010,0,780,780
520380,2011,445,1390,945
520380,2012,635,1155,520
520380,2013,635,910,275
520380,2014,1585,2535,950
520380,2015,1655,3560,1905
520380,2016,1621,3371,1750
520380,2017,1621,4204,2583
520380,2018,2830,4840,2010
520380,2019,2900,5125,2225
520380,2020,3600,6245,2645
520380,2021,3100,5745,2645
520390,1988,772,5761,4989
520390,1989,2200,7741,5541
520390,1990,2500,8774,6274
520390,1991,2000,7144,5144
520390,1992,1133,7197,6064
520390,1993,1760,8215,6455
520390,1994,2000,8032,6032
520390,1995,1400,6140,4740
520390,1996,600,5109,4509
520390,1997,600,5054,4454
520390,1998,1200,5358,4158
520390,1999,1680,5620,3940
520390,2000,1200,5190,3990
520390,2001,2000,6725,4725
520390,2002,2450,6536,4086
520390,2003,4000,7094,3094
520390,2004,5100,8426,3326
520390,2005,5000,8838,3838
520390,2006,5100,8547,3447
520390,2007,2500,5683,3183
520390,2008,1500,6417,4917
520390,2009,3800,7200,3400
520390,2010,4500,6877,2377
520390,2011,7500,10999,3499
520390,2012,11800,16160,4360
520390,2013,9100,12910,3810
520390,2014,8800,13829,5029
520390,2015,8200,15429,7229
520390,2016,8500,15299,6799
520390,2017,8300,16667,8367
520390,2018,11300,20916,9616
520390,2019,11500,22100,10600
520390,2020,11000,21082,10082
520390,2021,11800,23094,11294
520400,1988,12500,18348,5848
520400,1989,14000,20464,6464
520400,1990,14000,19365,5365
520400,1991,11200,16631,5431
520400,1992,9000,14615,5615
520400,1993,12000,18364,6364
520400,1994,20273,25519,5246
520400,1995,12450,24103,11653
520400,1996,9000,17789,8789
520400,1997,6000,11999,5999
520400,1998,12000,20507,8507
520400,1999,12000,24147,12147
520400,2000,11000,23747,12747
520400,2001,14000,27167,13167
520400,2002,20000,35322,15322
520400,2003,20000,35945,15945
520400,2004,27000,47224,20224
520400,2005,31000,48819,17819
520400,2006,32000,50619,18619
520400,2007,33000,50159,17159
520400,2008,34000,48684,14684
520400,2009,33000,46399,13399
520400,2010,36500,52082,15582
520400,2011,35000,53142,18142
520400,2012,37000,60272,23272
520400,2013,39500,54615,15115
520400,2014,41000,58510,17510
520400,2015,43000,62122,19122
520400,2016,45000,74571,29571
520400,2017,30000,48273,18273
520400,2018,30000,45895,15895
520400,2019,28000,53769,25769
520400,2020,28000,52276,24276
520400,2021,28000,53633,25633
520410,1988,0,2878,2878
520410,1989,0,3174,3174
520410,1990,0,3050,3050
520410,1991,0,2074,2074
520410,1992,0,2714,2714
520410,1993,0,2374,2374
520410,1994,0,2574,2574
520410,1995,0,2470,2470
520410,1996,0,2570,2570
520410,1997,0,2570,2570
520410,1998,0,2260,2260
520410,1999,0,2180,2180
520410,2000,0,1680,1680
520410,2001,0,950,950
520410,2002,0,1039,1039
520410,2003,0,969,969
520410,2004,0,866,866
520410,2005,0,696,696
520410,2006,0,606,606
520410,2007,0,686,686
520410,2008,0,1316,1316
520410,2009,800,3956,3156
520410,2010,800,4126,3326
520410,2011,0,3216,3216
520410,2012,0,3996,3996
520410,2013,200,9831,9631
520410,2014,200,6186,5986
520410,2015,0,12718,12718
520410,2016,0,11403,11403
520410,2017,0,9888,9888
520410,2018,0,9586,9586
520410,2019,0,9061,9061
520410,2020,0,7290,7290
520410,2021,0,9743,9743
520420,1988,0,1122,1122
520420,1989,0,846,846
520420,1990,0,1107,1107
520420,1991,0,1147,1147
520420,1992,0,1448,1448
520420,1993,0,1343,1343
520420,1994,0,1194,1194
520420,1995,0,1195,1195
520420,1996,0,925,925
520420,1997,0,1055,1055
520420,1998,0,890,890
520420,1999,0,690,690
520420,2000,0,610,610
520420,2001,0,550,550
520420,2002,150,740,590
520420,2003,0,500,500
520420,2004,435,865,430
520420,2005,0,340,340
520420,2006,0,110,110
520420,2007,0,120,120
520420,2008,0,140,140
520420,2009,0,160,160
520420,2010,0,190,190
520420,2011,0,190,190
520420,2012,0,172,172
520420,2013,0,132,132
520420,2014,0,120,120
520420,2015,0,50,50
520420,2016,0,50,50
520420,2017,0,50,50
520420,2018,0,50,50
520420,2019,0,50,50
520420,2020,0,20,20
520420,2021,0,20,20
520425,1988,2100,10672,8572
520425,1989,2000,8520,6520
520425,1990,2000,11285,9285
520425,1991,1200,10250,9050
520425,1992,1000,8220,7220
520425,1993,1500,6290,4790
520425,1994,3100,9203,6103
520425,1995,2000,8603,6603
520425,1996,2200,9855,7655
520425,1997,2700,8640,5940
520425,1998,4000,10589,6589
520425,1999,4000,9731,5731
520425,2000,7100,10796,3696
520425,2001,7000,11290,4290
520425,2002,6500,10241,3741
520425,2003,7200,11998,4798
520425,2004,8100,13790,5690
520425,2005,8000,13680,5680
520425,2006,6800,11950,5150
520425,2007,4700,10490,5790
520425,2008,5600,14960,9360
520425,2009,6300,17185,10885
520425,2010,7000,15995,8995
520425,2011,8700,19980,11280
520425,2012,7500,20250,12750
520425,2013,7000,18765,11765
520425,2014,7600,23165,15565
520425,2015,7100,25108,18008
520425,2016,7800,25613,17813
520425,2017,8800,27740,18940
520425,2018,6700,23636,16936
520425,2019,7000,24506,17506
520425,2020,7360,25358,17998
520425,2021,8500,27198,18698
520430,1988,0,2705,2705
520430,1989,97,2092,1995
520430,1990,494,2479,1985
520430,1991,0,1319,1319
520430,1992,0,1256,1256
520430,1993,0,2472,2472
520430,1994,0,3812,3812
520430,1995,0,4168,4168
520430,1996,0,1358,1358
520430,1997,0,4015,4015
520430,1998,0,3515,3515
520430,1999,0,3515,3515
520430,2000,0,4315,4315
520430,2001,500,4815,4315
520430,2002,600,3630,3030
520430,2003,2700,3615,915
520430,2004,2700,3617,917
520430,2005,2850,3778,928
520430,2006,850,1310,460
520430,2007,700,1260,560
520430,2008,600,6315,5715
520430,2009,700,7305,6605
520430,2010,800,8941,8141
520430,2011,900,9041,8141
520430,2012,900,8886,7986
520430,2013,1800,24766,22966
520430,2014,1500,23729,22229
520430,2015,1500,26344,24844
520430,2016,1500,26175,24675
520430,2017,1500,25474,23974
520430,2018,1500,29190,27690
520430,2019,1500,27833,26333
520430,2020,1500,23777,22277
520430,2021,1600,29196,27596
520440,1988,4500,22332,17832
520440,1989,11300,26678,15378
520440,1990,13000,24089,11089
520440,1991,13000,24058,11058
520440,1992,13600,27478,13878
520440,1993,16300,29228,12928
520440,1994,16000,36305,20305
520440,1995,16000,31804,15804
520440,1996,14694,25637,10943
520440,1997,25000,38524,13524
520440,1998,30000,46385,16385
520440,1999,35000,57455,22455
520440,2000,38000,66230,28230
520440,2001,40000,65030,25030
520440,2002,44000,68521,24521
520440,2003,45000,72657,27657
520440,2004,73000,115598,42598
520440,2005,78000,112316,34316
520440,2006,63000,86808,23808
520440,2007,55000,82358,27358
520440,2008,57000,87910,30910
520440,2009,62000,99701,37701
520440,2010,48000,78760,30760
520440,2011,52000,86234,34234
520440,2012,52000,86172,34172
520440,2013,91000,145451,54451
520440,2014,90000,143382,53382
520440,2015,90000,143138,53138
520440,2016,95000,147259,52259
520440,2017,95000,149538,54538
520440,2018,98000,145030,47030
520440,2019,35300,74017,38717
520440,2020,35000,69065,34065
520440,2021,38000,75065,37065
520450,1988,4300,13609,9309
520450,1989,4800,12187,7387
520450,1990,4500,10302,5802
520450,1991,4500,10553,6053
520450,1992,3500,8948,5448
520450,1993,4000,10118,6118
520450,1994,5000,12170,7170
520450,1995,5000,12095,7095
520450,1996,4000,9633,5633
520450,1997,3500,9552,6052
520450,1998,6650,9858,3208
520450,1999,5000,8964,3964
520450,2000,8180,13909,5729
520450,2001,9420,15655,6235
520450,2002,10500,15889,5389
520450,2003,10500,16769,6269
520450,2004,15000,21785,6785
520450,2005,15600,22926,7326
520450,2006,15600,21365,5765
520450,2007,15600,21375,5775
520450,2008,15600,21255,5655
520450,2009,16000,24623,8623
520450,2010,19000,25793,6793
520450,2011,19000,27304,8304
520450,2012,20000,29257,9257
520450,2013,25000,33119,8119
520450,2014,28000,33693,5693
520450,2015,30000,37466,7466
520450,2016,30000,47220,17220
520450,2017,25000,39721,14721
520450,2018,30000,47754,17754
520450,2019,33000,52285,19285
520450,2020,33000,50273,17273
520450,2021,33000,52273,19273
520460,1988,0,1918,1918
520460,1989,0,1770,1770
520460,1990,0,1525,1525
520460,1991,0,1539,1539
520460,1992,0,1539,1539
520460,1993,0,1539,1539
520460,1994,0,1559,1559
520460,1995,0,2194,2194
520460,1996,0,4081,4081
520460,1997,0,1665,1665
520460,1998,0,2103,2103
520460,1999,0,2263,2263
520460,2000,484,3521,3037
520460,2001,484,2837,2353
520460,2002,484,2948,2464
520460,2003,400,2504,2104
520460,2004,300,3880,3580
520460,2005,200,2890,2690
520460,2006,250,3420,3170
520460,2007,130,3016,2886
520460,2008,30,3052,3022
520460,2009,60,3737,3677
520460,2010,80,1402,1322
520460,2011,250,1470,1220
520460,2012,250,1365,1115
520460,2013,250,1250,1000
520460,2014,250,1270,1020
520460,2015,300,1368,1068
520460,2016,280,1282,1002
520460,2017,250,1198,948
520460,2018,1000,1598,598
520460,2019,1000,1598,598
520460,2020,1005,1610,605
520460,2021,1100,1720,620
520465,1988,0,7274,7274
520465,1989,625,7120,6495
520465,1990,0,4870,4870
520465,1991,0,3890,3890
520465,1992,0,3715,3715
520465,1993,0,3195,3195
520465,1994,0,3270,3270
520465,1995,0,3235,3235
520465,1996,0,1247,1247
520465,1997,0,1640,1640
520465,1998,0,1110,1110
520465,1999,0,1100,1100
520465,2000,0,1050,1050
520465,2001,0,1095,1095
520465,2002,0,860,860
520465,2003,0,900,900
520465,2004,0,875,875
520465,2005,0,645,645
520465,2006,0,630,630
520465,2007,0,630,630
520465,2008,0,785,785
520465,2009,0,1140,1140
520465,2010,300,1290,990
520465,2011,100,1180,1080
520465,2012,780,2200,1420
520465,2013,780,1430,650
520465,2014,1410,2030,620
520465,2015,1400,2165,765
520465,2016,1400,1960,560
520465,2017,1300,1715,415
520465,2018,1692,2028,336
520465,2019,1838,2239,401
520465,2020,1928,2327,399
520465,2021,2053,2434,381
520470,1988,72,2559,2487
520470,1989,202,1849,1647
520470,1990,530,1752,1222
520470,1991,450,1997,1547
520470,1992,500,2712,2212
520470,1993,500,2417,1917
520470,1994,200,1647,1447
520470,1995,200,1713,1513
520470,1996,200,1969,1769
520470,1997,100,1377,1277
520470,1998,0,1442,1442
520470,1999,0,1437,1437
520470,2000,0,1287,1287
520470,2001,0,1335,1335
520470,2002,800,1903,1103
520470,2003,2800,4015,1215
520470,2004,9000,11155,2155
520470,2005,10000,13235,3235
520470,2006,9000,12029,3029
520470,2007,9000,12029,3029
520470,2008,8000,11327,3327
520470,2009,7500,11467,3967
520470,2010,7000,10257,3257
520470,2011,8000,10267,2267
520470,2012,7970,10478,2508
520470,2013,8800,11831,3031
520470,2014,9500,12412,2912
520470,2015,10000,12772,2772
520470,2016,9500,12362,2862
520470,2017,9000,10940,1940
520470,2018,9500,12070,2570
520470,2019,9500,13156,3656
520470,2020,10000,14156,4156
520470,2021,10200,14456,4256
520480,1988,17000,27884,10884
520480,1989,23000,34180,11180
520480,1990,19000,31714,12714
520480,1991,20500,34994,14494
520480,1992,23000,39739,16739
520480,1993,28000,40890,12890
520480,1994,28000,43517,15517
520480,1995,30000,46617,16617
520480,1996,26000,38412,12412
520480,1997,28000,40873,12873
520480,1998,34000,41530,7530
520480,1999,32000,46453,14453
520480,2000,35500,48878,13378
520480,2001,36000,52144,16144
520480,2002,45000,57645,12645
520480,2003,48000,59941,11941
520480,2004,52000,65800,13800
520480,2005,55000,69765,14765
520480,2006,57000,71319,14319
520480,2007,55000,71497,16497
520480,2008,57000,76337,19337
520480,2009,60000,76621,16621
520480,2010,52000,72142,20142
520480,2011,52000,79367,27367
520480,2012,50000,74542,24542
520480,2013,60000,85728,25728
520480,2014,63000,89512,26512
520480,2015,63000,90052,27052
520480,2016,61000,96872,35872
520480,2017,64000,93041,29041
520480,2018,64500,92098,27598
520480,2019,64500,97544,33044
520480,2020,67000,103523,36523
520480,2021,69000,104643,35643
520490,1988,55,2371,2316
520490,1989,120,2100,1980
520490,1990,120,2060,1940
520490,1991,0,2240,2240
520490,1992,0,2895,2895
520490,1993,0,3573,3573
520490,1994,0,2465,2465
520490,1995,0,2250,2250
520490,1996,0,682,682
520490,1997,0,2270,2270
520490,1998,0,2245,2245
520490,1999,0,2195,2195
520490,2000,0,1895,1895
520490,2001,0,1965,1965
520490,2002,0,2025,2025
520490,2003,0,1965,1965
520490,2004,0,1925,1925
520490,2005,0,2025,2025
520490,2006,0,2065,2065
520490,2007,0,2145,2145
520490,2008,0,2125,2125
520490,2009,0,1145,1145
520490,2010,0,2065,2065
520490,2011,0,1895,1895
520490,2012,0,1465,1465
520490,2013,0,1840,1840
520490,2014,0,1183,1183
520490,2015,0,690,690
520490,2016,0,585,585
520490,2017,0,559,559
520490,2018,0,405,405
520490,2019,0,0,0
520490,2020,0,0,0
520490,2021,0,0,0
520495,1988,0,0,0
520495,1989,0,1130,1130
520495,1990,0,725,725
520495,1991,0,630,630
520495,1992,0,730,730
520495,1993,0,730,730
520495,1994,0,535,535
520495,1995,0,530,530
520495,1996,0,997,997
520495,1997,0,470,470
520495,1998,0,431,431
520495,1999,0,460,460
520495,2000,0,435,435
520495,2001,0,430,430
520495,2002,0,455,455
520495,2003,0,445,445
520495,2004,0,391,391
520495,2005,0,373,373
520495,2006,0,346,346
520495,2007,0,346,346
520495,2008,0,207,207
520495,2009,0,219,219
520495,2010,0,197,197
520495,2011,0,142,142
520495,2012,125,267,142
520495,2013,0,131,131
520495,2014,0,131,131
520495,2015,0,61,61
520495,2016,0,61,61
520495,2017,0,61,61
520495,2018,0,61,61
520495,2019,0,79,79
520495,2020,0,96,96
520495,2021,0,86,86
520500,1988,0,22255,22255
520500,1989,0,22572,22572
520500,1990,0,22062,22062
520500,1991,0,20051,20051
520500,1992,0,17135,17135
520500,1993,0,12490,12490
520500,1994,0,12510,12510
520500,1995,0,13790,13790
520500,1996,0,9025,9025
520500,1997,0,15415,15415
520500,1998,0,14528,14528
520500,1999,0,15225,15225
520500,2000,0,11495,11495
520500,2001,0,10895,10895
520500,2002,0,13885,13885
520500,2003,0,14470,14470
520500,2004,0,14672,14672
520500,2005,20,14195,14175
520500,2006,0,10825,10825
520500,2007,0,13300,13300
520500,2008,0,11640,11640
520500,2009,0,12284,12284
520500,2010,0,9135,9135
520500,2011,0,12311,12311
520500,2012,0,13028,13028
520500,2013,0,11855,11855
520500,2014,0,11206,11206
520500,2015,0,12283,12283
520500,2016,0,10495,10495
520500,2017,0,10115,10115
520500,2018,0,12545,12545
520500,2019,0,12299,12299
520500,2020,0,11944,11944
520500,2021,0,12315,12315
520510,1988,15000,25719,10719
520510,1989,18000,29789,11789
520510,1990,22000,33040,11040
520510,1991,21000,34215,13215
520510,1992,22000,37308,15308
520510,1993,27000,40428,13428
520510,1994,32000,46250,14250
520510,1995,37000,47110,10110
520510,1996,33000,49523,16523
520510,1997,36400,54260,17860
520510,1998,42000,52099,10099
520510,1999,45000,60630,15630
520510,2000,48000,66409,18409
520510,2001,52000,73424,21424
520510,2002,60000,79243,19243
520510,2003,65000,81792,16792
520510,2004,70000,89110,19110
520510,2005,75000,94545,19545
520510,2006,74000,93065,19065
520510,2007,72000,93265,21265
520510,2008,76000,97236,21236
520510,2009,77000,99770,22770
520510,2010,51000,67672,16672
520510,2011,81000,103044,22044
520510,2012,87000,110803,23803
520510,2013,87000,112595,25595
520510,2014,100000,127328,27328
520510,2015,100000,124643,24643
520510,2016,102000,139825,37825
520510,2017,102000,131592,29592
520510,2018,102000,137913,35913
520510,2019,109000,142333,33333
520510,2020,113000,158705,45705
520510,2021,115000,155677,40677
520520,1988,0,5755,5755
520520,1989,0,5509,5509
520520,1990,0,5464,5464
520520,1991,0,5658,5658
520520,1992,0,5698,5698
520520,1993,0,5650,5650
520520,1994,0,5585,5585
520520,1995,0,5672,5672
520520,1996,20,1775,1755
520520,1997,20,3332,3312
520520,1998,20,5822,5802
520520,1999,20,5822,5802
520520,2000,20,5422,5402
520520,2001,20,5412,5392
520520,2002,20,5542,5522
520520,2003,20,5480,5460
520520,2004,20,5266,5246
520520,2005,10,4776,4766
520520,2006,40,4683,4643
520520,2007,40,4893,4853
520520,2008,30,5898,5868
520520,2009,100,6208,6108
520520,2010,100,3355,3255
520520,2011,150,3175,3025
520520,2012,150,2990,2840
520520,2013,100,2701,2601
520520,2014,100,2198,2098
520520,2015,40,2725,2685
520520,2016,50,2823,2773
520520,2017,300,1140,840
520520,2018,161,1651,1490
520520,2019,161,1651,1490
520520,2020,163,1720,1557
520520,2021,170,827,657
520530,1988,0,8845,8845
520530,1989,150,4892,4742
520530,1990,0,4075,4075
520530,1991,0,2900,2900
520530,1992,0,2600,2600
520530,1993,0,2837,2837
520530,1994,0,2405,2405
520530,1995,0,2045,2045
520530,1996,0,1973,1973
520530,1997,0,1548,1548
520530,1998,0,1175,1175
520530,1999,0,1415,1415
520530,2000,0,1545,1545
520530,2001,0,1455,1455
520530,2002,0,1675,1675
520530,2003,0,1565,1565
520530,2004,0,1488,1488
520530,2005,0,2028,2028
520530,2006,0,2328,2328
520530,2007,0,2768,2768
520530,2008,0,2870,2870
520530,2009,0,2788,2788
520530,2010,0,2848,2848
520530,2011,0,2378,2378
520530,2012,0,2238,2238
520530,2013,0,2128,2128
520530,2014,0,2328,2328
520530,2015,0,1498,1498
520530,2016,2320,3774,1454
520530,2017,2320,3923,1603
520530,2018,3100,3978,878
520530,2019,0,350,350
520530,2020,960,2161,1201
520530,2021,960,1160,200
520540,1988,0,11387,11387
520540,1989,0,10279,10279
520540,1990,0,6567,6567
520540,1991,0,8182,8182
520540,1992,0,7446,7446
520540,1993,0,6235,6235
520540,1994,300,6296,5996
520540,1995,0,5060,5060
520540,1996,0,6400,6400
520540,1997,0,4780,4780
520540,1998,0,4280,4280
520540,1999,0,4355,4355
520540,2000,0,4595,4595
520540,2001,0,4193,4193
520540,2002,0,6800,6800
520540,2003,0,5730,5730
520540,2004,30,6360,6330
520540,2005,20,7315,7295
520540,2006,0,5990,5990
520540,2007,0,6040,6040
520540,2008,0,5220,5220
520540,2009,0,5515,5515
520540,2010,0,4225,4225
520540,2011,0,6905,6905
520540,2012,0,7669,7669
520540,2013,120,7749,7629
520540,2014,120,8015,7895
520540,2015,0,5920,5920
520540,2016,0,6515,6515
520540,2017,30,6415,6385
520540,2018,0,7118,7118
520540,2019,60,7810,7750
520540,2020,50,7152,7102
520540,2021,265,7225,6960
520545,1988,0,0,0
520545,1989,39,2104,2065
520545,1990,101,1986,1885
520545,1991,50,1445,1395
520545,1992,190,1985,1795
520545,1993,300,2085,1785
520545,1994,400,2185,1785
520545,1995,400,2185,1785
520545,1996,400,3894,3494
520545,1997,400,2278,1878
520545,1998,460,1950,1490
520545,1999,460,1918,1458
520545,2000,300,1630,1330
520545,2001,300,1640,1340
520545,2002,380,1641,1261
520545,2003,500,2005,1505
520545,2004,600,2255,1655
520545,2005,648,2378,1730
520545,2006,500,1750,1250
520545,2007,400,1575,1175
520545,2008,450,1705,1255
520545,2009,700,1455,755
520545,2010,700,1455,755
520545,2011,900,1580,680
520545,2012,1000,1780,780
520545,2013,1200,1940,740
520545,2014,1300,1940,640
520545,2015,1500,2100,600
520545,2016,1500,3300,1800
520545,2017,3486,4663,1177
520545,2018,3600,4796,1196
520545,2019,2200,3270,1070
520545,2020,3600,4948,1348
520545,2021,4600,8281,3681
520552,1988,0,0,0
520552,1989,0,1569,1569
520552,1990,0,2535,2535
520552,1991,0,2095,2095
520552,1992,0,1095,1095
520552,1993,0,870,870
520552,1994,0,685,685
520552,1995,0,690,690
520552,1996,0,1220,1220
520552,1997,0,625,625
520552,1998,0,630,630
520552,1999,0,670,670
520552,2000,0,620,620
520552,2001,0,590,590
520552,2002,0,615,615
520552,2003,0,590,590
520552,2004,0,545,545
520552,2005,0,462,462
520552,2006,0,530,530
520552,2007,0,530,530
520552,2008,0,832,832
520552,2009,0,980,980
520552,2010,0,791,791
520552,2011,0,811,811
520552,2012,0,710,710
520552,2013,0,661,661
520552,2014,0,565,565
520552,2015,0,355,355
520552,2016,0,145,145
520552,2017,0,131,131
520552,2018,0,131,131
520552,2019,0,81,81
520552,2020,0,122,122
520552,2021,0,103,103
520570,1988,0,3472,3472
520570,1989,0,2815,2815
520570,1990,0,2665,2665
520570,1991,0,2617,2617
520570,1992,0,3167,3167
520570,1993,0,2547,2547
520570,1994,0,2252,2252
520570,1995,0,2352,2352
520570,1996,0,2610,2610
520570,1997,0,2810,2810
520570,1998,0,2186,2186
520570,1999,0,1914,1914
520570,2000,0,1894,1894
520570,2001,0,1870,1870
520570,2002,0,1894,1894
520570,2003,0,3150,3150
520570,2004,0,3363,3363
520570,2005,0,3233,3233
520570,2006,0,3239,3239
520570,2007,0,3054,3054
520570,2008,0,3059,3059
520570,2009,0,2959,2959
520570,2010,0,2909,2909
520570,2011,0,258,258
520570,2012,0,150,150
520570,2013,0,5,5
520570,2014,0,205,205
520570,2015,0,205,205
520570,2016,0,205,205
520570,2017,0,210,210
520570,2018,0,150,150
520570,2019,0,155,155
520570,2020,0,175,175
520570,2021,0,175,175
520580,1988,250,12440,12190
520580,1989,2000,13609,11609
520580,1990,300,9248,8948
520580,1991,0,8806,8806
520580,1992,0,9255,9255
520580,1993,0,9390,9390
520580,1994,0,10367,10367
520580,1995,1397,11179,9782
520580,1996,4240,10465,6225
520580,1997,3540,9700,6160
520580,1998,3230,9445,6215
520580,1999,3300,11236,7936
520580,2000,3100,10525,7425
520580,2001,3600,11181,7581
520580,2002,4625,10665,6040
520580,2003,5300,10885,5585
520580,2004,6600,11390,4790
520580,2005,3600,8250,4650
520580,2006,6700,10204,3504
520580,2007,6800,10564,3764
520580,2008,5800,9719,3919
520580,2009,6500,10759,4259
520580,2010,6500,12539,6039
520580,2011,6500,11710,5210
520580,2012,11750,18132,6382
520580,2013,11800,17145,5345
520580,2014,17000,21460,4460
520580,2015,18500,22985,4485
520580,2016,12800,18630,5830
520580,2017,13900,24895,10995
520580,2018,16900,21548,4648
520580,2019,16900,21391,4491
520580,2020,16161,27994,11833
520580,2021,12801,24604,11803
520590,1988,0,4591,4591
520590,1989,0,3469,3469
520590,1990,0,2563,2563
520590,1991,0,2983,2983
520590,1992,0,2395,2395
520590,1993,0,1820,1820
520590,1994,0,1785,1785
520590,1995,435,2530,2095
520590,1996,240,2675,2435
520590,1997,120,2380,2260
520590,1998,150,2280,2130
520590,1999,150,2580,2430
520590,2000,340,2760,2420
520590,2001,490,3110,2620
520590,2002,490,1336,846
520590,2003,490,1282,792
520590,2004,1940,3345,1405
520590,2005,3800,5299,1499
520590,2006,3850,4962,1112
520590,2007,3850,4992,1142
520590,2008,3850,4750,900
520590,2009,3850,4735,885
520590,2010,3670,4605,935
520590,2011,3670,4605,935
520590,2012,5200,7220,2020
520590,2013,5340,6390,1050
520590,2014,7000,8740,1740
520590,2015,7000,9540,2540
520590,2016,7500,8700,1200
520590,2017,7500,9050,1550
520590,2018,7500,10678,3178
520590,2019,7500,9730,2230
520590,2020,7300,10648,3348
520590,2021,7600,10973,3373
520620,1988,40120,64453,24333
520620,1989,60500,73173,12673
520620,1990,52000,66415,14415
520620,1991,42000,65694,23694
520620,1992,45000,65978,20978
520620,1993,50000,68048,18048
520620,1994,55000,76037,21037
520620,1995,55000,87940,32940
520620,1996,40000,83249,43249
520620,1997,40000,86550,46550
520620,1998,57150,84650,27500
520620,1999,45000,104486,59486
520620,2000,45000,124284,79284
520620,2001,40000,114052,74052
520620,2002,50559,138797,88238
520620,2003,90000,175035,85035
520620,2004,100000,184708,84708
520620,2005,123000,201343,78343
520620,2006,140000,219794,79794
520620,2007,120000,214988,94988
520620,2008,120000,228463,108463
520620,2009,165000,294190,129190
520620,2010,200000,313150,113150
520620,2011,210000,326796,116796
520620,2012,205000,341699,136699
520620,2013,190000,372720,182720
520620,2014,200000,517409,317409
520620,2015,220000,385332,165332
520620,2016,233000,368910,135910
520620,2017,240000,371614,131614
520620,2018,240000,371514,131514
520620,2019,220000,364525,144525
520620,2020,260000,418481,158481
520620,2021,265000,419840,154840
520630,1988,450,1969,1519
520630,1989,930,2168,1238
520630,1990,540,1687,1147
520630,1991,540,1490,950
520630,1992,540,1490,950
520630,1993,600,1640,1040
520630,1994,400,1150,750
520630,1995,400,1085,685
520630,1996,580,1403,823
520630,1997,600,1330,730
520630,1998,600,1365,765
520630,1999,500,1215,715
520630,2000,1100,1729,629
520630,2001,1200,1709,509
520630,2002,1500,1943,443
520630,2003,1500,1940,440
520630,2004,1500,2085,585
520630,2005,1200,1602,402
520630,2006,1150,1583,433
520630,2007,1100,1606,506
520630,2008,1500,2012,512
520630,2009,1350,1870,520
520630,2010,1400,1981,581
520630,2011,1250,1972,722
520630,2012,1300,2107,807
520630,2013,2600,3345,745
520630,2014,2700,3265,565
520630,2015,2700,3265,565
520630,2016,3000,3795,795
520630,2017,3000,4198,1198
520630,2018,3000,4010,1010
520630,2019,3000,3930,930
520630,2020,3100,3965,865
520630,2021,5450,6285,835
520640,1988,0,8971,8971
520640,1989,0,5632,5632
520640,1990,0,3022,3022
520640,1991,0,4675,4675
520640,1992,0,4310,4310
520640,1993,0,4915,4915
520640,1994,0,4265,4265
520640,1995,0,4655,4655
520640,1996,0,4763,4763
520640,1997,0,3207,3207
520640,1998,0,2653,2653
520640,1999,0,3169,3169
520640,2000,0,3612,3612
520640,2001,0,3522,3522
520640,2002,0,3817,3817
520640,2003,0,3630,3630
520640,2004,0,3252,3252
520640,2005,0,2987,2987
520640,2006,0,4188,4188
520640,2007,0,4188,4188
520640,2008,0,4982,4982
520640,2009,0,3182,3182
520640,2010,0,2729,2729
520640,2011,0,1853,1853
520640,2012,0,1541,1541
520640,2013,0,1216,1216
520640,2014,0,1207,1207
520640,2015,0,906,906
520640,2016,0,721,721
520640,2017,0,507,507
520640,2018,0,502,502
520640,2019,0,817,817
520640,2020,0,742,742
520640,2021,1300,2065,765
520650,1988,0,1443,1443
520650,1989,125,2392,2267
520650,1990,0,2181,2181
520650,1991,0,1915,1915
520650,1992,0,1855,1855
520650,1993,0,2055,2055
520650,1994,50,2320,2270
520650,1995,30,2945,2915
520650,1996,50,1594,1544
520650,1997,100,1435,1335
520650,1998,145,1370,1225
520650,1999,145,1580,1435
520650,2000,220,1708,1488
520650,2001,220,1705,1485
520650,2002,250,1735,1485
520650,2003,250,1715,1465
520650,2004,450,1945,1495
520650,2005,500,2075,1575
520650,2006,400,1975,1575
520650,2007,400,1970,1570
520650,2008,400,1970,1570
520650,2009,200,1468,1268
520650,2010,500,1618,1118
520650,2011,700,2090,1390
520650,2012,800,2170,1370
520650,2013,427,1397,970
520650,2014,600,1224,624
520650,2015,731,1040,309
520650,2016,750,1512,762
520650,2017,1000,1701,701
520650,2018,700,1317,617
520650,2019,700,1330,630
520650,2020,700,1320,620
520650,2021,700,1332,632
520660,1988,0,1966,1966
520660,1989,0,2481,2481
520660,1990,0,1798,1798
520660,1991,0,2157,2157
520660,1992,0,2662,2662
520660,1993,0,2647,2647
520660,1994,0,2657,2657
520660,1995,0,1437,1437
520660,1996,0,1435,1435
520660,1997,0,1410,1410
520660,1998,0,1040,1040
520660,1999,0,1030,1030
520660,2000,0,1195,1195
520660,2001,0,735,735
520660,2002,0,880,880
520660,2003,0,540,540
520660,2004,0,550,550
520660,2005,0,645,645
520660,2006,480,1045,565
520660,2007,400,915,515
520660,2008,300,895,595
520660,2009,400,965,565
520660,2010,500,1093,593
520660,2011,500,1167,667
520660,2012,310,965,655
520660,2013,335,922,587
520660,2014,500,915,415
520660,2015,500,1060,560
520660,2016,800,1484,684
520660,2017,680,972,292
520660,2018,850,1442,592
520660,2019,1500,2022,522
520660,2020,1500,2092,592
520660,2021,1800,2692,892
520670,1988,0,985,985
520670,1989,0,1003,1003
520670,1990,0,1136,1136
520670,1991,0,871,871
520670,1992,0,841,841
520670,1993,0,857,857
520670,1994,0,1365,1365
520670,1995,0,1155,1155
520670,1996,0,292,292
520670,1997,0,732,732
520670,1998,0,695,695
520670,1999,0,893,893
520670,2000,0,1030,1030
520670,2001,0,890,890
520670,2002,0,1017,1017
520670,2003,0,515,515
520670,2004,500,1740,1240
520670,2005,0,1286,1286
520670,2006,0,1310,1310
520670,2007,0,1305,1305
520670,2008,0,1450,1450
520670,2009,0,1115,1115
520670,2010,0,1280,1280
520670,2011,0,1133,1133
520670,2012,0,962,962
520670,2013,0,742,742
520670,2014,0,792,792
520670,2015,0,716,716
520670,2016,0,612,612
520670,2017,0,226,226
520670,2018,0,110,110
520670,2019,0,0,0
520670,2020,0,0,0
520670,2021,0,6,6
520680,1988,0,1609,1609
520680,1989,0,1699,1699
520680,1990,0,1473,1473
520680,1991,0,1418,1418
520680,1992,0,1418,1418
520680,1993,0,1393,1393
520680,1994,0,1258,1258
520680,1995,0,1433,1433
520680,1996,0,727,727
520680,1997,0,906,906
520680,1998,0,1413,1413
520680,1999,0,1413,1413
520680,2000,0,1313,1313
520680,2001,0,1376,1376
520680,2002,0,1501,1501
520680,2003,0,1391,1391
520680,2004,0,1982,1982
520680,2005,0,1742,1742
520680,2006,60,2265,2205
520680,2007,60,2236,2176
520680,2008,10,2940,2930
520680,2009,100,3680,3580
520680,2010,100,1228,1128
520680,2011,0,548,548
520680,2012,0,563,563
520680,2013,0,1020,1020
520680,2014,0,1020,1020
520680,2015,0,970,970
520680,2016,0,958,958
520680,2017,100,940,840
520680,2018,110,223,113
520680,2019,110,223,113
520680,2020,120,239,119
520680,2021,0,133,133
520690,1988,0,715,715
520690,1989,0,765,765
520690,1990,0,600,600
520690,1991,0,570,570
520690,1992,0,710,710
520690,1993,0,810,810
520690,1994,0,810,810
520690,1995,0,770,770
520690,1996,0,860,860
520690,1997,0,820,820
520690,1998,0,420,420
520690,1999,0,440,440
520690,2000,0,450,450
520690,2001,0,290,290
520690,2002,0,795,795
520690,2003,200,735,535
520690,2004,500,1050,550
520690,2005,600,1240,640
520690,2006,600,1077,477
520690,2007,400,932,532
520690,2008,400,835,435
520690,2009,250,395,145
520690,2010,350,595,245
520690,2011,350,595,245
520690,2012,970,1220,250
520690,2013,970,1360,390
520690,2014,1100,1565,465
520690,2015,1100,2220,1120
520690,2016,1400,1920,520
520690,2017,1600,2620,1020
520690,2018,0,0,0
520690,2019,1700,1820,120
520690,2020,1900,2660,760
520690,2021,2300,3350,1050
520710,1988,0,2985,2985
520710,1989,0,2122,2122
520710,1990,0,2016,2016
520710,1991,0,2178,2178
520710,1992,0,2175,2175
520710,1993,0,1826,1826
520710,1994,0,1673,1673
520710,1995,0,2178,2178
520710,1996,0,1076,1076
520710,1997,0,1371,1371
520710,1998,0,671,671
520710,1999,0,669,669
520710,2000,0,745,745
520710,2001,0,764,764
520710,2002,0,799,799
520710,2003,170,809,639
520710,2004,430,1299,869
520710,2005,600,1264,664
520710,2006,400,949,549
520710,2007,35,784,749
520710,2008,250,1059,809
520710,2009,275,750,475
520710,2010,250,668,418
520710,2011,476,894,418
520710,2012,700,1141,441
520710,2013,1250,1571,321
520710,2014,1800,2107,307
520710,2015,2000,2247,247
520710,2016,3000,3217,217
520710,2017,3000,3712,712
520710,2018,3500,3952,452
520710,2019,3500,4002,502
520710,2020,3500,4050,550
520710,2021,4000,6050,2050
520725,1988,33,10892,10859
520725,1989,600,7809,7209
520725,1990,600,4189,3589
520725,1991,140,2189,2049
520725,1992,160,2350,2190
520725,1993,500,2475,1975
520725,1994,500,2492,1992
520725,1995,0,3517,3517
520725,1996,0,3452,3452
520725,1997,0,3588,3588
520725,1998,0,2887,2887
520725,1999,190,3061,2871
520725,2000,592,4533,3941
520725,2001,900,4090,3190
520725,2002,900,3795,2895
520725,2003,2200,4555,2355
520725,2004,15000,20211,5211
520725,2005,12000,17786,5786
520725,2006,8000,12145,4145
520725,2007,6800,13895,7095
520725,2008,7000,15505,8505
520725,2009,8450,12025,3575
520725,2010,8500,11955,3455
520725,2011,8600,12400,3800
520725,2012,8600,12355,3755
520725,2013,9300,15018,5718
520725,2014,15000,19200,4200
520725,2015,15000,20500,5500
520725,2016,15000,20500,5500
520725,2017,12000,19500,7500
520725,2018,18000,27500,9500
520725,2019,18500,28250,9750
520725,2020,18000,27500,9500
520725,2021,22000,34000,12000
520735,1988,0,0,0
520735,1989,1000,4980,3980
520735,1990,3000,8698,5698
520735,1991,2600,8440,5840
520735,1992,3500,10300,6800
520735,1993,5500,10770,5270
520735,1994,5000,10485,5485
520735,1995,5000,10650,5650
520735,1996,4500,9886,5386
520735,1997,4300,9191,4891
520735,1998,5600,10735,5135
520735,1999,5600,10835,5235
520735,2000,6320,11715,5395
520735,2001,6200,10675,4475
520735,2002,6500,12255,5755
520735,2003,6500,12215,5715
520735,2004,14000,20545,6545
520735,2005,14300,21495,7195
520735,2006,13500,19945,6445
520735,2007,13500,19965,6465
520735,2008,13500,19960,6460
520735,2009,14000,20315,6315
520735,2010,16000,21590,5590
520735,2011,10000,18216,8216
520735,2012,11000,20084,9084
520735,2013,22000,25900,3900
520735,2014,38000,42468,4468
520735,2015,28240,37028,8788
520735,2016,28240,35592,7352
520735,2017,30000,40760,10760
520735,2018,20000,30728,10728
520735,2019,22000,32030,10030
520735,2020,22000,31310,9310
520735,2021,22000,31310,9310
520740,1988,17300,47805,30505
520740,1989,19200,46900,27700
520740,1990,20000,46910,26910
520740,1991,12200,43057,30857
520740,1992,12000,36788,24788
520740,1993,20000,38300,18300
520740,1994,18000,34102,16102
520740,1995,18000,34000,16000
520740,1996,12062,28528,16466
520740,1997,16000,32615,16615
520740,1998,35407,53117,17710
520740,1999,40000,57546,17546
520740,2000,34000,42850,8850
520740,2001,40000,49536,9536
520740,2002,46000,66760,20760
520740,2003,60000,68852,8852
520740,2004,65000,73830,8830
520740,2005,60000,63430,3430
520740,2006,57800,61082,3282
520740,2007,57800,60593,2793
520740,2008,38000,53750,15750
520740,2009,45000,65893,20893
520740,2010,45000,63393,18393
520740,2011,40000,61150,21150
520740,2012,37000,54800,17800
520740,2013,35000,54160,19160
520740,2014,38500,57445,18945
520740,2015,23000,41735,18735
520740,2016,23000,53550,30550
520740,2017,25000,61810,36810
520740,2018,28000,74815,46815
520740,2019,30000,80156,50156
520740,2020,28000,63930,35930
520740,2021,28000,72841,44841
520750,1988,0,1970,1970
520750,1989,0,1480,1480
520750,1990,0,1270,1270
520750,1991,0,1110,1110
520750,1992,0,575,575
520750,1993,0,580,580
520750,1994,0,630,630
520750,1995,0,670,670
520750,1996,0,641,641
520750,1997,0,690,690
520750,1998,0,887,887
520750,1999,0,795,795
520750,2000,0,765,765
520750,2001,0,820,820
520750,2002,0,730,730
520750,2003,300,1075,775
520750,2004,300,1230,930
520750,2005,678,1358,680
520750,2006,800,1520,720
520750,2007,600,1350,750
520750,2008,0,1000,1000
520750,2009,0,1120,1120
520750,2010,0,810,810
520750,2011,1200,2345,1145
520750,2012,720,2285,1565
520750,2013,1107,1957,850
520750,2014,1224,1774,550
520750,2015,1250,2005,755
520750,2016,1680,2162,482
520750,2017,1600,1810,210
520750,2018,1465,1762,297
520750,2019,1465,1759,294
520750,2020,1534,1822,288
520750,2021,1672,1947,275
520753,1988,0,0,0
520753,1989,0,1750,1750
520753,1990,0,1110,1110
520753,1991,0,1385,1385
520753,1992,0,1365,1365
520753,1993,0,650,650
520753,1994,0,875,875
520753,1995,0,920,920
520753,1996,0,820,820
520753,1997,0,730,730
520753,1998,0,525,525
520753,1999,0,555,555
520753,2000,0,565,565
520753,2001,0,565,565
520753,2002,0,660,660
520753,2003,0,1130,1130
520753,2004,0,1530,1530
520753,2005,0,1580,1580
520753,2006,0,1645,1645
520753,2007,0,1555,1555
520753,2008,0,1600,1600
520753,2009,0,1700,1700
520753,2010,0,1150,1150
520753,2011,0,645,645
520753,2012,0,237,237
520753,2013,0,220,220
520753,2014,0,275,275
520753,2015,0,345,345
520753,2016,0,275,275
520753,2017,0,145,145
520753,2018,0,90,90
520753,2019,0,170,170
520753,2020,0,120,120
520753,2021,30,150,120
520760,1988,0,7930,7930
520760,1989,0,5114,5114
520760,1990,141,2408,2267
520760,1991,0,3470,3470
520760,1992,0,3843,3843
520760,1993,0,2836,2836
520760,1994,0,2500,2500
520760,1995,0,2668,2668
520760,1996,0,1647,1647
520760,1997,0,1707,1707
520760,1998,0,1784,1784
520760,1999,0,1584,1584
520760,2000,0,1414,1414
520760,2001,0,1281,1281
520760,2002,0,1441,1441
520760,2003,330,1611,1281
520760,2004,200,1355,1155
520760,2005,130,1235,1105
520760,2006,0,985,985
520760,2007,0,795,795
520760,2008,0,465,465
520760,2009,0,435,435
520760,2010,0,455,455
520760,2011,0,455,455
520760,2012,0,462,462
520760,2013,0,320,320
520760,2014,0,240,240
520760,2015,0,110,110
520760,2016,0,110,110
520760,2017,0,110,110
520760,2018,0,110,110
520760,2019,0,88,88
520760,2020,0,110,110
520760,2021,0,95,95
520780,1988,0,7678,7678
520780,1989,0,5589,5589
520780,1990,0,4677,4677
520780,1991,0,3293,3293
520780,1992,0,3472,3472
520780,1993,0,3189,3189
520780,1994,0,3177,3177
520780,1995,0,3455,3455
520780,1996,0,2988,2988
520780,1997,0,2735,2735
520780,1998,0,2728,2728
520780,1999,0,2668,2668
520780,2000,0,3303,3303
520780,2001,0,3100,3100
520780,2002,0,3110,3110
520780,2003,0,2335,2335
520780,2004,224,3409,3185
520780,2005,250,3373,3123
520780,2006,150,2198,2048
520780,2007,100,1828,1728
520780,2008,280,1598,1318
520780,2009,200,1272,1072
520780,2010,100,1212,1112
520780,2011,270,1494,1224
520780,2012,1445,2638,1193
520780,2013,4440,5488,1048
520780,2014,5000,5915,915
520780,2015,6000,6670,670
520780,2016,6000,6570,570
520780,2017,6000,6620,620
520780,2018,6000,6620,620
520780,2019,7000,9597,2597
520780,2020,8000,13108,5108
520780,2021,10000,16108,6108
520790,1988,1400,8937,7537
520790,1989,1500,11769,10269
520790,1990,1500,12694,11194
520790,1991,1280,11004,9724
520790,1992,900,9569,8669
520790,1993,1000,10154,9154
520790,1994,1000,9238,8238
520790,1995,800,4744,3944
520790,1996,480,3307,2827
520790,1997,200,2427,2227
520790,1998,200,1664,1464
520790,1999,200,2644,2444
520790,2000,200,3174,2974
520790,2001,200,3554,3354
520790,2002,920,6649,5729
520790,2003,1500,10054,8554
520790,2004,1300,10020,8720
520790,2005,1400,11760,10360
520790,2006,2000,10310,8310
520790,2007,2500,13210,10710
520790,2008,2750,17980,15230
520790,2009,3500,18110,14610
520790,2010,3000,16010,13010
520790,2011,3000,15686,12686
520790,2012,3300,16856,13556
520790,2013,4500,16436,11936
520790,2014,4500,17430,12930
520790,2015,4500,17800,13300
520790,2016,4500,17616,13116
520790,2017,4000,17996,13996
520790,2018,4500,24704,20204
520790,2019,5200,35350,30150
520790,2020,4500,25070,20570
520790,2021,5200,25586,20386
520800,1988,5000,28782,23782
520800,1989,6000,28103,22103
520800,1990,5500,22933,17433
520800,1991,4500,25253,20753
520800,1992,4500,25031,20531
520800,1993,6500,19089,12589
520800,1994,7800,18868,11068
520800,1995,5000,12081,7081
520800,1996,3908,12773,8865
520800,1997,3619,9611,5992
520800,1998,4000,10271,6271
520800,1999,4700,11095,6395
520800,2000,4700,13470,8770
520800,2001,4400,12920,8520
520800,2002,5280,13445,8165
520800,2003,6000,13666,7666
520800,2004,6400,17160,10760
520800,2005,7000,18377,11377
520800,2006,7500,15537,8037
520800,2007,7000,17139,10139
520800,2008,7350,18307,10957
520800,2009,7150,22644,15494
520800,2010,8000,24099,16099
520800,2011,9500,34487,24987
520800,2012,9500,36087,26587
520800,2013,11500,37099,25599
520800,2014,12000,38074,26074
520800,2015,14400,39900,25500
520800,2016,15400,40919,25519
520800,2017,16000,44143,28143
520800,2018,13500,34962,21462
520800,2019,15250,43515,28265
520800,2020,14550,42372,27822
520800,2021,16800,47103,30303
520810,1988,1730,19030,17300
520810,1989,0,4955,4955
520810,1990,0,3925,3925
520810,1991,0,4742,4742
520810,1992,0,4702,4702
520810,1993,0,4507,4507
520810,1994,0,3533,3533
520810,1995,0,3003,3003
520810,1996,0,2004,2004
520810,1997,0,1780,1780
520810,1998,0,1568,1568
520810,1999,0,1505,1505
520810,2000,0,1466,1466
520810,2001,0,1330,1330
520810,2002,0,1100,1100
520810,2003,0,1290,1290
520810,2004,180,1355,1175
520810,2005,0,930,930
520810,2006,800,1800,1000
520810,2007,500,1402,902
520810,2008,0,1100,1100
520810,2009,0,1120,1120
520810,2010,0,1020,1020
520810,2011,0,778,778
520810,2012,0,568,568
520810,2013,0,150,150
520810,2014,0,190,190
520810,2015,0,272,272
520810,2016,0,233,233
520810,2017,0,360,360
520810,2018,0,347,347
520810,2019,0,327,327
520810,2020,0,319,319
520810,2021,0,313,313
520830,1988,0,2117,2117
520830,1989,0,2360,2360
520830,1990,0,1795,1795
520830,1991,0,1765,1765
520830,1992,0,1630,1630
520830,1993,0,1810,1810
520830,1994,0,1875,1875
520830,1995,0,1907,1907
520830,1996,0,1169,1169
520830,1997,0,1571,1571
520830,1998,0,2012,2012
520830,1999,0,722,722
520830,2000,0,1202,1202
520830,2001,0,1317,1317
520830,2002,0,1777,1777
520830,2003,0,1697,1697
520830,2004,0,1882,1882
520830,2005,0,1552,1552
520830,2006,0,1807,1807
520830,2007,0,1742,1742
520830,2008,0,1080,1080
520830,2009,0,1602,1602
520830,2010,0,1702,1702
520830,2011,0,1532,1532
520830,2012,0,1360,1360
520830,2013,0,300,300
520830,2014,0,514,514
520830,2015,0,554,554
520830,2016,0,554,554
520830,2017,0,336,336
520830,2018,0,116,116
520830,2019,0,0,0
520830,2020,0,0,0
520830,2021,0,0,0
520840,1988,160,6121,5961
520840,1989,230,7375,7145
520840,1990,100,6707,6607
520840,1991,110,6638,6528
520840,1992,121,6584,6463
520840,1993,260,5968,5708
520840,1994,300,5950,5650
520840,1995,120,3678,3558
520840,1996,442,2397,1955
520840,1997,445,2655,2210
520840,1998,350,2685,2335
520840,1999,300,2345,2045
520840,2000,200,2215,2015
520840,2001,230,2035,1805
520840,2002,250,1920,1670
520840,2003,300,1825,1525
520840,2004,300,1690,1390
520840,2005,310,1645,1335
520840,2006,250,1500,1250
520840,2007,230,1555,1325
520840,2008,1080,2315,1235
520840,2009,1150,2525,1375
520840,2010,1150,2650,1500
520840,2011,1150,2660,1510
520840,2012,1215,2813,1598
520840,2013,1215,2983,1768
520840,2014,1500,3158,1658
520840,2015,1580,3123,1543
520840,2016,1190,4185,2995
520840,2017,1100,4181,3081
520840,2018,2460,5256,2796
520840,2019,2460,5256,2796
520840,2020,520,3082,2562
520840,2021,270,3352,3082
520850,1988,12,2796,2784
520850,1989,7,1665,1658
520850,1990,82,1552,1470
520850,1991,103,1767,1664
520850,1992,80,2080,2000
520850,1993,0,2193,2193
520850,1994,0,2058,2058
520850,1995,0,2673,2673
520850,1996,0,2848,2848
520850,1997,0,3451,3451
520850,1998,0,1981,1981
520850,1999,0,1595,1595
520850,2000,0,1495,1495
520850,2001,0,510,510
520850,2002,97,882,785
520850,2003,105,620,515
520850,2004,350,1015,665
520850,2005,400,1185,785
520850,2006,400,1168,768
520850,2007,400,983,583
520850,2008,368,1084,716
520850,2009,365,590,225
520850,2010,900,1453,553
520850,2011,900,1473,573
520850,2012,1077,2231,1154
520850,2013,1386,1811,425
520850,2014,500,1025,525
520850,2015,500,1025,525
520850,2016,600,795,195
520850,2017,1300,1995,695
520850,2018,1800,2435,635
520850,2019,1800,2435,635
520850,2020,2520,3840,1320
520850,2021,3000,6520,3520
520860,1988,1000,22500,21500
520860,1989,1010,18440,17430
520860,1990,300,14961,14661
520860,1991,600,14778,14178
520860,1992,1200,16858,15658
520860,1993,2700,17088,14388
520860,1994,2350,16950,14600
520860,1995,2587,20369,17782
520860,1996,1200,18831,17631
520860,1997,1200,18293,17093
520860,1998,1200,19269,18069
520860,1999,1000,18064,17064
520860,2000,800,16970,16170
520860,2001,1000,18490,17490
520860,2002,1240,22322,21082
520860,2003,1500,19494,17994
520860,2004,1700,21984,20284
520860,2005,2345,24597,22252
520860,2006,2000,17668,15668
520860,2007,1200,18298,17098
520860,2008,1000,18796,17796
520860,2009,2800,19921,17121
520860,2010,2500,19497,16997
520860,2011,2500,20447,17947
520860,2012,1800,24740,22940
520860,2013,1500,24087,22587
520860,2014,2500,22150,19650
520860,2015,2500,23620,21120
520860,2016,2600,25410,22810
520860,2017,2400,25166,22766
520860,2018,1680,21020,19340
520860,2019,1680,25020,23340
520860,2020,1680,26040,24360
520860,2021,3800,27635,23835
520870,1988,496,15406,14910
520870,1989,215,14591,14376
520870,1990,335,11133,10798
520870,1991,200,10389,10189
520870,1992,200,10850,10650
520870,1993,635,11406,10771
520870,1994,845,12385,11540
520870,1995,250,11527,11277
520870,1996,845,10585,9740
520870,1997,710,11239,10529
520870,1998,958,12168,11210
520870,1999,1083,9853,8770
520870,2000,648,9214,8566
520870,2001,325,7558,7233
520870,2002,772,7807,7035
520870,2003,915,6476,5561
520870,2004,4125,10779,6654
520870,2005,3625,10382,6757
520870,2006,2565,9157,6592
520870,2007,2115,9008,6893
520870,2008,1642,7932,6290
520870,2009,1450,8278,6828
520870,2010,2550,8547,5997
520870,2011,3300,8576,5276
520870,2012,2750,8010,5260
520870,2013,2980,7305,4325
520870,2014,2500,6788,4288
520870,2015,3075,8504,5429
520870,2016,4075,11315,7240
520870,2017,7017,11465,4448
520870,2018,4747,6888,2141
520870,2019,5930,10967,5037
520870,2020,5280,10582,5302
520870,2021,7952,11337,3385
520880,1988,0,4717,4717
520880,1989,0,4501,4501
520880,1990,0,4024,4024
520880,1991,0,3864,3864
520880,1992,0,3952,3952
520880,1993,0,4771,4771
520880,1994,0,4417,4417
520880,1995,0,4304,4304
520880,1996,188,2175,1987
520880,1997,188,2284,2096
520880,1998,188,4057,3869
520880,1999,188,4057,3869
520880,2000,188,3757,3569
520880,2001,218,3771,3553
520880,2002,512,4620,4108
520880,2003,418,4236,3818
520880,2004,600,5894,5294
520880,2005,230,4456,4226
520880,2006,190,5085,4895
520880,2007,310,5906,5596
520880,2008,350,6349,5999
520880,2009,450,7741,7291
520880,2010,600,5201,4601
520880,2011,775,4729,3954
520880,2012,650,4497,3847
520880,2013,1242,4957,3715
520880,2014,1300,3270,1970
520880,2015,1000,2735,1735
520880,2016,550,2319,1769
520880,2017,2015,3445,1430
520880,2018,2360,3581,1221
520880,2019,2360,5441,3081
520880,2020,2200,5100,2900
520880,2021,2400,3740,1340
520890,1988,0,18084,18084
520890,1989,0,3905,3905
520890,1990,0,2990,2990
520890,1991,0,4480,4480
520890,1992,0,4905,4905
520890,1993,0,1254,1254
520890,1994,0,2300,2300
520890,1995,0,4941,4941
520890,1996,0,3580,3580
520890,1997,0,5347,5347
520890,1998,194,7071,6877
520890,1999,300,12450,12150
520890,2000,300,9465,9165
520890,2001,750,7181,6431
520890,2002,80,5258,5178
520890,2003,700,8533,7833
520890,2004,800,8756,7956
520890,2005,900,8743,7843
520890,2006,600,8097,7497
520890,2007,400,7302,6902
520890,2008,400,7322,6922
520890,2009,500,7722,7222
520890,2010,500,7667,7167
520890,2011,2166,7537,5371
520890,2012,3000,4533,1533
520890,2013,3000,6796,3796
520890,2014,3000,5794,2794
520890,2015,3000,5748,2748
520890,2016,3000,5369,2369
520890,2017,3663,7794,4131
520890,2018,3100,7310,4210
520890,2019,2700,6265,3565
520890,2020,4580,8315,3735
520890,2021,4100,5857,1757
520910,1988,33100,82767,49667
520910,1989,38760,83619,44859
520910,1990,35000,74132,39132
520910,1991,25000,65785,40785
520910,1992,30500,80633,50133
520910,1993,35000,77388,42388
520910,1994,35000,73520,38520
520910,1995,35000,73380,38380
520910,1996,43121,82003,38882
520910,1997,27500,62504,35004
520910,1998,47776,78234,30458
520910,1999,49500,84591,35091
520910,2000,52000,84879,32879
520910,2001,53000,98649,45649
520910,2002,74267,120087,45820
520910,2003,85000,116355,31355
520910,2004,102000,143113,41113
520910,2005,93800,147081,53281
520910,2006,80000,130752,50752
520910,2007,60600,127489,66889
520910,2008,58000,127647,69647
520910,2009,56500,126974,70474
520910,2010,62000,134253,72253
520910,2011,65000,149496,84496
520910,2012,79000,172122,93122
520910,2013,80500,172827,92327
520910,2014,81500,169165,87665
520910,2015,82100,179145,97045
520910,2016,84500,200545,116045
520910,2017,84300,201482,117182
520910,2018,90200,220423,130223
520910,2019,90000,217988,127988
520910,2020,88500,217088,128588
520910,2021,89500,222423,132923
520915,1988,0,0,0
520915,1989,4200,12090,7890
520915,1990,3600,10375,6775
520915,1991,3500,12150,8650
520915,1992,3500,10963,7463
520915,1993,4800,10060,5260
520915,1994,3100,7070,3970
520915,1995,7160,12920,5760
520915,1996,5000,9400,4400
520915,1997,5200,9300,4100
520915,1998,5200,14460,9260
520915,1999,5000,13860,8860
520915,2000,6000,9760,3760
520915,2001,18000,29298,11298
520915,2002,12000,14658,2658
520915,2003,14500,17330,2830
520915,2004,16000,20130,4130
520915,2005,15000,19788,4788
520915,2006,11000,16920,5920
520915,2007,4000,11686,7686
520915,2008,3000,21225,18225
520915,2009,2000,26030,24030
520915,2010,2500,21830,19330
520915,2011,3000,23660,20660
520915,2012,3100,26265,23165
520915,2013,4300,31142,26842
520915,2014,5000,33648,28648
520915,2015,4350,34391,30041
520915,2016,1800,31015,29215
520915,2017,1250,32273,31023
520915,2018,1300,30879,29579
520915,2019,1300,30991,29691
520915,2020,1300,31529,30229
520915,2021,1400,31975,30575
520940,1988,0,1075,1075
520940,1989,0,1230,1230
520940,1990,0,1155,1155
520940,1991,0,1200,1200
520940,1992,0,2010,2010
520940,1993,0,1740,1740
520940,1994,0,1300,1300
520940,1995,0,1585,1585
520940,1996,0,969,969
520940,1997,0,1504,1504
520940,1998,0,1640,1640
520940,1999,0,1560,1560
520940,2000,0,1570,1570
520940,2001,0,1774,1774
520940,2002,0,1150,1150
520940,2003,0,1640,1640
520940,2004,0,1610,1610
520940,2005,0,1600,1600
520940,2006,0,1075,1075
520940,2007,0,1170,1170
520940,2008,0,1290,1290
520940,2009,0,1219,1219
520940,2010,0,1238,1238
520940,2011,0,780,780
520940,2012,0,575,575
520940,2013,100,580,480
520940,2014,100,610,510
520940,2015,0,649,649
520940,2016,0,539,539
520940,2017,270,716,446
520940,2018,0,490,490
520940,2019,490,494,4
520940,2020,160,484,324
520940,2021,120,123,3
520945,1988,0,0,0
520945,1989,0,1240,1240
520945,1990,0,900,900
520945,1991,0,820,820
520945,1992,0,785,785
520945,1993,0,725,725
520945,1994,0,618,618
520945,1995,0,578,578
520945,1996,0,1510,1510
520945,1997,0,518,518
520945,1998,0,515,515
520945,1999,0,645,645
520945,2000,0,585,585
520945,2001,0,575,575
520945,2002,0,890,890
520945,2003,0,520,520
520945,2004,0,590,590
520945,2005,0,590,590
520945,2006,0,605,605
520945,2007,0,595,595
520945,2008,0,510,510
520945,2009,0,530,530
520945,2010,0,640,640
520945,2011,0,805,805
520945,2012,0,715,715
520945,2013,0,90,90
520945,2014,0,38,38
520945,2015,0,38,38
520945,2016,0,38,38
520945,2017,0,236,236
520945,2018,0,38,38
520945,2019,0,30,30
520945,2020,0,30,30
520945,2021,31,61,30
520960,1988,0,6678,6678
520960,1989,0,5995,5995
520960,1990,0,6615,6615
520960,1991,0,5744,5744
520960,1992,0,5537,5537
520960,1993,0,5427,5427
520960,1994,0,5148,5148
520960,1995,0,5419,5419
520960,1996,0,1481,1481
520960,1997,0,1499,1499
520960,1998,0,1624,1624
520960,1999,0,1744,1744
520960,2000,0,1434,1434
520960,2001,0,1434,1434
520960,2002,0,1485,1485
520960,2003,0,1475,1475
520960,2004,60,2520,2460
520960,2005,40,1965,1925
520960,2006,50,2085,2035
520960,2007,70,2412,2342
520960,2008,100,3347,3247
520960,2009,300,4935,4635
520960,2010,50,2346,2296
520960,2011,500,2665,2165
520960,2012,500,2935,2435
520960,2013,80,2145,2065
520960,2014,100,1927,1827
520960,2015,100,2090,1990
520960,2016,200,2120,1920
520960,2017,210,1175,965
520960,2018,150,1119,969
520960,2019,150,1176,1026
520960,2020,153,1150,997
520960,2021,160,912,752
520970,1988,400,6988,6588
520970,1989,400,5959,5559
520970,1990,50,4559,4509
520970,1991,0,4534,4534
520970,1992,120,4936,4816
520970,1993,100,4103,4003
520970,1994,75,4608,4533
520970,1995,75,4366,4291
520970,1996,0,2593,2593
520970,1997,0,1110,1110
520970,1998,0,1445,1445
520970,1999,0,1890,1890
520970,2000,0,1629,1629
520970,2001,0,1594,1594
520970,2002,0,2185,2185
520970,2003,0,1984,1984
520970,2004,508,2455,1947
520970,2005,380,2194,1814
520970,2006,0,1991,1991
520970,2007,0,2231,2231
520970,2008,0,1204,1204
520970,2009,0,1204,1204
520970,2010,0,1204,1204
520970,2011,0,1336,1336
520970,2012,0,1317,1317
520970,2013,700,2167,1467
520970,2014,750,2249,1499
520970,2015,800,2349,1549
520970,2016,800,2999,2199
520970,2017,1400,3235,1835
520970,2018,1400,3104,1704
520970,2019,4400,8030,3630
520970,2020,4000,6868,2868
520970,2021,5200,8395,3195
520980,1988,0,2630,2630
520980,1989,712,2372,1660
520980,1990,750,2220,1470
520980,1991,300,1915,1615
520980,1992,900,3605,2705
520980,1993,800,3200,2400
520980,1994,500,2305,1805
520980,1995,135,1925,1790
520980,1996,135,1703,1568
520980,1997,0,1495,1495
520980,1998,200,1705,1505
520980,1999,200,1965,1765
520980,2000,70,1745,1675
520980,2001,103,1743,1640
520980,2002,340,1580,1240
520980,2003,440,1530,1090
520980,2004,1000,1885,885
520980,2005,800,2940,2140
520980,2006,700,3047,2347
520980,2007,700,3503,2803
520980,2008,600,3608,3008
520980,2009,1200,3748,2548
520980,2010,1450,3741,2291
520980,2011,1900,4073,2173
520980,2012,2500,4610,2110
520980,2013,2800,5885,3085
520980,2014,3200,5454,2254
520980,2015,3000,5440,2440
520980,2016,2500,4235,1735
520980,2017,3800,5066,1266
520980,2018,3000,4436,1436
520980,2019,3500,5170,1670
520980,2020,3300,4927,1627
520980,2021,3600,5219,1619
520990,1988,0,3843,3843
520990,1989,0,4004,4004
520990,1990,0,2187,2187
520990,1991,0,2440,2440
520990,1992,0,2393,2393
520990,1993,0,2275,2275
520990,1994,0,2738,2738
520990,1995,0,2605,2605
520990,1996,0,786,786
520990,1997,0,2130,2130
520990,1998,0,2140,2140
520990,1999,0,2405,2405
520990,2000,0,2020,2020
520990,2001,0,1933,1933
520990,2002,0,1686,1686
520990,2003,0,1784,1784
520990,2004,0,1943,1943
520990,2005,0,1953,1953
520990,2006,0,2323,2323
520990,2007,0,2478,2478
520990,2008,250,3260,3010
520990,2009,0,820,820
520990,2010,0,1205,1205
520990,2011,0,910,910
520990,2012,0,830,830
520990,2013,0,1010,1010
520990,2014,480,1750,1270
520990,2015,350,1093,743
520990,2016,0,934,934
520990,2017,220,809,589
520990,2018,135,689,554
520990,2019,618,1448,830
520990,2020,440,1260,820
520990,2021,1140,1542,402
520995,1988,1800,11764,9964
520995,1989,980,10750,9770
520995,1990,2000,12801,10801
520995,1991,1300,11048,9748
520995,1992,2990,13243,10253
520995,1993,4200,16453,12253
520995,1994,4200,16478,12278
520995,1995,4200,18934,14734
520995,1996,3600,17725,14125
520995,1997,3450,13578,10128
520995,1998,5500,14782,9282
520995,1999,5500,14498,8998
520995,2000,5500,15362,9862
520995,2001,4000,13963,9963
520995,2002,7200,14661,7461
520995,2003,8500,12783,4283
520995,2004,13500,22081,8581
520995,2005,13000,22175,9175
520995,2006,7000,13185,6185
520995,2007,4500,13862,9362
520995,2008,6000,12134,6134
520995,2009,6000,14287,8287
520995,2010,6000,14327,8327
520995,2011,8600,15886,7286
520995,2012,9000,21206,12206
520995,2013,10000,21395,11395
520995,2014,12000,22963,10963
520995,2015,12000,24113,12113
520995,2016,9500,23396,13896
520995,2017,1400,17084,15684
520995,2018,1300,14575,13275
520995,2019,16000,35940,19940
520995,2020,15000,23106,8106
520995,2021,30000,49994,19994
521000,1988,0,12458,12458
521000,1989,0,12948,12948
521000,1990,0,12095,12095
521000,1991,0,11742,11742
521000,1992,0,11463,11463
521000,1993,0,10740,10740
521000,1994,381,10520,10139
521000,1995,0,10735,10735
521000,1996,0,7192,7192
521000,1997,0,8261,8261
521000,1998,50,10645,10595
521000,1999,0,11198,11198
521000,2000,250,11369,11119
521000,2001,600,11989,11389
521000,2002,600,12897,12297
521000,2003,800,12492,11692
521000,2004,800,12360,11560
521000,2005,600,12334,11734
521000,2006,700,11529,10829
521000,2007,600,10859,10259
521000,2008,500,12544,12044
521000,2009,800,10246,9446
521000,2010,1200,11215,10015
521000,2011,1500,11555,10055
521000,2012,1500,14456,12956
521000,2013,1800,12490,10690
521000,2014,1700,12329,10629
521000,2015,650,12614,11964
521000,2016,600,13984,13384
521000,2017,3700,13680,9980
521000,2018,1200,7966,6766
521000,2019,923,11259,10336
521000,2020,930,13087,12157
521000,2021,930,12983,12053
521010,1988,17400,38684,21284
521010,1989,25000,40176,15176
521010,1990,25000,39259,14259
521010,1991,19000,36477,17477
521010,1992,20000,37586,17586
521010,1993,25000,42486,17486
521010,1994,26000,46056,20056
521010,1995,28000,49996,21996
521010,1996,25000,50824,25824
521010,1997,23000,51183,28183
521010,1998,37000,54850,17850
521010,1999,42000,67255,25255
521010,2000,43000,71775,28775
521010,2001,45000,66444,21444
521010,2002,49000,70587,21587
521010,2003,54000,81083,27083
521010,2004,64000,99018,35018
521010,2005,66000,93452,27452
521010,2006,66000,90617,24617
521010,2007,63000,90507,27507
521010,2008,67000,101607,34607
521010,2009,72000,101120,29120
521010,2010,72000,101821,29821
521010,2011,65000,104624,39624
521010,2012,75000,115796,40796
521010,2013,75000,115321,40321
521010,2014,85000,128243,43243
521010,2015,85000,120526,35526
521010,2016,87000,129711,42711
521010,2017,90000,129566,39566
521010,2018,91000,131380,40380
521010,2019,95000,136043,41043
521010,2020,98000,140954,42954
521010,2021,100500,149074,48574
521020,1988,0,8888,8888
521020,1989,0,7597,7597
521020,1990,0,6112,6112
521020,1991,0,6382,6382
521020,1992,0,6276,6276
521020,1993,0,5320,5320
521020,1994,0,5314,5314
521020,1995,0,5305,5305
521020,1996,0,3405,3405
521020,1997,0,2789,2789
521020,1998,0,2257,2257
521020,1999,0,2195,2195
521020,2000,0,2209,2209
521020,2001,0,2162,2162
521020,2002,130,2085,1955
521020,2003,500,2115,1615
521020,2004,1600,3249,1649
521020,2005,1600,3479,1879
521020,2006,1000,3188,2188
521020,2007,1000,3023,2023
521020,2008,1100,2953,1853
521020,2009,1100,2953,1853
521020,2010,1100,2651,1551
521020,2011,1125,2726,1601
521020,2012,1535,3032,1497
521020,2013,2025,3360,1335
521020,2014,3685,4612,927
521020,2015,4000,4767,767
521020,2016,4000,4417,417
521020,2017,4200,4600,400
521020,2018,4000,4200,200
521020,2019,4000,4200,200
521020,2020,4000,6310,2310
521020,2021,5000,9110,4110
521030,1988,0,2040,2040
521030,1989,0,1392,1392
521030,1990,0,1217,1217
521030,1991,0,960,960
521030,1992,0,944,944
521030,1993,0,860,860
521030,1994,0,978,978
521030,1995,0,978,978
521030,1996,0,961,961
521030,1997,0,886,886
521030,1998,0,970,970
521030,1999,0,878,878
521030,2000,0,868,868
521030,2001,0,874,874
521030,2002,0,1014,1014
521030,2003,100,1030,930
521030,2004,300,1280,980
521030,2005,210,1300,1090
521030,2006,0,1200,1200
521030,2007,0,680,680
521030,2008,0,545,545
521030,2009,0,270,270
521030,2010,0,250,250
521030,2011,0,178,178
521030,2012,0,153,153
521030,2013,0,98,98
521030,2014,720,804,84
521030,2015,825,848,23
521030,2016,825,848,23
521030,2017,825,848,23
521030,2018,900,923,23
521030,2019,900,930,30
521030,2020,1000,1020,20
521030,2021,1300,1320,20
521040,1988,150,37976,37826
521040,1989,630,38771,38141
521040,1990,740,36591,35851
521040,1991,480,31495,31015
521040,1992,58,38300,38242
521040,1993,208,38354,38146
521040,1994,145,38434,38289
521040,1995,300,33318,33018
521040,1996,90,20965,20875
521040,1997,435,22056,21621
521040,1998,840,23021,22181
521040,1999,550,36349,35799
521040,2000,3000,31205,28205
521040,2001,6000,32528,26528
521040,2002,8100,35782,27682
521040,2003,8313,37958,29645
521040,2004,12000,43845,31845
521040,2005,10000,45347,35347
521040,2006,9000,39320,30320
521040,2007,8000,36039,28039
521040,2008,3000,27241,24241
521040,2009,9000,32020,23020
521040,2010,12000,33436,21436
521040,2011,14000,31407,17407
521040,2012,10000,38634,28634
521040,2013,13000,38971,25971
521040,2014,13000,40597,27597
521040,2015,13500,35386,21886
521040,2016,13000,34183,21183
521040,2017,15000,37295,22295
521040,2018,13500,39256,25756
521040,2019,22500,50563,28063
521040,2020,23000,52754,29754
521040,2021,28500,62853,34353
521056,1988,0,0,0
521056,1989,0,4981,4981
521056,1990,0,4609,4609
521056,1991,0,4254,4254
521056,1992,0,4251,4251
521056,1993,0,4197,4197
521056,1994,0,4332,4332
521056,1995,0,4545,4545
521056,1996,0,2051,2051
521056,1997,0,2188,2188
521056,1998,0,2150,2150
521056,1999,0,4290,4290
521056,2000,0,3607,3607
521056,2001,0,4007,4007
521056,2002,0,4117,4117
521056,2003,0,4287,4287
521056,2004,150,3980,3830
521056,2005,90,3335,3245
521056,2006,120,3825,3705
521056,2007,80,3425,3345
521056,2008,80,3373,3293
521056,2009,200,4393,4193
521056,2010,300,2103,1803
521056,2011,450,2186,1736
521056,2012,450,2507,2057
521056,2013,0,1448,1448
521056,2014,0,816,816
521056,2015,0,786,786
521056,2016,0,935,935
521056,2017,200,1130,930
521056,2018,250,957,707
521056,2019,250,913,663
521056,2020,255,803,548
521056,2021,270,853,583
521060,1988,0,18222,18222
521060,1989,0,19048,19048
521060,1990,0,18268,18268
521060,1991,0,14593,14593
521060,1992,0,10117,10117
521060,1993,0,10887,10887
521060,1994,0,12370,12370
521060,1995,0,12372,12372
521060,1996,0,2590,2590
521060,1997,0,3115,3115
521060,1998,0,3497,3497
521060,1999,0,2685,2685
521060,2000,0,3687,3687
521060,2001,0,3842,3842
521060,2002,0,2960,2960
521060,2003,0,2920,2920
521060,2004,0,3590,3590
521060,2005,0,3060,3060
521060,2006,40,3230,3190
521060,2007,20,2946,2926
521060,2008,20,2882,2862
521060,2009,100,4260,4160
521060,2010,200,2570,2370
521060,2011,250,2205,1955
521060,2012,250,1584,1334
521060,2013,0,2660,2660
521060,2014,0,1531,1531
521060,2015,0,1542,1542
521060,2016,0,1512,1512
521060,2017,0,1570,1570
521060,2018,135,1242,1107
521060,2019,135,1242,1107
521060,2020,140,1271,1131
521060,2021,150,1251,1101
521080,1988,0,3398,3398
521080,1989,0,3749,3749
521080,1990,0,4819,4819
521080,1991,70,3778,3708
521080,1992,70,2738,2668
521080,1993,100,2728,2628
521080,1994,100,3018,2918
521080,1995,0,3192,3192
521080,1996,0,1977,1977
521080,1997,0,2418,2418
521080,1998,0,588,588
521080,1999,0,570,570
521080,2000,0,570,570
521080,2001,0,510,510
521080,2002,0,420,420
521080,2003,0,450,450
521080,2004,0,460,460
521080,2005,0,510,510
521080,2006,200,690,490
521080,2007,200,850,650
521080,2008,220,1000,780
521080,2009,200,900,700
521080,2010,250,850,600
521080,2011,300,850,550
521080,2012,0,0,0
521080,2013,0,140,140
521080,2014,0,95,95
521080,2015,0,315,315
521080,2016,0,65,65
521080,2017,0,65,65
521080,2018,0,145,145
521080,2019,0,65,65
521080,2020,0,60,60
521080,2021,125,165,40
521090,1988,2040,17237,15197
521090,1989,480,8121,7641
521090,1990,15,5999,5984
521090,1991,0,5214,5214
521090,1992,484,7094,6610
521090,1993,0,4478,4478
521090,1994,98,4793,4695
521090,1995,38,3558,3520
521090,1996,242,4849,4607
521090,1997,240,3932,3692
521090,1998,500,4288,3788
521090,1999,340,3714,3374
521090,2000,0,3619,3619
521090,2001,0,2989,2989
521090,2002,200,2709,2509
521090,2003,200,8686,8486
521090,2004,500,7232,6732
521090,2005,600,7253,6653
521090,2006,900,7198,6298
521090,2007,800,7158,6358
521090,2008,0,1190,1190
521090,2009,0,1572,1572
521090,2010,310,5895,5585
521090,2011,86,9200,9114
521090,2012,86,8222,8136
521090,2013,350,9247,8897
521090,2014,350,9143,8793
521090,2015,600,8566,7966
521090,2016,700,9270,8570
521090,2017,850,9702,8852
521090,2018,700,9410,8710
521090,2019,1000,10080,9080
521090,2020,950,10115,9165
521090,2021,1520,12255,10735
521100,1988,0,12410,12410
521100,1989,0,7284,7284
521100,1990,0,4635,4635
521100,1991,0,3940,3940
521100,1992,0,7755,7755
521100,1993,0,5421,5421
521100,1994,87,3778,3691
521100,1995,0,2640,2640
521100,1996,0,1106,1106
521100,1997,40,1416,1376
521100,1998,0,1786,1786
521100,1999,0,1831,1831
521100,2000,0,1751,1751
521100,2001,0,1463,1463
521100,2002,0,1365,1365
521100,2003,0,1305,1305
521100,2004,160,1440,1280
521100,2005,0,1540,1540
521100,2006,0,1560,1560
521100,2007,0,1385,1385
521100,2008,0,1415,1415
521100,2009,0,1615,1615
521100,2010,0,1715,1715
521100,2011,65,582,517
521100,2012,0,80,80
521100,2013,0,20,20
521100,2014,110,410,300
521100,2015,242,542,300
521100,2016,242,542,300
521100,2017,242,987,745
521100,2018,315,985,670
521100,2019,400,1225,825
521100,2020,2210,2880,670
521100,2021,4100,4720,620
521120,1988,0,38627,38627
521120,1989,0,24477,24477
521120,1990,50,35442,35392
521120,1991,0,32012,32012
521120,1992,0,28763,28763
521120,1993,0,27290,27290
521120,1994,0,31106,31106
521120,1995,0,30698,30698
521120,1996,0,13178,13178
521120,1997,0,15000,15000
521120,1998,10,14426,14416
521120,1999,0,15848,15848
521120,2000,100,12590,12490
521120,2001,0,12941,12941
521120,2002,1500,12781,11281
521120,2003,200,10550,10350
521120,2004,300,9450,9150
521120,2005,150,8635,8485
521120,2006,0,7920,7920
521120,2007,0,17505,17505
521120,2008,0,14306,14306
521120,2009,0,9625,9625
521120,2010,0,6761,6761
521120,2011,0,13791,13791
521120,2012,0,12659,12659
521120,2013,0,9642,9642
521120,2014,120,9738,9618
521120,2015,300,8364,8064
521120,2016,200,9773,9573
521120,2017,500,9765,9265
521120,2018,200,9773,9573
521120,2019,230,9789,9559
521120,2020,250,9830,9580
521120,2021,458,9588,9130
521130,1988,0,4236,4236
521130,1989,0,4450,4450
521130,1990,0,4550,4550
521130,1991,0,4050,4050
521130,1992,0,4387,4387
521130,1993,0,4487,4487
521130,1994,0,3977,3977
521130,1995,0,3982,3982
521130,1996,0,1755,1755
521130,1997,0,3917,3917
521130,1998,0,1767,1767
521130,1999,0,1737,1737
521130,2000,0,1735,1735
521130,2001,0,1735,1735
521130,2002,0,1550,1550
521130,2003,3150,3685,535
521130,2004,3150,3735,585
521130,2005,3300,3880,580
521130,2006,6280,7280,1000
521130,2007,1500,3300,1800
521130,2008,1000,3400,2400
521130,2009,1200,3100,1900
521130,2010,1500,5715,4215
521130,2011,1700,5715,4015
521130,2012,1700,5715,4015
521130,2013,4480,20240,15760
521130,2014,3000,16483,13483
521130,2015,1000,19158,18158
521130,2016,1500,19560,18060
521130,2017,3200,20429,17229
521130,2018,3190,21843,18653
521130,2019,3200,17473,14273
521130,2020,3200,12874,9674
521130,2021,4000,17997,13997
521140,1988,0,6771,6771
521140,1989,0,5855,5855
521140,1990,0,4343,4343
521140,1991,0,4511,4511
521140,1992,0,4081,4081
521140,1993,0,3817,3817
521140,1994,0,3841,3841
521140,1995,0,4508,4508
521140,1996,0,2322,2322
521140,1997,0,2296,2296
521140,1998,0,2228,2228
521140,1999,0,2360,2360
521140,2000,60,2290,2230
521140,2001,60,2319,2259
521140,2002,100,2629,2529
521140,2003,100,2521,2421
521140,2004,150,3386,3236
521140,2005,100,2283,2183
521140,2006,120,2070,1950
521140,2007,40,1856,1816
521140,2008,40,2390,2350
521140,2009,200,2610,2410
521140,2010,0,2040,2040
521140,2011,110,2134,2024
521140,2012,350,2334,1984
521140,2013,425,2275,1850
521140,2014,425,1425,1000
521140,2015,500,1750,1250
521140,2016,609,1938,1329
521140,2017,425,1718,1293
521140,2018,690,1983,1293
521140,2019,690,2143,1453
521140,2020,700,2003,1303
521140,2021,750,2098,1348
521150,1988,12120,67822,55702
521150,1989,13000,65940,52940
521150,1990,14000,56345,42345
521150,1991,9400,46658,37258
521150,1992,10000,43689,33689
521150,1993,15000,44793,29793
521150,1994,18182,58941,40759
521150,1995,13600,54395,40795
521150,1996,17000,64660,47660
521150,1997,15500,60455,44955
521150,1998,31996,73613,41617
521150,1999,35174,72690,37516
521150,2000,41300,73286,31986
521150,2001,41900,73329,31429
521150,2002,53400,78995,25595
521150,2003,66000,82439,16439
521150,2004,75150,96095,20945
521150,2005,74500,100496,25996
521150,2006,64200,89743,25543
521150,2007,47800,86303,38503
521150,2008,40000,80747,40747
521150,2009,47300,95356,48056
521150,2010,52500,97536,45036
521150,2011,51500,111333,59833
521150,2012,38000,105538,67538
521150,2013,40600,104331,63731
521150,2014,41000,116106,75106
521150,2015,36500,121221,84721
521150,2016,37200,122195,84995
521150,2017,36700,126625,89925
521150,2018,43500,125437,81937
521150,2019,44600,122750,78150
521150,2020,43800,127006,83206
521150,2021,46500,133085,86585
521160,1988,642,3799,3157
521160,1989,774,3247,2473
521160,1990,660,2645,1985
521160,1991,430,2975,2545
521160,1992,800,3345,2545
521160,1993,1000,3745,2745
521160,1994,1800,4245,2445
521160,1995,1300,3847,2547
521160,1996,1000,2958,1958
521160,1997,1000,2884,1884
521160,1998,1000,2854,1854
521160,1999,1000,2602,1602
521160,2000,1000,2562,1562
521160,2001,1000,2217,1217
521160,2002,1387,2654,1267
521160,2003,1690,2936,1246
521160,2004,1700,3015,1315
521160,2005,1550,2605,1055
521160,2006,1500,2245,745
521160,2007,1400,2505,1105
521160,2008,1400,2205,805
521160,2009,1400,2455,1055
521160,2010,1500,2435,935
521160,2011,1500,2135,635
521160,2012,1400,1970,570
521160,2013,900,1820,920
521160,2014,2500,3533,1033
521160,2015,2000,2869,869
521160,2016,2000,2869,869
521160,2017,2500,3369,869
521160,2018,600,1469,869
521160,2019,2500,3361,861
521160,2020,2500,2540,40
521160,2021,2500,2540,40
521170,1988,1700,19674,17974
521170,1989,1000,18644,17644
521170,1990,610,17208,16598
521170,1991,900,14354,13454
521170,1992,900,15625,14725
521170,1993,1000,17118,16118
521170,1994,2940,18900,15960
521170,1995,2900,12498,9598
521170,1996,2555,17523,14968
521170,1997,2700,7222,4522
521170,1998,4080,16697,12617
521170,1999,3800,16048,12248
521170,2000,2800,15016,12216
521170,2001,2800,15325,12525
521170,2002,3000,25340,22340
521170,2003,4000,16563,12563
521170,2004,5500,16577,11077
521170,2005,4500,17225,12725
521170,2006,3500,15290,11790
521170,2007,2500,16677,14177
521170,2008,2500,16625,14125
521170,2009,3000,17687,14687
521170,2010,3000,17287,14287
521170,2011,6000,21406,15406
521170,2012,7000,21088,14088
521170,2013,8000,19703,11703
521170,2014,9000,20303,11303
521170,2015,9500,20783,11283
521170,2016,9000,22183,13183
521170,2017,6231,17680,11449
521170,2018,6350,18432,12082
521170,2019,9500,22372,12872
521170,2020,9500,19813,10313
521170,2021,11000,26255,15255
521180,1988,0,37185,37185
521180,1989,0,21989,21989
521180,1990,0,26032,26032
521180,1991,0,22295,22295
521180,1992,0,21422,21422
521180,1993,0,17164,17164
521180,1994,0,14072,14072
521180,1995,0,12083,12083
521180,1996,0,10813,10813
521180,1997,50,9632,9582
521180,1998,250,10148,9898
521180,1999,250,8755,8505
521180,2000,250,7598,7348
521180,2001,400,7868,7468
521180,2002,400,8064,7664
521180,2003,400,7592,7192
521180,2004,1000,8928,7928
521180,2005,800,9420,8620
521180,2006,600,10320,9720
521180,2007,300,10420,10120
521180,2008,0,10370,10370
521180,2009,0,8658,8658
521180,2010,100,8166,8066
521180,2011,100,8672,8572
521180,2012,920,9781,8861
521180,2013,500,9916,9416
521180,2014,500,8846,8346
521180,2015,450,8626,8176
521180,2016,450,6711,6261
521180,2017,2400,8656,6256
521180,2018,2400,7304,4904
521180,2019,2400,7638,5238
521180,2020,2400,7299,4899
521180,2021,6300,10586,4286
521190,1988,65000,96833,31833
521190,1989,75000,107063,32063
521190,1990,78000,116806,38806
521190,1991,70000,118756,48756
521190,1992,80000,132249,52249
521190,1993,95000,160891,65891
521190,1994,128270,252088,123818
521190,1995,154000,245344,91344
521190,1996,119651,203518,83867
521190,1997,144000,260686,116686
521190,1998,179000,310374,131374
521190,1999,184500,361859,177359
521190,2000,209300,379610,170310
521190,2001,218470,387249,168779
521190,2002,231042,388515,157473
521190,2003,247600,425284,177684
521190,2004,278840,463149,184309
521190,2005,280888,424233,143345
521190,2006,269300,430029,160729
521190,2007,237600,413210,175610
521190,2008,248500,447506,199006
521190,2009,256900,459545,202645
521190,2010,260500,474745,214245
521190,2011,293650,554728,261078
521190,2012,296650,570936,274286
521190,2013,310650,613111,302461
521190,2014,332200,639187,306987
521190,2015,341000,640618,299618
521190,2016,345000,669632,324632
521190,2017,345000,671120,326120
521190,2018,318800,614900,296100
521190,2019,322820,628245,305425
521190,2020,317800,614300,296500
521190,2021,326000,633300,307300
521200,1988,0,3043,3043
521200,1989,0,2450,2450
521200,1990,0,1971,1971
521200,1991,0,2254,2254
521200,1992,0,1941,1941
521200,1993,0,1685,1685
521200,1994,0,1903,1903
521200,1995,0,1722,1722
521200,1996,0,972,972
521200,1997,0,950,950
521200,1998,0,900,900
521200,1999,0,886,886
521200,2000,0,910,910
521200,2001,0,775,775
521200,2002,700,1550,850
521200,2003,1740,2591,851
521200,2004,1340,2041,701
521200,2005,1500,2301,801
521200,2006,1000,1811,811
521200,2007,320,1631,1311
521200,2008,0,1206,1206
521200,2009,0,1006,1006
521200,2010,0,966,966
521200,2011,0,916,916
521200,2012,0,799,799
521200,2013,0,747,747
521200,2014,300,981,681
521200,2015,1500,2181,681
521200,2016,1500,1881,381
521200,2017,1800,2231,431
521200,2018,1200,1611,411
521200,2019,1800,2170,370
521200,2020,2300,2575,275
521200,2021,2800,2875,75
521210,1988,3800,12113,8313
521210,1989,5040,11399,6359
521210,1990,4000,10500,6500
521210,1991,3000,8500,5500
521210,1992,4350,12278,7928
521210,1993,12000,17720,5720
521210,1994,12000,21710,9710
521210,1995,4500,9329,4829
521210,1996,6269,12135,5866
521210,1997,9800,18357,8557
521210,1998,17000,20522,3522
521210,1999,13500,20827,7327
521210,2000,15000,20560,5560
521210,2001,15000,19230,4230
521210,2002,19200,24220,5020
521210,2003,22000,26904,4904
521210,2004,24200,31801,7601
521210,2005,24000,30052,6052
521210,2006,21600,25900,4300
521210,2007,19950,26150,6200
521210,2008,18000,24691,6691
521210,2009,19400,25633,6233
521210,2010,22400,27003,4603
521210,2011,23000,26140,3140
521210,2012,21500,28470,6970
521210,2013,21000,27870,6870
521210,2014,21500,29310,7810
521210,2015,22000,37630,15630
521210,2016,22800,32340,9540
521210,2017,23400,32897,9497
521210,2018,20120,30359,10239
521210,2019,20000,34459,14459
521210,2020,20800,35297,14497
521210,2021,21800,38067,16267
521220,1988,290,29542,29252
521220,1989,1136,22471,21335
521220,1990,1140,22461,21321
521220,1991,146,22852,22706
521220,1992,473,18288,17815
521220,1993,1166,10761,9595
521220,1994,1175,6551,5376
521220,1995,0,4420,4420
521220,1996,0,5075,5075
521220,1997,0,4626,4626
521220,1998,0,5186,5186
521220,1999,0,6789,6789
521220,2000,0,7536,7536
521220,2001,80,7622,7542
521220,2002,108,5874,5766
521220,2003,3108,10567,7459
521220,2004,4608,11134,6526
521220,2005,7500,12869,5369
521220,2006,4650,10604,5954
521220,2007,4000,6584,2584
521220,2008,500,2869,2369
521220,2009,600,2969,2369
521220,2010,600,5079,4479
521220,2011,2200,9671,7471
521220,2012,8580,16310,7730
521220,2013,8580,14090,5510
521220,2014,11307,18673,7366
521220,2015,9804,11389,1585
521220,2016,10256,11926,1670
521220,2017,5254,12969,7715
521220,2018,7900,14950,7050
521220,2019,8200,15135,6935
521220,2020,7000,14905,7905
521220,2021,7500,15344,7844
521230,1988,2000,6557,4557
521230,1989,2700,6190,3490
521230,1990,2500,5570,3070
521230,1991,500,3762,3262
521230,1992,600,4010,3410
521230,1993,700,2709,2009
521230,1994,800,3006,2206
521230,1995,1500,3535,2035
521230,1996,1965,6171,4206
521230,1997,2000,5609,3609
521230,1998,3500,6567,3067
521230,1999,3500,6256,2756
521230,2000,6000,8063,2063
521230,2001,6000,8373,2373
521230,2002,2000,3473,1473
521230,2003,3000,4995,1995
521230,2004,4000,6078,2078
521230,2005,4000,5567,1567
521230,2006,4000,5843,1843
521230,2007,4000,6054,2054
521230,2008,4200,6086,1886
521230,2009,4500,6256,1756
521230,2010,6000,8949,2949
521230,2011,6000,9344,3344
521230,2012,5000,7769,2769
521230,2013,5200,7927,2727
521230,2014,5500,7770,2270
521230,2015,5500,7900,2400
521230,2016,6300,8638,2338
521230,2017,6500,11487,4987
521230,2018,7500,11821,4321
521230,2019,7500,12241,4741
521230,2020,8000,12526,4526
521230,2021,11200,15676,4476
521250,1988,32000,47985,15985
521250,1989,35000,53078,18078
521250,1990,30000,49520,19520
521250,1991,25000,50648,25648
521250,1992,30000,58305,28305
521250,1993,20050,41913,21863
521250,1994,25000,50591,25591
521250,1995,25000,55787,30787
521250,1996,23000,57854,34854
521250,1997,25000,62355,37355
521250,1998,33180,66689,33509
521250,1999,25000,64332,39332
521250,2000,30000,71219,41219
521250,2001,30000,70648,40648
521250,2002,35180,73640,38460
521250,2003,40400,81756,41356
521250,2004,45200,88120,42920
521250,2005,52500,90494,37994
521250,2006,42400,96687,54287
521250,2007,37000,95474,58474
521250,2008,33500,86983,53483
521250,2009,36400,85108,48708
521250,2010,38500,85877,47377
521250,2011,48800,100368,51568
521250,2012,47240,106156,58916
521250,2013,54440,102445,48005
521250,2014,59300,116680,57380
521250,2015,58000,109893,51893
521250,2016,57800,114574,56774
521250,2017,59200,102462,43262
521250,2018,59200,109150,49950
521250,2019,59270,105617,46347
521250,2020,65335,106132,40797
521250,2021,70835,112846,42011
521260,1988,560,3160,2600
521260,1989,560,3560,3000
521260,1990,600,3671,3071
521260,1991,600,3625,3025
521260,1992,600,4040,3440
521260,1993,750,3900,3150
521260,1994,750,3900,3150
521260,1995,750,3900,3150
521260,1996,900,4050,3150
521260,1997,700,3138,2438
521260,1998,1683,5103,3420
521260,1999,1480,4400,2920
521260,2000,1200,2970,1770
521260,2001,1200,3100,1900
521260,2002,1670,3318,1648
521260,2003,1670,3293,1623
521260,2004,2000,3720,1720
521260,2005,2100,4020,1920
521260,2006,2100,4720,2620
521260,2007,2100,4740,2640
521260,2008,2100,4810,2710
521260,2009,2200,5410,3210
521260,2010,2400,4630,2230
521260,2011,2500,5057,2557
521260,2012,2500,5057,2557
521260,2013,2000,3550,1550
521260,2014,1400,1917,517
521260,2015,2756,2990,234
521260,2016,3640,3926,286
521260,2017,3000,3385,385
521260,2018,3300,4588,1288
521260,2019,3300,4616,1316
521260,2020,3300,4620,1320
521260,2021,3300,4615,1315
521270,1988,140,1625,1485
521270,1989,600,3870,3270
521270,1990,0,2622,2622
521270,1991,0,2131,2131
521270,1992,0,2121,2121
521270,1993,0,2701,2701
521270,1994,0,3054,3054
521270,1995,0,2116,2116
521270,1996,0,369,369
521270,1997,0,1458,1458
521270,1998,0,1808,1808
521270,1999,0,2227,2227
521270,2000,0,2285,2285
521270,2001,0,1823,1823
521270,2002,0,1857,1857
521270,2003,0,1502,1502
521270,2004,0,1631,1631
521270,2005,0,1594,1594
521270,2006,0,2752,2752
521270,2007,0,1717,1717
521270,2008,0,1929,1929
521270,2009,0,1580,1580
521270,2010,0,1874,1874
521270,2011,0,2104,2104
521270,2012,720,2787,2067
521270,2013,97,1637,1540
521270,2014,200,1503,1303
521270,2015,0,1094,1094
521270,2016,300,1340,1040
521270,2017,500,1101,601
521270,2018,60,288,228
521270,2019,60,60,0
521270,2020,100,122,22
521270,2021,350,373,23
521280,1988,1452,23619,22167
521280,1989,3080,17565,14485
521280,1990,120,9905,9785
521280,1991,0,5710,5710
521280,1992,0,3585,3585
521280,1993,190,4715,4525
521280,1994,200,6085,5885
521280,1995,200,7475,7275
521280,1996,1700,10005,8305
521280,1997,0,11765,11765
521280,1998,2200,13025,10825
521280,1999,0,11080,11080
521280,2000,200,11750,11550
521280,2001,300,12035,11735
521280,2002,600,8885,8285
521280,2003,600,7525,6925
521280,2004,800,8593,7793
521280,2005,0,6258,6258
521280,2006,0,6222,6222
521280,2007,0,6222,6222
521280,2008,1200,7435,6235
521280,2009,1200,6240,5040
521280,2010,0,3017,3017
521280,2011,0,3164,3164
521280,2012,785,2935,2150
521280,2013,3200,5277,2077
521280,2014,4100,5164,1064
521280,2015,4325,5277,952
521280,2016,3400,4030,630
521280,2017,6100,6611,511
521280,2018,6480,7035,555
521280,2019,10876,12609,1733
521280,2020,11538,13130,1592
521280,2021,11876,13509,1633
521290,1988,0,640,640
521290,1989,50,490,440
521290,1990,245,709,464
521290,1991,245,720,475
521290,1992,100,715,615
521290,1993,150,795,645
521290,1994,150,710,560
521290,1995,0,650,650
521290,1996,0,335,335
521290,1997,0,267,267
521290,1998,0,306,306
521290,1999,0,337,337
521290,2000,0,330,330
521290,2001,0,400,400
521290,2002,0,430,430
521290,2003,0,430,430
521290,2004,0,430,430
521290,2005,0,510,510
521290,2006,0,380,380
521290,2007,0,380,380
521290,2008,0,310,310
521290,2009,0,280,280
521290,2010,0,225,225
521290,2011,0,300,300
521290,2012,60,420,360
521290,2013,700,1015,315
521290,2014,850,1136,286
521290,2015,850,1664,814
521290,2016,862,1632,770
521290,2017,1500,2515,1015
521290,2018,1000,1878,878
521290,2019,1000,2075,1075
521290,2020,1000,2075,1075
521290,2021,1000,2075,1075
521295,1988,0,0,0
521295,1989,2000,11895,9895
521295,1990,1400,11782,10382
521295,1991,1400,14389,12989
521295,1992,1400,14045,12645
521295,1993,1730,12325,10595
521295,1994,594,7068,6474
521295,1995,921,4074,3153
521295,1996,0,3284,3284
521295,1997,0,3846,3846
521295,1998,0,2410,2410
521295,1999,0,2497,2497
521295,2000,0,2266,2266
521295,2001,0,2003,2003
521295,2002,779,2804,2025
521295,2003,710,2795,2085
521295,2004,977,3036,2059
521295,2005,750,2289,1539
521295,2006,215,935,720
521295,2007,215,935,720
521295,2008,540,1160,620
521295,2009,300,1300,1000
521295,2010,300,1450,1150
521295,2011,1480,2845,1365
521295,2012,1300,2106,806
521295,2013,996,1992,996
521295,2014,2100,4103,2003
521295,2015,2100,3867,1767
521295,2016,2100,4028,1928
521295,2017,2545,3628,1083
521295,2018,4200,6898,2698
521295,2019,4000,6715,2715
521295,2020,6000,8355,2355
521295,2021,9200,10930,1730
521300,1988,2000,10823,8823
521300,1989,2500,12780,10280
521300,1990,1700,9330,7630
521300,1991,1500,9530,8030
521300,1992,3500,10780,7280
521300,1993,3500,10663,7163
521300,1994,2500,7530,5030
521300,1995,1800,8655,6855
521300,1996,1800,9320,7520
521300,1997,1800,10447,8647
521300,1998,2000,11477,9477
521300,1999,2500,12230,9730
521300,2000,3500,12600,9100
521300,2001,3500,13355,9855
521300,2002,12500,37731,25231
521300,2003,10000,21400,11400
521300,2004,7000,16074,9074
521300,2005,9000,19422,10422
521300,2006,6000,18200,12200
521300,2007,6000,17590,11590
521300,2008,4500,16380,11880
521300,2009,4000,14210,10210
521300,2010,5000,16110,11110
521300,2011,6000,19565,13565
521300,2012,7800,22355,14555
521300,2013,11000,23226,12226
521300,2014,12000,28225,16225
521300,2015,8000,26530,18530
521300,2016,7500,24910,17410
521300,2017,7000,21721,14721
521300,2018,10000,27940,17940
521300,2019,10000,26840,16840
521300,2020,10000,27040,17040
521300,2021,10500,26590,16090
521305,1988,0,0,0
521305,1989,2500,12021,9521
521305,1990,2000,7385,5385
521305,1991,1500,6605,5105
521305,1992,1000,5615,4615
521305,1993,150,3215,3065
521305,1994,300,3083,2783
521305,1995,0,2331,2331
521305,1996,0,2496,2496
521305,1997,0,2338,2338
521305,1998,320,2959,2639
521305,1999,320,3129,2809
521305,2000,0,2218,2218
521305,2001,0,2255,2255
521305,2002,330,2439,2109
521305,2003,270,2765,2495
521305,2004,3500,6607,3107
521305,2005,2500,4105,1605
521305,2006,3700,4655,955
521305,2007,3500,4575,1075
521305,2008,4500,5820,1320
521305,2009,5700,6829,1129
521305,2010,6200,7227,1027
521305,2011,6500,8078,1578
521305,2012,6800,8180,1380
521305,2013,12000,17110,5110
521305,2014,7000,13050,6050
521305,2015,2000,5420,3420
521305,2016,2000,5330,3330
521305,2017,10000,17500,7500
521305,2018,10000,16860,6860
521305,2019,20000,39050,19050
521305,2020,20500,38550,18050
521305,2021,22000,40845,18845
521308,1988,2520,16530,14010
521308,1989,2928,15062,12134
521308,1990,1430,6159,4729
521308,1991,0,3560,3560
521308,1992,0,3170,3170
521308,1993,0,4801,4801
521308,1994,0,4616,4616
521308,1995,0,3411,3411
521308,1996,0,3186,3186
521308,1997,0,1850,1850
521308,1998,0,2145,2145
521308,1999,0,2945,2945
521308,2000,0,3100,3100
521308,2001,0,3360,3360
521308,2002,0,3526,3526
521308,2003,0,3612,3612
521308,2004,0,2940,2940
521308,2005,0,3408,3408
521308,2006,0,3530,3530
521308,2007,0,2930,2930
521308,2008,0,2030,2030
521308,2009,0,1620,1620
521308,2010,0,1620,1620
521308,2011,0,835,835
521308,2012,0,1145,1145
521308,2013,0,220,220
521308,2014,375,1645,1270
521308,2015,740,2108,1368
521308,2016,1000,2255,1255
521308,2017,900,1780,880
521308,2018,1419,1974,555
521308,2019,1419,1807,388
521308,2020,1490,1873,383
521308,2021,1557,1929,372
521310,1988,62000,90979,28979
521310,1989,70000,88978,18978
521310,1990,74000,87907,13907
521310,1991,69800,87215,17415
521310,1992,73700,104166,30466
521310,1993,78000,105662,27662
521310,1994,83000,120622,37622
521310,1995,87000,129780,42780
521310,1996,45341,60118,14777
521310,1997,88500,140247,51747
521310,1998,99000,151203,52203
521310,1999,94000,148499,54499
521310,2000,100000,157422,57422
521310,2001,100000,160062,60062
521310,2002,110000,162880,52880
521310,2003,112000,174747,62747
521310,2004,132000,193085,61085
521310,2005,140000,190715,50715
521310,2006,133000,179802,46802
521310,2007,118000,191984,73984
521310,2008,100000,174160,74160
521310,2009,100000,168130,68130
521310,2010,105000,183538,78538
521310,2011,85000,164961,79961
521310,2012,85000,158475,73475
521310,2013,90000,176900,86900
521310,2014,93000,214870,121870
521310,2015,95000,224550,129550
521310,2016,95000,218600,123600
521310,2017,95000,219800,124800
521310,2018,93000,221500,128500
521310,2019,101000,233400,132400
521310,2020,100000,246500,146500
521310,2021,100000,255500,155500
521340,1988,0,1170,1170
521340,1989,0,980,980
521340,1990,0,1030,1030
521340,1991,0,912,912
521340,1992,0,771,771
521340,1993,0,784,784
521340,1994,0,813,813
521340,1995,0,791,791
521340,1996,0,751,751
521340,1997,0,772,772
521340,1998,0,741,741
521340,1999,0,633,633
521340,2000,0,681,681
521340,2001,0,603,603
521340,2002,0,693,693
521340,2003,0,723,723
521340,2004,0,815,815
521340,2005,0,645,645
521340,2006,0,297,297
521340,2007,0,297,297
521340,2008,0,295,295
521340,2009,0,270,270
521340,2010,0,420,420
521340,2011,0,420,420
521340,2012,0,360,360
521340,2013,0,225,225
521340,2014,0,170,170
521340,2015,500,550,50
521340,2016,500,550,50
521340,2017,500,550,50
521340,2018,300,350,50
521340,2019,300,350,50
521340,2020,300,350,50
521340,2021,300,350,50
521350,1988,55,4460,4405
521350,1989,290,3920,3630
521350,1990,230,3060,2830
521350,1991,230,2908,2678
521350,1992,30,2986,2956
521350,1993,0,3553,3553
521350,1994,30,3554,3524
521350,1995,0,3201,3201
521350,1996,20,1382,1362
521350,1997,20,2335,2315
521350,1998,20,2165,2145
521350,1999,10,2095,2085
521350,2000,10,2015,2005
521350,2001,0,2045,2045
521350,2002,0,2165,2165
521350,2003,0,2121,2121
521350,2004,0,2404,2404
521350,2005,0,2357,2357
521350,2006,0,2390,2390
521350,2007,0,2465,2465
521350,2008,0,2785,2785
521350,2009,0,1717,1717
521350,2010,0,2495,2495
521350,2011,0,2235,2235
521350,2012,200,2125,1925
521350,2013,0,1720,1720
521350,2014,4,1474,1470
521350,2015,280,1812,1532
521350,2016,400,1915,1515
521350,2017,310,594,284
521350,2018,0,140,140
521350,2019,470,540,70
521350,2020,350,480,130
521350,2021,710,1124,414
521370,1988,0,18115,18115
521370,1989,1000,13180,12180
521370,1990,700,10825,10125
521370,1991,0,8221,8221
521370,1992,0,9342,9342
521370,1993,1500,9285,7785
521370,1994,1472,9522,8050
521370,1995,0,3260,3260
521370,1996,0,1824,1824
521370,1997,0,1907,1907
521370,1998,0,1643,1643
521370,1999,0,1826,1826
521370,2000,0,2235,2235
521370,2001,0,3733,3733
521370,2002,100,3874,3774
521370,2003,1100,4478,3378
521370,2004,11000,14312,3312
521370,2005,15000,18117,3117
521370,2006,12500,14574,2074
521370,2007,8000,10235,2235
521370,2008,8100,11768,3668
521370,2009,9000,11818,2818
521370,2010,10000,13835,3835
521370,2011,11150,18881,7731
521370,2012,20000,31211,11211
521370,2013,24000,33138,9138
521370,2014,30000,39546,9546
521370,2015,31812,40337,8525
521370,2016,32000,39615,7615
521370,2017,28840,39781,10941
521370,2018,32690,42973,10283
521370,2019,34000,45800,11800
521370,2020,40000,51010,11010
521370,2021,40000,50410,10410
521375,1988,0,0,0
521375,1989,35000,51356,16356
521375,1990,33000,47303,14303
521375,1991,25000,62343,37343
521375,1992,30000,66650,36650
521375,1993,51000,88393,37393
521375,1994,54000,100491,46491
521375,1995,55000,98230,43230
521375,1996,45000,94326,49326
521375,1997,55000,120393,65393
521375,1998,70000,127470,57470
521375,1999,60000,143550,83550
521375,2000,70000,136900,66900
521375,2001,70000,142100,72100
521375,2002,90000,167000,77000
521375,2003,100000,174496,74496
521375,2004,112000,171065,59065
521375,2005,116000,186286,70286
521375,2006,105000,147695,42695
521375,2007,89000,135105,46105
521375,2008,92000,166865,74865
521375,2009,95000,176305,81305
521375,2010,101000,186795,85795
521375,2011,108000,205945,97945
521375,2012,106000,206565,100565
521375,2013,120000,219309,99309
521375,2014,121000,234045,113045
521375,2015,125000,225275,100275
521375,2016,130000,230255,100255
521375,2017,131000,250067,119067
521375,2018,133000,241688,108688
521375,2019,135000,265890,130890
521375,2020,138000,268900,130900
521375,2021,142000,270920,128920
521380,1988,15950,34928,18978
521380,1989,17000,32113,15113
521380,1990,17000,35701,18701
521380,1991,14000,32854,18854
521380,1992,12500,34064,21564
521380,1993,18000,34619,16619
521380,1994,15000,39239,24239
521380,1995,14000,34632,20632
521380,1996,12000,32845,20845
521380,1997,12000,32483,20483
521380,1998,17500,28378,10878
521380,1999,14000,30080,16080
521380,2000,16130,29706,13576
521380,2001,17000,31770,14770
521380,2002,24000,35367,11367
521380,2003,28000,41053,13053
521380,2004,35000,51793,16793
521380,2005,35200,51839,16639
521380,2006,28000,41925,13925
521380,2007,28000,43040,15040
521380,2008,22000,46059,24059
521380,2009,22000,46414,24414
521380,2010,24000,54329,30329
521380,2011,26500,63383,36883
521380,2012,29300,66959,37659
521380,2013,34000,63396,29396
521380,2014,35000,63156,28156
521380,2015,25000,60411,35411
521380,2016,26000,62313,36313
521380,2017,25000,64932,39932
521380,2018,30000,66997,36997
521380,2019,32000,68920,36920
521380,2020,30000,83747,53747
521380,2021,32000,68907,36907
521385,1988,0,0,0
521385,1989,0,1560,1560
521385,1990,0,960,960
521385,1991,0,950,950
521385,1992,0,880,880
521385,1993,0,700,700
521385,1994,0,660,660
521385,1995,0,925,925
521385,1996,0,815,815
521385,1997,0,1010,1010
521385,1998,0,890,890
521385,1999,0,785,785
521385,2000,0,675,675
521385,2001,0,615,615
521385,2002,0,670,670
521385,2003,0,535,535
521385,2004,0,645,645
521385,2005,0,655,655
521385,2006,0,631,631
521385,2007,0,575,575
521385,2008,0,645,645
521385,2009,0,680,680
521385,2010,0,420,420
521385,2011,0,430,430
521385,2012,0,330,330
521385,2013,0,300,300
521385,2014,0,250,250
521385,2015,0,250,250
521385,2016,0,250,250
521385,2017,0,120,120
521385,2018,0,150,150
521385,2019,0,205,205
521385,2020,0,200,200
521385,2021,13,213,200
521390,1988,0,17146,17146
521390,1989,0,12630,12630
521390,1990,0,11292,11292
521390,1991,0,10930,10930
521390,1992,0,10728,10728
521390,1993,0,7973,7973
521390,1994,0,10143,10143
521390,1995,0,7765,7765
521390,1996,0,5488,5488
521390,1997,0,5574,5574
521390,1998,0,5166,5166
521390,1999,0,4637,4637
521390,2000,0,3080,3080
521390,2001,45,3206,3161
521390,2002,115,2310,2195
521390,2003,45,2221,2176
521390,2004,50,2106,2056
521390,2005,0,1786,1786
521390,2006,220,2508,2288
521390,2007,250,2503,2253
521390,2008,250,3317,3067
521390,2009,250,3533,3283
521390,2010,250,3487,3237
521390,2011,200,8716,8516
521390,2012,0,360,360
521390,2013,104,1937,1833
521390,2014,370,1041,671
521390,2015,370,1268,898
521390,2016,370,1308,938
521390,2017,685,1737,1052
521390,2018,1150,2620,1470
521390,2019,1050,2040,990
521390,2020,1850,3570,1720
521390,2021,1800,3389,1589
521400,1988,282,8736,8454
521400,1989,960,7809,6849
521400,1990,386,2934,2548
521400,1991,0,2437,2437
521400,1992,0,2725,2725
521400,1993,0,1987,1987
521400,1994,0,3066,3066
521400,1995,0,1524,1524
521400,1996,0,1816,1816
521400,1997,0,1491,1491
521400,1998,0,1151,1151
521400,1999,0,1235,1235
521400,2000,0,945,945
521400,2001,0,1336,1336
521400,2002,0,1018,1018
521400,2003,250,1182,932
521400,2004,120,702,582
521400,2005,120,793,673
521400,2006,0,520,520
521400,2007,0,470,470
521400,2008,0,510,510
521400,2009,0,594,594
521400,2010,0,610,610
521400,2011,0,282,282
521400,2012,250,462,212
521400,2013,100,186,86
521400,2014,400,678,278
521400,2015,555,833,278
521400,2016,669,954,285
521400,2017,669,1070,401
521400,2018,1100,1435,335
521400,2019,1000,1328,328
521400,2020,1400,1758,358
521400,2021,2750,3108,358
521405,1988,0,7633,7633
521405,1989,0,4133,4133
521405,1990,0,1715,1715
521405,1991,0,1395,1395
521405,1992,0,1420,1420
521405,1993,0,1465,1465
521405,1994,0,1425,1425
521405,1995,0,1355,1355
521405,1996,0,1275,1275
521405,1997,0,1235,1235
521405,1998,0,850,850
521405,1999,0,920,920
521405,2000,0,895,895
521405,2001,0,895,895
521405,2002,0,875,875
521405,2003,0,1215,1215
521405,2004,350,2899,2549
521405,2005,300,2813,2513
521405,2006,300,2564,2264
521405,2007,250,2504,2254
521405,2008,250,2534,2284
521405,2009,300,3184,2884
521405,2010,300,3284,2984
521405,2011,300,1540,1240
521405,2012,1340,1858,518
521405,2013,1340,1968,628
521405,2014,210,1225,1015
521405,2015,324,1079,755
521405,2016,700,1894,1194
521405,2017,1400,2284,884
521405,2018,380,958,578
521405,2019,700,1360,660
521405,2020,2880,3690,810
521405,2021,3880,4910,1030
521410,1988,0,9080,9080
521410,1989,0,6200,6200
521410,1990,0,5100,5100
521410,1991,0,4485,4485
521410,1992,0,2635,2635
521410,1993,0,2450,2450
521410,1994,0,1850,1850
521410,1995,0,1830,1830
521410,1996,0,1761,1761
521410,1997,0,1435,1435
521410,1998,0,1555,1555
521410,1999,0,1485,1485
521410,2000,0,1485,1485
521410,2001,0,1525,1525
521410,2002,0,1490,1490
521410,2003,0,1345,1345
521410,2004,0,1505,1505
521410,2005,340,1885,1545
521410,2006,730,2455,1725
521410,2007,800,1825,1025
521410,2008,600,2280,1680
521410,2009,600,2315,1715
521410,2010,600,1915,1315
521410,2011,600,1475,875
521410,2012,0,725,725
521410,2013,0,350,350
521410,2014,290,730,440
521410,2015,600,1085,485
521410,2016,750,1060,310
521410,2017,750,1200,450
521410,2018,796,1111,315
521410,2019,797,1234,437
521410,2020,834,1549,715
521410,2021,886,1575,689
521440,1988,0,3108,3108
521440,1989,0,2475,2475
521440,1990,0,2304,2304
521440,1991,0,2007,2007
521440,1992,0,2008,2008
521440,1993,0,2038,2038
521440,1994,0,2118,2118
521440,1995,0,2321,2321
521440,1996,0,1840,1840
521440,1997,0,1547,1547
521440,1998,0,1970,1970
521440,1999,0,1958,1958
521440,2000,0,1958,1958
521440,2001,0,1958,1958
521440,2002,0,1978,1978
521440,2003,0,1808,1808
521440,2004,0,2931,2931
521440,2005,0,2291,2291
521440,2006,120,2918,2798
521440,2007,200,2883,2683
521440,2008,150,4498,4348
521440,2009,300,5329,5029
521440,2010,500,4419,3919
521440,2011,500,4495,3995
521440,2012,1000,4775,3775
521440,2013,550,4545,3995
521440,2014,550,3563,3013
521440,2015,700,4078,3378
521440,2016,650,4046,3396
521440,2017,550,1550,1000
521440,2018,1900,1985,85
521440,2019,1900,1965,65
521440,2020,1905,1975,70
521440,2021,2100,2840,740
521450,1988,10,2878,2868
521450,1989,0,3011,3011
521450,1990,0,2498,2498
521450,1991,0,2252,2252
521450,1992,0,2050,2050
521450,1993,0,1475,1475
521450,1994,0,1535,1535
521450,1995,0,1091,1091
521450,1996,104,917,813
521450,1997,105,864,759
521450,1998,105,748,643
521450,1999,100,766,666
521450,2000,100,689,589
521450,2001,100,698,598
521450,2002,50,665,615
521450,2003,50,615,565
521450,2004,100,555,455
521450,2005,100,540,440
521450,2006,130,574,444
521450,2007,120,579,459
521450,2008,100,559,459
521450,2009,120,649,529
521450,2010,140,664,524
521450,2011,140,746,606
521450,2012,150,964,814
521450,2013,150,984,834
521450,2014,300,1205,905
521450,2015,350,1279,929
521450,2016,0,664,664
521450,2017,120,873,753
521450,2018,140,626,486
521450,2019,140,678,538
521450,2020,850,1200,350
521450,2021,280,630,350
521460,1988,1500,27138,25638
521460,1989,4240,26828,22588
521460,1990,5500,16255,10755
521460,1991,6020,17265,11245
521460,1992,5000,20465,15465
521460,1993,7090,21273,14183
521460,1994,12500,23355,10855
521460,1995,10000,19425,9425
521460,1996,6000,17620,11620
521460,1997,2000,11615,9615
521460,1998,6000,19400,13400
521460,1999,6000,25053,19053
521460,2000,7000,22208,15208
521460,2001,7000,22140,15140
521460,2002,10500,25005,14505
521460,2003,10000,23242,13242
521460,2004,18000,29300,11300
521460,2005,19150,31455,12305
521460,2006,20000,30195,10195
521460,2007,20000,30575,10575
521460,2008,22000,37580,15580
521460,2009,20000,32930,12930
521460,2010,23000,34308,11308
521460,2011,25000,39753,14753
521460,2012,27950,39832,11882
521460,2013,36000,50999,14999
521460,2014,38000,47974,9974
521460,2015,45000,60035,15035
521460,2016,37000,53449,16449
521460,2017,40000,48379,8379
521460,2018,48000,55952,7952
521460,2019,50000,61092,11092
521460,2020,55000,67106,12106
521460,2021,56000,68943,12943
521470,1988,0,2114,2114
521470,1989,0,1865,1865
521470,1990,0,1357,1357
521470,1991,0,1257,1257
521470,1992,0,1057,1057
521470,1993,0,762,762
521470,1994,0,750,750
521470,1995,0,745,745
521470,1996,0,595,595
521470,1997,0,650,650
521470,1998,0,575,575
521470,1999,0,730,730
521470,2000,0,695,695
521470,2001,0,635,635
521470,2002,0,815,815
521470,2003,0,635,635
521470,2004,0,705,705
521470,2005,0,925,925
521470,2006,0,855,855
521470,2007,0,1055,1055
521470,2008,0,1000,1000
521470,2009,0,860,860
521470,2010,0,568,568
521470,2011,0,660,660
521470,2012,0,608,608
521470,2013,0,562,562
521470,2014,0,745,745
521470,2015,0,771,771
521470,2016,0,760,760
521470,2017,0,760,760
521470,2018,0,760,760
521470,2019,0,1020,1020
521470,2020,0,780,780
521470,2021,0,885,885
521480,1988,0,1040,1040
521480,1989,0,1090,1090
521480,1990,0,940,940
521480,1991,0,1030,1030
521480,1992,0,1210,1210
521480,1993,0,1030,1030
521480,1994,0,1170,1170
521480,1995,0,1120,1120
521480,1996,0,1430,1430
521480,1997,0,1430,1430
521480,1998,0,880,880
521480,1999,0,470,470
521480,2000,0,430,430
521480,2001,0,260,260
521480,2002,0,590,590
521480,2003,0,380,380
521480,2004,0,420,420
521480,2005,0,490,490
521480,2006,0,450,450
521480,2007,0,450,450
521480,2008,0,465,465
521480,2009,0,375,375
521480,2010,0,380,380
521480,2011,0,380,380
521480,2012,0,280,280
521480,2013,480,785,305
521480,2014,600,790,190
521480,2015,800,1015,215
521480,2016,480,700,220
521480,2017,300,750,450
521480,2018,0,0,0
521480,2019,90,360,270
521480,2020,90,410,320
521480,2021,0,557,557
521483,1988,0,12135,12135
521483,1989,0,4135,4135
521483,1990,0,1515,1515
521483,1991,0,1207,1207
521483,1992,0,1320,1320
521483,1993,0,1355,1355
521483,1994,0,1350,1350
521483,1995,0,1235,1235
521483,1996,0,2298,2298
521483,1997,0,1218,1218
521483,1998,0,915,915
521483,1999,0,1002,1002
521483,2000,0,964,964
521483,2001,0,922,922
521483,2002,0,835,835
521483,2003,0,875,875
521483,2004,0,1055,1055
521483,2005,570,1665,1095
521483,2006,500,1525,1025
521483,2007,300,1345,1045
521483,2008,300,1375,1075
521483,2009,300,1525,1225
521483,2010,300,1475,1175
521483,2011,508,698,190
521483,2012,3400,3617,217
521483,2013,3500,3707,207
521483,2014,4916,5583,667
521483,2015,11000,11996,996
521483,2016,11646,13906,2260
521483,2017,9179,9639,460
521483,2018,10740,10975,235
521483,2019,10000,10560,560
521483,2020,16000,19652,3652
521483,2021,21000,23150,2150
521486,1988,0,19010,19010
521486,1989,0,20907,20907
521486,1990,0,13440,13440
521486,1991,0,17094,17094
521486,1992,0,16430,16430
521486,1993,0,14316,14316
521486,1994,300,9025,8725
521486,1995,450,7844,7394
521486,1996,0,6270,6270
521486,1997,0,7140,7140
521486,1998,72,6702,6630
521486,1999,0,3870,3870
521486,2000,0,3800,3800
521486,2001,0,4010,4010
521486,2002,60,8290,8230
521486,2003,0,6410,6410
521486,2004,0,6925,6925
521486,2005,0,6220,6220
521486,2006,0,10745,10745
521486,2007,0,10475,10475
521486,2008,0,10400,10400
521486,2009,0,10420,10420
521486,2010,0,7430,7430
521486,2011,0,13988,13988
521486,2012,0,14237,14237
521486,2013,0,12376,12376
521486,2014,0,13779,13779
521486,2015,0,12949,12949
521486,2016,0,14800,14800
521486,2017,750,15510,14760
521486,2018,0,14720,14720
521486,2019,0,14350,14350
521486,2020,0,14350,14350
521486,2021,1000,15905,14905
521490,1988,0,4033,4033
521490,1989,0,4180,4180
521490,1990,0,3180,3180
521490,1991,0,1951,1951
521490,1992,0,1905,1905
521490,1993,0,1925,1925
521490,1994,0,1810,1810
521490,1995,0,1350,1350
521490,1996,0,1440,1440
521490,1997,0,1308,1308
521490,1998,0,1300,1300
521490,1999,0,1783,1783
521490,2000,0,1533,1533
521490,2001,0,1565,1565
521490,2002,0,1555,1555
521490,2003,0,1756,1756
521490,2004,0,2225,2225
521490,2005,0,2105,2105
521490,2006,0,2305,2305
521490,2007,0,2245,2245
521490,2008,0,2415,2415
521490,2009,0,1498,1498
521490,2010,0,2168,2168
521490,2011,0,1798,1798
521490,2012,0,1655,1655
521490,2013,0,1620,1620
521490,2014,0,1580,1580
521490,2015,0,1680,1680
521490,2016,0,1215,1215
521490,2017,0,752,752
521490,2018,93,368,275
521490,2019,133,612,479
521490,2020,513,1026,513
521490,2021,513,513,0
521500,1988,0,2825,2825
521500,1989,0,2939,2939
521500,1990,0,3091,3091
521500,1991,0,3006,3006
521500,1992,0,2388,2388
521500,1993,0,1663,1663
521500,1994,0,1294,1294
521500,1995,0,1402,1402
521500,1996,0,997,997
521500,1997,0,1015,1015
521500,1998,0,732,732
521500,1999,0,747,747
521500,2000,0,645,645
521500,2001,25,785,760
521500,2002,50,760,710
521500,2003,50,739,689
521500,2004,50,1650,1600
521500,2005,25,1118,1093
521500,2006,40,1298,1258
521500,2007,40,1323,1283
521500,2008,40,1419,1379
521500,2009,80,1703,1623
521500,2010,80,1432,1352
521500,2011,150,1389,1239
521500,2012,200,1191,991
521500,2013,170,1222,1052
521500,2014,170,894,724
521500,2015,170,879,709
521500,2016,170,879,709
521500,2017,170,710,540
521500,2018,120,202,82
521500,2019,120,202,82
521500,2020,80,167,87
521500,2021,100,160,60
521520,1988,0,2506,2506
521520,1989,0,2276,2276
521520,1990,0,2064,2064
521520,1991,0,1604,1604
521520,1992,0,1544,1544
521520,1993,0,1134,1134
521520,1994,0,1139,1139
521520,1995,0,604,604
521520,1996,0,899,899
521520,1997,0,540,540
521520,1998,0,500,500
521520,1999,0,510,510
521520,2000,0,460,460
521520,2001,0,480,480
521520,2002,0,460,460
521520,2003,0,480,480
521520,2004,0,550,550
521520,2005,0,600,600
521520,2006,0,630,630
521520,2007,0,615,615
521520,2008,0,660,660
521520,2009,0,760,760
521520,2010,0,810,810
521520,2011,0,245,245
521520,2012,0,50,50
521520,2013,0,28,28
521520,2014,0,270,270
521520,2015,0,210,210
521520,2016,0,270,270
521520,2017,0,210,210
521520,2018,0,155,155
521520,2019,0,185,185
521520,2020,0,235,235
521520,2021,0,185,185
521525,1988,0,0,0
521525,1989,0,3045,3045
521525,1990,0,2100,2100
521525,1991,0,1875,1875
521525,1992,0,4585,4585
521525,1993,0,4775,4775
521525,1994,0,3285,3285
521525,1995,0,2915,2915
521525,1996,0,533,533
521525,1997,0,1235,1235
521525,1998,0,1995,1995
521525,1999,0,2045,2045
521525,2000,0,2065,2065
521525,2001,0,2125,2125
521525,2002,35,1720,1685
521525,2003,120,1260,1140
521525,2004,130,1065,935
521525,2005,250,1185,935
521525,2006,1200,3270,2070
521525,2007,900,2770,1870
521525,2008,600,2130,1530
521525,2009,600,2165,1565
521525,2010,600,1965,1365
521525,2011,1200,3835,2635
521525,2012,5270,8005,2735
521525,2013,3610,4210,600
521525,2014,4940,5510,570
521525,2015,6000,6550,550
521525,2016,10150,10663,513
521525,2017,9000,9455,455
521525,2018,11437,11877,440
521525,2019,11437,11881,444
521525,2020,11950,12382,432
521525,2021,12735,13153,418
521530,1988,4500,20812,16312
521530,1989,4500,14740,10240
521530,1990,5000,14204,9204
521530,1991,4500,13795,9295
521530,1992,5000,16010,11010
521530,1993,6500,12225,5725
521530,1994,7500,12753,5253
521530,1995,8800,13899,5099
521530,1996,6000,13926,7926
521530,1997,8500,15531,7031
521530,1998,8500,14617,6117
521530,1999,9000,15832,6832
521530,2000,12200,17601,5401
521530,2001,13000,18351,5351
521530,2002,17000,22300,5300
521530,2003,20000,26865,6865
521530,2004,25000,32633,7633
521530,2005,25000,31495,6495
521530,2006,25000,31910,6910
521530,2007,22000,30393,8393
521530,2008,23000,30744,7744
521530,2009,23000,29558,6558
521530,2010,24000,33500,9500
521530,2011,24000,34795,10795
521530,2012,24000,32786,8786
521530,2013,25000,31559,6559
521530,2014,29000,37388,8388
521530,2015,31000,37366,6366
521530,2016,31000,38060,7060
521530,2017,32500,44300,11800
521530,2018,33000,43480,10480
521530,2019,33000,47788,14788
521530,2020,33000,45183,12183
521530,2021,40870,61970,21100
521540,1988,0,4711,4711
521540,1989,0,4527,4527
521540,1990,0,4801,4801
521540,1991,0,4956,4956
521540,1992,0,3861,3861
521540,1993,0,4271,4271
521540,1994,0,3448,3448
521540,1995,0,2743,2743
521540,1996,0,1620,1620
521540,1997,0,1737,1737
521540,1998,0,2110,2110
521540,1999,0,2135,2135
521540,2000,0,2100,2100
521540,2001,0,2040,2040
521540,2002,100,1805,1705
521540,2003,100,1515,1415
521540,2004,150,1432,1282
521540,2005,100,1417,1317
521540,2006,100,1438,1338
521540,2007,100,1546,1446
521540,2008,90,1408,1318
521540,2009,150,1603,1453
521540,2010,150,1593,1443
521540,2011,0,1428,1428
521540,2012,0,1408,1408
521540,2013,0,1378,1378
521540,2014,0,1217,1217
521540,2015,0,1132,1132
521540,2016,0,1060,1060
521540,2017,0,1038,1038
521540,2018,0,1243,1243
521540,2019,0,1235,1235
521540,2020,0,1355,1355
521540,2021,0,1355,1355
521550,1988,0,663,663
521550,1989,0,760,760
521550,1990,0,680,680
521550,1991,0,870,870
521550,1992,0,780,780
521550,1993,0,1025,1025
521550,1994,0,1035,1035
521550,1995,50,960,910
521550,1996,230,1140,910
521550,1997,230,1140,910
521550,1998,190,650,460
521550,1999,190,715,525
521550,2000,200,825,625
521550,2001,200,735,535
521550,2002,170,1179,1009
521550,2003,220,875,655
521550,2004,500,1127,627
521550,2005,800,1402,602
521550,2006,900,1451,551
521550,2007,400,1051,651
521550,2008,400,932,532
521550,2009,250,772,522
521550,2010,1000,1545,545
521550,2011,1000,1563,563
521550,2012,1100,1845,745
521550,2013,1400,1730,330
521550,2014,2000,2647,647
521550,2015,2170,3227,1057
521550,2016,1520,2292,772
521550,2017,1520,2627,1107
521550,2018,1700,2700,1000
521550,2019,1400,2234,834
521550,2020,2400,3590,1190
521550,2021,2973,5386,2413
521560,1988,3000,24410,21410
521560,1989,3500,17929,14429
521560,1990,3000,13559,10559
521560,1991,2500,10923,8423
521560,1992,1550,9762,8212
521560,1993,1550,8320,6770
521560,1994,3500,10258,6758
521560,1995,2800,8294,5494
521560,1996,2800,8747,5947
521560,1997,2800,8148,5348
521560,1998,2535,7918,5383
521560,1999,1185,6413,5228
521560,2000,1180,5840,4660
521560,2001,1000,5335,4335
521560,2002,1400,5043,3643
521560,2003,1800,5786,3986
521560,2004,9000,16440,7440
521560,2005,12000,17015,5015
521560,2006,11000,14835,3835
521560,2007,10000,12975,2975
521560,2008,11000,14730,3730
521560,2009,15300,18725,3425
521560,2010,22000,25455,3455
521560,2011,27500,31570,4070
521560,2012,28000,32880,4880
521560,2013,47000,54200,7200
521560,2014,35000,48360,13360
521560,2015,55000,67267,12267
521560,2016,58000,70451,12451
521560,2017,58000,72880,14880
521560,2018,59000,72540,13540
521560,2019,58500,73315,14815
521560,2020,60000,75000,15000
521560,2021,63000,77550,14550
521565,1988,0,0,0
521565,1989,700,4238,3538
521565,1990,400,2628,2228
521565,1991,300,2238,1938
521565,1992,340,2490,2150
521565,1993,340,2545,2205
521565,1994,340,2535,2195
521565,1995,340,2437,2097
521565,1996,0,594,594
521565,1997,0,2231,2231
521565,1998,0,1121,1121
521565,1999,0,1121,1121
521565,2000,0,1220,1220
521565,2001,0,1270,1270
521565,2002,0,1125,1125
521565,2003,0,1325,1325
521565,2004,3500,5480,1980
521565,2005,5500,8585,3085
521565,2006,3000,5380,2380
521565,2007,2500,5840,3340
521565,2008,2600,6300,3700
521565,2009,6600,10710,4110
521565,2010,4000,7810,3810
521565,2011,5630,9840,4210
521565,2012,5630,9740,4110
521565,2013,5800,7210,1410
521565,2014,12000,17309,5309
521565,2015,12000,17010,5010
521565,2016,12000,17010,5010
521565,2017,10000,16010,6010
521565,2018,10000,12000,2000
521565,2019,11000,14700,3700
521565,2020,10000,13500,3500
521565,2021,11000,19000,8000
521570,1988,1700,23679,21979
521570,1989,3510,27659,24149
521570,1990,3170,24095,20925
521570,1991,400,16066,15666
521570,1992,2800,18817,16017
521570,1993,6563,23840,17277
521570,1994,6000,27937,21937
521570,1995,9000,28833,19833
521570,1996,1537,19301,17764
521570,1997,2854,17809,14955
521570,1998,5293,16901,11608
521570,1999,5421,19921,14500
521570,2000,5340,15230,9890
521570,2001,3431,14198,10767
521570,2002,5400,16844,11444
521570,2003,8500,18642,10142
521570,2004,14500,26839,12339
521570,2005,12500,26775,14275
521570,2006,8067,14623,6556
521570,2007,3750,13357,9607
521570,2008,9000,17787,8787
521570,2009,14030,19003,4973
521570,2010,14030,19573,5543
521570,2011,16000,21843,5843
521570,2012,18000,23402,5402
521570,2013,23000,27736,4736
521570,2014,22000,31428,9428
521570,2015,23000,27188,4188
521570,2016,23000,35468,12468
521570,2017,22800,35743,12943
521570,2018,31000,44270,13270
521570,2019,35000,59915,24915
521570,2020,39000,54993,15993
521570,2021,45000,60742,15742
521580,1988,0,365,365
521580,1989,0,354,354
521580,1990,0,395,395
521580,1991,0,374,374
521580,1992,0,330,330
521580,1993,0,320,320
521580,1994,0,230,230
521580,1995,0,370,370
521580,1996,0,173,173
521580,1997,0,175,175
521580,1998,0,175,175
521580,1999,0,172,172
521580,2000,200,371,171
521580,2001,200,361,161
521580,2002,200,377,177
521580,2003,200,389,189
521580,2004,200,394,194
521580,2005,0,184,184
521580,2006,0,154,154
521580,2007,300,485,185
521580,2008,250,460,210
521580,2009,250,470,220
521580,2010,0,199,199
521580,2011,0,235,235
521580,2012,100,362,262
521580,2013,150,495,345
521580,2014,200,433,233
521580,2015,200,433,233
521580,2016,200,488,288
521580,2017,200,540,340
521580,2018,450,787,337
521580,2019,450,787,337
521580,2020,500,834,334
521580,2021,1100,1424,324
521590,1988,120,3940,3820
521590,1989,120,4560,4440
521590,1990,120,4213,4093
521590,1991,80,2560,2480
521590,1992,0,2480,2480
521590,1993,0,2470,2470
521590,1994,0,2470,2470
521590,1995,50,2510,2460
521590,1996,121,2662,2541
521590,1997,121,2581,2460
521590,1998,473,2611,2138
521590,1999,450,2550,2100
521590,2000,480,2065,1585
521590,2001,480,2359,1879
521590,2002,500,1718,1218
521590,2003,700,1798,1098
521590,2004,1100,2178,1078
521590,2005,1100,2308,1208
521590,2006,800,1808,1008
521590,2007,500,1698,1198
521590,2008,700,1798,1098
521590,2009,700,1926,1226
521590,2010,700,1981,1281
521590,2011,1000,3556,2556
521590,2012,1100,3078,1978
521590,2013,1200,3213,2013
521590,2014,1500,3318,1818
521590,2015,1500,3328,1828
521590,2016,1500,3728,2228
521590,2017,1500,3373,1873
521590,2018,1600,3570,1970
521590,2019,1350,3794,2444
521590,2020,1230,2334,1104
521590,2021,4500,6196,1696
521600,1988,1600,9539,7939
521600,1989,2000,9600,7600
521600,1990,2000,7760,5760
521600,1991,1100,6600,5500
521600,1992,1500,6940,5440
521600,1993,2400,5715,3315
521600,1994,3000,5933,2933
521600,1995,2400,6717,4317
521600,1996,1356,6908,5552
521600,1997,1150,6456,5306
521600,1998,3500,8339,4839
521600,1999,3580,9153,5573
521600,2000,3500,8056,4556
521600,2001,2600,7534,4934
521600,2002,3500,8139,4639
521600,2003,4000,7656,3656
521600,2004,5000,8710,3710
521600,2005,4500,9816,5316
521600,2006,5700,8784,3084
521600,2007,3900,7954,4054
521600,2008,3500,7834,4334
521600,2009,3400,7752,4352
521600,2010,3600,7426,3826
521600,2011,3800,8754,4954
521600,2012,3800,10354,6554
521600,2013,5750,10769,5019
521600,2014,6500,12844,6344
521600,2015,5000,12490,7490
521600,2016,5800,13150,7350
521600,2017,5500,14000,8500
521600,2018,3200,12555,9355
521600,2019,3000,12933,9933
521600,2020,3200,12992,9792
521600,2021,3800,14163,10363
521630,1988,1021,3949,2928
521630,1989,555,10525,9970
521630,1990,722,10102,9380
521630,1991,0,6230,6230
521630,1992,672,2502,1830
521630,1993,1200,3230,2030
521630,1994,1000,4893,3893
521630,1995,1800,10005,8205
521630,1996,1500,7330,5830
521630,1997,1500,7330,5830
521630,1998,1840,4070,2230
521630,1999,1840,4070,2230
521630,2000,1800,4030,2230
521630,2001,1800,4030,2230
521630,2002,600,910,310
521630,2003,1000,2530,1530
521630,2004,2000,3625,1625
521630,2005,2000,3030,1030
521630,2006,3900,6440,2540
521630,2007,400,810,410
521630,2008,650,6090,5440
521630,2009,500,9995,9495
521630,2010,800,10950,10150
521630,2011,700,11365,10665
521630,2012,420,13640,13220
521630,2013,1800,15348,13548
521630,2014,500,14188,13688
521630,2015,1150,15734,14584
521630,2016,1100,18937,17837
521630,2017,1000,21685,20685
521630,2018,1000,20057,19057
521630,2019,1050,20264,19214
521630,2020,1500,20103,18603
521630,2021,3000,22182,19182
521640,1988,6350,64085,57735
521640,1989,29640,71193,41553
521640,1990,25000,65232,40232
521640,1991,15000,42818,27818
521640,1992,20000,41923,21923
521640,1993,19080,41416,22336
521640,1994,30300,63064,32764
521640,1995,27000,56746,29746
521640,1996,10000,43780,33780
521640,1997,21000,50229,29229
521640,1998,28000,53120,25120
521640,1999,25000,54232,29232
521640,2000,30000,54342,24342
521640,2001,35000,53851,18851
521640,2002,50000,71035,21035
521640,2003,72000,91695,19695
521640,2004,74500,105500,31000
521640,2005,72000,105727,33727
521640,2006,62000,81349,19349
521640,2007,51000,69727,18727
521640,2008,55000,73057,18057
521640,2009,62000,87700,25700
521640,2010,62000,87750,25750
521640,2011,65000,94103,29103
521640,2012,75000,146990,71990
521640,2013,100000,157430,57430
521640,2014,100000,171639,71639
521640,2015,103500,187628,84128
521640,2016,100000,194261,94261
521640,2017,99000,201161,102161
521640,2018,100000,198625,98625
521640,2019,106000,211924,105924
521640,2020,115000,232300,117300
521640,2021,120000,235130,115130
521680,1988,0,15160,15160
521680,1989,0,16860,16860
521680,1990,120,17390,17270
521680,1991,120,17390,17270
521680,1992,120,14065,13945
521680,1993,0,15525,15525
521680,1994,100,13180,13080
521680,1995,90,8320,8230
521680,1996,0,5303,5303
521680,1997,0,5653,5653
521680,1998,0,4750,4750
521680,1999,0,4685,4685
521680,2000,0,4475,4475
521680,2001,0,4470,4470
521680,2002,0,4565,4565
521680,2003,0,4525,4525
521680,2004,0,4871,4871
521680,2005,0,5643,5643
521680,2006,0,4739,4739
521680,2007,250,4294,4044
521680,2008,250,4334,4084
521680,2009,200,2774,2574
521680,2010,0,2048,2048
521680,2011,60,2355,2295
521680,2012,0,2585,2585
521680,2013,210,3085,2875
521680,2014,350,3220,2870
521680,2015,360,2930,2570
521680,2016,400,2190,1790
521680,2017,600,1855,1255
521680,2018,580,1833,1253
521680,2019,600,2245,1645
521680,2020,800,3046,2246
521680,2021,1110,3150,2040
521690,1988,0,5535,5535
521690,1989,0,1250,1250
521690,1990,0,1195,1195
521690,1991,0,1210,1210
521690,1992,0,1110,1110
521690,1993,0,910,910
521690,1994,0,1642,1642
521690,1995,0,1750,1750
521690,1996,0,2523,2523
521690,1997,0,1430,1430
521690,1998,0,1390,1390
521690,1999,0,1640,1640
521690,2000,0,1575,1575
521690,2001,0,1415,1415
521690,2002,0,1500,1500
521690,2003,0,1035,1035
521690,2004,0,1015,1015
521690,2005,0,1059,1059
521690,2006,0,905,905
521690,2007,0,975,975
521690,2008,0,865,865
521690,2009,0,750,750
521690,2010,0,570,570
521690,2011,0,570,570
521690,2012,0,380,380
521690,2013,0,395,395
521690,2014,0,450,450
521690,2015,0,80,80
521690,2016,0,80,80
521690,2017,0,80,80
521690,2018,0,140,140
521690,2019,0,80,80
521690,2020,0,80,80
521690,2021,0,90,90
521710,1988,4100,28765,24665
521710,1989,6000,33047,27047
521710,1990,6000,24712,18712
521710,1991,5000,20976,15976
521710,1992,2500,17671,15171
521710,1993,2570,12457,9887
521710,1994,2700,11809,9109
521710,1995,2102,12155,10053
521710,1996,1300,10676,9376
521710,1997,1500,10358,8858
521710,1998,4194,12481,8287
521710,1999,4200,11626,7426
521710,2000,4550,12063,7513
521710,2001,7260,14315,7055
521710,2002,17387,23781,6394
521710,2003,27387,35210,7823
521710,2004,50000,59705,9705
521710,2005,50500,62531,12031
521710,2006,50500,62351,11851
521710,2007,50500,64791,14291
521710,2008,50500,69931,19431
521710,2009,35000,48619,13619
521710,2010,37100,47056,9956
521710,2011,35150,47605,12455
521710,2012,40180,49781,9601
521710,2013,55200,73025,17825
521710,2014,60630,69331,8701
521710,2015,60340,78168,17828
521710,2016,65350,85671,20321
521710,2017,65600,103511,37911
521710,2018,60400,88677,28277
521710,2019,65800,95229,29429
521710,2020,68800,105035,36235
521710,2021,65800,94342,28542
521720,1988,174,11963,11789
521720,1989,1558,8756,7198
521720,1990,405,3151,2746
521720,1991,320,2568,2248
521720,1992,134,3924,3790
521720,1993,0,2454,2454
521720,1994,0,947,947
521720,1995,0,1035,1035
521720,1996,0,1449,1449
521720,1997,0,1125,1125
521720,1998,116,1341,1225
521720,1999,0,1479,1479
521720,2000,0,1650,1650
521720,2001,150,1738,1588
521720,2002,324,1518,1194
521720,2003,838,2063,1225
521720,2004,2760,4697,1937
521720,2005,3500,5447,1947
521720,2006,2000,2990,990
521720,2007,150,1144,994
521720,2008,650,1691,1041
521720,2009,58,1584,1526
521720,2010,1000,2085,1085
521720,2011,1367,2288,921
521720,2012,3000,3710,710
521720,2013,6343,6856,513
521720,2014,10000,11216,1216
521720,2015,12000,12424,424
521720,2016,12000,12216,216
521720,2017,12000,12308,308
521720,2018,15600,15708,108
521720,2019,15600,15708,108
521720,2020,18000,18093,93
521720,2021,21200,21308,108
521730,1988,3910,38847,34937
521730,1989,4600,38091,33491
521730,1990,4250,22469,18219
521730,1991,3000,26729,23729
521730,1992,1500,22362,20862
521730,1993,2800,23478,20678
521730,1994,4137,24912,20775
521730,1995,4582,18988,14406
521730,1996,1840,14099,12259
521730,1997,1650,13345,11695
521730,1998,1650,11806,10156
521730,1999,2200,14194,11994
521730,2000,2450,15038,12588
521730,2001,3590,17124,13534
521730,2002,11858,24890,13032
521730,2003,12258,24125,11867
521730,2004,15100,28296,13196
521730,2005,12850,26485,13635
521730,2006,11000,37897,26897
521730,2007,10900,34362,23462
521730,2008,10000,35757,25757
521730,2009,10600,38057,27457
521730,2010,12600,41057,28457
521730,2011,13100,46377,33277
521730,2012,17100,50680,33580
521730,2013,18500,49588,31088
521730,2014,19000,50906,31906
521730,2015,20000,54426,34426
521730,2016,19800,49295,29495
521730,2017,19300,48410,29110
521730,2018,19800,45214,25414
521730,2019,20000,47485,27485
521730,2020,19868,48925,29057
521730,2021,26039,54886,28847
521740,1988,400,6637,6237
521740,1989,850,6186,5336
521740,1990,800,4828,4028
521740,1991,550,3100,2550
521740,1992,400,4763,4363
521740,1993,800,4993,4193
521740,1994,800,3742,2942
521740,1995,800,2665,1865
521740,1996,400,3424,3024
521740,1997,500,3088,2588
521740,1998,700,3023,2323
521740,1999,1000,3250,2250
521740,2000,1000,3239,2239
521740,2001,1200,3380,2180
521740,2002,1500,3246,1746
521740,2003,5000,6555,1555
521740,2004,5000,6515,1515
521740,2005,5000,6170,1170
521740,2006,5200,6200,1000
521740,2007,4000,5145,1145
521740,2008,4500,5637,1137
521740,2009,3000,3880,880
521740,2010,3100,3885,785
521740,2011,3000,4019,1019
521740,2012,3000,4085,1085
521740,2013,3900,5292,1392
521740,2014,4000,4940,940
521740,2015,5000,6190,1190
521740,2016,5000,6240,1240
521740,2017,5000,6489,1489
521740,2018,5000,6243,1243
521740,2019,5000,6445,1445
521740,2020,5500,7342,1842
521740,2021,13560,19852,6292
521760,1988,18500,34015,15515
521760,1989,15000,27009,12009
521760,1990,9600,15979,6379
521760,1991,7210,12462,5252
521760,1992,7200,13326,6126
521760,1993,5750,10413,4663
521760,1994,6500,11752,5252
521760,1995,5500,12788,7288
521760,1996,3500,9430,5930
521760,1997,4000,8616,4616
521760,1998,5200,8987,3787
521760,1999,5200,9346,4146
521760,2000,5200,9068,3868
521760,2001,5200,9768,4568
521760,2002,6000,10785,4785
521760,2003,6600,11065,4465
521760,2004,7000,11692,4692
521760,2005,9500,15530,6030
521760,2006,9000,14032,5032
521760,2007,8000,16472,8472
521760,2008,9500,16812,7312
521760,2009,9000,16472,7472
521760,2010,10000,18262,8262
521760,2011,10500,20440,9940
521760,2012,11000,21262,10262
521760,2013,12400,22834,10434
521760,2014,12500,21804,9304
521760,2015,13000,22184,9184
521760,2016,15000,24104,9104
521760,2017,15200,23688,8488
521760,2018,14000,24303,10303
521760,2019,16000,28325,12325
521760,2020,16000,28416,12416
521760,2021,16000,27843,11843
521770,1988,8000,23172,15172
521770,1989,8000,22491,14491
521770,1990,11500,23508,12008
521770,1991,6200,20045,13845
521770,1992,7000,21270,14270
521770,1993,11000,20823,9823
521770,1994,12000,23296,11296
521770,1995,11400,23813,12413
521770,1996,5000,15719,10719
521770,1997,7000,15316,8316
521770,1998,13500,18561,5061
521770,1999,13500,21204,7704
521770,2000,14000,19342,5342
521770,2001,16000,23237,7237
521770,2002,19000,24920,5920
521770,2003,22500,28148,5648
521770,2004,27000,34148,7148
521770,2005,27100,33001,5901
521770,2006,16850,20721,3871
521770,2007,16850,20606,3756
521770,2008,16850,23851,7001
521770,2009,10000,18255,8255
521770,2010,12000,18636,6636
521770,2011,15000,22259,7259
521770,2012,20000,27323,7323
521770,2013,24000,31545,7545
521770,2014,33000,40676,7676
521770,2015,30000,37535,7535
521770,2016,30000,39007,9007
521770,2017,30000,43117,13117
521770,2018,30000,36935,6935
521770,2019,32000,41167,9167
521770,2020,31500,40906,9406
521770,2021,32000,43265,11265
521800,1988,463,35860,35397
521800,1989,1694,19872,18178
521800,1990,703,9499,8796
521800,1991,321,8152,7831
521800,1992,527,8019,7492
521800,1993,100,7822,7722
521800,1994,0,7324,7324
521800,1995,184,7457,7273
521800,1996,295,5660,5365
521800,1997,0,2754,2754
521800,1998,310,4080,3770
521800,1999,0,3790,3790
521800,2000,120,4659,4539
521800,2001,200,4845,4645
521800,2002,345,5105,4760
521800,2003,430,5293,4863
521800,2004,1880,7095,5215
521800,2005,3535,10237,6702
521800,2006,3500,10355,6855
521800,2007,2500,8905,6405
521800,2008,3200,8152,4952
521800,2009,3300,8322,5022
521800,2010,3300,8422,5122
521800,2011,7800,13382,5582
521800,2012,11230,17542,6312
521800,2013,12179,15133,2954
521800,2014,16460,19010,2550
521800,2015,19650,21480,1830
521800,2016,32800,34080,1280
521800,2017,28500,29630,1130
521800,2018,26257,27555,1298
521800,2019,29151,31308,2157
521800,2020,30584,32702,2118
521800,2021,32669,34756,2087
521810,1988,9000,14700,5700
521810,1989,14000,18160,4160
521810,1990,14920,19122,4202
521810,1991,14400,18641,4241
521810,1992,15000,20965,5965
521810,1993,16000,21297,5297
521810,1994,22000,30040,8040
521810,1995,22000,30875,8875
521810,1996,11485,20083,8598
521810,1997,22000,31920,9920
521810,1998,20000,28049,8049
521810,1999,19400,28066,8666
521810,2000,20000,30020,10020
521810,2001,18500,32050,13550
521810,2002,21000,31766,10766
521810,2003,21000,33540,12540
521810,2004,23000,32424,9424
521810,2005,24300,33047,8747
521810,2006,24300,30324,6024
521810,2007,22000,30324,8324
521810,2008,20000,33621,13621
521810,2009,30000,53667,23667
521810,2010,22000,45702,23702
521810,2011,22000,47669,25669
521810,2012,21000,45918,24918
521810,2013,21500,45400,23900
521810,2014,23000,44690,21690
521810,2015,24000,39000,15000
521810,2016,24000,29700,5700
521810,2017,25000,30000,5000
521810,2018,22000,38000,16000
521810,2019,23000,40500,17500
521810,2020,22000,39000,17000
521810,2021,24000,39500,15500
521830,1988,0,4225,4225
521830,1989,120,3965,3845
521830,1990,120,2700,2580
521830,1991,0,2840,2840
521830,1992,0,2139,2139
521830,1993,200,2857,2657
521830,1994,0,2380,2380
521830,1995,0,2450,2450
521830,1996,0,970,970
521830,1997,0,2056,2056
521830,1998,0,2106,2106
521830,1999,0,2214,2214
521830,2000,0,2224,2224
521830,2001,0,2369,2369
521830,2002,0,2959,2959
521830,2003,0,2964,2964
521830,2004,0,4114,4114
521830,2005,0,4204,4204
521830,2006,0,4134,4134
521830,2007,0,4064,4064
521830,2008,0,4344,4344
521830,2009,0,3144,3144
521830,2010,0,3644,3644
521830,2011,1900,4134,2234
521830,2012,1900,3855,1955
521830,2013,2950,4825,1875
521830,2014,3399,4956,1557
521830,2015,2807,4607,1800
521830,2016,3170,5300,2130
521830,2017,4238,6300,2062
521830,2018,2400,4070,1670
521830,2019,4935,4985,50
521830,2020,4078,4233,155
521830,2021,4591,4708,117
521850,1988,17740,44405,26665
521850,1989,12450,28185,15735
521850,1990,15000,33046,18046
521850,1991,9000,25979,16979
521850,1992,11700,25868,14168
521850,1993,18000,33118,15118
521850,1994,22000,39335,17335
521850,1995,18500,31080,12580
521850,1996,13000,35063,22063
521850,1997,20000,41414,21414
521850,1998,30000,47638,17638
521850,1999,29000,48909,19909
521850,2000,28000,42268,14268
521850,2001,22700,41499,18799
521850,2002,30000,39123,9123
521850,2003,32000,43129,11129
521850,2004,50000,60607,10607
521850,2005,37000,51838,14838
521850,2006,25000,42020,17020
521850,2007,10000,28260,18260
521850,2008,20000,53725,33725
521850,2009,21000,67150,46150
521850,2010,20000,68300,48300
521850,2011,20000,73600,53600
521850,2012,20000,85025,65025
521850,2013,23000,95860,72860
521850,2014,23800,112170,88370
521850,2015,20000,108242,88242
521850,2016,22000,98983,76983
521850,2017,22000,112306,90306
521850,2018,22000,105140,83140
521850,2019,25000,109074,84074
521850,2020,28000,117250,89250
521850,2021,31000,119410,88410
521860,1988,0,6118,6118
521860,1989,0,5513,5513
521860,1990,0,5834,5834
521860,1991,0,3621,3621
521860,1992,0,3379,3379
521860,1993,0,3294,3294
521860,1994,180,2641,2461
521860,1995,180,2713,2533
521860,1996,32,2815,2783
521860,1997,0,2403,2403
521860,1998,0,1993,1993
521860,1999,0,1813,1813
521860,2000,0,1788,1788
521860,2001,0,1865,1865
521860,2002,0,2414,2414
521860,2003,0,2279,2279
521860,2004,240,3402,3162
521860,2005,500,4250,3750
521860,2006,200,4955,4755
521860,2007,150,5775,5625
521860,2008,0,5505,5505
521860,2009,0,5545,5545
521860,2010,300,4082,3782
521860,2011,350,5065,4715
521860,2012,400,5517,5117
521860,2013,480,4980,4500
521860,2014,350,3949,3599
521860,2015,350,5551,5201
521860,2016,350,3880,3530
521860,2017,10,3030,3020
521860,2018,100,3260,3160
521860,2019,650,4080,3430
521860,2020,650,3970,3320
521860,2021,650,4180,3530
521870,1988,0,6370,6370
521870,1989,16,5861,5845
521870,1990,0,4840,4840
521870,1991,0,4690,4690
521870,1992,0,3730,3730
521870,1993,0,3532,3532
521870,1994,0,2110,2110
521870,1995,0,2265,2265
521870,1996,0,1520,1520
521870,1997,0,1185,1185
521870,1998,0,1245,1245
521870,1999,0,1185,1185
521870,2000,0,1105,1105
521870,2001,0,1080,1080
521870,2002,0,1380,1380
521870,2003,0,870,870
521870,2004,600,1390,790
521870,2005,600,1360,760
521870,2006,500,1174,674
521870,2007,450,2134,1684
521870,2008,0,1690,1690
521870,2009,0,1665,1665
521870,2010,80,2128,2048
521870,2011,130,2786,2656
521870,2012,80,2420,2340
521870,2013,80,1835,1755
521870,2014,120,1249,1129
521870,2015,120,2540,2420
521870,2016,230,1467,1237
521870,2017,230,1445,1215
521870,2018,230,1467,1237
521870,2019,230,1502,1272
521870,2020,220,1487,1267
521870,2021,220,1607,1387
521878,1988,0,0,0
521878,1989,0,250,250
521878,1990,0,210,210
521878,1991,0,180,180
521878,1992,0,180,180
521878,1993,0,400,400
521878,1994,0,450,450
521878,1995,0,500,500
521878,1996,0,832,832
521878,1997,0,540,540
521878,1998,0,457,457
521878,1999,0,637,637
521878,2000,0,667,667
521878,2001,0,697,697
521878,2002,0,400,400
521878,2003,0,320,320
521878,2004,150,425,275
521878,2005,180,425,245
521878,2006,180,425,245
521878,2007,180,455,275
521878,2008,430,705,275
521878,2009,290,505,215
521878,2010,320,540,220
521878,2011,350,602,252
521878,2012,350,625,275
521878,2013,350,470,120
521878,2014,350,438,88
521878,2015,400,488,88
521878,2016,160,166,6
521878,2017,200,563,363
521878,2018,200,431,231
521878,2019,200,303,103
521878,2020,200,301,101
521878,2021,200,305,105
521880,1988,152000,302407,150407
521880,1989,168500,282976,114476
521880,1990,147000,259289,112289
521880,1991,110000,223655,113655
521880,1992,80000,168915,88915
521880,1993,95050,173583,78533
521880,1994,111200,222836,111636
521880,1995,123700,222194,98494
521880,1996,112600,212613,100013
521880,1997,132600,247679,115079
521880,1998,173300,278969,105669
521880,1999,158500,291279,132779
521880,2000,181000,302729,121729
521880,2001,186000,299868,113868
521880,2002,236200,349345,113145
521880,2003,267000,372892,105892
521880,2004,283000,394263,111263
521880,2005,284000,407513,123513
521880,2006,265300,369062,103762
521880,2007,241000,356740,115740
521880,2008,244000,396968,152968
521880,2009,253200,430560,177360
521880,2010,277000,448861,171861
521880,2011,277700,471224,193524
521880,2012,284300,550620,266320
521880,2013,301500,594136,292636
521880,2014,312000,612054,300054
521880,2015,320600,612049,291449
521880,2016,324500,635076,310576
521880,2017,324200,645207,321007
521880,2018,336300,668721,332421
521880,2019,351500,726981,375481
521880,2020,401600,824168,422568
521880,2021,423000,860543,437543
521890,1988,0,16845,16845
521890,1989,0,16682,16682
521890,1990,0,16164,16164
521890,1991,0,22224,22224
521890,1992,0,18123,18123
521890,1993,0,13150,13150
521890,1994,20,12993,12973
521890,1995,0,10815,10815
521890,1996,0,5474,5474
521890,1997,0,8850,8850
521890,1998,0,7613,7613
521890,1999,0,7743,7743
521890,2000,0,7523,7523
521890,2001,0,5928,5928
521890,2002,0,9135,9135
521890,2003,0,7567,7567
521890,2004,0,7237,7237
521890,2005,0,5674,5674
521890,2006,0,4732,4732
521890,2007,0,7987,7987
521890,2008,0,8180,8180
521890,2009,0,8240,8240
521890,2010,0,7271,7271
521890,2011,0,6669,6669
521890,2012,0,6983,6983
521890,2013,0,6826,6826
521890,2014,0,7158,7158
521890,2015,0,5963,5963
521890,2016,0,6730,6730
521890,2017,0,6710,6710
521890,2018,0,6730,6730
521890,2019,0,6730,6730
521890,2020,0,6730,6730
521890,2021,79,7289,7210
521900,1988,0,7362,7362
521900,1989,0,5352,5352
521900,1990,0,4825,4825
521900,1991,0,3156,3156
521900,1992,0,1968,1968
521900,1993,0,2148,2148
521900,1994,0,1943,1943
521900,1995,0,2668,2668
521900,1996,0,2578,2578
521900,1997,0,3050,3050
521900,1998,0,3304,3304
521900,1999,0,3262,3262
521900,2000,0,2796,2796
521900,2001,0,2831,2831
521900,2002,0,2916,2916
521900,2003,0,2881,2881
521900,2004,0,2712,2712
521900,2005,0,2702,2702
521900,2006,0,2824,2824
521900,2007,0,2469,2469
521900,2008,0,2550,2550
521900,2009,0,2749,2749
521900,2010,0,2649,2649
521900,2011,0,818,818
521900,2012,0,350,350
521900,2013,0,45,45
521900,2014,0,340,340
521900,2015,0,370,370
521900,2016,0,340,340
521900,2017,0,225,225
521900,2018,50,415,365
521900,2019,100,505,405
521900,2020,200,677,477
521900,2021,190,577,387
521910,1988,0,2858,2858
521910,1989,200,3140,2940
521910,1990,200,2738,2538
521910,1991,200,2591,2391
521910,1992,0,2431,2431
521910,1993,0,2531,2531
521910,1994,0,2486,2486
521910,1995,0,2821,2821
521910,1996,0,1325,1325
521910,1997,0,2091,2091
521910,1998,0,2398,2398
521910,1999,0,2588,2588
521910,2000,0,2328,2328
521910,2001,0,2368,2368
521910,2002,276,2694,2418
521910,2003,276,2504,2228
521910,2004,300,2923,2623
521910,2005,250,2553,2303
521910,2006,250,3097,2847
521910,2007,200,3028,2828
521910,2008,250,3364,3114
521910,2009,300,4091,3791
521910,2010,300,2141,1841
521910,2011,400,2299,1899
521910,2012,200,1829,1629
521910,2013,0,1657,1657
521910,2014,0,1527,1527
521910,2015,0,1522,1522
521910,2016,310,1835,1525
521910,2017,0,1450,1450
521910,2018,1350,1925,575
521910,2019,1350,1925,575
521910,2020,1360,1943,583
521910,2021,1400,2885,1485
521920,1988,500,4490,3990
521920,1989,400,2660,2260
521920,1990,500,1999,1499
521920,1991,500,2044,1544
521920,1992,400,1666,1266
521920,1993,400,1623,1223
521920,1994,400,1692,1292
521920,1995,400,3346,2946
521920,1996,300,2248,1948
521920,1997,350,2174,1824
521920,1998,500,2041,1541
521920,1999,300,1770,1470
521920,2000,1200,2647,1447
521920,2001,2000,3362,1362
521920,2002,4000,4814,814
521920,2003,7000,8194,1194
521920,2004,8500,10281,1781
521920,2005,12000,13535,1535
521920,2006,10000,11290,1290
521920,2007,9000,10593,1593
521920,2008,9000,10473,1473
521920,2009,9000,10339,1339
521920,2010,9500,10903,1403
521920,2011,9500,11261,1761
521920,2012,10000,11933,1933
521920,2013,15500,17410,1910
521920,2014,16000,17707,1707
521920,2015,16000,17777,1777
521920,2016,16000,17775,1775
521920,2017,16500,21655,5155
521920,2018,17000,21505,4505
521920,2019,17000,23328,6328
521920,2020,17500,25176,7676
521920,2021,25100,37666,12566
521925,1988,0,0,0
521925,1989,664,6319,5655
521925,1990,664,6309,5645
521925,1991,1955,6807,4852
521925,1992,1960,11357,9397
521925,1993,4269,11439,7170
521925,1994,1390,5709,4319
521925,1995,184,3341,3157
521925,1996,194,4494,4300
521925,1997,193,1603,1410
521925,1998,193,1433,1240
521925,1999,193,1453,1260
521925,2000,193,1063,870
521925,2001,193,1289,1096
521925,2002,193,1289,1096
521925,2003,193,1349,1156
521925,2004,250,2520,2270
521925,2005,350,1320,970
521925,2006,200,1260,1060
521925,2007,250,1350,1100
521925,2008,250,1410,1160
521925,2009,250,1200,950
521925,2010,250,1590,1340
521925,2011,200,1755,1555
521925,2012,240,710,470
521925,2013,240,827,587
521925,2014,1160,2595,1435
521925,2015,1788,3223,1435
521925,2016,2070,3505,1435
521925,2017,2094,3885,1791
521925,2018,1750,4165,2415
521925,2019,2200,4690,2490
521925,2020,2200,4246,2046
521925,2021,2300,4171,1871
521930,1988,5200,59291,54091
521930,1989,2000,45665,43665
521930,1990,3500,43487,39987
521930,1991,2500,44111,41611
521930,1992,9000,56397,47397
521930,1993,14000,57517,43517
521930,1994,9800,53275,43475
521930,1995,13000,64757,51757
521930,1996,8000,64878,56878
521930,1997,9000,64383,55383
521930,1998,12000,75429,63429
521930,1999,20000,75598,55598
521930,2000,35000,71027,36027
521930,2001,30000,69362,39362
521930,2002,38000,73586,35586
521930,2003,45000,85649,40649
521930,2004,45000,85287,40287
521930,2005,46000,80214,34214
521930,2006,44000,89935,45935
521930,2007,30000,76750,46750
521930,2008,33000,91020,58020
521930,2009,39000,95360,56360
521930,2010,44000,110815,66815
521930,2011,46000,114062,68062
521930,2012,40000,107579,67579
521930,2013,42000,106545,64545
521930,2014,42000,107756,65756
521930,2015,42000,110659,68659
521930,2016,45000,116402,71402
521930,2017,45000,116005,71005
521930,2018,48000,121201,73201
521930,2019,48000,118035,70035
521930,2020,51000,123430,72430
521930,2021,60000,145430,85430
521935,1988,1370,7803,6433
521935,1989,1370,7791,6421
521935,1990,1300,6404,5104
521935,1991,1300,6506,5206
521935,1992,0,3550,3550
521935,1993,0,3635,3635
521935,1994,0,4340,4340
521935,1995,215,4973,4758
521935,1996,0,2428,2428
521935,1997,0,3135,3135
521935,1998,0,3200,3200
521935,1999,0,2040,2040
521935,2000,0,1760,1760
521935,2001,0,2290,2290
521935,2002,520,2720,2200
521935,2003,800,2435,1635
521935,2004,900,2390,1490
521935,2005,600,2870,2270
521935,2006,400,2690,2290
521935,2007,350,5940,5590
521935,2008,0,5163,5163
521935,2009,0,5183,5183
521935,2010,0,4098,4098
521935,2011,0,7931,7931
521935,2012,200,10480,10280
521935,2013,700,8874,8174
521935,2014,700,9097,8397
521935,2015,700,10192,9492
521935,2016,700,9145,8445
521935,2017,700,8632,7932
521935,2018,700,9145,8445
521935,2019,700,8985,8285
521935,2020,700,9005,8305
521935,2021,700,9005,8305
521940,1988,750,2560,1810
521940,1989,800,2621,1821
521940,1990,500,2351,1851
521940,1991,800,2672,1872
521940,1992,200,2640,2440
521940,1993,430,2921,2491
521940,1994,250,2753,2503
521940,1995,450,3029,2579
521940,1996,200,1291,1091
521940,1997,450,2945,2495
521940,1998,310,1432,1122
521940,1999,310,1349,1039
521940,2000,310,1149,839
521940,2001,1450,2739,1289
521940,2002,1500,2647,1147
521940,2003,1800,2947,1147
521940,2004,6000,9247,3247
521940,2005,7200,12710,5510
521940,2006,5000,9860,4860
521940,2007,4000,9310,5310
521940,2008,4500,7110,2610
521940,2009,4500,6810,2310
521940,2010,3500,5110,1610
521940,2011,5000,6110,1110
521940,2012,8000,9110,1110
521940,2013,8000,8750,750
521940,2014,8560,8963,403
521940,2015,9000,9503,503
521940,2016,9000,18503,9503
521940,2017,9000,18000,9000
521940,2018,4000,7000,3000
521940,2019,6500,9700,3200
521940,2020,6000,9000,3000
521940,2021,8000,12000,4000
521950,1988,60,4655,4595
521950,1989,0,5296,5296
521950,1990,0,4931,4931
521950,1991,150,4489,4339
521950,1992,98,5519,5421
521950,1993,0,4490,4490
521950,1994,0,4523,4523
521950,1995,0,4557,4557
521950,1996,0,3796,3796
521950,1997,0,2466,2466
521950,1998,45,1985,1940
521950,1999,45,1989,1944
521950,2000,0,1452,1452
521950,2001,0,1412,1412
521950,2002,0,1242,1242
521950,2003,180,1452,1272
521950,2004,230,1435,1205
521950,2005,250,1408,1158
521950,2006,400,1074,674
521950,2007,200,840,640
521950,2008,200,770,570
521950,2009,260,874,614
521950,2010,500,1035,535
521950,2011,400,1410,1010
521950,2012,500,1400,900
521950,2013,370,1340,970
521950,2014,620,1430,810
521950,2015,550,1500,950
521950,2016,600,1695,1095
521950,2017,500,1745,1245
521950,2018,520,1331,811
521950,2019,500,1105,605
521950,2020,510,1069,559
521950,2021,1870,4220,2350
521960,1988,0,7210,7210
521960,1989,0,5180,5180
521960,1990,0,3925,3925
521960,1991,0,3435,3435
521960,1992,0,2025,2025
521960,1993,0,1820,1820
521960,1994,0,1805,1805
521960,1995,0,1845,1845
521960,1996,0,911,911
521960,1997,0,1250,1250
521960,1998,0,1365,1365
521960,1999,0,1395,1395
521960,2000,0,1370,1370
521960,2001,0,1405,1405
521960,2002,24,1069,1045
521960,2003,25,980,955
521960,2004,0,1780,1780
521960,2005,0,1630,1630
521960,2006,0,1475,1475
521960,2007,300,1575,1275
521960,2008,300,1630,1330
521960,2009,400,1245,845
521960,2010,400,1215,815
521960,2011,50,695,645
521960,2012,690,1335,645
521960,2013,184,634,450
521960,2014,815,1175,360
521960,2015,1200,1660,460
521960,2016,3610,3815,205
521960,2017,2700,2930,230
521960,2018,2095,2348,253
521960,2019,2095,2339,244
521960,2020,2094,2330,236
521960,2021,2230,2505,275
521970,1988,0,5655,5655
521970,1989,0,2810,2810
521970,1990,0,1690,1690
521970,1991,0,1493,1493
521970,1992,0,1595,1595
521970,1993,0,1615,1615
521970,1994,0,1595,1595
521970,1995,0,1600,1600
521970,1996,0,2823,2823
521970,1997,0,2105,2105
521970,1998,0,1400,1400
521970,1999,0,1640,1640
521970,2000,0,1768,1768
521970,2001,0,1735,1735
521970,2002,0,1795,1795
521970,2003,0,1605,1605
521970,2004,0,1230,1230
521970,2005,0,1272,1272
521970,2006,0,1297,1297
521970,2007,0,1297,1297
521970,2008,0,1388,1388
521970,2009,0,855,855
521970,2010,0,870,870
521970,2011,300,1209,909
521970,2012,340,1037,697
521970,2013,340,889,549
521970,2014,330,648,318
521970,2015,450,651,201
521970,2016,390,541,151
521970,2017,400,538,138
521970,2018,0,159,159
521970,2019,0,403,403
521970,2020,0,300,300
521970,2021,0,361,361
521975,1988,300,3237,2937
521975,1989,300,4195,3895
521975,1990,300,2983,2683
521975,1991,200,3620,3420
521975,1992,200,3615,3415
521975,1993,500,3790,3290
521975,1994,1000,4345,3345
521975,1995,480,3501,3021
521975,1996,0,2259,2259
521975,1997,0,1792,1792
521975,1998,0,1812,1812
521975,1999,0,1537,1537
521975,2000,0,317,317
521975,2001,0,317,317
521975,2002,0,157,157
521975,2003,0,161,161
521975,2004,300,2639,2339
521975,2005,100,1311,1211
521975,2006,100,1555,1455
521975,2007,3000,4925,1925
521975,2008,3200,5425,2225
521975,2009,3500,5575,2075
521975,2010,3800,5445,1645
521975,2011,5000,7075,2075
521975,2012,5200,8352,3152
521975,2013,1057,1927,870
521975,2014,1457,3457,2000
521975,2015,1480,2919,1439
521975,2016,1450,3119,1669
521975,2017,3450,5219,1769
521975,2018,1470,3452,1982
521975,2019,1480,3777,2297
521975,2020,1894,3856,1962
521975,2021,1894,3980,2086
521980,1988,0,4690,4690
521980,1989,0,3095,3095
521980,1990,0,2080,2080
521980,1991,0,2615,2615
521980,1992,0,3195,3195
521980,1993,0,3760,3760
521980,1994,0,3080,3080
521980,1995,0,3130,3130
521980,1996,0,2693,2693
521980,1997,0,5080,5080
521980,1998,70,5670,5600
521980,1999,70,5715,5645
521980,2000,0,5610,5610
521980,2001,0,5900,5900
521980,2002,0,6515,6515
521980,2003,0,5170,5170
521980,2004,0,5790,5790
521980,2005,150,6430,6280
521980,2006,180,6060,5880
521980,2007,200,5680,5480
521980,2008,200,5020,4820
521980,2009,200,2570,2370
521980,2010,250,2507,2257
521980,2011,0,1824,1824
521980,2012,0,1731,1731
521980,2013,0,1380,1380
521980,2014,0,1140,1140
521980,2015,0,1295,1295
521980,2016,0,975,975
521980,2017,0,621,621
521980,2018,1013,1903,890
521980,2019,1129,1133,4
521980,2020,1642,1661,19
521980,2021,2255,2272,17
521990,1988,0,11921,11921
521990,1989,0,10970,10970
521990,1990,0,11464,11464
521990,1991,0,8541,8541
521990,1992,0,6765,6765
521990,1993,0,6916,6916
521990,1994,0,6476,6476
521990,1995,0,6176,6176
521990,1996,0,5373,5373
521990,1997,0,4347,4347
521990,1998,0,5109,5109
521990,1999,0,2400,2400
521990,2000,0,2125,2125
521990,2001,250,2382,2132
521990,2002,80,2150,2070
521990,2003,200,2190,1990
521990,2004,300,2297,1997
521990,2005,200,2438,2238
521990,2006,150,1501,1351
521990,2007,150,1363,1213
521990,2008,0,1242,1242
521990,2009,0,1240,1240
521990,2010,200,1304,1104
521990,2011,510,1571,1061
521990,2012,635,1765,1130
521990,2013,870,2328,1458
521990,2014,800,1870,1070
521990,2015,820,1795,975
521990,2016,760,1750,990
521990,2017,400,1350,950
521990,2018,400,1110,710
521990,2019,490,1347,857
521990,2020,500,1451,951
521990,2021,2620,3230,610
522000,1988,900,9445,8545
522000,1989,16000,24647,8647
522000,1990,19200,29812,10612
522000,1991,11000,20592,9592
522000,1992,9000,17411,8411
522000,1993,9500,17177,7677
522000,1994,11000,18142,7142
522000,1995,12800,20153,7353
522000,1996,7700,13821,6121
522000,1997,6780,12144,5364
522000,1998,6700,12569,5869
522000,1999,6700,13497,6797
522000,2000,6200,14512,8312
522000,2001,6200,14292,8092
522000,2002,7500,16480,8980
522000,2003,9500,18210,8710
522000,2004,11000,22771,11771
522000,2005,16000,28883,12883
522000,2006,19000,29815,10815
522000,2007,20000,33065,13065
522000,2008,21000,35013,14013
522000,2009,18200,32555,14355
522000,2010,23500,35640,12140
522000,2011,24000,40035,16035
522000,2012,24000,40535,16535
522000,2013,26300,39245,12945
522000,2014,31500,46390,14890
522000,2015,34300,53600,19300
522000,2016,35000,60635,25635
522000,2017,40000,64692,24692
522000,2018,30000,55641,25641
522000,2019,40000,73637,33637
522000,2020,40000,73882,33882
522000,2021,42000,76182,34182
522005,1988,0,0,0
522005,1989,360,2270,1910
522005,1990,390,2790,2400
522005,1991,300,2320,2020
522005,1992,610,3030,2420
522005,1993,0,1540,1540
522005,1994,250,2215,1965
522005,1995,360,2565,2205
522005,1996,680,3191,2511
522005,1997,360,2560,2200
522005,1998,360,3273,2913
522005,1999,360,3173,2813
522005,2000,360,2920,2560
522005,2001,395,3015,2620
522005,2002,500,2980,2480
522005,2003,2760,4380,1620
522005,2004,3000,4954,1954
522005,2005,3000,5412,2412
522005,2006,2900,5252,2352
522005,2007,2000,4460,2460
522005,2008,2000,4240,2240
522005,2009,2800,4580,1780
522005,2010,2800,4609,1809
522005,2011,3500,4719,1219
522005,2012,3800,5130,1330
522005,2013,2000,3178,1178
522005,2014,4000,4958,958
522005,2015,4500,5408,908
522005,2016,4500,6308,1808
522005,2017,4500,5418,918
522005,2018,4700,5725,1025
522005,2019,4230,4755,525
522005,2020,4300,5188,888
522005,2021,10000,18319,8319
522010,1988,0,11075,11075
522010,1989,0,7525,7525
522010,1990,0,7669,7669
522010,1991,0,9440,9440
522010,1992,0,10955,10955
522010,1993,0,7480,7480
522010,1994,0,7660,7660
522010,1995,0,8815,8815
522010,1996,0,5602,5602
522010,1997,0,6794,6794
522010,1998,0,4362,4362
522010,1999,0,4457,4457
522010,2000,0,4120,4120
522010,2001,0,4845,4845
522010,2002,0,4225,4225
522010,2003,0,3496,3496
522010,2004,0,4685,4685
522010,2005,0,3620,3620
522010,2006,0,2670,2670
522010,2007,0,1820,1820
522010,2008,0,2300,2300
522010,2009,0,2250,2250
522010,2010,0,2300,2300
522010,2011,0,2060,2060
522010,2012,0,2135,2135
522010,2013,300,2295,1995
522010,2014,300,2120,1820
522010,2015,500,1960,1460
522010,2016,420,1380,960
522010,2017,420,1880,1460
522010,2018,600,1960,1360
522010,2019,630,2090,1460
522010,2020,5000,10460,5460
522010,2021,5000,5960,960
522020,1988,96,24307,24211
522020,1989,412,13082,12670
522020,1990,0,2856,2856
522020,1991,0,3035,3035
522020,1992,0,5225,5225
522020,1993,0,3235,3235
522020,1994,230,2635,2405
522020,1995,20,2435,2415
522020,1996,39,2993,2954
522020,1997,30,2272,2242
522020,1998,0,1602,1602
522020,1999,0,3382,3382
522020,2000,0,3836,3836
522020,2001,0,3985,3985
522020,2002,513,4168,3655
522020,2003,688,4272,3584
522020,2004,1085,5535,4450
522020,2005,970,6020,5050
522020,2006,1000,4250,3250
522020,2007,1000,3550,2550
522020,2008,800,3840,3040
522020,2009,1400,4415,3015
522020,2010,800,4765,3965
522020,2011,800,5195,4395
522020,2012,890,5135,4245
522020,2013,3370,5820,2450
522020,2014,4100,7270,3170
522020,2015,1500,4790,3290
522020,2016,5529,8789,3260
522020,2017,3500,6750,3250
522020,2018,3230,6274,3044
522020,2019,800,8855,8055
522020,2020,839,8890,8051
522020,2021,888,8890,8002
522026,1988,0,0,0
522026,1989,2600,5246,2646
522026,1990,4000,6280,2280
522026,1991,3200,5175,1975
522026,1992,4000,6668,2668
522026,1993,4000,6164,2164
522026,1994,4000,6095,2095
522026,1995,5000,7227,2227
522026,1996,3600,6811,3211
522026,1997,4500,7327,2827
522026,1998,7000,9767,2767
522026,1999,8000,12557,4557
522026,2000,8000,12400,4400
522026,2001,9000,13695,4695
522026,2002,9000,13991,4991
522026,2003,10000,15088,5088
522026,2004,10600,15116,4516
522026,2005,12000,15276,3276
522026,2006,11000,14858,3858
522026,2007,10000,14159,4159
522026,2008,11000,15402,4402
522026,2009,11000,15460,4460
522026,2010,11200,15290,4090
522026,2011,11000,15814,4814
522026,2012,11000,15680,4680
522026,2013,8600,12145,3545
522026,2014,8800,12935,4135
522026,2015,9500,13585,4085
522026,2016,9500,14385,4885
522026,2017,10000,16345,6345
522026,2018,10000,15295,5295
522026,2019,10000,16410,6410
522026,2020,10000,16300,6300
522026,2021,13350,22730,9380
522040,1988,200,1043,843
522040,1989,200,1094,894
522040,1990,150,1000,850
522040,1991,0,670,670
522040,1992,0,610,610
522040,1993,100,940,840
522040,1994,550,1790,1240
522040,1995,550,1590,1040
522040,1996,550,1090,540
522040,1997,550,1090,540
522040,1998,300,940,640
522040,1999,300,1240,940
522040,2000,200,990,790
522040,2001,500,1490,990
522040,2002,990,2020,1030
522040,2003,900,1540,640
522040,2004,1000,1530,530
522040,2005,1000,1435,435
522040,2006,450,1300,850
522040,2007,0,800,800
522040,2008,0,3090,3090
522040,2009,0,4790,4790
522040,2010,0,4050,4050
522040,2011,0,4475,4475
522040,2012,0,5660,5660
522040,2013,0,5905,5905
522040,2014,0,6251,6251
522040,2015,0,5959,5959
522040,2016,0,6741,6741
522040,2017,0,6740,6740
522040,2018,0,15527,15527
522040,2019,0,13115,13115
522040,2020,0,6300,6300
522040,2021,0,6330,6330
522045,1988,0,0,0
522045,1989,222,2997,2775
522045,1990,200,1940,1740
522045,1991,200,1812,1612
522045,1992,200,1802,1602
522045,1993,700,2292,1592
522045,1994,730,2462,1732
522045,1995,710,2464,1754
522045,1996,290,1818,1528
522045,1997,600,1750,1150
522045,1998,600,1815,1215
522045,1999,420,1295,875
522045,2000,12,1077,1065
522045,2001,12,1077,1065
522045,2002,20,1125,1105
522045,2003,20,1075,1055
522045,2004,20,1085,1065
522045,2005,200,1083,883
522045,2006,150,963,813
522045,2007,100,983,883
522045,2008,150,1077,927
522045,2009,150,1073,923
522045,2010,150,1073,923
522045,2011,300,1051,751
522045,2012,450,1180,730
522045,2013,300,970,670
522045,2014,400,888,488
522045,2015,400,1112,712
522045,2016,100,938,838
522045,2017,100,280,180
522045,2018,440,825,385
522045,2019,440,825,385
522045,2020,440,925,485
522045,2021,1000,1985,985
522050,1988,8000,20065,12065
522050,1989,9000,21375,12375
522050,1990,10605,28363,17758
522050,1991,8550,27208,18658
522050,1992,9000,24018,15018
522050,1993,10000,29058,19058
522050,1994,12000,36558,24558
522050,1995,13500,36063,22563
522050,1996,9979,16638,6659
522050,1997,17000,38242,21242
522050,1998,23000,41062,18062
522050,1999,17000,38950,21950
522050,2000,18700,33243,14543
522050,2001,21000,35700,14700
522050,2002,24000,32643,8643
522050,2003,24000,33520,9520
522050,2004,25000,30200,5200
522050,2005,30000,44650,14650
522050,2006,24000,34160,10160
522050,2007,21000,30700,9700
522050,2008,30000,68426,38426
522050,2009,30000,60326,30326
522050,2010,31000,65071,34071
522050,2011,33000,60720,27720
522050,2012,33000,64968,31968
522050,2013,35000,59200,24200
522050,2014,37450,77450,40000
522050,2015,40000,80000,40000
522050,2016,40000,80000,40000
522050,2017,35000,77500,42500
522050,2018,28000,66500,38500
522050,2019,28500,65900,37400
522050,2020,28000,63500,35500
522050,2021,33000,73000,40000
522060,1988,11600,26129,14529
522060,1989,14900,27565,12665
522060,1990,18000,31296,13296
522060,1991,8000,17217,9217
522060,1992,8000,17332,9332
522060,1993,8000,17055,9055
522060,1994,9000,17540,8540
522060,1995,12000,21675,9675
522060,1996,12800,32639,19839
522060,1997,13000,32455,19455
522060,1998,15000,32278,17278
522060,1999,20000,35905,15905
522060,2000,45000,57585,12585
522060,2001,45000,59030,14030
522060,2002,50000,63765,13765
522060,2003,60000,75854,15854
522060,2004,75000,95773,20773
522060,2005,75000,90696,15696
522060,2006,75000,92460,17460
522060,2007,67000,87493,20493
522060,2008,76000,107061,31061
522060,2009,77500,105190,27690
522060,2010,79800,103770,23970
522060,2011,80200,109638,29438
522060,2012,88200,117279,29079
522060,2013,84000,118368,34368
522060,2014,88000,127763,39763
522060,2015,90000,128974,38974
522060,2016,92000,144669,52669
522060,2017,89000,146411,57411
522060,2018,92000,148471,56471
522060,2019,92000,157618,65618
522060,2020,98000,163754,65754
522060,2021,111650,175280,63630
522068,1988,0,0,0
522068,1989,0,837,837
522068,1990,0,674,674
522068,1991,0,305,305
522068,1992,0,315,315
522068,1993,0,360,360
522068,1994,0,441,441
522068,1995,0,604,604
522068,1996,0,250,250
522068,1997,0,483,483
522068,1998,0,467,467
522068,1999,0,615,615
522068,2000,0,555,555
522068,2001,0,535,535
522068,2002,0,600,600
522068,2003,0,685,685
522068,2004,0,665,665
522068,2005,0,700,700
522068,2006,0,646,646
522068,2007,0,748,748
522068,2008,0,747,747
522068,2009,0,722,722
522068,2010,0,665,665
522068,2011,0,725,725
522068,2012,0,703,703
522068,2013,0,540,540
522068,2014,0,693,693
522068,2015,0,728,728
522068,2016,750,2068,1318
522068,2017,665,1441,776
522068,2018,586,1096,510
522068,2019,1070,1070,0
522068,2020,990,1190,200
522068,2021,790,792,2
522070,1988,1200,5708,4508
522070,1989,1600,7751,6151
522070,1990,400,4831,4431
522070,1991,4000,8398,4398
522070,1992,2500,6113,3613
522070,1993,4000,7408,3408
522070,1994,4100,7180,3080
522070,1995,620,2697,2077
522070,1996,394,1466,1072
522070,1997,0,1495,1495
522070,1998,500,1842,1342
522070,1999,500,1992,1492
522070,2000,400,1852,1452
522070,2001,400,1842,1442
522070,2002,680,1943,1263
522070,2003,930,2278,1348
522070,2004,1230,3158,1928
522070,2005,2510,4508,1998
522070,2006,2100,3938,1838
522070,2007,2000,3908,1908
522070,2008,1000,3218,2218
522070,2009,2250,4449,2199
522070,2010,3000,4988,1988
522070,2011,1950,3555,1605
522070,2012,2550,5976,3426
522070,2013,5541,7101,1560
522070,2014,4640,6180,1540
522070,2015,6200,8705,2505
522070,2016,4235,6509,2274
522070,2017,4052,5269,1217
522070,2018,4548,6388,1840
522070,2019,6384,9382,2998
522070,2020,6240,8831,2591
522070,2021,6107,8442,2335
522100,1988,0,10433,10433
522100,1989,0,5300,5300
522100,1990,0,4711,4711
522100,1991,0,4750,4750
522100,1992,0,4736,4736
522100,1993,0,4592,4592
522100,1994,0,4808,4808
522100,1995,0,5203,5203
522100,1996,2,2340,2338
522100,1997,0,2325,2325
522100,1998,0,2379,2379
522100,1999,0,2492,2492
522100,2000,0,1994,1994
522100,2001,0,1994,1994
522100,2002,50,2104,2054
522100,2003,20,1789,1769
522100,2004,20,2349,2329
522100,2005,10,1744,1734
522100,2006,40,1965,1925
522100,2007,40,2125,2085
522100,2008,10,1947,1937
522100,2009,20,2578,2558
522100,2010,400,1880,1480
522100,2011,400,1575,1175
522100,2012,400,1485,1085
522100,2013,450,1529,1079
522100,2014,500,1310,810
522100,2015,500,1352,852
522100,2016,500,1554,1054
522100,2017,500,1119,619
522100,2018,363,906,543
522100,2019,363,906,543
522100,2020,363,637,274
522100,2021,400,714,314
522108,1988,0,0,0
522108,1989,0,1050,1050
522108,1990,0,835,835
522108,1991,0,735,735
522108,1992,0,785,785
522108,1993,0,802,802
522108,1994,0,735,735
522108,1995,0,590,590
522108,1996,0,239,239
522108,1997,0,286,286
522108,1998,0,300,300
522108,1999,0,300,300
522108,2000,0,395,395
522108,2001,0,305,305
522108,2002,0,205,205
522108,2003,0,175,175
522108,2004,0,182,182
522108,2005,0,222,222
522108,2006,0,237,237
522108,2007,0,227,227
522108,2008,0,202,202
522108,2009,0,192,192
522108,2010,0,239,239
522108,2011,0,197,197
522108,2012,0,247,247
522108,2013,0,217,217
522108,2014,0,211,211
522108,2015,0,177,177
522108,2016,0,184,184
522108,2017,0,183,183
522108,2018,0,35,35
522108,2019,0,130,130
522108,2020,0,160,160
522108,2021,0,160,160
522130,1988,0,390,390
522130,1989,0,396,396
522130,1990,71,422,351
522130,1991,0,325,325
522130,1992,0,315,315
522130,1993,0,320,320
522130,1994,0,330,330
522130,1995,0,310,310
522130,1996,0,320,320
522130,1997,0,300,300
522130,1998,0,230,230
522130,1999,0,200,200
522130,2000,0,205,205
522130,2001,0,165,165
522130,2002,240,784,544
522130,2003,240,607,367
522130,2004,300,595,295
522130,2005,500,900,400
522130,2006,300,670,370
522130,2007,250,700,450
522130,2008,300,730,430
522130,2009,250,450,200
522130,2010,300,525,225
522130,2011,300,525,225
522130,2012,252,580,328
522130,2013,300,528,228
522130,2014,400,562,162
522130,2015,400,562,162
522130,2016,400,568,168
522130,2017,680,933,253
522130,2018,400,657,257
522130,2019,400,679,279
522130,2020,400,881,481
522130,2021,400,881,481
522145,1988,0,0,0
522145,1989,1001,9391,8390
522145,1990,1000,7600,6600
522145,1991,1000,7230,6230
522145,1992,400,6180,5780
522145,1993,350,5570,5220
522145,1994,350,5648,5298
522145,1995,350,5615,5265
522145,1996,0,2187,2187
522145,1997,0,2930,2930
522145,1998,0,3270,3270
522145,1999,0,3175,3175
522145,2000,0,2925,2925
522145,2001,0,3020,3020
522145,2002,145,2630,2485
522145,2003,242,2557,2315
522145,2004,270,2550,2280
522145,2005,550,2800,2250
522145,2006,1000,3710,2710
522145,2007,200,2610,2410
522145,2008,0,2800,2800
522145,2009,0,2625,2625
522145,2010,0,2615,2615
522145,2011,600,6475,5875
522145,2012,4000,9080,5080
522145,2013,1400,4500,3100
522145,2014,2600,5640,3040
522145,2015,3950,5280,1330
522145,2016,5500,6366,866
522145,2017,4900,5670,770
522145,2018,4799,5378,579
522145,2019,3544,4153,609
522145,2020,3719,4332,613
522145,2021,3962,4568,606
522150,1988,0,5156,5156
522150,1989,0,5738,5738
522150,1990,0,3674,3674
522150,1991,0,3674,3674
522150,1992,97,4943,4846
522150,1993,97,4792,4695
522150,1994,470,5233,4763
522150,1995,1500,5958,4458
522150,1996,500,4860,4360
522150,1997,1000,4695,3695
522150,1998,1000,4470,3470
522150,1999,1000,4383,3383
522150,2000,1000,4395,3395
522150,2001,800,4486,3686
522150,2002,800,4559,3759
522150,2003,1600,3399,1799
522150,2004,3000,5819,2819
522150,2005,3300,6989,3689
522150,2006,750,5844,5094
522150,2007,400,5519,5119
522150,2008,1000,5919,4919
522150,2009,1000,6730,5730
522150,2010,2100,6790,4690
522150,2011,1885,7070,5185
522150,2012,2500,7800,5300
522150,2013,4000,8638,4638
522150,2014,4500,8740,4240
522150,2015,5600,9973,4373
522150,2016,5600,11173,5573
522150,2017,5600,6673,1073
522150,2018,5600,6673,1073
522150,2019,6000,8763,2763
522150,2020,7000,9773,2773
522150,2021,16000,18773,2773
522155,1988,0,0,0
522155,1989,2500,31040,28540
522155,1990,2000,29040,27040
522155,1991,4500,22730,18230
522155,1992,8130,30140,22010
522155,1993,8000,26486,18486
522155,1994,9064,29333,20269
522155,1995,11000,31687,20687
522155,1996,9000,30196,21196
522155,1997,9000,32845,23845
522155,1998,12000,39405,27405
522155,1999,12000,35825,23825
522155,2000,12000,32525,20525
522155,2001,15000,35516,20516
522155,2002,20000,40264,20264
522155,2003,15000,34185,19185
522155,2004,20000,38609,18609
522155,2005,14000,41214,27214
522155,2006,14500,30880,16380
522155,2007,12000,26940,14940
522155,2008,14000,35760,21760
522155,2009,14500,35450,20950
522155,2010,15500,32950,17450
522155,2011,30000,53490,23490
522155,2012,29000,55840,26840
522155,2013,30000,55831,25831
522155,2014,31000,57390,26390
522155,2015,30000,56840,26840
522155,2016,25000,51606,26606
522155,2017,25000,56846,31846
522155,2018,25000,55138,30138
522155,2019,26000,56224,30224
522155,2020,27000,58050,31050
522155,2021,28000,58620,30620
522160,1988,1800,11620,9820
522160,1989,2140,7842,5702
522160,1990,2200,6555,4355
522160,1991,800,4340,3540
522160,1992,1000,5876,4876
522160,1993,1300,5169,3869
522160,1994,1000,4338,3338
522160,1995,1200,4680,3480
522160,1996,800,4191,3391
522160,1997,890,4110,3220
522160,1998,1690,4485,2795
522160,1999,1500,4620,3120
522160,2000,2000,5427,3427
522160,2001,2590,5660,3070
522160,2002,3500,5325,1825
522160,2003,5500,7439,1939
522160,2004,9000,11025,2025
522160,2005,11000,13183,2183
522160,2006,9500,11035,1535
522160,2007,9500,11150,1650
522160,2008,11000,15620,4620
522160,2009,10000,15835,5835
522160,2010,12000,18036,6036
522160,2011,15000,21224,6224
522160,2012,15000,20816,5816
522160,2013,15000,23174,8174
522160,2014,16800,25819,9019
522160,2015,18000,27111,9111
522160,2016,16000,25919,9919
522160,2017,21000,30757,9757
522160,2018,21000,30007,9007
522160,2019,24000,34341,10341
522160,2020,25000,35259,10259
522160,2021,26000,38846,12846
522170,1988,0,16328,16328
522170,1989,0,15268,15268
522170,1990,0,8250,8250
522170,1991,0,8470,8470
522170,1992,0,9690,9690
522170,1993,0,7000,7000
522170,1994,0,7490,7490
522170,1995,0,8036,8036
522170,1996,0,6550,6550
522170,1997,0,7069,7069
522170,1998,100,8139,8039
522170,1999,0,7544,7544
522170,2000,220,7284,7064
522170,2001,0,6309,6309
522170,2002,0,6938,6938
522170,2003,0,7789,7789
522170,2004,200,7671,7471
522170,2005,200,8019,7819
522170,2006,200,10215,10015
522170,2007,250,11120,10870
522170,2008,0,9765,9765
522170,2009,1500,12180,10680
522170,2010,300,12230,11930
522170,2011,200,13118,12918
522170,2012,300,14778,14478
522170,2013,300,13811,13511
522170,2014,300,12824,12524
522170,2015,500,11249,10749
522170,2016,800,10866,10066
522170,2017,1000,11576,10576
522170,2018,1000,11301,10301
522170,2019,1000,11651,10651
522170,2020,1197,10488,9291
522170,2021,1800,11436,9636
522180,1988,0,1755,1755
522180,1989,240,1610,1370
522180,1990,400,1542,1142
522180,1991,400,1265,865
522180,1992,400,1413,1013
522180,1993,400,1393,993
522180,1994,400,1277,877
522180,1995,400,1388,988
522180,1996,200,3060,2860
522180,1997,400,1478,1078
522180,1998,600,1528,928
522180,1999,620,1516,896
522180,2000,620,1509,889
522180,2001,800,1837,1037
522180,2002,850,1287,437
522180,2003,1000,1390,390
522180,2004,1000,1391,391
522180,2005,1800,2145,345
522180,2006,2500,3101,601
522180,2007,2500,3068,568
522180,2008,2600,3212,612
522180,2009,3000,3683,683
522180,2010,3500,4350,850
522180,2011,3600,4660,1060
522180,2012,3750,4895,1145
522180,2013,3000,3902,902
522180,2014,3000,3860,860
522180,2015,3000,4190,1190
522180,2016,3000,4225,1225
522180,2017,3000,4710,1710
522180,2018,3000,4410,1410
522180,2019,3000,4910,1910
522180,2020,3000,4805,1805
522180,2021,6100,9955,3855
522190,1988,0,1862,1862
522190,1989,0,1889,1889
522190,1990,0,1918,1918
522190,1991,0,1828,1828
522190,1992,0,1982,1982
522190,1993,0,1682,1682
522190,1994,0,1732,1732
522190,1995,0,1722,1722
522190,1996,0,1788,1788
522190,1997,0,1119,1119
522190,1998,0,861,861
522190,1999,0,811,811
522190,2000,0,986,986
522190,2001,0,926,926
522190,2002,72,1030,958
522190,2003,100,898,798
522190,2004,200,998,798
522190,2005,200,1118,918
522190,2006,190,1168,978
522190,2007,120,1038,918
522190,2008,110,1073,963
522190,2009,150,1053,903
522190,2010,150,1053,903
522190,2011,300,1038,738
522190,2012,480,1358,878
522190,2013,300,1038,738
522190,2014,400,1008,608
522190,2015,400,993,593
522190,2016,400,1193,793
522190,2017,500,746,246
522190,2018,400,687,287
522190,2019,875,1375,500
522190,2020,1400,2250,850
522190,2021,1800,3498,1698
522200,1988,2800,9907,7107
522200,1989,4670,11679,7009
522200,1990,3900,11482,7582
522200,1991,4800,9668,4868
522200,1992,4800,10901,6101
522200,1993,5200,9400,4200
522200,1994,14500,19069,4569
522200,1995,20000,26274,6274
522200,1996,7500,14774,7274
522200,1997,15000,22158,7158
522200,1998,16000,21560,5560
522200,1999,17000,22355,5355
522200,2000,18000,23599,5599
522200,2001,19000,24019,5019
522200,2002,22000,27847,5847
522200,2003,25000,30317,5317
522200,2004,26000,33117,7117
522200,2005,26000,30639,4639
522200,2006,25000,29227,4227
522200,2007,24000,29133,5133
522200,2008,25000,31359,6359
522200,2009,26000,32110,6110
522200,2010,26500,31405,4905
522200,2011,27000,34337,7337
522200,2012,30000,38507,8507
522200,2013,31300,42646,11346
522200,2014,34000,46631,12631
522200,2015,36500,47169,10669
522200,2016,37000,47355,10355
522200,2017,37000,50417,13417
522200,2018,37000,49342,12342
522200,2019,40000,58393,18393
522200,2020,41000,59010,18010
522200,2021,41000,65530,24530
522205,1988,10000,23606,13606
522205,1989,11000,28063,17063
522205,1990,17000,35320,18320
522205,1991,13000,32280,19280
522205,1992,14000,30510,16510
522205,1993,16000,28120,12120
522205,1994,17500,29816,12316
522205,1995,20100,32960,12860
522205,1996,18548,32308,13760
522205,1997,19000,37073,18073
522205,1998,30000,41612,11612
522205,1999,30000,48229,18229
522205,2000,31600,46439,14839
522205,2001,30000,41958,11958
522205,2002,35000,56634,21634
522205,2003,37000,50400,13400
522205,2004,40000,60229,20229
522205,2005,40600,56183,15583
522205,2006,38500,48460,9960
522205,2007,30000,41999,11999
522205,2008,30121,46211,16090
522205,2009,29000,44435,15435
522205,2010,31000,35805,4805
522205,2011,29000,39223,10223
522205,2012,22700,44051,21351
522205,2013,23000,45110,22110
522205,2014,23500,45760,22260
522205,2015,22600,48145,25545
522205,2016,24000,54493,30493
522205,2017,22000,52190,30190
522205,2018,20300,46376,26076
522205,2019,20400,48106,27706
522205,2020,21000,48926,27926
522205,2021,24500,53306,28806
530010,1988,42778,79569,36791
530010,1989,56295,90047,33752
530010,1990,53500,89227,35727
530010,1991,43106,85231,42125
530010,1992,42000,83620,41620
530010,1993,44760,77963,33203
530010,1994,49401,84003,34602
530010,1995,43831,79125,35294
530010,1996,34733,73869,39136
530010,1997,34620,78679,44059
530010,1998,35628,79482,43854
530010,1999,28390,80500,52110
530010,2000,33582,84693,51111
530010,2001,34779,85252,50473
530010,2002,37747,89818,52071
530010,2003,43210,101584,58374
530010,2004,50383,113182,62799
530010,2005,59020,125313,66293
530010,2006,53980,124876,70896
530010,2007,52606,128440,75834
530010,2008,48712,132665,83953
530010,2009,48915,122142,73227
530010,2010,55402,119198,63796
530010,2011,54854,127644,72790
530010,2012,55050,134905,79855
530010,2013,52500,136665,84165
530010,2014,72000,175023,103023
530010,2015,68862,161011,92149
530010,2016,70875,166489,95614
530010,2017,70000,162894,92894
530010,2018,71500,165073,93573
530010,2019,75000,165445,90445
530010,2020,74500,171565,97065
530010,2021,80000,166865,86865
NA,1988,0,0,0
NA,1989,0,0,0
NA,1990,0,0,0
NA,1991,0,0,0
NA,1992,0,0,0
NA,1993,0,0,0
NA,1994,0,0,0
NA,1995,0,0,0
NA,1996,0,0,0
NA,1997,0,0,0
NA,1998,0,0,0
NA,1999,0,0,0
NA,2000,0,0,0
NA,2001,0,2535,2535
NA,2002,0,0,0
NA,2003,0,0,0
NA,2004,0,0,0
NA,2005,0,0,0
NA,2006,0,0,0
NA,2007,0,0,0
NA,2008,0,0,0
NA,2009,0,0,0
NA,2010,0,0,0
NA,2011,0,0,0
NA,2012,0,0,0
NA,2013,43069,80896,37827
NA,2014,52300,98855,46555
NA,2015,72300,104175,31875
NA,2016,62300,94995,32695
NA,2017,80500,123818,43318
NA,2018,82346,115143,32797
NA,2019,85500,127524,42024
NA,2020,101000,145083,44083
NA,2021,131000,209492,78492
